,Unnamed: 0,gene,slope,intercept,r_value,r_squared,p_value,std_err,fdr
0,0,A1BG,0.3651009478023745,5.5887937147575935,0.3570454096492739,0.12748142455161782,0.003777293843323208,0.12130564251931687,0.01104771720383091
1,1,A1BG-AS1,0.22272341604351015,6.0216126742327365,0.25700044204762923,0.06604922721267684,0.04035910999021106,0.10636485608940513,0.08752018093711401
2,2,A1CF,0.21694134912042126,5.2447200954624975,0.6989519846208866,0.4885338768054761,1.336673372284783e-10,0.028190812064024795,4.225644069609778e-09
3,3,A2M,0.3054993727476136,4.8051051084931125,0.7136673034772254,0.5093210200524542,3.621620559291257e-11,0.03808179448155533,1.4714107544362507e-09
4,4,A2M-AS1,0.3771597725309335,5.679212792781156,0.5194309929162736,0.2698085564019859,1.0919953652996647e-05,0.07879887751482723,6.091488829357094e-05
5,5,A2ML1,0.032702645938477486,6.893134539661246,0.021087131249671102,0.00044466710434085566,0.8686366222936387,0.19691235526288264,0.9186972432609888
6,6,A2MP1,-0.2810196813604936,7.996512923545008,-0.2532069694327981,0.06411376936934197,0.043512192019501364,0.13635678903534626,0.09320966645388289
7,7,A4GALT,0.2943719100920429,5.118203657057402,0.38793102873325774,0.15049048305404364,0.001538563027188049,0.08882395919670649,0.004966842926916697
8,8,A4GNT,-0.06406636050976011,7.281881483108134,-0.052495371833899185,0.0027557640639793365,0.6803613347910162,0.15477968540952808,0.7845167574493853
9,9,AA06,-0.004066909595111546,7.034161216738411,-0.005083924430374236,2.5846287613756e-05,0.9681967397715469,0.10159304437535203,0.9813386566699204
10,10,AAAS,-0.30332961274080145,9.265442451632648,-0.3593162276093071,0.1291081514233834,0.00354623421829521,0.10005164817197357,0.010455235125552454
11,11,AACS,-0.1783422993536501,8.423092512571879,-0.2977569747841749,0.08865921603262376,0.016867504083238713,0.07261677819974685,0.04127763599531408
12,12,AACSP1,0.14007780607767087,6.5634964122082975,0.0993529572296715,0.009871010110280931,0.4347473644094144,0.17817163945732428,0.5756400461309354
13,13,AADAC,-0.2601053361439366,8.195566576576686,-0.4323957792362736,0.18696610990134424,0.0003595235750695514,0.06888525900432432,0.001357301781403615
14,14,AADACL2,-0.03844780900038649,7.137929551292702,-0.02248542450046638,0.0005055943149661737,0.8600108996016246,0.21710250978061493,0.9129124013193922
15,15,AADACP1,-0.08216173325160096,7.432136208190283,-0.23002376084544435,0.05291093055348218,0.06747074514739987,0.04414651852573583,0.13426566680453447
16,16,AADAT,-0.1799783130227273,8.028805119439061,-0.612937775595948,0.3756927167525087,7.299338154653818e-08,0.029465047451952893,7.617694830796551e-07
17,17,AAED1,-0.3254118985538075,8.919998654257151,-0.6151148992342037,0.3783663392599046,6.369091331177912e-08,0.052972271813266816,6.788331215813443e-07
18,18,AAGAB,-0.04821985591365068,7.306361644424226,-0.03879213727008416,0.0015048299139810526,0.7608725499873227,0.15774635753371516,0.8453659552270497
19,19,AAK1,0.721188127570681,3.3872650084829408,0.655429515917702,0.4295878503361133,4.175618370793487e-09,0.1055409775667528,6.971705151852966e-08
20,20,AAMDC,0.38575382279398,4.683595765802063,0.3213728603151511,0.10328051534714162,0.00961447457959545,0.14435555439630227,0.02529076657395106
21,21,AAMP,-0.3795767271658711,10.264327167911382,-0.3215935575588627,0.10342241626336554,0.00956213267737201,0.1419352706740391,0.02516320125513317
22,22,AANAT,0.039739651158568486,6.866655275278975,0.028916725188758624,0.0008361769956421875,0.8205623156586814,0.17446063487459812,0.8870888595471392
23,23,AAR2,-0.5148087065327474,10.932251478279284,-0.5175405697595732,0.26784824134706364,1.1905431895383161e-05,0.10809514632604753,6.57348617273132e-05
24,24,AARS,-0.32090424584732563,9.872404099616537,-0.6673080034221088,0.4452999714312012,1.7273577702329817e-09,0.04548648513172519,3.324971779057353e-08
25,25,AARS2,-0.04194905897335748,7.281805829223473,-0.033950674357379286,0.0011526482893208115,0.7899858137673599,0.15682941930121366,0.8650893955566209
26,26,AASDH,-0.20105914685113307,8.281411827305469,-0.3235157307041249,0.10466242801302388,0.009116640769158545,0.07468372871132455,0.02414048127367673
27,27,AASDHPPT,-0.3745548326933477,9.335198343997169,-0.5838851563270807,0.3409218757790995,4.096695084384014e-07,0.06613944922739565,3.3588814111805723e-06
28,28,AASS,0.2767818914221313,6.0825728431428185,0.18052813296750755,0.03259040679273409,0.15343028632425426,0.19151470781398927,0.2615138016805766
29,29,AATF,-0.3699761161990889,10.094174736115654,-0.5664473051432685,0.3208625495040711,1.0669849707894678e-06,0.068359231127033,7.803296029194842e-06
30,30,AATK,0.1787068364324818,5.881777429560317,0.2768593476291312,0.07665109836962809,0.026780050053585483,0.0787714879714035,0.06157591674563534
31,31,AB488780,-0.20358202042564946,8.320376995108447,-0.21207879087440346,0.044977413538748935,0.09249362196852436,0.11913878263400657,0.17444255214495688
32,32,ABAT,0.2603510854768802,5.23254545379321,0.6078747850676193,0.3695117543210043,9.982804792223207e-08,0.04319046861136713,9.971293255331805e-07
33,33,ABCA1,0.34806824658105,5.093763951115995,0.5579067264929926,0.3112599154661268,1.6719325174115038e-06,0.06575588737113909,1.1472021123113471e-05
34,34,ABCA11P,-0.09875806515376492,7.564766079583241,-0.14910101177143514,0.02223111171126564,0.23964066750330296,0.08317910529747301,0.37051396935484976
35,35,ABCA12,-0.17908858851667114,7.6097546620737635,-0.4375745745957551,0.19147150833265605,0.0002995056066171119,0.046737734145189835,0.0011501673898374814
36,36,ABCA13,-0.3586093713823201,8.047856544343594,-0.1848409046570632,0.03416616003444152,0.14368215614413735,0.2421468998907477,0.2482793721114981
37,37,ABCA17P,-0.0769949034761863,7.268752085655423,-0.07541017064467527,0.005686693836659046,0.5536929442278222,0.12929979496900942,0.681959999275025
38,38,ABCA2,-0.2498570104445603,8.353190262855438,-0.22168450129613898,0.049144018114917865,0.07832321477874267,0.1395782454762694,0.1522248443756662
39,39,ABCA3,0.25230672586083097,5.5637217077165415,0.3087775228689021,0.09534355862905536,0.013045540614478204,0.0987027252985526,0.03293634998372744
40,40,ABCA4,-0.20208641202962171,7.8323025675317375,-0.18051460026692148,0.03258552090952645,0.15346162739722985,0.1398412270389511,0.26154663476208184
41,41,ABCA5,0.20353674547607215,5.7660413325954565,0.6119622014198403,0.3744977359666171,7.756553956819213e-08,0.03340694991121395,8.032911331177429e-07
42,42,ABCA6,0.4717964878830749,5.412118009032782,0.5623393512853556,0.3162255460040346,1.3263589537627741e-06,0.08810829942250227,9.417148571715696e-06
43,43,ABCA7,-0.28437161320704857,8.582458621320677,-0.4480100296452033,0.200712986662696,0.00020543491520946217,0.07206991977007011,0.000823222259226666
44,44,ABCA8,0.18945059178304216,6.178711890317957,0.7449527046351611,0.5549545321432415,1.6869951789230604e-12,0.021546345103877627,1.4850357967308483e-10
45,45,ABCA9,0.7067223584661795,4.669769222714634,0.4134820888837759,0.17096743782769072,0.0006837749642220598,0.19764329211656206,0.002417098734937758
46,46,ABCB1,0.11885633344880073,6.196361971688483,0.5438884194522247,0.2958146128142391,3.4030828056275623e-06,0.02328950062474967,2.1541583793003467e-05
47,47,ABCB10,-0.058301689654937934,7.440631447080566,-0.12577872156674386,0.015820286798964474,0.32200904075834946,0.058400333172694587,0.46329850359591107
48,48,ABCB11,0.3525624918149405,5.609558643372884,0.38768383170886495,0.1502987533684675,0.0015502028571024687,0.10646226478757076,0.005001307531189075
49,49,ABCB4,0.3362019754056346,5.6894279655696085,0.3174137147940177,0.10075146633933804,0.010596690830381452,0.12756120040582916,0.027531054580913056
50,50,ABCB5,-0.16136582139670308,7.565311028481902,-0.10892399093917772,0.011864435802118071,0.391571614204146,0.18702532928825075,0.5342639046551575
51,51,ABCB6,-0.30138859301968546,8.674608018845111,-0.41382072606589015,0.1712475933217005,0.0006761705180124142,0.08420369107819525,0.0023921699996011813
52,52,ABCB7,-0.2656295816351738,9.164965022272405,-0.3130031745069711,0.09797098725144142,0.011792309563419692,0.1023627876344272,0.030191825915802013
53,53,ABCB8,-0.2997986307769932,8.524900897689568,-0.2503831255739449,0.06269170957217787,0.04598885406335372,0.1472210710531716,0.09773195630440873
54,54,ABCB9,0.5514241059886271,4.226142698973159,0.4711715627027486,0.2220026414997502,8.509383097855771e-05,0.13109915524287433,0.0003771401780271525
55,55,ABCC1,-0.2013505531540588,8.353984771585177,-0.7209865068844273,0.5198215431094084,1.834362287818503e-11,0.024577130813424733,8.67316928880124e-10
56,56,ABCC10,-0.30348990371511986,9.073327023924152,-0.6225824651870728,0.3876089259584127,3.958624157249335e-08,0.048446894589776746,4.5260826887663335e-07
57,57,ABCC11,-0.06593421457299935,7.276653322607935,-0.05472968218709473,0.0029953381123003944,0.6675374081771803,0.15277090827477152,0.7743891666618546
58,58,ABCC12,-0.14414406679452452,7.519596318155576,-0.09055748448637996,0.00820065799650095,0.4766843041218921,0.20132072413152874,0.6141844829987252
59,59,ABCC13,0.2470528864662981,5.757483262679497,0.7282391220486137,0.5303322188821358,9.149806281772655e-12,0.029526737693841294,5.054567730402726e-10
60,60,ABCC2,0.04541093152715787,6.8424758711612474,0.0736891968227325,0.005430097728379411,0.5628035056222913,0.07805098699817567,0.6900022597662185
61,61,ABCC3,-0.12098083041172315,7.931898705870442,-0.15667487728335838,0.02454701717175541,0.21632939739687693,0.09685555270495456,0.3421673435563049
62,62,ABCC4,0.08347711857443244,6.5628459179017815,0.1443605424096413,0.020839966204805844,0.25508039098455704,0.07266912639339447,0.38840688495644893
63,63,ABCC5,-0.2018718712654632,8.142536858703256,-0.3300719343541019,0.10894748184825853,0.007730226202065634,0.07332009459855106,0.020880385232098203
64,64,ABCC6P1,0.186512140224197,6.215034986915367,0.2697656499981079,0.07277350591890168,0.031104746292888636,0.08455076242866738,0.0700544582916545
65,65,ABCC8,0.07234799452382938,6.673336220838957,0.11015197443713716,0.012133457472399715,0.386222226991636,0.08290629445980957,0.5290311666330307
66,66,ABCC9,0.22748270959140304,6.249993656246097,0.09610512301054326,0.009236194668871652,0.4499857003620473,0.2992203145608932,0.5895359877391333
67,67,ABCD1,0.16595089966173085,6.046955465060859,0.26437771336473576,0.06989557532396637,0.034767478007266824,0.07688201896408038,0.07712453762009455
68,68,ABCD2,0.33531552296916706,6.028753147209251,0.21661013546352967,0.04691995078552867,0.08557728804799453,0.1919303828207224,0.16363586513724693
69,69,ABCD3,0.2217619263848188,5.050105716214535,0.4127089870658308,0.1703287080049041,0.0007014271356190189,0.062158460016733134,0.0024706253451252202
70,70,ABCD4,0.041218765250640485,6.794979342848629,0.034942008794225765,0.0012209439785757508,0.7839998312422352,0.14972212343869576,0.8608851653339386
71,71,ABCE1,-0.22655455184466775,8.860893816695603,-0.6896767002330516,0.4756539508443505,2.926262035502416e-10,0.030209281307897694,8.03145809617298e-09
72,72,ABCF1,-0.4838675928635215,11.170136197688134,-0.5178221826938291,0.2681398128898013,1.1753559491261893e-05,0.10152292026136496,6.500873411409272e-05
73,73,ABCF2,-0.4463040392589841,9.753262561521904,-0.3420505690999811,0.11699859182162095,0.005667015277640471,0.15571317261470674,0.015855195844612972
74,74,ABCF3,-0.34828773336678065,9.513655761070094,-0.30562762923996023,0.0934082477548386,0.014052971947118069,0.13780202623123478,0.03514460186105114
75,75,ABCG1,0.16099869894470156,5.986707339330305,0.34804271728403163,0.12113373305445235,0.004830061650274009,0.05507510943448662,0.013775185702184074
76,76,ABCG2,0.07021536193116527,6.545334397283438,0.7952405689776499,0.6324075625478964,4.226654358719924e-15,0.006798624432459963,1.726947172416603e-12
77,77,ABCG4,0.1250941619000253,6.376119979944162,0.1110545882805934,0.012333121578172113,0.3823181283156633,0.14217064561742862,0.5254104743620398
78,78,ABCG5,-0.22275647380041969,7.9766539307183875,-0.5489926566882832,0.30139293709765924,2.6369673820313914e-06,0.043070948949570684,1.718950290725159e-05
79,79,ABCG8,-0.016009145867766954,7.0883222881795405,-0.013883927708196108,0.0001927634486064156,0.9132917194091456,0.1464259705066691,0.947689500397961
80,80,ABHD1,0.14791762881854092,6.306996603430437,0.10909234303185864,0.01190113930818072,0.3908356489119378,0.17117093438286635,0.533528669519542
81,81,ABHD10,-0.2791199742175124,9.258997109024689,-0.4947847767853142,0.2448119753384932,3.238660535892249e-05,0.062259594787287084,0.00016048785790559876
82,82,ABHD11,-0.2500305570826299,8.756683849684379,-0.3544362136089555,0.12562502951745316,0.004059179436487073,0.08377376110418297,0.011795696550875947
83,83,ABHD12,-0.1567073374601989,8.233301769714851,-0.2074266885913027,0.04302583113995327,0.10004217078372728,0.0938596564879947,0.1860380599675066
84,84,ABHD13,-0.13372474693121494,7.621806366048801,-0.2242322466127388,0.050280100420996114,0.07486991181834793,0.0738100739917774,0.14651255561416268
85,85,ABHD14B,-0.19488547506652312,8.794435726161726,-0.3957237044123659,0.15659725023384552,0.0012095752284194206,0.0574392906274195,0.004014306754241004
86,86,ABHD15,0.11850756619588886,6.340379678692742,0.18868219626465801,0.03560097118725492,0.13539660512233356,0.07833352923847693,0.23652899999387975
87,87,ABHD16A,-0.1587629673985217,8.055890303866635,-0.14494850842762522,0.021010070095393338,0.2531295725066211,0.13763494842981955,0.38585955882239054
88,88,ABHD16B,0.13339404344888225,6.433729859280713,0.14913413927859082,0.022240991498366124,0.2395350844639806,0.11232577747939866,0.3704300688472113
89,89,ABHD17A,-0.11106690766889143,7.987455872821704,-0.1510593381194351,0.022818923633081814,0.2334540452625846,0.09230575570165048,0.3633091879382874
90,90,ABHD17B,-0.10736364285475404,7.690594156521964,-0.12128513568658555,0.014710084138513472,0.3397354653474932,0.11159271259342053,0.4820766333857523
91,91,ABHD17C,0.3551556058599978,3.632415975064504,0.39812952395886414,0.15850711784771174,0.0011216661086470743,0.10392586982952667,0.0037576855790149126
92,92,ABHD2,-0.18591667953321167,8.447663149422294,-0.5787802660532819,0.33498659637270795,5.453012504902637e-07,0.03326779325215548,4.323873518625654e-06
93,93,ABHD3,0.4232893860174482,2.7790938993158445,0.7002696761246707,0.4903776192997512,1.1929878710178723e-10,0.054802511219632526,3.873186258904351e-09
94,94,ABHD4,0.1687418942692779,6.06164203059588,0.12408279004562545,0.015396538785506763,0.3286287539476848,0.1713745013994161,0.4704472576675557
95,95,ABHD5,0.20567544904354448,5.875183416082196,0.295382738389334,0.08725096213838172,0.017806030362813398,0.08448452933537352,0.04331980535970387
96,96,ABHD6,0.5124565712024199,3.8277227770207976,0.5488443707363634,0.3012301432889947,2.6567367520542493e-06,0.0991240615363456,1.7302747177664593e-05
97,97,ABHD8,0.20341967583657866,6.087933756387616,0.2619865934547948,0.06863697515004794,0.036504445927927384,0.09516506344401607,0.08023789855554887
98,98,ABI1,-0.22027807108232286,8.566252410685253,-0.2107660608429928,0.04442233240327214,0.09457698288521386,0.1297501106997822,0.1776445974828091
99,99,ABI2,-0.33700012054873224,9.070172095636805,-0.274547241431493,0.0753761877776425,0.02813026175926547,0.14989932042992216,0.06418793010253877
100,100,ABI3,0.3937142207570545,4.366999770126256,0.6135944746470915,0.3764981793174402,7.006030396986119e-08,0.06434616668345115,7.368411279588849e-07
101,101,ABI3BP,0.2399534823332334,6.044044054853708,0.6419263269155713,0.4120694091873169,1.0874440306813978e-08,0.036400642858650335,1.5523138091236433e-07
102,102,ABL1,0.02523347227928643,6.807199926295628,0.026355961986844124,0.0006946367322519725,0.836222346160912,0.12154900500740827,0.8974191493978994
103,103,ABL2,0.14427740558056484,6.217246019812349,0.07817414477150085,0.006111196910755574,0.5392100832347082,0.2336728414875049,0.669529492686216
104,104,ABLIM1,-0.3730236882528039,10.316778972126,-0.5606655888195301,0.3143459024863504,1.4481141802725432e-06,0.06996634756044763,1.0148515396052402e-05
105,105,ABLIM2,0.4000069573008325,5.0016000153673135,0.3383366568989133,0.114471693401533,0.006247578888502482,0.14129404901230844,0.0172807920335319
106,106,ABLIM3,0.35000223656880275,4.947469033546716,0.5396691848856467,0.2912428291151384,4.188621378276627e-06,0.06934195586244092,2.604208898839516e-05
107,107,ABO,0.0852099048571698,6.527950964728838,0.15526005828705214,0.02410568569929884,0.22055832858989746,0.06885506373755895,0.3473087991284343
108,108,ABR,-0.09149666101097102,7.748602585767832,-0.09259649959419666,0.008574111737098062,0.466774207920785,0.12495250265862755,0.6050507804600282
109,109,ABRA,-0.037703855328266485,7.133733261108728,-0.019565239589331686,0.00038279860018795186,0.8780421258400386,0.2446930337940977,0.9248698526754658
110,110,ABRACL,0.2651587309797276,4.548580222606653,0.3485621395129556,0.12149556510184915,0.004762932639858937,0.09055279370385344,0.013603443196537229
111,111,ABT1,-0.36529530968495466,9.886404979429157,-0.4848322867061487,0.2350623462327132,4.908483879775835e-05,0.0836892619051284,0.00023189619460272466
112,112,ABTB1,-0.3190794528591303,8.589901178154154,-0.195523654563622,0.03822949949391457,0.12153888952068395,0.2032541463710639,0.21708906617467824
113,113,ABTB2,0.27896280935576073,5.458568139844822,0.2873457208485576,0.08256756328997718,0.0213213918125952,0.11809534378789607,0.05065198046377136
114,114,AC000111.3,0.2854491233868882,6.219935267550629,0.1425787929920838,0.020328712211079483,0.2610542376455417,0.25166227890133824,0.3957196452782849
115,115,AC002059.10,0.057553063336325525,6.759023592298287,0.060732178220149466,0.003688397471363997,0.633560079463525,0.12012996094150773,0.7470592714828551
116,116,AC002064.5,0.22584372303843706,6.214485303260164,0.19498285712915076,0.038018314574246814,0.12259326368630427,0.1442776805339261,0.21864249095098987
117,117,AC003973.4,-0.3707983887797936,8.189150506191762,-0.20852122512103866,0.043481101325978884,0.09822444543573798,0.2208709012555585,0.18335060476777051
118,118,AC003989.4,-0.2565413411372049,8.404203800801179,-0.3355689888634241,0.11260654628682082,0.006713566628668735,0.09146139204209976,0.018428480839627514
119,119,AC004692.5,-0.30480533301379986,8.919459175797607,-0.516293336222038,0.26655880902728235,1.2600275509917473e-05,0.06421150444570982,6.902579462870298e-05
120,120,AC004941.5,-0.4819025823973041,9.917689956326932,-0.6815034618732377,0.4644469685452076,5.700218746099815e-10,0.06571985302583844,1.3609507932391565e-08
121,121,AC005162.4,0.1529275973433965,6.287324468970135,0.1825626575441073,0.033329123929567,0.14877225368495278,0.10459655689320764,0.25529621268342323
122,122,AC005224.2,0.15659095033270962,6.398292376768137,0.20691735528275115,0.042814791917208266,0.10089690524417667,0.09403117987115557,0.1872897722494982
123,123,AC005256.1,0.11177431013266602,6.354753062680273,0.16724628690363233,0.0279713204830521,0.18652619123681236,0.08368145217757503,0.3048471449987299
124,124,AC005306.3,0.19166873697628808,5.938720103753483,0.2965548036412257,0.08794475156268594,0.017337284055754118,0.07839006896085818,0.042283915556634244
125,125,AC005498.3,-0.006832606852881303,7.043108221313036,-0.0067030310183170475,4.493062483252047e-05,0.958076172533068,0.12945224949346104,0.9747305386987826
126,126,AC005523.2,-0.16176343200817386,7.8777965407286175,-0.346100272792739,0.11978539882720834,0.005088557759227971,0.055689952864328214,0.014434466632968523
127,127,AC005523.3,0.22016086194983486,5.801492359658563,0.2441128401301136,0.0595910787163904,0.05190365950895316,0.11107389944153613,0.1078773151613764
128,128,AC005537.2,0.04982616699950808,6.852635510579826,0.02954657839543268,0.0008730002948774493,0.8167209471766483,0.2140744253680193,0.8842603925358892
129,129,AC005592.3,-0.4228448327845105,8.31611167674893,-0.2911865718101503,0.08478961960254781,0.0195740624295422,0.17643076137273342,0.04704509677155786
130,130,AC005606.14,-0.12157618469542725,7.427847094389901,-0.08736673771472696,0.007632946858913894,0.4924149806317044,0.17605271001895226,0.6288159891655654
131,131,AC005785.2,-0.006641132036119368,7.046539160382128,-0.008363635096125973,6.995039202115011e-05,0.9477030743481104,0.10084073526185336,0.9688198118778422
132,132,AC005838.2,0.1056621794764588,6.651804396707697,0.1080475652372767,0.011674276353703564,0.3954162187308765,0.12346924273014173,0.5377253338744744
133,133,AC006026.13,-0.12782345712294266,7.698680445296575,-0.345154322760848,0.11913150652049966,0.005218802277323006,0.044142501044671295,0.01476223233396078
134,134,AC006129.2,0.604788835512198,5.1836397388584645,0.4128213924621246,0.17042150207436751,0.0006988351925646786,0.16946283584020028,0.002463499282921718
135,135,AC006538.1,0.17315514340020166,6.427218055502473,0.1616182894553643,0.02612047148647792,0.2020014162723186,0.1342770106189966,0.32481923734885715
136,136,AC007292.3,-0.15971207257664186,7.814272451134082,-0.15465772172422873,0.023919010888928973,0.22237616623614967,0.12957261379522472,0.34943443000100294
137,137,AC007349.5,0.08313740832006962,6.75699141280886,0.06095137773417551,0.003715070447694145,0.6323329066319925,0.17290553295647118,0.7460591202525769
138,138,AC007362.3,0.3033620236605306,5.91744666573025,0.2262732262109545,0.0511995728999138,0.07219194354760669,0.16585158819386225,0.14215845571732497
139,139,AC007365.3,0.14994353503107855,6.261227795128868,0.12984964059880155,0.01686092916363793,0.3064682271341395,0.14541145720330967,0.4463359646640521
140,140,AC007389.3,0.08322894753977846,6.5779693671053066,0.1499904627744947,0.022497138923307083,0.23681693443315455,0.06967451136385343,0.3672231088542758
141,141,AC007401.2,0.1985308238569838,6.3171314672549865,0.13351988830170264,0.01782756057209915,0.2928798612497771,0.18714576828735768,0.43159669243715026
142,142,AC007680.2,0.2828051751794575,6.074324298016497,0.26048666132069337,0.06785330072600161,0.03763040554252806,0.13312148433276172,0.08238665777205997
143,143,AC007787.2,-0.02690265160975406,7.130871469215234,-0.03148823406833294,0.0009915088847421232,0.8049064954955591,0.10845149108904366,0.8758919678370017
144,144,AC008088.4,0.1587096249225514,6.430940977401071,0.17105842930291013,0.0292609862355787,0.17654136614487367,0.11609517825410515,0.2919214480656108
145,145,AC008746.12,-0.24993306919328875,7.9400298966923515,-0.24223892829880375,0.058679698383353,0.053787182121165004,0.12713134855984215,0.11121564297086109
146,146,AC008753.4,0.1667108032290524,6.171361430338567,0.20583965008212027,0.042369961545929716,0.10272415217771852,0.10065555422618516,0.19005633304163402
147,147,AC009120.6,-0.3729723028902733,8.932426827135792,-0.466902382809884,0.21799783507354745,0.00010058303114175887,0.08971367032287307,0.00043737460630015833
148,148,AC009133.15,-0.2311314501693143,8.0926583733085,-0.2809601078575352,0.07893858220731782,0.024519510795070816,0.10026811114482917,0.05711811599260526
149,149,AC009502.4,0.09472945579369277,6.5642632910286975,0.0912835133697908,0.008332679813132774,0.4731428027378069,0.13124411880261685,0.6109750860912881
150,150,AC010145.4,0.2585609285517812,5.512056698269928,0.3381392861671235,0.11433817684961185,0.0062798432912640895,0.0913914114885581,0.01735009013425923
151,151,AC010524.4,0.0068088904899205535,6.984527217809548,0.013656348051311272,0.0001864958420985532,0.9147076679118752,0.06331482733677707,0.9483408124015731
152,152,AC012065.7,0.2977594340379991,5.529002827783706,0.2357242792436759,0.05556593582495049,0.06077270644117028,0.15590182192617402,0.1232702283611411
153,153,AC012360.6,-0.2935412668467997,8.217702576635185,-0.2873429094680632,0.08256594762157156,0.021322717797632867,0.12426827289992133,0.05065198046377136
154,154,AC012499.1,0.03435779138655785,6.8922945856758435,0.034793487183209494,0.0012105867503681633,0.7848958659934808,0.12533385581863898,0.8615632592299689
155,155,AC012531.25,0.18109157646750196,6.108415957388611,0.1900786355698012,0.03612988770007729,0.1324755103171818,0.11878958245232155,0.2324385979515939
156,156,AC013463.2,0.2252357693793991,6.213563863325536,0.18358931208542908,0.033705035512001075,0.1464621079187502,0.15316127756325648,0.2519371631567666
157,157,AC013733.4,-0.018249209067560432,7.0720345755128005,-0.007766320543293881,6.031573478118857e-05,0.9514333423195068,0.29841441128034485,0.9706038939412114
158,158,AC016831.7,0.1627266548201281,6.249760603682942,0.29389438709855586,0.0863739107680358,0.018416845346354682,0.06721339096986928,0.04458544281445619
159,159,AC016999.2,0.08841225158677432,6.6619063787417625,0.1115797084416504,0.01245003133592371,0.3800577148883229,0.10000251528691292,0.5230473349797669
160,160,AC017002.2,-0.13821060806658222,7.571173236375701,-0.08667122283682695,0.007511900868030912,0.4958796134210509,0.20175916080688872,0.6320662152760034
161,161,AC017104.6,0.1313807821656552,6.151576743108934,0.1139655475486902,0.012988146028072764,0.3698890168780007,0.14545330748821106,0.5128991906571752
162,162,AC018755.16,-0.2747907992197477,8.738226515729798,-0.4380295179958468,0.1918698586356739,0.00029469725248270295,0.07162153379172084,0.0011335113681195262
163,163,AC018755.17,0.06620306046981221,6.809974410943292,0.056804920130124385,0.003226798950989811,0.6557106383606223,0.14777278045889916,0.7643545176131386
164,164,AC018766.6,-0.03282821417864158,7.139269889207077,-0.038308356928614035,0.0014675302105700905,0.7637675991656481,0.1087524335809537,0.8469575665676008
165,165,AC018816.3,-0.16125600982276853,7.807161838254915,-0.18932484114734893,0.035843895475468915,0.13404633805333785,0.10621507034324253,0.23458650804469297
166,166,AC024560.2,0.013480173555558585,6.944045536753858,0.04588457513549121,0.0021053942353645378,0.718823546841329,0.037271361858364896,0.8146817348013282
167,167,AC025442.3,0.05709632288428025,6.755381387957665,0.06495858820848976,0.0042196181820401465,0.6100755637606619,0.111392897408183,0.7282100282899974
168,168,AC064852.4,0.1417115871461985,6.4999156391935395,0.09528075474882952,0.0090784222255066,0.4538999566461551,0.18802862552883615,0.5931569344742315
169,169,AC067956.1,-0.0959077884659222,7.321106510985669,-0.06851540104021428,0.004694360179701393,0.5906095146945598,0.17735688821900306,0.7120392517932687
170,170,AC068039.4,0.35622515817868977,5.628892548222038,0.41202556746274377,0.169765068242996,0.0007173744456973669,0.10004723213644004,0.002519419984037704
171,171,AC068138.1,-0.1808121642768446,7.6896345519138265,-0.1646212336860758,0.027100150580325583,0.19363440469460505,0.13758782835963512,0.3142586400106177
172,172,AC068831.3,0.06513419947300393,6.7230591283721575,0.057051275867104866,0.0032548480780645013,0.6543121627460045,0.14475712193650575,0.7633818158647016
173,173,AC073283.7,0.06127786352411695,6.744744379458335,0.05599551762590466,0.003135497994193,0.6603136087031143,0.1387626458869157,0.7685204340785736
174,174,AC073321.4,-0.14488956379588855,7.574751858522857,-0.14515808343989225,0.021070869187942712,0.2524366788050835,0.12542255999829804,0.3851829396507951
175,175,AC074212.6,0.13287436449994933,6.291755549844557,0.16488127333537356,0.027185834296694168,0.1929217240166601,0.1009459654383506,0.3132898337893344
176,176,AC079305.10,-0.025929811279688058,7.122474431799325,-0.023818767390512214,0.000567333680003328,0.8518009745846229,0.13821685223518265,0.9072354892715082
177,177,AC079741.2,-0.3371730319315832,7.988383867953805,-0.2348591375352507,0.05515881448380179,0.06175317545794772,0.17722661095720565,0.12494300799232531
178,178,AC079767.4,0.15863113034030846,6.445185300656553,0.3560023477365257,0.1267376715939182,0.003887829223288954,0.05288251178453366,0.011334267882380494
179,179,AC079807.4,-0.055936816833889014,7.211263732702999,-0.06300688304670161,0.003969867311260735,0.6208737061460219,0.1125252915533966,0.7365116464854617
180,180,AC083843.1,0.19087737206805164,6.128253442740883,0.1906916967812256,0.03636332322130289,0.131208243607653,0.12479106177499101,0.23081352683377143
181,181,AC083949.1,-0.00756299603377747,7.049185588207619,-0.010420874661153302,0.00010859462870346696,0.934864532274227,0.09216590103578644,0.9616421929697123
182,182,AC084219.3,0.038660571109319634,6.877607483689089,0.04862864680816828,0.002364745290393575,0.702767273567622,0.10084773067220787,0.801740909862442
183,183,AC087501.1,0.4601659344465992,5.5999800505261375,0.3235674086385274,0.10469586793305176,0.009104917440257142,0.17089885149589554,0.02411238683732034
184,184,AC090627.1,-0.006637666805789636,7.0371772130634085,-0.0075242122357253,5.6613769768238316e-05,0.9529456246023458,0.11203307911944596,0.9715648540849245
185,185,AC091133.1,0.2094242713775608,5.742593624304843,0.2512925656195837,0.0631479535356728,0.045178887809034105,0.10244411922744673,0.09627522293885392
186,186,AC091633.3,0.023194042505074248,6.9494956934392516,0.01158309157475938,0.00013416801042926178,0.927618614911246,0.2542886510391944,0.9570524548003094
187,187,AC092192.1,0.14124330244478295,6.600934702174392,0.08771885470922319,0.007694597471497808,0.4906657885038777,0.20370502569584728,0.6273506137960285
188,188,AC092620.2,0.5225621045481377,5.054208540948406,0.5573003360874645,0.3105836646032009,1.7252916723651844e-06,0.09887660523320252,1.1800755263761234e-05
189,189,AC092660.1,0.04177438484069732,6.84404174618316,0.03682057857649754,0.0013557550067080295,0.7726908476914822,0.14398889931724312,0.8526175952488687
190,190,AC092667.2,-0.0647816771405622,7.238981808552488,-0.04607925059875165,0.002123297335742554,0.7176803540577034,0.17835667884761694,0.813897254104193
191,191,AC100830.4,0.07898515324242736,6.709323014438543,0.07316700744732141,0.005353410978796386,0.5655817802694202,0.13673154669272755,0.6919980480102997
192,192,AC104667.3,0.10421370690285564,6.510274662826863,0.10607540174604596,0.01125199085558505,0.4041484502311968,0.12406724117079222,0.5463067846289992
193,193,AC106801.1,0.09457664992235547,6.463201723060322,0.09738423613079708,0.009483689446778841,0.4439493439158347,0.12275246876837068,0.5842391723190983
194,194,AC108056.1,0.07783096808916767,6.738126346749048,0.06357660616059041,0.004041984850898822,0.6177132333483197,0.15515999695860275,0.7341701464411561
195,195,AC112198.1,0.07140292969017266,6.733482683706782,0.06781600523324575,0.004599010565795616,0.5944151488974547,0.13340958003901418,0.7149158594487299
196,196,AC114730.11,-0.3106382921742874,8.133917677959614,-0.21505799325680852,0.04624994046364552,0.08789890047155717,0.17915166351191453,0.16739518861239738
197,197,AC114752.3,0.05858102037670977,6.8178422744875276,0.0731859149313557,0.0053561781443396345,0.5654810721831431,0.1013835222813205,0.6919530213101636
198,198,AC124997.1,-0.30223186647045963,7.921657980406621,-0.1751113443726916,0.030663982928011386,0.1663583151891123,0.2158078813452841,0.2788736116597172
199,199,AC136289.1,0.4275020672723614,5.7481365957300685,0.2635586304851354,0.06946315170320014,0.03535455795854068,0.19871558059860653,0.07814667271534127
200,200,AC139100.3,0.13108427247671114,6.560619906739976,0.14616332145526625,0.021363716538835488,0.2491311116661349,0.11267485206326973,0.38132133327185125
201,201,AC141928.1,0.28394009721976776,5.618772029367678,0.19473763501161814,0.03792274648991822,0.12307365594297215,0.18162932287951186,0.2193547341107047
202,202,AC144652.1,-0.031001394477260007,7.168758126741468,-0.0352837552250482,0.0012449433827811164,0.7819391286610093,0.11151674371712414,0.8594940272653244
203,203,AC145343.2,-0.024567157092386844,7.130636486697258,-0.028034002410747726,0.0007859052911658093,0.8259529472623216,0.11125082174263484,0.8906932460019706
204,204,ACAA1,0.3478548851251944,3.76941190050652,0.4766657107118113,0.22721019976839615,6.839271634829655e-05,0.08147400042013744,0.00031055656794346025
205,205,ACAA2,0.2582034160953746,4.907906699705194,0.45831411673462397,0.21005182959823854,0.0001398806400687233,0.06359195892774792,0.0005859023715064223
206,206,ACACA,-0.23827919247599136,8.641643777045529,-0.4022720270884456,0.1618227837778471,0.0009837048309908193,0.0688713136244114,0.003347812056436617
207,207,ACACB,0.4254920085088799,4.495579829005778,0.6270304792295192,0.3931672218828005,2.9642889639828105e-08,0.06713383033110393,3.525078391820305e-07
208,208,ACAD10,0.7974689723973037,3.2899297784906367,0.4734746673116165,0.22417826058584595,7.768157322458636e-05,0.18840923006391586,0.0003478483184818895
209,209,ACAD8,-0.013735952091215623,7.114540416358173,-0.02508330032703026,0.0006291719552959964,0.8440291747696843,0.06952509302622005,0.9021069988051932
210,210,ACAD9,-0.2925214274947981,9.186267871726665,-0.5288324102988757,0.27966371818251845,7.050716045208589e-06,0.05962267000369888,4.1366365743427796e-05
211,211,ACADL,-0.0433310190271082,7.166108308199785,-0.026344131778232388,0.0006940132791488737,0.8362948444588187,0.2088182309912062,0.8974191493978994
212,212,ACADM,0.18724106985779107,5.29778959282844,0.38469761275489295,0.14799225325931362,0.0016971982864649971,0.057056818238610266,0.00541364025213813
213,213,ACADS,0.32902274215354954,4.423544441537609,0.6980552118743231,0.4872810788249059,1.443731057119409e-10,0.042862744078560513,4.491953454298966e-09
214,214,ACADSB,0.22949389317541802,5.432857505494443,0.41259018926946706,0.1702306642814146,0.0007041759481687907,0.06434800434329799,0.0024790977333108703
215,215,ACADVL,-0.11398936285182094,8.23177241171652,-0.16270348923363934,0.026472425408801004,0.1989485920648296,0.08779014035499122,0.32110246412490756
216,216,ACAN,0.2324286049427821,5.8689626328392235,0.2820601782724515,0.07955794416708713,0.0239412927256728,0.10040380732263106,0.055957798439818726
217,217,ACAP1,0.35616741152082315,4.943582653751673,0.499425231687748,0.2494255620463608,2.656030960086065e-05,0.07846658293901355,0.00013454117062143567
218,218,ACAP2,0.3663722786610074,4.90992040169548,0.4186190559952701,0.17524191404237108,0.0005763519043325737,0.1009418030343504,0.0020708313403553814
219,219,ACAP3,-0.2812685519705231,8.606605437251286,-0.373724013621643,0.13966963835746998,0.002350796804323748,0.08865575918376029,0.007252672004221508
220,220,ACAT1,0.5566499382321185,3.826733254681896,0.8604626760914378,0.7403960169464385,8.138873292151613e-20,0.04186103475027923,8.812365057077159e-16
221,221,ACAT2,-0.10190329618272488,7.822727941854751,-0.2596652542118361,0.06742604424489744,0.03825913195010039,0.04813047945613612,0.08362788961132774
222,222,ACBD3,-0.2975730520651096,9.492193668861763,-0.39652763097237625,0.157234162124565,0.0011795323332275142,0.08749389702482661,0.0039272405713471435
223,223,ACBD4,0.054061986875133784,6.639840484681394,0.06991506400685768,0.004888116175083006,0.583026552956506,0.09796283722354994,0.706002348838178
224,224,ACBD5,-0.262828100175564,9.073562323688584,-0.5253282775668351,0.2759697992113377,8.312067814509416e-06,0.054065909512090914,4.7694178199046476e-05
225,225,ACBD6,-0.29031019153512105,9.048246917859355,-0.7367620457425668,0.542818312046772,3.925321568707058e-12,0.03383635757357111,2.75207928737359e-10
226,226,ACCS,-0.0009025515674980928,7.020873638238172,-0.002067316080433691,4.273795776419719e-06,0.9870648009267732,0.05544576363573656,0.9922885782493511
227,227,ACD,-0.269338969438929,8.888027019929387,-0.6387271389902849,0.4079723580827147,1.3549418544353273e-08,0.04120585900900345,1.8605748800124927e-07
228,228,ACE,-0.07609413294673291,7.409739398244335,-0.1002437471470558,0.010048808842082856,0.43061930658868586,0.09591906285670462,0.5716342057935232
229,229,ACE2,0.025093666805066608,6.8404595473447545,0.10687533094207632,0.011422336363978334,0.400593082727946,0.02964805493060675,0.5429049529341882
230,230,ACER1,0.04030932215493055,6.8534660791691975,0.05891335491736376,0.003470783387619269,0.6437803337515207,0.08674429331818137,0.7551905306319675
231,231,ACER3,0.382653082718086,4.624456299436012,0.4731215264935845,0.22384397883161955,7.877805375189349e-05,0.09049220668111306,0.00035203028353224383
232,232,ACHE,0.299724998046478,5.638533152118046,0.37211587632812027,0.1384702254154449,0.0024634597942566647,0.09494761658188253,0.007568987208375152
233,233,ACIN1,-0.3325087531053575,9.26587658797827,-0.4555453155991699,0.2075215345643473,0.00015528580150541509,0.08252193203931944,0.0006425977511178605
234,234,ACKR1,0.15854591344728014,6.139192459359628,0.6027946647311011,0.3633614078282805,1.3593013410403527e-07,0.026652397921315844,1.301311694970329e-06
235,235,ACKR2,0.10360079959998267,6.574546598767937,0.07515740933820025,0.0056486361784297895,0.5550265959395038,0.17456830610484764,0.6830975240164793
236,236,ACKR3,0.14429892988721188,6.351072071266158,0.25252576613382205,0.06376926256147379,0.04409934904648869,0.07021873736555938,0.09429022547410275
237,237,ACKR4,-0.1335821697438449,7.5444169620910655,-0.4017642604724272,0.16141452099295628,0.0009997484213829623,0.038668294423222206,0.003398673793571122
238,238,ACLY,-0.2478753206570124,9.170206556367422,-0.4288283076933005,0.1838937174791,0.0004070414372229713,0.06631737976753023,0.0015179063755921204
239,239,ACMSD,-0.06703482612693512,7.229191470363718,-0.043565149509715004,0.001897922251803821,0.7324905162364425,0.1952328587154936,0.8252045639943898
240,240,ACN9,-0.2749702503742849,8.787927679116244,-0.5678010920070522,0.32239808008440096,9.92509273523918e-07,0.05062685564312097,7.325422057996062e-06
241,241,ACO1,0.036968129894847,6.78363680621186,0.05930205929951275,0.003516734237162926,0.6415905295432187,0.07903088893982195,0.7534513512613016
242,242,ACO2,0.5886013043472242,2.4434140013400016,0.5932653570657938,0.3519637838944037,2.391091139221857e-07,0.10143224203384102,2.1091274386903997e-06
243,243,ACOT11,0.18534704118611825,5.953425312056521,0.1376957210004097,0.018960111581822668,0.2779069682159608,0.1693217316107739,0.41515922091421903
244,244,ACOT12,0.017863671539164787,6.96218154043397,0.011276806449654094,0.00012716636370296015,0.9295276255663864,0.20116903746362128,0.9582506848339197
245,245,ACOT13,-0.0012419684768956256,7.0273072281905655,-0.0022235761433040146,4.9442908650707565e-06,0.9860871748171064,0.07093517568021945,0.9917101324834782
246,246,ACOT4,0.07213161574651453,6.542219424199994,0.1813550805114132,0.03288966522730116,0.15152411397980298,0.049675025805962884,0.25892629055604494
247,247,ACOT6,-0.013368884941686013,7.061987922703493,-0.01306347335533352,0.00017065433610550883,0.918397627790016,0.12995817883541952,0.9507020550198602
248,248,ACOT7,-0.024594818989010985,7.21143086043807,-0.041221682295112166,0.0016992270912391638,0.7463837011857695,0.07570991834436278,0.8351049137408586
249,249,ACOT8,0.4342268300640943,4.339879206352119,0.6329950411218737,0.40068272208488254,1.996739588342997e-08,0.06744486672559621,2.5434938697392705e-07
250,250,ACOT9,-0.2611869361475964,9.09841825078106,-0.6691114254918263,0.4477100997237039,1.505434110557277e-09,0.03684178901111956,2.960960550782728e-08
251,251,ACOX1,0.4758855420370649,3.8076604087309645,0.6685742685498163,0.44699155256692186,1.5685297707054074e-09,0.06722377403378582,3.073892505395982e-08
252,252,ACOX2,-0.03508003210428165,7.282589923474702,-0.09844827388965444,0.00969206263185242,0.4389625266422457,0.04503406614798409,0.5794765614751177
253,253,ACOX3,0.017155597779133502,6.904911285405227,0.021491958696850454,0.0004619042886271259,0.8661377274432047,0.1013523187583823,0.9172190565691524
254,254,ACOXL,0.4203881004849359,5.460711532731706,0.2867779038447725,0.08224156613360156,0.02159062790059707,0.17834998441074512,0.05118172383004155
255,255,ACP1,-0.4675534912941906,10.662199360283077,-0.6630047998897003,0.4395753646767816,2.389131486830487e-09,0.0670466982955662,4.36228013046494e-08
256,256,ACP2,0.2952227504369229,4.644432534530001,0.5301757328077548,0.2810863076582398,6.616386780695004e-06,0.0599615028842636,3.915765393166174e-05
257,257,ACP5,0.12108368040143686,6.120595534465731,0.4104202551190821,0.16844478581201242,0.0007561337822284097,0.03416697484273859,0.0026414062032837898
258,258,ACP6,-0.34799015978762976,9.1029601420136,-0.5788488359642038,0.3350659748971137,5.432279942829761e-07,0.0622580096938283,4.312170900365779e-06
259,259,ACPP,-0.3075494100964015,8.383649785857969,-0.5628445736397818,0.3167940140757477,1.2915373961667835e-06,0.057359637966777385,9.20310704639411e-06
260,260,ACPT,0.05521780261196622,6.691993594928629,0.061496785458200226,0.003781854621691907,0.6292837696401203,0.113817248915854,0.743190446747208
261,261,ACR,0.0933269718558834,6.488431392870401,0.08652794518423051,0.007487085297805202,0.496594908808557,0.1364655477550248,0.6326114918671276
262,262,ACRBP,-0.012149195818742324,7.072419209137203,-0.0168038710427931,0.0002823700820228205,0.8951498399318285,0.09180810488521128,0.9354107556314043
263,263,ACRC,-0.12360805213724707,7.48183535509209,-0.1378214783414851,0.018994759892232444,0.27746408615071183,0.11281573507758337,0.414721478851026
264,264,ACRV1,0.069782768157284,6.732583001875873,0.04916263378629575,0.0024169645608054283,0.6996574999502456,0.18004942329855386,0.7992330301400118
265,265,ACSBG1,0.3934917284515641,5.4415514868624255,0.17602772059441196,0.030985758417664367,0.16411686005944465,0.2794626529194492,0.2759187232853557
266,266,ACSBG2,0.06857561368732114,6.741062809690678,0.05747894565285275,0.0033038291933636,0.6518872415477248,0.15126778923166898,0.7615278915953425
267,267,ACSF2,0.2516574915042529,5.076455698853142,0.6075188105770012,0.36907910520489423,1.0202890001307452e-07,0.041787053035767865,1.0139677970551303e-06
268,268,ACSF3,0.21744667370714774,5.851607674493097,0.1373504536259789,0.018865147111262182,0.2791253160712074,0.1991549831203369,0.4164594755520999
269,269,ACSL1,-0.07727877735278274,7.538262309093593,-0.2799705126314207,0.0783834879431005,0.02504970327808284,0.033653266810193184,0.05813431834603836
270,270,ACSL3,0.2220051975753828,5.060736579991463,0.37787310919117295,0.14278808664980416,0.002081077197972353,0.06908208066841674,0.006503719444758962
271,271,ACSL4,0.03366509784089049,6.899766160906144,0.026360419061122305,0.0006948716930779801,0.8361950325144953,0.1621364964300278,0.8974191493978994
272,272,ACSL5,-0.17616527036266588,8.957667193613746,-0.20301249098404905,0.0412140714955486,0.10763967382985096,0.1079102045137885,0.19731965942482202
273,273,ACSL6,-0.2462764682384766,7.928027397579749,-0.5357413183319047,0.2870187601680073,5.069336304724677e-06,0.049295920600793484,3.0844753492220534e-05
274,274,ACSM1,0.18357530228009156,6.276589236042416,0.1609123237522597,0.025892775935352042,0.2040051982779792,0.1429988295408576,0.3272069721872642
275,275,ACSM2A,0.010355058694198291,6.982471250722577,0.006676072945447578,4.456994997293709e-05,0.9582446301226016,0.19698173954136355,0.9748561244623197
276,276,ACSM2B,0.21231626081255534,6.3310558026684225,0.16861905916078054,0.028432387112266814,0.18288475230360668,0.1576221565607463,0.30030097900626346
277,277,ACSM3,0.045970304875057585,6.660669497032482,0.09338281160578904,0.008720349503402287,0.4629825589312479,0.06224617780837819,0.6014319798268337
278,278,ACSM5,0.5965188690569594,4.610821237849044,0.4396476794466564,0.19329008204282996,0.00027816058639715095,0.15476838615684674,0.0010794923832312374
279,279,ACSS1,0.3665493722993938,5.163700147826424,0.255790700845947,0.06542888263926076,0.04134342349032456,0.17593735601402047,0.08930591877136942
280,280,ACSS2,0.2850774155235265,4.441671886605153,0.7761565420487824,0.6024189777651233,4.918884386026759e-14,0.0294124003463204,1.0442984448961713e-11
281,281,ACSS3,0.2678500984968881,5.989736645408599,0.2897797706699852,0.08397231548954923,0.02019934898307105,0.11235236040143992,0.048344043128691824
282,282,ACTA1,0.16169736812481653,6.409731078240132,0.17652682640469705,0.03116172044051405,0.1629054245565212,0.1145043637075274,0.2743596958136154
283,283,ACTA2,0.3491429193852177,4.672028869551665,0.6545878025105984,0.4284851911956543,4.438560607946931e-09,0.051209817700046206,7.325993137583139e-08
284,284,ACTA2-AS1,0.27808332410641873,5.836185303434343,0.2625231967198061,0.06891842881598602,0.036108495139509915,0.12980914304286972,0.07945339751171848
285,285,ACTB,-0.0028758459475149954,7.053847094772721,-0.0021610504834763218,4.670139192133247e-06,0.9864783582504928,0.16900667083670445,0.991883217157191
286,286,ACTC1,0.2425436132379424,5.577772710329546,0.2254606124553935,0.050832487768761134,0.07324885625912779,0.1331051160425543,0.14386032852271105
287,287,ACTG2,0.2485993872908107,5.421366874048294,0.6514846408125006,0.4244322372145929,5.550169495429822e-09,0.03676615878362858,8.850435966386804e-08
288,288,ACTL10,-0.3836979563496723,9.208167697288687,-0.5937631568479866,0.3525546864300868,2.3226227167724995e-07,0.0660361797680135,2.0604832008073936e-06
289,289,ACTL6A,-0.29092353761377404,9.490873492281068,-0.6785521905367277,0.4604330752821916,7.214178180959749e-10,0.03999653953524649,1.642723748776902e-08
290,290,ACTL6B,0.026441765291942917,6.899226566714039,0.03326288492973313,0.0011064195138486674,0.7941460359437881,0.1009007278012887,0.8675486045902059
291,291,ACTL7A,0.1045797783634497,6.5435753367152465,0.15625586335670075,0.024415894833347943,0.21757586160382808,0.08395525933227184,0.3437873245553372
292,292,ACTL7B,0.06684896866183426,6.706228506637398,0.06437860581563103,0.004144604886764401,0.6132759185891501,0.1315998637258989,0.7308618137168039
293,293,ACTL8,0.3070797524158139,5.381637677179612,0.3832412965493607,0.14687389138083504,0.0017733233063725038,0.0939917320698544,0.005629040779756167
294,294,ACTL9,-0.005427956888184578,7.036770075419921,-0.011276116344499631,0.00012715079981469172,0.9295319272972208,0.0611298576495188,0.9582506848339197
295,295,ACTN1,-0.3813065919260313,10.104404555192712,-0.6682044730972625,0.4464972178671902,1.6134181959000034e-09,0.05391740652364587,3.15614914473483e-08
296,296,ACTN2,0.33460165718926466,5.729219010881697,0.19138295841895625,0.036627436773191926,0.1297903502968382,0.21793456496395788,0.22895504282339774
297,297,ACTN3,0.042386959391125,6.8283124100837425,0.05129250400220745,0.0026309209668164673,0.6873030636688956,0.1048118696208556,0.789703817252079
298,298,ACTN4,-0.16092492333824376,8.523293185800116,-0.2691734746310317,0.07245435944494266,0.03149080631071145,0.07312448994215989,0.07079873449527165
299,299,ACTR10,-0.1265387565176423,8.276540964744669,-0.10834300650461057,0.011738207058458084,0.3941177311933008,0.14745613194317422,0.5364979617613495
300,300,ACTR1A,0.001411602303019872,7.004349960227225,0.001541911139337739,2.377489961613804e-06,0.9903520772945984,0.1162670494250921,0.9942130678116733
301,301,ACTR1B,-0.39664025852558255,10.276450847306297,-0.4453738364491133,0.1983578541934015,0.00022622138449104726,0.1012666673931348,0.0008972205276838147
302,302,ACTR2,0.12589733082931387,6.017005149914465,0.19604109656670732,0.038432111543077074,0.12053654064408492,0.07997670926826421,0.21572056096261646
303,303,ACTR3,0.21524218446636387,5.1109609397335,0.2363364118008579,0.055854899542904686,0.060086604634821614,0.11238808741666817,0.1220958453004656
304,304,ACTR3B,-0.257851513391802,8.44742963333794,-0.6587057560035056,0.4338932729921498,3.286203288893253e-09,0.037405161940835985,5.706714692941732e-08
305,305,ACTR3BP2,-0.09147101917657184,7.3716490997913615,-0.0841039607036221,0.00707347620603641,0.5087772196578935,0.1376352832094507,0.6433993629812943
306,306,ACTR3C,-0.05289956753517133,7.326235863947373,-0.07935736016949732,0.00629759061307132,0.533067311322666,0.08439121425502337,0.6644547646746293
307,307,ACTR5,-0.3979852153088163,9.296028454842574,-0.5876194425569883,0.34529660927098565,3.3130291256821425e-07,0.0695980757375358,2.795933192386859e-06
308,308,ACTR6,-0.2888811711766683,8.689041748907645,-0.3889006773447805,0.15124373683922904,0.001493659148219955,0.0869112883533787,0.0048435443028905555
309,309,ACTR8,-0.2846804683033057,9.003588768847802,-0.3060519108424542,0.09366777213031753,0.0139134865787625,0.11246320165098694,0.03483599859672817
310,310,ACTRT2,0.02500587948500904,6.899523194679724,0.04870310996387731,0.0023719929201535253,0.7023333306968461,0.06512892520534885,0.8014031128801877
311,311,ACTRT3,-0.29891250525356045,8.427654240098745,-0.5478546187608938,0.3001446832976443,2.7922845584246392e-06,0.057967830323367435,1.8131011128241547e-05
312,312,ACVR1,-0.21255312848400665,8.631540224028226,-0.34441584196821673,0.11862227219867565,0.005322514124940709,0.07358165866253245,0.015012932364338356
313,313,ACVR1B,0.22764510666532425,5.6956911958101895,0.19135897104225208,0.03661825579834947,0.12983935726548956,0.14829033753915907,0.22900075595244965
314,314,ACVR1C,0.15898536257332208,6.0465039848301245,0.534721251337052,0.2859268166314627,5.324823851649599e-06,0.031908413703912834,3.2173286971950914e-05
315,315,ACVR2A,0.2694499074020343,5.0384284101092645,0.4753479152811981,0.2259556405621811,7.209689435648633e-05,0.06333642198506917,0.0003258051434243972
316,316,ACVR2B,-0.4095038411503109,9.195215830088928,-0.3106220931175004,0.09648608473269707,0.012485017158589231,0.15914654547466478,0.03173647688334896
317,317,ACVR2B-AS1,0.008358126102353295,6.982065330500388,0.008390414498526308,7.039905545708047e-05,0.9475358608430196,0.12650694579014046,0.9687403364598267
318,318,ACVRL1,0.27422558376475514,4.8698984805599865,0.5590008686609963,0.31248197116374843,1.5795459404158778e-06,0.051658487662534634,1.0917672307598414e-05
319,319,ACY1,0.16110656056574013,6.228022084941023,0.1943315557952244,0.0377647535777924,0.12387232068496502,0.10327963257087247,0.22052409605663575
320,320,ACY3,-0.079880398118731,7.459329342986273,-0.07521602623992407,0.005657450603324947,0.5547171775453001,0.13449371892588635,0.6829107720149787
321,321,ACYP1,-0.1709962691799309,8.134784961143913,-0.52949242121049,0.28036222411934697,6.8340992073658925e-06,0.034792690858563416,4.027004580558052e-05
322,322,ADA,-0.28669716054373656,8.538963232246896,-0.494156239817469,0.24419038935054,3.326106764392252e-05,0.0640574237463413,0.00016429480379314372
323,323,ADAD1,0.010668690937210457,6.978591929496478,0.0068247954163190355,4.65778324746093e-05,0.957315305066104,0.19852515221292505,0.974276855494242
324,324,ADAD2,0.1388323072632814,6.285928150359088,0.18095594587286465,0.03274505434674311,0.15244193861233832,0.09582797662149796,0.2601568429860656
325,325,ADAL,-0.021725025379937105,7.110831828077752,-0.018929910243547014,0.0003583415018287462,0.8819736016345192,0.14572634291116845,0.9277280975079183
326,326,ADAM10,0.08304922084495832,6.296635721370149,0.15407246172737246,0.023738323462732653,0.22415246668182948,0.06763909941936543,0.3516133043096717
327,327,ADAM11,0.18875304753627906,6.063522787195318,0.18866299308663315,0.03559372496040698,0.13543711022922447,0.1247789771301969,0.23656124251866256
328,328,ADAM12,0.1522628301499069,6.452551714255068,0.07492626963403383,0.0056139458812719395,0.5562475040103084,0.25736024107887245,0.6842501533369251
329,329,ADAM15,-0.28650427005322804,8.979041529681105,-0.4625574691370334,0.21395941225445764,0.00011897689330335978,0.06974162174321359,0.0005067751031637011
330,330,ADAM17,-0.5121155966555093,10.186209092980636,-0.5434384553191843,0.2953253547197011,3.4797671146136915e-06,0.10046530649474618,2.1975607135304605e-05
331,331,ADAM18,-0.3310022236446589,8.091874929040248,-0.17353763061696556,0.030115309240150382,0.17025987667986628,0.23856210332020486,0.2840069041366896
332,332,ADAM19,0.1502567176862445,6.192720885547365,0.17568908712194906,0.030866655333743807,0.16494255693979476,0.10692642205145952,0.2770794407362699
333,333,ADAM2,0.509552183126747,5.50153988537199,0.29054197066272786,0.08441463671658142,0.01985849311578301,0.2131244937110078,0.04763354767637141
334,334,ADAM20,0.005148113869929221,6.994427254509188,0.003923569193213799,1.539439521393638e-05,0.9754529528148008,0.16663554293640476,0.9858134152365158
335,335,ADAM21,-0.4014479325541407,8.441631955657105,-0.2500367396465009,0.06251837117305206,0.04630047330787207,0.19742899581832288,0.09821643658079668
336,336,ADAM22,0.42452733029556494,5.398719646161228,0.1874639487059134,0.03514273206441333,0.13798437205890868,0.2825033391103488,0.24023569520306057
337,337,ADAM23,0.3652728385435877,5.699969183416264,0.17742742169977085,0.03148048997102832,0.1607361570079155,0.2573090018059295,0.2714097595694366
338,338,ADAM28,0.3353887099161339,5.3950095615560665,0.6522333028125656,0.425408281297788,5.260061232825778e-09,0.04950274769374237,8.487826080241595e-08
339,339,ADAM30,0.11909166635561234,6.598591538661113,0.08554468155723317,0.007317892542728429,0.5015181691007459,0.17615606903119382,0.6370469235028539
340,340,ADAM32,-0.3507804419806597,8.661737074995509,-0.5093107761323813,0.2593974666845686,1.7239433460764066e-05,0.07527473887856169,9.118708636855053e-05
341,341,ADAM33,0.3364049167370562,5.284069241297108,0.3586568233416529,0.12863471692952566,0.0036120015071896758,0.11119557851681168,0.010615892051871937
342,342,ADAM3A,-0.010195397493066126,7.049139300090077,-0.009017907892213734,8.132266275245074e-05,0.9436183844010891,0.14357699611351102,0.9665148100560772
343,343,ADAM5,0.0270060141973929,6.91005087066939,0.02100436299912352,0.0004411832649989492,0.8691476877274462,0.1632523000846135,0.9190073691189476
344,344,ADAM6,0.1706492718113286,6.322628327830879,0.17747447189390614,0.03149718817402088,0.16062341516796078,0.12017749440097715,0.27127593631743807
345,345,ADAM7,-0.112601538041041,7.394802659617537,-0.057114344529345815,0.003262048351016813,0.6539543339199083,0.24997338905145036,0.7630876765295621
346,346,ADAM8,0.01031100607271192,6.965489542224379,0.009861986891317395,9.725878544451616e-05,0.9383508663203121,0.13277602307436506,0.9636720103465027
347,347,ADAM9,-0.2954927862631229,9.158503409736028,-0.5358817708527231,0.2871692723322505,5.0350687674646486e-06,0.05912555912272946,3.068798597226202e-05
348,348,ADAMDEC1,0.0747010208547986,6.259237018029141,0.758370901762953,0.5751264246407545,3.9380593834749454e-13,0.008154153670643855,5.2318206103772966e-11
349,349,ADAMTS1,0.12832924719859162,6.4034142802028775,0.3748676230423967,0.1405257348054564,0.002273501173491316,0.04030587077042757,0.0070362538104837
350,350,ADAMTS10,0.2265593066010277,5.782736042503347,0.21866327107947128,0.047813626119174335,0.08258090424511486,0.12840182680621354,0.15880379019873567
351,351,ADAMTS12,-0.14060444263679245,7.638551025276049,-0.10993291446427196,0.012085245682608936,0.38717330074593614,0.16144893791880566,0.529910114249352
352,352,ADAMTS13,0.2642474448218192,5.7166966292662895,0.20238400445995428,0.040959285261246786,0.10875669996056556,0.1623892550214743,0.1988119481382785
353,353,ADAMTS14,0.050596264421258315,6.756399031043442,0.061870751884778835,0.0038279899387878642,0.6271966396749951,0.10365837169591703,0.7413319814509043
354,354,ADAMTS15,0.3221396812951781,5.556342394246073,0.3997907715960399,0.15983266105335692,0.0010643715879184454,0.09379906562042688,0.003587946254105532
355,355,ADAMTS16,0.14777311809381194,6.280905811677395,0.16491050974745694,0.02719547622516609,0.19284171464029867,0.1122442362411029,0.31318339062064404
356,356,ADAMTS17,0.4518396562310132,5.303284198265919,0.3756779628864394,0.14113393179850495,0.00222011396783764,0.14155835334986105,0.006883815574674126
357,357,ADAMTS18,0.18562201782605375,6.254431779924746,0.14486716964966995,0.020986496842306253,0.2533988413221364,0.16101191319463887,0.3862156467364065
358,358,ADAMTS19,0.15495006979790954,6.5290299269710115,0.08357779960420607,0.00698524858668083,0.5114416014389835,0.2346296260450921,0.645750561434388
359,359,ADAMTS2,0.22589213651145204,5.984094714832097,0.2662208522179873,0.07087354215567143,0.03347605632309484,0.10387250675109552,0.074598417515173
360,360,ADAMTS20,-0.03715558779328502,7.128266149773692,-0.02095366560398364,0.0004390561022435669,0.8694607530302807,0.2251505031531016,0.9191199710456787
361,361,ADAMTS3,0.13716605291793202,6.58763734407848,0.08371615396791263,0.007008394435179253,0.5107403127000016,0.20735490702582307,0.6450907828240615
362,362,ADAMTS4,-0.08624251513345041,7.46488107097399,-0.10844252409375972,0.011759781031825657,0.3936809110839917,0.10040543303478296,0.5361061583149189
363,363,ADAMTS5,0.09011499400742948,6.644696374436506,0.1403426900053571,0.01969607063793976,0.2686840132584579,0.08074056581725292,0.4045860723949591
364,364,ADAMTS6,-0.7069583523996417,9.505055337270631,-0.32602522661296746,0.10629244838803678,0.008562298731543688,0.260342153818307,0.022865529538978736
365,365,ADAMTS7,0.22843863538761114,5.902169404982778,0.21651301539272555,0.04687788583445061,0.08572112242952111,0.13081693723778445,0.16388195517006088
366,366,ADAMTS8,0.2799691294209355,5.777149875312389,0.2785950358862564,0.07761519402046449,0.025802695306544263,0.12257361608832636,0.05964532097173527
367,367,ADAMTS9,-0.439108761224092,9.057017442408245,-0.5168475837281173,0.2671314248055933,1.2286967859315207e-05,0.09236912237323057,6.758300457035072e-05
368,368,ADAMTS9-AS2,0.5130570580947239,5.179189742409833,0.2750940592798308,0.07567674145105505,0.02780587408760241,0.2277196725350968,0.06357683490307572
369,369,ADAMTSL1,0.6594109424791346,4.319656305656085,0.3612679196372815,0.1305145097590493,0.003357761093672495,0.21615340251230586,0.009966052149599489
370,370,ADAMTSL2,0.11376932768819255,6.479126377964352,0.14505408700861067,0.021040688157901596,0.2527803488527973,0.09855568887951184,0.38551718109777633
371,371,ADAMTSL3,0.5011780716182852,4.769253504650359,0.5241711700783748,0.2747554155413325,8.772779199221134e-06,0.10341066540012753,5.003279788231068e-05
372,372,ADAMTSL4,0.28562971006634785,5.837490405997151,0.24910226701008184,0.062051939429562115,0.047149812252971185,0.14103251453173113,0.09964347401539643
373,373,ADAMTSL5,0.09079330730584492,6.5417451239422695,0.09893105927304573,0.009787354488886887,0.4367102563837216,0.11598172573769325,0.5771996214898599
374,374,ADAP1,-0.14563189745509533,8.323653325815703,-0.18488159226421186,0.03418120315815028,0.14359245086138062,0.09831387573102113,0.24815654932188022
375,375,ADAP2,0.3146623871827632,5.0202198524213495,0.6368137065537922,0.40553169685477936,1.5435522502769465e-08,0.04838390730952808,2.0722643508832782e-07
376,376,ADAR,-0.05266942048819615,7.555080216229973,-0.06334576448188273,0.004012685877794154,0.6189929732697531,0.10538335406108378,0.7350859794985743
377,377,ADARB1,0.6877191501764338,3.7859529957681115,0.4122872228571529,0.16998075413126368,0.000711230415936235,0.19300096414262893,0.0025002751066719427
378,378,ADARB2,0.012415544234320331,6.958881653202761,0.01279844964102334,0.00016380031321381046,0.9200476535522072,0.12319043284871894,0.9520538986798417
379,379,ADARB2-AS1,-0.009207023960916005,7.0704523833545645,-0.009663718566454276,9.338745653163309e-05,0.9395879418299896,0.12099261835445292,0.9643372012475133
380,380,ADAT1,-0.2283155242881263,8.366639335448879,-0.5316712757650894,0.28267434547367776,6.16226516404083e-06,0.046190704012365545,3.673103554288581e-05
381,381,ADAT2,-0.2865401514916031,8.365012889477477,-0.5589666823006247,0.3124437519221676,1.5823586350299825e-06,0.05398310190256708,1.0923167434355841e-05
382,382,ADAT3,-0.07313875249216356,7.486635520635606,-0.06571926041150494,0.004319021189035201,0.6058891666462514,0.14103247959221735,0.7244508808859021
383,383,ADCK1,-0.12578930039922084,7.8496093608729245,-0.17302152260077844,0.02993644728309168,0.17155386680751353,0.09093850729596513,0.2856592837921342
384,384,ADCK2,-0.39809670338321584,9.666619423991776,-0.4055443283980234,0.16446620229580386,0.0008857699770635656,0.11395579502459592,0.0030494990227840245
385,385,ADCK3,-0.16507822546909906,8.10435452360605,-0.2424000012334712,0.058757760597986826,0.05362312690197917,0.08390967393921296,0.1109293860395834
386,386,ADCK4,0.14477433164365067,6.2153842358804345,0.11784555735077755,0.013887575387315398,0.35370832151351217,0.15493364010243252,0.49621363710644634
387,387,ADCK5,-0.2220203342185346,8.262993145697754,-0.24255572660755276,0.05883328051011786,0.05346490598476032,0.1127765112847538,0.1106760863301773
388,388,ADCY1,0.3218441562332203,5.6225965142574665,0.2532094353029177,0.06411501812642245,0.04351007834537336,0.15616407663916526,0.09320966645388289
389,389,ADCY10,0.1834880800415445,6.364864295756887,0.11033404653779312,0.0121736018254039,0.3854328001860211,0.20991466450990506,0.5284966306609439
390,390,ADCY10P1,-0.30332641554323553,8.178611851020797,-0.25923496061717594,0.06720276480618875,0.038591951703567814,0.14352066662829172,0.08424483005451221
391,391,ADCY2,0.4208773481734103,5.236278223997644,0.29261335187791193,0.0856225736972267,0.01895681745848974,0.17467402051466413,0.045729072302951465
392,392,ADCY3,-0.2525223375398804,8.559652726117484,-0.566152595979675,0.3205287619345252,1.083878262176489e-06,0.04669345306452364,7.908148169619902e-06
393,393,ADCY4,-0.007376899241616056,7.062856413625625,-0.009286574646979876,8.624046867392938e-05,0.9419414840352972,0.10087968679128127,0.9657505802678841
394,394,ADCY5,0.3728420898169602,5.297700271125269,0.3032598900015917,0.0919665608837775,0.014853690754878955,0.1487870169921429,0.03693806537630957
395,395,ADCY6,0.16405597920917736,5.772187615643071,0.4002583901903664,0.16020677891778354,0.0010487274020868217,0.04770258967199404,0.0035423790192154305
396,396,ADCY7,0.128345287051852,6.360315956623117,0.2060435999975644,0.0424539650999563,0.1023763999737427,0.07741137520750692,0.18951623708594617
397,397,ADCY8,0.1595310509806518,6.361003370611368,0.2542020269378305,0.0646186704993015,0.0426661018450417,0.07708408486812031,0.09168383806682322
398,398,ADCY9,0.4053317176172682,4.459599420978883,0.7413268516698541,0.549565501006738,2.461301438945021e-12,0.04660374703530304,1.9667705778728573e-10
399,399,ADCYAP1,-0.05498822351942756,7.2268173791396455,-0.034190139956845965,0.0011689656702687146,0.7885387245407356,0.20413570822507596,0.8639104703826832
400,400,ADCYAP1R1,0.05864894524878823,6.777224635785505,0.04192063608835068,0.0017573397300519292,0.7422313184409661,0.17752297212821724,0.8323313790056663
401,401,ADD1,0.4318547468136981,3.79788116873313,0.4684223428452983,0.21941949127667812,9.479320167917321e-05,0.10344585708924572,0.0004146125595561495
402,402,ADD2,0.5407014717253072,4.489558179182763,0.2753716117803843,0.07582952457452667,0.02764242964343654,0.2397279023907786,0.06324319217418048
403,403,ADD3,0.10733618961733044,5.8432318979114655,0.13104991992191975,0.017174081511541574,0.3019803039576397,0.10312212879782527,0.4413730752026652
404,404,ADD3-AS1,-0.4160869254822381,8.801580494019248,-0.219711435946435,0.048273115085644414,0.08108351246057684,0.23463442493678735,0.15657780117119593
405,405,ADGB,0.3595650973205309,5.899689258210155,0.2313753042985948,0.053534531439267334,0.06583143736049024,0.19200700243920454,0.13169328185140103
406,406,ADH1A,0.22132622721825676,6.020443652639543,0.5847101328222603,0.3418859394250252,3.909869290988378e-07,0.03899841899266877,3.2279153448857536e-06
407,407,ADH1B,0.12886880659847594,6.361861818579032,0.7731297602756121,0.5977296262238254,7.101397270868296e-14,0.01342636951479193,1.398006890005936e-11
408,408,ADH1C,0.08195265811583834,6.169032073659675,0.6633545503922115,0.44003925952605305,2.3274325778710807e-09,0.01174086992502008,4.260401730667646e-08
409,409,ADH4,-0.08552750713658469,7.354620972213823,-0.08100743196069413,0.006562204032866489,0.5245588673262882,0.13364583966455398,0.6570639907421779
410,410,ADH5,0.1398297426878894,5.659938716079592,0.19325725076214825,0.03734836497214385,0.12600425817552813,0.09015763130714673,0.22352930374302135
411,411,ADH6,-0.03629517087209329,7.268568340790269,-0.1212625485533948,0.014704605681664434,0.3398260810098158,0.03773197477805329,0.4821736197266126
412,412,ADH7,-0.1267011781706431,7.47392254052601,-0.08659564566785316,0.007498805848632377,0.4962568559238408,0.1851203969425849,0.6323296390132845
413,413,ADHFE1,0.3246650324264608,5.1023116079380015,0.6133029251960295,0.3761404780540065,7.134846763300103e-08,0.053101652860736925,7.478465956401924e-07
414,414,ADI1,-0.2773474302725423,9.42614429375668,-0.2473147832116801,0.06116460199504034,0.04881006237278302,0.13799805093129172,0.10256981083771144
415,415,ADIG,0.0787718420244496,6.652790993191683,0.0788063162902069,0.00621043548723213,0.5359238058594407,0.12654976561814432,0.6667488231578874
416,416,ADIPOQ,0.17839334142107174,6.4552983225569465,0.138183640383442,0.019094718469620426,0.2761912743371445,0.16238267898910633,0.4133611200339253
417,417,ADIPOR1,-0.47834332287984704,11.338883635943466,-0.4221386686812697,0.17820105559599475,0.000511857926882031,0.13045824286245275,0.0018588434356247494
418,418,ADIPOR2,0.37122461682909663,3.4747375664312075,0.5671904284633335,0.32170498214041976,1.025478212022442e-06,0.06845754855291933,7.530257945522545e-06
419,419,ADIRF,0.014214974101199504,6.887628045710537,0.04641105833455418,0.0021539863357333913,0.7157333013528207,0.03885621731520581,0.8124976221846997
420,420,ADIRF-AS1,-0.03827105729469425,7.212395017079978,-0.057380547609253915,0.0032925272439378547,0.6524448493520554,0.08456560967372821,0.7619010576315121
421,421,ADK,-0.270196278795765,8.730912858820458,-0.6018580070925974,0.36223306070147293,1.4380689372895385e-07,0.04553239316509012,1.3628613933043744e-06
422,422,ADM,0.12052657916742818,5.9947883537338225,0.39917700289170027,0.15934227963760048,0.0010852247264305326,0.03515855969706675,0.003651987793450378
423,423,ADM2,0.17236552693888674,5.923111851895844,0.2071040641182337,0.04289209337428946,0.10058292444156676,0.10340615675612526,0.18681904355280282
424,424,ADM5,0.13743236325247002,6.278345499786835,0.15534142402353596,0.02413095801765999,0.22031356810209396,0.11099455087595796,0.3470243175189733
425,425,ADNP,-0.3714653560842682,9.944279426944112,-0.4707327129999957,0.22158928708833625,8.657809084001457e-05,0.08842040375992861,0.0003828565564918349
426,426,ADNP2,-0.1648894126440898,8.280899729133447,-0.19440177276430484,0.03779204925390441,0.12373393858055197,0.1056650044983472,0.22029585134932606
427,427,ADO,-0.23080631990434186,8.683922570755223,-0.3885802053682703,0.15099457600404714,0.0015083679896439692,0.06950665851783296,0.004884658115109938
428,428,ADORA1,0.21292687230226875,6.0353524703630725,0.1895315670631465,0.035922214913412,0.13361415135612947,0.14009063841661354,0.23396251699013373
429,429,ADORA2A-AS1,0.10504229746745207,6.536975825956116,0.11336593529577894,0.012851835285486736,0.3724289780674622,0.1169168115226074,0.515398103275236
430,430,ADORA2B,-0.10990454733718856,7.913503925763075,-0.43851636461646654,0.19229660203644186,0.00028962990523733454,0.02860618658561955,0.0011184646239601602
431,431,ADORA3,0.18105984934181746,6.090495284429496,0.5237847221969059,0.27435043520688984,8.931872939126506e-06,0.03739701622310464,5.0873147947602444e-05
432,432,ADPGK,-0.3588764550588741,9.63127961708383,-0.4764376403916117,0.22699282518192676,6.902096082831863e-05,0.08410751834358117,0.0003128844267819217
433,433,ADPRH,-0.0625170313383885,7.296404366120986,-0.03944550853219099,0.0015559481433631524,0.7569678170603371,0.20112534866862813,0.842538466939781
434,434,ADPRHL1,0.10281988876959296,6.4516517279876355,0.09766321125480808,0.00953810283260127,0.4426388302260225,0.13306663399986024,0.5830501136584256
435,435,ADPRHL2,-0.4390564814839338,10.503743029283227,-0.6465275080060447,0.4179978186085063,7.889913657170163e-09,0.0657960537196785,1.1815773184372053e-07
436,436,ADPRM,-0.3279116851386504,9.155848210605182,-0.4820469979016883,0.2323693081860303,5.501637380575206e-05,0.07569162535140292,0.00025648645312455567
437,437,ADRA1A,0.2833262887850706,5.998541225132049,0.18721765519470526,0.03505045041660354,0.13851203095568826,0.1887976266087534,0.24097999761753267
438,438,ADRA1B,0.06735791452683773,6.771217709664012,0.055217251625419975,0.003048944877064945,0.6647513689066141,0.1546873929482064,0.7721085010551775
439,439,ADRA1D,0.035548706489084515,6.8784520718932844,0.0464842817289457,0.0021607884478559948,0.7153038677174688,0.0970179550607253,0.812180434952904
440,440,ADRA2A,0.04794609422975063,6.726550688607648,0.2082982447968829,0.043388158785462164,0.09859265174586672,0.02859167875343325,0.18387941379353578
441,441,ADRA2B,0.10108840846833668,6.5154440838133665,0.1039285533930281,0.010801144210367493,0.4137809343974417,0.12286054421990222,0.5551079877721362
442,442,ADRA2C,0.048720188537346734,6.7478073173771795,0.07221164590675719,0.005214521804562882,0.5706812896746845,0.08546151551639537,0.695924088094603
443,443,ADRB1,0.2255365395030164,6.097731870738093,0.29345988621156543,0.08611870481530494,0.01859850207272248,0.09330764262127496,0.04496991540696799
444,444,ADRB2,0.2040680080074553,6.010778732640038,0.4967028479950075,0.24671371920635154,2.9847984550933637e-05,0.045285843275548736,0.00014899910222463528
445,445,ADRB3,0.353666081435968,5.200726265949929,0.2780809014520779,0.07732898775240024,0.02608901355882008,0.15514930747808378,0.06021076293469561
446,446,ADRBK1,-0.13230441166400322,7.944354577687937,-0.0981478986211398,0.009633010003745536,0.4403671033813319,0.1703709533874799,0.580796603653258
447,447,ADRBK2,-0.26788561380799025,8.360741422865072,-0.5045895610260424,0.2546106250964541,2.1227389602100874e-05,0.05821124448054981,0.00010970862096264784
448,448,ADRM1,-0.3555337605971899,9.999394377618176,-0.6528482673818489,0.4262108602234821,5.032580009206722e-09,0.05239006146094019,8.163334838904237e-08
449,449,ADSL,-0.2917421083890472,9.679159166055257,-0.6263641515390126,0.3923320503331871,3.0964603773345523e-08,0.04611153121466769,3.6601446217892864e-07
450,450,ADSS,-0.4695546576637142,9.683323838262194,-0.4954868566110433,0.2455072250742925,3.1435036674302924e-05,0.10454077417250814,0.00015627312194261474
451,451,ADSSL1,0.0067273792143378855,6.979248053721514,0.007981903016051091,6.371077575764551e-05,0.9500868919204979,0.1070359782503932,0.9700203509919086
452,452,ADTRP,0.14513044765833374,5.732459056796562,0.5453741868264854,0.2974330036566502,3.1609488544578493e-06,0.02832774367024295,2.02097276183303e-05
453,453,AEBP1,0.2536767041889077,5.339405771376153,0.5371164446570265,0.28849407512100456,4.743006273895379e-06,0.05059476151561549,2.9071554163941254e-05
454,454,AEBP2,-0.3784272225702017,8.999093900305304,-0.4486351724998173,0.2012735180039409,0.00020076954313336478,0.09573974108791664,0.0008063175920906926
455,455,AEN,-0.3111151413742361,9.0714026072405,-0.5910555252660139,0.3493466339474836,2.7186405899479854e-07,0.053922728822231016,2.349248283133425e-06
456,456,AES,-0.14724255565933378,8.362018065091073,-0.249037023965112,0.06201943930539975,0.04720958572200353,0.07272278514333222,0.09973026079396752
457,457,AF001548.5,-0.08727132775321783,7.4412046350078835,-0.18072947170721093,0.032663141943567564,0.1529645563253539,0.06031642983515612,0.26088426141809395
458,458,AF007147,0.041075418469071014,6.8075433906295375,0.05041898495191483,0.002542074043581414,0.6923603350278837,0.10333307339279088,0.7935124074742353
459,459,AF067845.1,0.02182162237881164,6.937479468655863,0.017473134934395423,0.0003053104444355898,0.8909988258029398,0.15858205929833818,0.93296163496749
460,460,AF070581,0.2392865744444603,6.304222022187099,0.13618992789942985,0.0185476964612519,0.2832464136443866,0.22106098313035832,0.4209864358251888
461,461,AF086184,-0.057594369162606414,7.263355676354978,-0.1109949803890962,0.012319885671575851,0.3825752214991519,0.06549211219778146,0.5255434167447434
462,462,AF090939,-0.11694744801685016,7.482105401801548,-0.123710407853952,0.015304265011391148,0.3300937126490904,0.11913508917075545,0.4720795618804793
463,463,AF131215.4,0.2482944389338388,6.169369190126679,0.3292678264960221,0.10841730156541453,0.007889696877576818,0.090427946190527,0.021255459801433937
464,464,AF131215.8,0.007018603649541856,6.99347663099282,0.006897807432695178,4.757974737854484e-05,0.9568590940660868,0.12922111234249373,0.9739192748770678
465,465,AF186192.1,0.2661200462294793,5.616165536017653,0.2993244501345993,0.08959512644838022,0.016271374860793664,0.10773500572044434,0.03999507634625276
466,466,AF198444,0.5469920173351814,5.395442186727884,0.3088114375612025,0.0953645039686165,0.013035041993581778,0.2139580242512114,0.03291439300035138
467,467,AF213884.2,0.16679766975447827,5.9115228655061784,0.19378979688884432,0.03755448537821954,0.12494397212837248,0.10723864137215823,0.22210324383844246
468,468,AF279780,-0.052912330344924055,7.194397695082262,-0.03715613558426086,0.0013805784115559765,0.7706756691061052,0.18073010851112387,0.8513146849945767
469,469,AF289551,-0.016662935297994442,7.103791309505504,-0.03424917634962159,0.0011730060806274787,0.7881820771136341,0.061751948675352414,0.8637256656999011
470,470,AF520793,0.10598876834474398,6.666418128227491,0.1394181237132872,0.019437413219733458,0.27188192803761946,0.09560540076654088,0.4086293179456646
471,471,AFAP1,-0.3113629889141001,8.020654364883057,-0.3496775113053511,0.12227436191270392,0.004621560989329054,0.1059455774359831,0.013229332878244635
472,472,AFAP1-AS1,0.021240378494893037,6.929004379567084,0.02388379286863046,0.0005704355617916433,0.8514009797845037,0.11291176772991393,0.906898287027695
473,473,AFAP1L1,0.14881110126419855,6.418043217026111,0.1204523353255941,0.014508765085389362,0.3430865084310696,0.15575810127064346,0.4855300638471585
474,474,AFAP1L2,-0.1823853369786765,7.934681404800421,-0.443957940394674,0.1970986528394809,0.0002381641612245248,0.04675018572389902,0.000938912235812322
475,475,AFF1,0.4905237664586341,3.830119139035241,0.5788195177977715,0.33503203418364474,5.441135397408295e-07,0.08776500956546399,4.316036154977166e-06
476,476,AFF2,-0.1251138490273125,7.5129810886002835,-0.09502014377826444,0.009028827723642044,0.4551412724253317,0.16646554902760946,0.5942411825859495
477,477,AFF3,0.6182122685494942,4.741492913045832,0.5987729595188798,0.35852905705099797,1.7290376102955642e-07,0.10501905103221976,1.5905823895900783e-06
478,478,AFF4,0.13650655367253184,6.388919339630197,0.12090562094620068,0.014618169176386362,0.34126001907349324,0.14233556867462666,0.4835745133514262
479,479,AFG3L1P,-0.2892134207511813,8.373849847095716,-0.2853967193213361,0.08145128739938153,0.02225760747578299,0.12334589976777087,0.05255571801200312
480,480,AFG3L2,0.6449428181825781,2.0131241511790066,0.5826732906930703,0.3395081636870912,4.3864221828423997e-07,0.11424415307953514,3.5723193820779303e-06
481,481,AFM,-0.23879922793467603,7.8021679973271105,-0.2100387829761192,0.04411629035408929,0.09574689685287847,0.14116925102283054,0.17937803839681496
482,482,AFMID,0.1664125886431283,6.211873379055934,0.15919534575696587,0.02534315811067991,0.20893738057214328,0.13106472873051073,0.33347132785154504
483,483,AFP,0.07245317946309965,6.729368093341964,0.06646582356618852,0.004417705702331703,0.6017926628860717,0.13813438403437256,0.7208662526163228
484,484,AFTPH,0.5428138149709496,2.3675938793019595,0.4667425836310346,0.21784863937457336,0.00010121028226667763,0.1306240136652809,0.0004394843919159623
485,485,AGA,-0.023837256886850244,7.196503058464872,-0.05106280193429785,0.0026074097413813324,0.6886316212570165,0.059209154422560174,0.7906010899332357
486,486,AGAP1,0.036717462197021856,6.761346560024898,0.032000260331048434,0.0010240166612548716,0.8017980659821398,0.1456467586480975,0.8732114825408991
487,487,AGAP11,0.4339713494106279,5.216066634085614,0.2329010533026984,0.05424290062950637,0.06401947686844688,0.23013547317287875,0.1286389321319678
488,488,AGAP2,0.17955559031375945,6.196978821716952,0.17137952793240396,0.02937094259433363,0.17571844108025084,0.13109036972678825,0.2908494108073708
489,489,AGAP2-AS1,-0.28469466842315344,8.554994337273136,-0.7005820283997432,0.4908151785166986,1.161153093235848e-10,0.03682665060210502,3.792574695930964e-09
490,490,AGAP3,-0.4359315099280411,9.651371686006305,-0.39553472533144335,0.15644771894302034,0.0012167367353501932,0.12855642934258987,0.004035600245674443
491,491,AGAP4,-0.11591509865051294,7.502270469756064,-0.12941704801110054,0.016748772315907504,0.30809623426719,0.11279372091546698,0.4482547670690675
492,492,AGAP6,-0.24240947401737026,8.254632378810697,-0.2509150540585768,0.06295836435321851,0.04551367170942569,0.1187699217533019,0.096881628187298
493,493,AGAP9,-0.012297157792958036,7.0721044473566925,-0.01600418564486046,0.00025613395815515767,0.9001134407582211,0.09757076154254553,0.9386928273353854
494,494,AGBL1,-0.012958225911499066,7.062809724811921,-0.010450345430248855,0.0001092097196115231,0.9346807272744544,0.15746909821975194,0.9615479280336423
495,495,AGBL2,-0.15941356175313048,7.5498814444935345,-0.1202489992276927,0.014459821815261637,0.3439078161706529,0.16714181618150142,0.48633995684552267
496,496,AGBL3,-0.6231318389083877,8.81974090908544,-0.2397286907098094,0.05746984514943945,0.05639713696995177,0.3204879541045373,0.11581602665569518
497,497,AGBL4,0.29457878249091035,5.8730128840214695,0.2140740782938904,0.045827710997378715,0.08939606190973633,0.1707084170155004,0.1697686328733965
498,498,AGBL5,-0.398025432009762,9.265884358498251,-0.42994422553947625,0.18485203707474,0.00039159629736536765,0.10615026458337623,0.0014658630629986234
499,499,AGER,0.3240420233331438,5.590234084081239,0.3286585858029149,0.108016466021972,0.008012428126976745,0.1182602865619827,0.02154857564452079
500,500,AGFG1,-0.3132973475207222,8.997139396271619,-0.4654273786384866,0.21662264478629312,0.0001065112228202403,0.07566489835809657,0.00046028747359255713
501,501,AGFG2,0.5993918810385465,3.9232024517054485,0.414317684166856,0.1716591434133866,0.0006651495997120068,0.16721917717581372,0.0023588721149133273
502,502,AGGF1,-0.16995036022084428,8.100762614657723,-0.17904611974003418,0.032057512993962665,0.15689084498893646,0.11860038745639455,0.26619691673081713
503,503,AGK,-0.39531387702067816,9.41335412989571,-0.5628680886577704,0.3168204852292517,1.2899377364366669e-06,0.07372368003816465,9.194733931052016e-06
504,504,AGL,0.16391299629282902,5.5956463812136565,0.2544577588263613,0.06474875102693464,0.04245086080783128,0.07911630482824605,0.09130645518410671
505,505,AGMAT,-0.23458269667807216,8.489728803853845,-0.4497656244910371,0.20228911697381247,0.00019257881465103,0.059161152934403924,0.0007768804454672233
506,506,AGO1,0.34326731103410696,4.9667664633245865,0.23763257752911626,0.056469241903131434,0.05865448715936913,0.17820039226698978,0.11960102819549326
507,507,AGO2,-0.30694320014799986,9.3383751869963,-0.6034181827623802,0.3641135032882533,1.3091424561770936e-07,0.05151498535336146,1.259417142981562e-06
508,508,AGO3,-0.09238095872048864,7.458532001332321,-0.10561922787449374,0.011155421296804234,0.4061841827200792,0.11046066422833213,0.5483056025933996
509,509,AGO4,-0.25254081485169594,8.274381110794772,-0.2297996089594608,0.0528078602779211,0.06774576317262597,0.135833061756327,0.13472628354332036
510,510,AGPAT1,-0.02643691400895064,7.222662684200887,-0.034752930263416686,0.0012077661618939038,0.7851405953509403,0.09655195306862624,0.8617882098598313
511,511,AGPAT2,0.12461418395329435,5.97165809347909,0.1932135160426194,0.03733146278155155,0.12609163577574728,0.08036603059108523,0.22364766751771703
512,512,AGPAT3,0.4993563893343992,3.5515018654262875,0.4578474598695889,0.2096242965090348,0.00014237449290568853,0.12314328874829884,0.0005938211948907329
513,513,AGPAT4,-0.012399409334529751,7.067946081308858,-0.016655502790716724,0.00027740577321157256,0.8960704563150999,0.09453380937985917,0.9360994612139267
514,514,AGPAT4-IT1,-0.019847797778747785,7.119242093649343,-0.01747598926853344,0.0003054102009138959,0.8909811283604456,0.1442143189066773,0.93296163496749
515,515,AGPAT5,-0.2827943467918697,9.24929101663588,-0.4034764439449166,0.16279324081843544,0.0009465754802351904,0.08144661834570058,0.0032362001933206584
516,516,AGPAT6,-0.6865521584843061,10.791520932738534,-0.6282171294295074,0.3946567617086504,2.7420202284322727e-08,0.10798632611545596,3.2951414010377834e-07
517,517,AGPAT9,0.16882783161149342,5.771686783400278,0.7365786175277597,0.5425480597991057,3.998835842346471e-12,0.01968801027539709,2.784398397620991e-10
518,518,AGPS,-0.07723508735405969,7.608728630626636,-0.13928529590204178,0.019400393654519336,0.2723434361879306,0.06973637742416364,0.40910079846348757
519,519,AGR2,0.07007254716614335,6.175776193061915,0.13705850559495447,0.018785033955922167,0.2801582764337118,0.06431735105339219,0.41759550359113634
520,520,AGR3,0.051110418597788886,6.428474848476911,0.07591108748666572,0.005762493203408218,0.5510544752953699,0.08526159470634093,0.679792905464352
521,521,AGRN,-0.341370306996658,9.171714179834453,-0.3792264737766394,0.1438127184130642,0.0019992903162853585,0.10578294077514824,0.006280956303374356
522,522,AGRP,0.16792645523238162,6.0936182456603225,0.15576262648039754,0.02426199580807184,0.2190495659236144,0.1352466835850754,0.34568412252131847
523,523,AGT,-0.1347603581436173,7.909302051466565,-0.5341537673400153,0.2853202471635312,5.472111032670364e-06,0.02708667863995053,3.296204851529255e-05
524,524,AGTPBP1,-0.27832518338676504,8.55693145827335,-0.43690379142979263,0.19088492296572773,0.0003067260128344786,0.07277395746070664,0.0011756020898992272
525,525,AGTR1,0.27855004528722405,5.991462167180952,0.4610111477218897,0.212531278323854,0.00012623666006333833,0.06809459132126054,0.0005343928945987624
526,526,AGTR2,0.039224252471607726,6.884092568435865,0.021612354195365648,0.0004670938538659392,0.8653948078907008,0.2304386395832124,0.9167012945689539
527,527,AGTRAP,-0.3553007830609354,9.195158807090447,-0.6587267731138264,0.4339209616169546,3.2811265049852744e-09,0.05153870969308946,5.702471465927457e-08
528,528,AGXT,0.3804204130557213,5.432809823865512,0.4289228487236155,0.1839748101571816,0.0004057117190147,0.10175144111634486,0.0015142515124548998
529,529,AGXT2,0.06111519858126506,6.754666722604148,0.06333828292148551,0.004011738083442143,0.6190344684242565,0.12229655034710513,0.7350949448194382
530,530,AHCTF1,-0.2458001253799228,8.560829055767424,-0.4222588254792703,0.17830251569513286,0.0005097768099121398,0.06701368480285957,0.001853461520928037
531,531,AHCY,-0.2514156039349835,9.375461007834083,-0.7780283478943001,0.6053281101271341,3.908401577714802e-14,0.025782145811050997,8.549134966203438e-12
532,532,AHCYL1,-0.243544242435649,8.910492257613742,-0.1968783199784604,0.038761072877541033,0.11892812124971586,0.15402804476538015,0.21342706335495798
533,533,AHCYL2,0.17680707470785725,5.434121138807392,0.7482700864952091,0.5599081223435477,1.1873929404599512e-12,0.01990751661319629,1.1519576984458628e-10
534,534,AHDC1,0.0386613455974498,6.828768961589358,0.04343472988120689,0.0018865757598534067,0.7332615095976451,0.11293640108411986,0.825664855102558
535,535,AHI1,-0.22020459941559956,8.075929955234871,-0.20244603492959906,0.04098439705871643,0.10864605525054302,0.13528015819924724,0.1987271160106858
536,536,AHNAK,0.3293846171330024,4.722868392985696,0.5164859878983775,0.26675777569536296,1.2490539182625806e-05,0.06935418260019559,6.84939544187799e-05
537,537,AHNAK2,0.05395560913888911,6.758452219895007,0.09271150382477576,0.008595422941451408,0.4662186027631153,0.07359233611352124,0.6045125347485337
538,538,AHR,-0.1594507591186723,8.324125493635476,-0.22525016247611804,0.050737635695517584,0.07352457790975866,0.08759085483670914,0.1443060722189478
539,539,AHRR,0.10725364564711308,6.539122168724637,0.3481937581561897,0.12123889321893115,0.0048104558793237145,0.036671666843057484,0.013728310762619272
540,540,AHSA1,-0.3691691251194652,10.65214861259673,-0.5901148202191746,0.3482355010423088,2.8705195180525183e-07,0.06414138840694099,2.467689565836732e-06
541,541,AHSA2,-0.0752067438297733,7.381466223620944,-0.19609627157293208,0.03845374772480513,0.12043003339483185,0.04776136105295757,0.21558480280071632
542,542,AHSG,0.04434553408462922,6.824289459176328,0.03439974164910034,0.0011833422255248483,0.7872726865314642,0.16362202094327036,0.8632970440975724
543,543,AHSP,0.11475118001970278,6.490788026022544,0.11200306137261354,0.012544685756837436,0.3782412128735234,0.1292975059621781,0.5210651628363379
544,544,AICDA,0.13095138870233272,6.5718915996101535,0.20849304828020002,0.043469351181169805,0.09827091448386142,0.07801392521203014,0.18338992185005334
545,545,AIDA,-0.41420996774809854,10.79211182697674,-0.5703053208646223,0.3252481590064998,8.674349620536876e-07,0.07576860939461715,6.513281589206867e-06
546,546,AIF1,0.3106471325083122,4.7754275011925325,0.6044980631763543,0.3654179083839637,1.2263770388802547e-07,0.0519900813009079,1.1903717963671859e-06
547,547,AIF1L,0.2072480288996101,5.99130444646941,0.20474340712892988,0.04191986276276274,0.10460906870643948,0.12583039391312156,0.19285794166847836
548,548,AIFM1,-0.0061653357783935814,7.067219360411579,-0.008323206643411516,6.92757688289296e-05,0.9479555182647847,0.0940708717830346,0.9689406564723834
549,549,AIFM2,-0.07246662136511384,7.521504067415451,-0.12005088360269316,0.014412214653787381,0.3447092143487697,0.0761069756341214,0.48700804419977284
550,550,AIFM3,0.05588949603502106,6.598611479337263,0.10771012168800548,0.011601470314044949,0.3969023908735725,0.06551547250908052,0.5390099494878475
551,551,AIG1,-0.24337672674774935,8.240160803695895,-0.18995708816248347,0.03608369534316952,0.13272785733220352,0.15975238867718788,0.2327656244673261
552,552,AIM1,0.08751563930130424,6.167184110033226,0.17097591980313429,0.029232765152527807,0.1767532767474754,0.06404901142621862,0.29216030898149603
553,553,AIM1L,0.2165726585518281,5.82528101141383,0.2721558038917997,0.07406878159199175,0.029586555394288908,0.0972477464572503,0.06710975773157288
554,554,AIM2,0.12643541709433764,6.401880935922367,0.3876536531356006,0.15027535478937654,0.0015516292874329042,0.038182831165053284,0.005003802266472008
555,555,AIMP1,-0.1868475303316965,8.58469044290205,-0.2533755395829179,0.0641991640589348,0.04336789313411852,0.09059798633662926,0.09297413383024815
556,556,AIMP2,-0.3223174285392778,9.675756295700962,-0.4353221371338663,0.18950536307879665,0.0003243847674679057,0.08465493195316426,0.0012360640752274322
557,557,AIP,0.019978701757592282,6.862753391212333,0.022205474616190667,0.0004930831029302883,0.8617365699369042,0.1142363348645054,0.9142155015024855
558,558,AIPL1,0.2708641522304684,5.780395011114738,0.22626215370682645,0.051194562200051565,0.07220626249834504,0.14809225726224426,0.14217372380447915
559,559,AIRE,0.03673017185769685,6.819483881292431,0.047393896183259315,0.002246181395429563,0.7099766119649464,0.09831423450159776,0.8075713589715786
560,560,AJAP1,0.1379950476237876,6.506395805814813,0.09484325154508737,0.008995242363644716,0.4559848889014045,0.18394970302874572,0.5950197510792355
561,561,AJUBA,-0.23832411835703665,8.071501149630599,-0.7982290662767554,0.6371696422490607,2.8112092020219897e-15,0.022840016901549225,1.2682653181205454e-12
562,562,AK000798,0.2890206579269951,5.711347866157316,0.3510340317397019,0.12322489143943002,0.004454628440686429,0.09791019699542462,0.012800554522699657
563,563,AK021537,-0.2092093186988377,8.198743938313132,-0.1982610063140296,0.039307426624651684,0.11630779629632745,0.13135302865618526,0.20969489041686548
564,564,AK021804,0.5535420573591703,5.0434597300717625,0.4905285407033187,0.24061824924452735,3.875051212736542e-05,0.12488796114485433,0.00018831740128323566
565,565,AK021933,-0.3623282504038189,8.441477232448904,-0.459902885879997,0.2115106644407495,0.00013168791820884017,0.08884605101848743,0.0005549372602901671
566,566,AK021977,0.06352053401943146,6.763005521285368,0.10961904881507177,0.012016335863121091,0.38853841000878103,0.07314879030739202,0.5312412721770522
567,567,AK024936,0.07650243045714401,6.746277460174083,0.07858793469702909,0.006176063479944508,0.5370579264093798,0.12324753408184327,0.667766229502037
568,568,AK025288,0.16774800740918552,6.209036651988042,0.5930239069343729,0.3516773541957078,2.4249812404795e-07,0.028925769392907405,2.1329640161541406e-06
569,569,AK026905,0.3819403084348461,4.9712095606883935,0.5030653860273778,0.2530747826188747,2.268756419000155e-05,0.08333237788346459,0.00011661684240729696
570,570,AK054988,-0.09023386753655788,7.294899273505848,-0.05650287988579825,0.003192575435388944,0.6574268232972142,0.2024924222917154,0.7659839588131483
571,571,AK055458,0.20793803137188088,6.19198647082567,0.16502193958731973,0.027232240545160998,0.1925369899806,0.15783415159027592,0.31285274390559714
572,572,AK055981,0.004603042532314275,6.990493120596235,0.00815427335459131,6.649217394139781e-05,0.9490104287641494,0.07168849083397222,0.9694240688187016
573,573,AK056098,-0.105523220539744,7.463144507412466,-0.11433154091414792,0.01307170124780348,0.3683438407713125,0.11644716955134778,0.5115643110310178
574,574,AK056982,-0.04623216322736868,7.202327387722282,-0.040212906944266304,0.001617077884908221,0.7523893488719249,0.14589199830655308,0.839131737120005
575,575,AK074476,-0.4299924221023575,8.933100381271624,-0.2534400485232865,0.06423185819548584,0.04331277684122496,0.2084365335423225,0.09288355936786756
576,576,AK090844,0.19037208661749694,5.725165000184162,0.30592893562663875,0.09359251365364807,0.01395379224918785,0.07523996962810812,0.03492480017986164
577,577,AK091729,0.07896541136251982,6.695181418042277,0.0898308805586852,0.008069587101948767,0.4802427414678265,0.11118750976817307,0.6173494842380801
578,578,AK093205,0.0597061697734506,6.844642634737263,0.024145506073639814,0.0005830054635521773,0.8497914670457574,0.3139499509085512,0.905904894768517
579,579,AK094644,-0.0185041371679222,7.074622292278671,-0.014066019431455972,0.000197852902646097,0.9121589795400122,0.16705474426489264,0.9472103057777884
580,580,AK096159,0.10117406691763932,6.6883024469385335,0.06354612801951147,0.004038110386272139,0.6178821333076101,0.20179278302074985,0.7342902862899954
581,581,AK097370,0.019010011129494277,6.933311535007605,0.026566040563268053,0.0007057545112092036,0.8349351618721212,0.09084612098223464,0.896628858434951
582,582,AK097453,0.09514670002146104,6.557445336954353,0.13237621673372685,0.017523462756734626,0.2970710733588077,0.0904792546645025,0.43590419390059504
583,583,AK098263,-0.2620926521967908,7.77558080340359,-0.11375788489692965,0.012940856376223091,0.3707674859835357,0.2907027098930018,0.5138540741743018
584,584,AK1,-0.06548544040263679,7.490142390848726,-0.14082003208946325,0.01983028143767745,0.26704287292008744,0.0584702713748608,0.4026463125809788
585,585,AK130486,0.10431670857651727,6.533415925925045,0.08929819601122797,0.007974167810859691,0.482860433102512,0.14776678899348036,0.619925926363187
586,586,AK131021,0.35083548478809995,5.6558577809899875,0.3234536349531822,0.10462225396442644,0.009130744801936026,0.13034632174392108,0.024169259711228994
587,587,AK2,0.004743141626346848,6.980928463078281,0.00460326709016461,2.1190067903392543e-05,0.9712022240295856,0.13085775708017688,0.9830965344440086
588,588,AK3,0.031913102566291214,6.721571840081904,0.04051834027245154,0.0016417358984341685,0.7505694181985523,0.09994584510242824,0.8378998222027864
589,589,AK5,0.6197993379503022,4.701117780681697,0.4668617859512674,0.217959927181607,0.00010074204380527482,0.14910130339374902,0.00043780849732199563
590,590,AK6,-0.3038495943380998,9.76039811826849,-0.4421197045185447,0.19546983312356528,0.0002545298506166891,0.0782878040857552,0.0009949176742065709
591,591,AK7,-0.4394960182883914,9.122930824130297,-0.2862634095677005,0.08194673965732502,0.02183706817497664,0.18682164811758364,0.051658478406065016
592,592,AK8,0.051091811682478214,6.706589881890272,0.0506335676312312,0.002563758171066464,0.6911167499122186,0.12798512630179845,0.7925804369368845
593,593,AK9,-0.31253059905932057,8.34986229221424,-0.3234253629399728,0.10460396539285316,0.009137172618601551,0.11612619839437405,0.024178781220420748
594,594,AKAP1,-0.2875226036954159,9.397021236567037,-0.26801926781286123,0.07183432791894223,0.03225480245358624,0.13125712350397156,0.0722687788031464
595,595,AKAP10,0.1561590366140285,6.156753128873693,0.1823745430901756,0.03326047396735031,0.1491984687294207,0.10692070094025874,0.2558920355089185
596,596,AKAP11,-0.2377231266830568,8.612871501631304,-0.24903645345630154,0.06201915515009265,0.047210108676931935,0.11741123353099565,0.09973026079396752
597,597,AKAP12,0.339469025125568,5.499648538119984,0.7006931252619527,0.4909708557893626,1.1500265636616579e-10,0.04389830747872157,3.761907135361511e-09
598,598,AKAP13,0.3563744579587988,4.761858680024426,0.3914364547542156,0.15322249811054905,0.0013817433053163206,0.10639815839795036,0.004520569765315746
599,599,AKAP14,-0.1959489423840576,7.601541315445173,-0.08665388577846528,0.0075088959205073065,0.4959661379345917,0.2861029580518412,0.6321079816946374
600,600,AKAP17A,-0.30743320288644355,8.809942158880398,-0.3898098116418085,0.15195168925222222,0.0014526311025754828,0.09223854748474512,0.004722523123595869
601,601,AKAP3,-0.12325094126980947,7.515261935783673,-0.13897464682402486,0.019313952459862442,0.2734248225267457,0.11153824817333,0.41021300622257717
602,602,AKAP4,0.1936183534707087,6.220690783105428,0.21352028849212173,0.045590913597758895,0.0902474978753042,0.112506810514792,0.17101063759972981
603,603,AKAP5,0.2770387984805949,5.603769170684218,0.3651730237871613,0.13335133730185866,0.0030071527717661674,0.0896948686450092,0.009045685966467059
604,604,AKAP6,0.15011614183180036,6.455971057624126,0.12804357123180046,0.01639515613379315,0.3133020629231797,0.14766722044755706,0.45372541781592024
605,605,AKAP7,0.13563241596953066,5.993634904628877,0.36175831657082935,0.13086907960816038,0.0033118255217829376,0.04439067299979595,0.009839152376760805
606,606,AKAP8,-0.3759266812969115,9.564964698729737,-0.4084778700392681,0.1668541703118172,0.0008055620222544063,0.1066839987193243,0.0027933459714842546
607,607,AKAP8L,-0.6011194324136296,10.211048721146751,-0.4154153401841297,0.1725699048602962,0.0006413822270104593,0.16716603806014854,0.002281769693759076
608,608,AKAP9,0.326005000993049,5.201317875066087,0.6099247602994342,0.3720082132263223,8.800074595607961e-08,0.05379341742016448,8.950944827049807e-07
609,609,AKIP1,-0.3116587177555697,9.159106012666065,-0.6005221716982211,0.3606268787011476,1.5578806754610953e-07,0.05270254354621252,1.4585346315222664e-06
610,610,AKIRIN1,0.1761734085678002,5.7347185130922975,0.2306699621794396,0.0532086314518641,0.06668291601696691,0.09438013906140763,0.13303534311919374
611,611,AKIRIN2,-0.21031602189675289,8.460954314482137,-0.35665208677462634,0.1272007110006956,0.003818643524289405,0.06996630457085329,0.011155095847630792
612,612,AKNA,0.32567361770604963,5.2842201614684265,0.2951637165996196,0.08712161959690055,0.01789481486546802,0.13388447640088785,0.043506927904806654
613,613,AKNAD1,-0.10376543789009696,7.328730171928816,-0.04796993746311788,0.00230111490021544,0.7066100821994638,0.27440212454375673,0.8048571650888078
614,614,AKR1A1,-0.3645983921429424,10.846219053702669,-0.3832274655953672,0.14686329038664833,0.001774060726309264,0.11160190094524962,0.005630556211084144
615,615,AKR1B1,0.18757275250239866,5.54326369313305,0.6289089516729974,0.3955264694944286,2.619811647613729e-08,0.029449286314491008,3.1818295697742735e-07
616,616,AKR1B10,0.1692695609945275,5.267407128268356,0.6021942700634833,0.3626379388972914,1.4093085720947285e-07,0.02849964881982515,1.3414759177455537e-06
617,617,AKR1C1,0.20632319770926816,5.755618515607864,0.2526019824469737,0.06380776153614122,0.04403333266000882,0.10036862599527242,0.09416766924278995
618,618,AKR1C3,0.08978087719377184,6.019437016341707,0.24195089346714715,0.0585402348495508,0.054081568846804894,0.04572583570715078,0.11174965394824045
619,619,AKR1C4,-0.19257206070921984,7.634128552575746,-0.3018226303870388,0.09109690021375104,0.01535862203280045,0.07725105615215885,0.03801908551900935
620,620,AKR1C6P,0.06889166672797521,6.645478032919209,0.06478951714260656,0.004197681531572109,0.6110077541907017,0.13475741468599428,0.7289209407778563
621,621,AKR1D1,-0.26486930294632777,7.7905402398467505,-0.133560162618393,0.017838317038651585,0.29273297743749915,0.24960330882618326,0.43143895912400765
622,622,AKR1E2,-0.1170596139009932,7.588257213269977,-0.12732145015674914,0.016210751670017558,0.3160616082825961,0.115813904126953,0.4567138747737634
623,623,AKR7A2,0.1774926331365016,5.423674596927969,0.27024929608913545,0.0730346820366732,0.030792387186134376,0.0803066775917003,0.06947375958697019
624,624,AKR7A3,0.1551921780847005,5.606299455688983,0.2499314671450524,0.0624657382692784,0.046395522520379234,0.0763566065072798,0.09837413494358292
625,625,AKT1,-0.3490438983192618,9.901389953640168,-0.4146076704914417,0.1718995204303399,0.000658794157417098,0.09729452255571534,0.0023375696344203273
626,626,AKT1S1,-0.3914563126169881,9.301307969594482,-0.5869668274290735,0.3445300565021517,3.438929699959451e-07,0.06857254835774917,2.8931632732176343e-06
627,627,AKT2,-0.4910863710211302,9.636360224321864,-0.3420519735362657,0.11699955260005422,0.005666805034597842,0.17133670000152942,0.015855195844612972
628,628,AKT3,0.5620894571732695,4.681246784285895,0.6619053447054162,0.4381186853495958,2.593357553941835e-09,0.08084180502269339,4.664381879618807e-08
629,629,AKTIP,0.24737227247974825,5.140111322632516,0.3173808828673869,0.10073062480968198,0.0106051870221258,0.09386837764999932,0.02754982305231936
630,630,AL022341.3,0.17817501212033604,6.141232254661424,0.2534181238465316,0.06422074549389603,0.04333150275527884,0.08637737215062595,0.09291451551297786
631,631,AL022344.5,-0.2928451184432139,7.93245249903139,-0.20687340369824164,0.042796605157695664,0.10097092752696316,0.17588937243931788,0.18739735829726334
632,632,AL109706,-0.04695318893935122,7.159911062356602,-0.03508534032549292,0.0012309811057556596,0.7831353731989581,0.1698541204162286,0.8602412755718494
633,633,AL132709.8,0.22462268697736867,6.262842045701309,0.18003633034331132,0.032413080243485916,0.15457232928114722,0.15586285082726092,0.2630256003915797
634,634,AL133493.2,0.3112916602519296,6.0544749477444455,0.20357927563506067,0.04144452146809601,0.10663993125904356,0.1901282728816632,0.19581851194900265
635,635,AL590762.11,-0.25373427865963355,8.217298125264955,-0.3007387993513417,0.0904438254352866,0.01574907147844268,0.102190047224794,0.038865657306629775
636,636,AL832163,0.15244134497854894,6.5639207537988105,0.09009844223664776,0.008117729293470552,0.4789307563522294,0.21400292464716505,0.6163088619448258
637,637,AL833181,0.0906910089515962,6.447100874057523,0.2196869134170943,0.04826233992672988,0.08111829761577136,0.05114731368063091,0.15663100623000703
638,638,AL928742.12,0.17757074209205162,6.06343933033434,0.16942032222473824,0.02870324558273413,0.1807832145078523,0.13118555902070184,0.2976137192510109
639,639,ALAD,0.2938515093278236,4.861434254790111,0.3725700377938607,0.13880843306171875,0.002431163761875386,0.0929552748554734,0.007480371023502627
640,640,ALAS1,-0.023769155263815345,7.22351575474869,-0.03955920682076447,0.0015649308442880182,0.7562889383882944,0.07624831328965596,0.8419843175568615
641,641,ALAS2,0.002427351177332119,7.0057693208648,0.00191638306200248,3.672524040330001e-06,0.9880091168997952,0.16086206762907282,0.9926848896425121
642,642,ALB,0.0947229156991004,6.71870132610355,0.035611922466778675,0.001268209021779856,0.7799617117402855,0.3375889563436804,0.8578509393485686
643,643,ALCAM,-0.12723344257306524,7.805693604050925,-0.35568678480570903,0.12651308888542276,0.003921830018916256,0.04245862292795892,0.011422626638820649
644,644,ALDH16A1,-0.32340149260462203,9.14512494915121,-0.5136153297332591,0.2638007069370045,1.422161034392712e-05,0.06861291897534437,7.681939935089592e-05
645,645,ALDH18A1,0.3633116466677371,3.5538700708903024,0.4879014937683879,0.23804786762142424,4.3236812403667624e-05,0.08254963781404526,0.00020764954881655794
646,646,ALDH1A1,0.011198830727757498,6.90931015352153,0.03695973805666688,0.00136602223721743,0.7718549468394449,0.03845484986848234,0.8519991270164227
647,647,ALDH1A2,0.02638916121584741,6.885628495162469,0.03518638747108608,0.0012380818632654034,0.7825260967029379,0.09518884300521237,0.8598337032728902
648,648,ALDH1A3,0.011329567816862257,6.958773103669156,0.013500690484852787,0.00018226864356779462,0.9156762860043746,0.1065668024921586,0.9489013861457587
649,649,ALDH1B1,-0.16892869504260966,8.161029349522149,-0.5500129277967598,0.3025142207435637,2.504632789207838e-06,0.032576345591867284,1.6400914136769196e-05
650,650,ALDH1L1,-0.1393394104452885,7.802739129427115,-0.3335011384550833,0.11122300935083662,0.007081349821232087,0.05002386049214856,0.01932291209410041
651,651,ALDH1L1-AS2,-0.010881351890458838,7.068546666872263,-0.012726716784969918,0.00016196932012483504,0.9204943171465846,0.10857640469707001,0.9523795718016861
652,652,ALDH1L2,0.037967446488133424,6.8825430940212025,0.028434626448909036,0.0008085279812889975,0.8235053993073528,0.16950884977258573,0.8890278389750598
653,653,ALDH2,-0.2790638770598968,10.146540770777866,-0.3601096342938256,0.1296789487112328,0.003468511962510754,0.09181481902175714,0.010259612969289766
654,654,ALDH3A1,-0.1300911543060572,7.869724779426258,-0.5589267720661285,0.312399136532262,1.5856482028802606e-06,0.02451123629829629,1.094238745486681e-05
655,655,ALDH3A2,-0.13300293765548424,8.20948198687521,-0.20798553824208324,0.04325798411784907,0.09911083253625123,0.07943825097748185,0.18459147489227834
656,656,ALDH3B1,-0.19959181582061308,8.305984429979294,-0.2213825271868297,0.0490102233436274,0.07874077000511953,0.11165841733307157,0.1528580344653396
657,657,ALDH3B2,-0.349252783796512,8.236118775964485,-0.3151312724026719,0.099307718846127,0.011201592220482785,0.13357978777112886,0.028856484864664942
658,658,ALDH4A1,-0.23390392469104804,8.370866493121454,-0.4356886344884469,0.18982458622240744,0.00032021226338287595,0.06136983604683996,0.0012218848570143047
659,659,ALDH5A1,-0.08372834158269703,7.525339531571782,-0.1041042589063428,0.010837696722438854,0.4129876339254921,0.10158788674718346,0.5543793213895692
660,660,ALDH6A1,0.23319243291180064,5.362713386670836,0.2793689344093224,0.07804700151300026,0.025376716635049826,0.1017876031716562,0.058767276091541434
661,661,ALDH7A1,-0.29354555326112475,9.123878173771443,-0.5693337484987542,0.32414091717964266,9.140915715471488e-07,0.05383203654707629,6.823389514599623e-06
662,662,ALDH8A1,0.02330310870007484,6.9426909441721225,0.013068585952794377,0.00017078793880557447,0.9183658003354068,0.2264395735732225,0.9507020550198602
663,663,ALDH9A1,0.2160988630716631,4.878340160158292,0.2897241879380242,0.08394010507634755,0.020224399215161296,0.09066377919484166,0.048392807004600774
664,664,ALDOA,-0.3695533639429196,11.013479960030484,-0.4273803412800236,0.1826539561126294,0.0004279093578024247,0.09928182598152052,0.0015869801581112361
665,665,ALDOAP2,0.0996302271465095,6.639935787720457,0.1060512626736574,0.011246870314677077,0.4042560243437268,0.1186378773050378,0.5464180892056304
666,666,ALDOB,-0.06208222498758671,7.303480231432826,-0.13398653914658495,0.017952392672479344,0.29118090619176196,0.058314496481703726,0.42981152806114603
667,667,ALDOC,0.11579166811063517,6.129301106432966,0.28864888441349584,0.08331817847315569,0.020714250152936136,0.04877765210940292,0.04942888011700629
668,668,ALG1,-0.342748113744685,9.222011344936364,-0.7035269263242138,0.4949501360631957,8.982521680082611e-11,0.04397092824792633,3.0777928319966605e-09
669,669,ALG10,-0.33873240865137944,8.399821224193982,-0.5974308170814276,0.35692358119858225,1.8722206677920478e-07,0.057743695815282686,1.7063526330402691e-06
670,670,ALG12,-0.0008046693340714358,7.021453688765893,-0.0007879607771646347,6.208821863498949e-07,0.9950695484199586,0.1296931000334984,0.9967265401283225
671,671,ALG13,0.06443247930478202,6.613153220656191,0.0875238841527458,0.007660430297183267,0.4916339301588477,0.09313492521886414,0.62806416566325
672,672,ALG14,0.1742565116819509,5.856047353941211,0.17121929457477178,0.029316046834682474,0.17612874429614894,0.12734426551167544,0.2913949085287727
673,673,ALG2,-0.6039211927992445,11.296630135259285,-0.41261567809303257,0.17025169780817306,0.0007035853516188838,0.16932141370142753,0.002477421266553972
674,674,ALG3,-0.4821676439836921,11.029805456789449,-0.6594941990300189,0.4349325985542462,3.100767013015673e-09,0.06979774082556492,5.445832089769213e-08
675,675,ALG5,-0.2837322206529456,8.657253993573496,-0.3287326064397101,0.10806512653664536,0.007997428260050012,0.10352294101221847,0.02151625158049236
676,676,ALG6,-0.2828593269466911,9.347468630408773,-0.4108235918727871,0.16877602363925834,0.0007462210569757611,0.07972202369217264,0.0026118340049798134
677,677,ALG8,-0.3321192117212704,9.817295086623027,-0.6273437525108463,0.39356018381439,2.9040098485171276e-08,0.052358407645572806,3.462903814407401e-07
678,678,ALG9,-0.1987475032912418,8.34318577586278,-0.3834410412171801,0.1470270320897152,0.0017627041952526894,0.060795981695087674,0.0055986153341444685
679,679,ALK,0.2616816933368369,5.8924413613107784,0.17829974537214488,0.0317907991997717,0.15865536041278722,0.1834050866371045,0.2686015033804165
680,680,ALKBH1,-0.2383841559139176,8.470686519941271,-0.22199426382799825,0.049281453172534885,0.07789671883817731,0.1329737059191826,0.15165453982205607
681,681,ALKBH2,-0.2513510313245608,8.672491126620804,-0.7337949865223652,0.5384550822453581,5.289467209764894e-12,0.029554054723210245,3.3788617235238576e-10
682,682,ALKBH3,0.01204793217384042,6.934344511498117,0.02815511274477115,0.0007927103736707747,0.8252128680469888,0.05432343145345918,0.8902054726291493
683,683,ALKBH3-AS1,0.3071949368977175,5.907420302584463,0.18243898461984506,0.033283983109120056,0.14905235988686466,0.21025678498394607,0.25566169135445976
684,684,ALKBH4,-0.07242170039636332,7.467083942704242,-0.08096015555795764,0.0065545467879687,0.5248016959092371,0.11323314034314733,0.657330136208834
685,685,ALKBH5,0.01748277897053271,6.887132353189816,0.011891001913336956,0.0001413959265029831,0.9256998842723018,0.1867090921729436,0.9559385309450021
686,686,ALKBH6,-0.224982804389481,8.391612581738174,-0.4399499189651785,0.1935559311974671,0.0002751675437600774,0.058322665636825026,0.0010686429627195975
687,687,ALKBH7,0.3868540830081845,4.362259005107456,0.3676967491405936,0.13520089932856064,0.002798272869433486,0.12425651378146885,0.008477420115778138
688,688,ALKBH8,-0.2553030616911333,8.205034288975169,-0.3195767534103785,0.10212930132031786,0.010049795421723462,0.09613729479129032,0.026280439543222022
689,689,ALLC,-0.09303315322178247,7.430119967330923,-0.10537650578038593,0.011104207970483709,0.4072697900510193,0.11149961482751436,0.5491890717700245
690,690,ALMS1,-0.12366436641216835,7.750029964438523,-0.1660053215406185,0.027557766779804142,0.18986271637204855,0.0932950555897442,0.30934294808793256
691,691,ALMS1-IT1,-0.5576703008525045,8.894739666094686,-0.39036828406366175,0.15238739720280772,0.0014279330963429945,0.16703437205582675,0.004651307340750233
692,692,ALMS1P,0.09373706948243732,6.607729507764241,0.09512924151734248,0.009049572591664877,0.4546214023351277,0.12457401382959812,0.5937414189474212
693,693,ALOX12,0.047951750415150006,6.842585113303704,0.038997795474315165,0.001520828051856516,0.7596428317684258,0.15604076403892314,0.8443725244813295
694,694,ALOX12B,0.12364289208431532,6.5652733469446005,0.11214496825374876,0.012576493904634316,0.3776334950029472,0.13913783732034438,0.5205712225023121
695,695,ALOX12P2,0.16254582133840345,6.252919995234271,0.2190912087917667,0.0480009577698375,0.08196693933367198,0.0919333887247076,0.15788952777714524
696,696,ALOX15,0.21640244119584875,6.244689519197268,0.17516239784481716,0.030681865618746005,0.16623285082072625,0.15447514020310668,0.2787280204818294
697,697,ALOX15B,0.11867650400974344,6.480341960049878,0.13965036177323265,0.01950222354339476,0.2710762762713551,0.10686860515404116,0.4076780861626637
698,698,ALOX5,-0.26913010760730594,8.581944669653268,-0.7104126959643111,0.5046861985872807,4.8679492572973927e-11,0.033860700679918886,1.8526439572368197e-09
699,699,ALOX5AP,0.14753940285646272,5.8513177739319575,0.4564349256737172,0.20833284137477173,0.00015017420735823357,0.03652621092368792,0.0006232315945462913
700,700,ALOXE3,-0.08501605035629002,7.37173594518855,-0.05469834022976943,0.002991908423891613,0.6677166539788985,0.19709711769039087,0.7745141219086746
701,701,ALPI,0.2265635925970871,5.908052811984402,0.7034197014753643,0.4947992764236906,9.06737232968281e-11,0.02907446499281668,3.097065422701597e-09
702,702,ALPK1,0.07246172570765466,6.625458224826795,0.05005561303177125,0.002505564395986428,0.694468052907605,0.18361801336788489,0.7949416262667399
703,703,ALPK2,0.0018968221390112487,7.007762449682343,0.0018915578862378024,3.5779912369884217e-06,0.9881644377986244,0.1273533436858698,0.992748823963313
704,704,ALPK3,-0.18265226533269685,7.866490009444346,-0.5325176336205731,0.283575030116855,5.918329906362373e-06,0.03687063198604846,3.5433075510720816e-05
705,705,ALPL,0.16885090504818565,6.394676132480207,0.107246927478635,0.011501903453607595,0.39894774016471457,0.19879735775899451,0.5412023625425606
706,706,ALPP,0.03375259510990508,6.873667779807558,0.05236592781694325,0.0027421903961293106,0.6811070989841799,0.08174594998567003,0.7851258505537323
707,707,ALPPL2,0.30794431078886275,5.3240187074358944,0.33220354080885073,0.11035919252593776,0.007321044186223767,0.1110399943367139,0.019899235829380656
708,708,ALS2,-0.474282830362486,9.05541104315038,-0.5039573339177474,0.25397299440948395,2.182214442702145e-05,0.10323454854200237,0.00011254073292859003
709,709,ALS2CL,-0.09990678702685317,7.637102558825528,-0.11386107322640927,0.012964343996269738,0.3703308136547901,0.11071087810414626,0.5133474439696889
710,710,ALS2CR11,0.27738007242848195,6.180102724056332,0.0785097812254328,0.00616378574806532,0.5374640864023348,0.4473145802463313,0.6680510154426909
711,711,ALS2CR12,0.12246551011880152,6.562981125585072,0.10958600108115046,0.012009091632957913,0.3886823121190121,0.14107152003789925,0.5314044743315366
712,712,ALX1,-0.029258914934166044,7.125454944798756,-0.026381348215845483,0.0006959755336856938,0.8360667779668567,0.14080374415392385,0.8973545835087372
713,713,ALX3,0.14807960684482566,6.28777422629291,0.16543776201558916,0.02736965310072672,0.19140289820970227,0.1121085329316623,0.3115008087126937
714,714,ALX4,0.021807666660560825,6.915585924117257,0.03072844576230632,0.0009442373789670011,0.8095245847720393,0.09008814110793767,0.8787535657545997
715,715,ALYREF,-0.1969228663753299,8.686078201332387,-0.5499074461327872,0.30239819931228423,2.5180205066354068e-06,0.03798520722606099,1.64736356710543e-05
716,716,AMACR,0.2747449649449074,5.887925287451735,0.2347222086805525,0.05509451524787684,0.061909521783910126,0.1445020137018866,0.125165782301426
717,717,AMBN,0.11869414041141885,6.49723319332385,0.1837966438945288,0.033781206306892235,0.14599884355802473,0.08061829299600623,0.2512400633541819
718,718,AMBP,0.05546219460916856,6.776810536845787,0.04597434489927669,0.0021136403889176485,0.7182963153853449,0.1530474856441922,0.8142972835132261
719,719,AMBRA1,-0.5671269337009687,9.83489686416782,-0.406110250393623,0.16492553547477115,0.0008697564927008116,0.16207016668490454,0.0029987950280945257
720,720,AMD1,-0.13977570831571284,8.26724651422888,-0.2471000296151871,0.06105842463582632,0.04901271206683752,0.06961171674236141,0.10292574474470195
721,721,AMDHD1,0.0631028561782653,6.823372633103638,0.04677266235288576,0.002187681943577057,0.7136134560815277,0.17115339233331664,0.810686150007632
722,722,AMELX,-0.19080356015160005,7.633349195527877,-0.14516862441921424,0.02107392951576689,0.2524018624773327,0.16515541394423494,0.38515695384022547
723,723,AMELY,0.3276515256317085,5.332791329929628,0.28125039704275423,0.07910178583670689,0.024365794568200903,0.1419806045009224,0.05680892348992147
724,724,AMER1,0.03125799916698932,6.8799388362204095,0.03427942965359828,0.001175079297375993,0.7879993292899785,0.11573812112072275,0.8637256656999011
725,725,AMER2,0.2398581632774932,6.165052290351496,0.15558674944451428,0.024207236602710062,0.2195767426901579,0.1934037310277581,0.34622740228252014
726,726,AMER3,0.31083110052330515,5.739708411364684,0.2781921996552797,0.07739089994904302,0.026026806135715563,0.13629895929799413,0.060092812332756214
727,727,AMFR,0.02205349129533916,6.8662790667759195,0.0598093702794923,0.0035771607732294165,0.6387371145919897,0.04674488704975726,0.751118773635055
728,728,AMHR2,0.098549618299439,6.493009084332239,0.12964871992750804,0.01680879057884142,0.3072236735979904,0.09572158077376246,0.4472256420922615
729,729,AMICA1,0.2377545840569435,5.315275125275185,0.6669251802357867,0.44478919603253664,1.7783072518608555e-09,0.03373532464563272,3.404884486211037e-08
730,730,AMIGO1,0.014164008649263416,6.943290541418303,0.024171704413049482,0.0005842712942318359,0.8496303831171804,0.07439712513229797,0.9058959107042118
731,731,AMIGO2,-0.1149574088505282,7.806547997898152,-0.4588299407644446,0.2105249145419037,0.00013717076837776242,0.02827213370605933,0.0005753308133295458
732,732,AMMECR1,-0.1779689934762773,8.030408197251557,-0.3504144882832541,0.1227903135988148,0.004530196147215102,0.060411296254295976,0.01299872764912456
733,733,AMMECR1L,-0.2404064708192808,8.858833178437063,-0.430588844480915,0.1854067529914096,0.00038291957282149375,0.0639967525773082,0.0014376080702929
734,734,AMN,0.19463980488460308,5.6574084276192105,0.5808738127997929,0.33741438639656884,4.852391997425079e-07,0.03463977153308465,3.9144875198626545e-06
735,735,AMN1,-0.2395200962238802,8.388997255894639,-0.3437926063272489,0.11819335616528275,0.005411449332131349,0.08308760939948273,0.015212895662378859
736,736,AMOT,-0.35885098630970075,8.387175404252885,-0.3429331480418303,0.11760314402587987,0.005536239098787513,0.1248362773158001,0.01552541539552494
737,737,AMOTL1,0.4966785835298802,4.626641949005366,0.5800721011548002,0.3364836425381448,5.074643066904044e-07,0.08857750184655534,4.068544820948059e-06
738,738,AMOTL2,-0.28733160028364346,8.861149499031992,-0.5964282137181621,0.3557266141190377,1.9863951513094846e-07,0.049109381367920736,1.7963007402203444e-06
739,739,AMPD1,0.11649942300884325,6.370539740180425,0.6952382203875661,0.4833561830876699,1.835718604195964e-10,0.015296423833937513,5.475549087309036e-09
740,740,AMPD2,-0.3024102651394389,8.954452590978217,-0.5328543150211861,0.2839337210366973,5.8238221033026824e-06,0.060991428942245116,3.4912474513621606e-05
741,741,AMPD3,-0.06844500316910948,7.491518696838756,-0.1369811906961794,0.018763846604543062,0.28043225310349673,0.06285961791532818,0.4178888274811603
742,742,AMPH,0.27166345816048243,5.89067950980355,0.3343917012014468,0.11181780983239767,0.0069208472514505175,0.09723685853536272,0.01892787916521356
743,743,AMT,0.08444663671207597,6.330727092633711,0.1893087266751444,0.03583779399536454,0.13408007165919766,0.05562767775535641,0.23458866864182962
744,744,AMZ1,0.10572610864345247,6.430677646781411,0.11868604064942473,0.0140863762450369,0.3502616838876115,0.11233269932317644,0.4928470932154793
745,745,AMZ2,-0.3632955616641728,10.19040032697217,-0.6945170606291796,0.4823539475049956,1.951288799761184e-10,0.04779668560786711,5.7178834856330775e-09
746,746,AMZ2P1,-0.26106784349349343,8.843733672127799,-0.5580121237290252,0.3113775302285769,1.6628173888883059e-06,0.04930653651372121,1.1413093678724648e-05
747,747,ANAPC10,-0.3174388941691394,8.833313362506672,-0.5612727100969898,0.31502705509961954,1.40278728378609e-06,0.05944660747333575,9.894905091331525e-06
748,748,ANAPC11,-0.5458432582198534,10.840621641620366,-0.5296164690087166,0.2804936042452609,6.794085973556953e-06,0.11102683347990563,4.006697487945964e-05
749,749,ANAPC13,-0.5172498776335109,10.424778569471805,-0.4288879234410247,0.18394485087355428,0.0004062024809487144,0.138363165377499,0.001515560772733358
750,750,ANAPC15,-0.12675950654606227,8.053609314446943,-0.13363620713203125,0.01785863585663516,0.2924557683002852,0.11938439291102625,0.43111842495184993
751,751,ANAPC16,0.020006911433891817,6.834494111879895,0.017478412909082655,0.0003054949178203872,0.8909661013459307,0.14535027656952446,0.93296163496749
752,752,ANAPC2,-0.2402433911396253,8.527647983452454,-0.3835741935232059,0.14712916193697778,0.0017556570735108954,0.07345948116116695,0.005577050598045832
753,753,ANAPC4,-0.2315296506762439,8.839455793020674,-0.4379131428176357,0.19176792065241896,0.0002959204773573011,0.06036578243439781,0.0011376101432935123
754,754,ANAPC5,-0.4372660831300712,10.305776224675522,-0.547486815580044,0.2997418132339771,2.844284560987398e-06,0.08488000175817356,1.8452061763985052e-05
755,755,ANAPC7,-0.3104083018754265,9.129391212016944,-0.6372298507698887,0.4060618827122146,1.5005301471240382e-08,0.04767733482528348,2.024547061431218e-07
756,756,ANG,0.22483810295097625,4.894380872378026,0.3881613458824261,0.15066923043725644,0.0015277887393308118,0.06779539751445436,0.00493721312493788
757,757,ANGEL1,-0.6538500803005649,10.728872129683154,-0.5670046466095559,0.3214942692768273,1.0357104841540313e-06,0.12063476395192392,7.597666170174643e-06
758,758,ANGEL2,-0.25143905081985657,8.35988653520874,-0.34191072867055294,0.11690294638002853,0.005687983676777054,0.08776641784514341,0.015905641337888316
759,759,ANGPT1,0.4353586136591217,5.475698191895796,0.5545580858838147,0.30753467061912043,1.987138778190768e-06,0.08296659593570084,1.3376279217196483e-05
760,760,ANGPT2,-0.27154970813075263,8.080261273929375,-0.3014514271693115,0.09087296294241473,0.015491401305155538,0.10908083107798064,0.03831273358418721
761,761,ANGPT4,0.01789675124419738,6.929552126082933,0.02922655951827775,0.0008541917812754317,0.8186721576070874,0.07773473063950519,0.8857087116797302
762,762,ANGPTL1,0.19215670199463075,6.278868205167083,0.6495597515802088,0.42192787087294265,6.36733359863909e-09,0.028564827122168037,9.941211901840626e-08
763,763,ANGPTL2,0.12470056350030052,6.3552863145621155,0.17102252162154166,0.029248702901790682,0.1766335657621548,0.09123747453479558,0.2920070132513522
764,764,ANGPTL3,0.13108879773134652,6.604078047778201,0.058716129341184725,0.0034475838448107337,0.644892579768964,0.28304949890979403,0.7559297408003959
765,765,ANGPTL4,-0.06142762310212635,7.3560171456918395,-0.0708279707871311,0.005016601445822696,0.5781046896918038,0.10986794058034163,0.701887029338193
766,766,ANGPTL6,0.2330260503260604,5.945803252609347,0.3357519842451907,0.11272939492458277,0.006681841013299092,0.0830267595769473,0.01835069970107696
767,767,ANGPTL7,0.26887726308548937,5.8875595655859065,0.2926569089972759,0.08564806638383984,0.018938238249685047,0.1115722385027218,0.0456893437273763
768,768,ANHX,0.2216418961073562,5.78982413881695,0.16798863312109305,0.0282201808578932,0.1845505959278358,0.165180985791664,0.302257083256488
769,769,ANK1,0.21051486594320287,6.057594050125859,0.19040748475702654,0.036255010251497306,0.13179459702644547,0.1378427648544404,0.23161921754647594
770,770,ANK2,0.3688716355746121,5.582423343080118,0.7171131027831927,0.514251202183338,2.6361686331979388e-11,0.04552999745575943,1.1417246350380273e-09
771,771,ANK3,0.27219539211114296,5.390830542641352,0.6954468544542779,0.4836463273703498,1.8035187962537528e-10,0.035718615129969565,5.398193399181064e-09
772,772,ANKAR,-0.20125312729607508,7.647612266198192,-0.09200097220945157,0.00846417888748428,0.4696570275873901,0.27663592618463845,0.6076931571334633
773,773,ANKDD1A,0.6697482538991336,4.520750750399827,0.4222840101788163,0.17832378525270262,0.0005093415870754198,0.1825834739192135,0.001852190103798189
774,774,ANKEF1,-0.3205339828538505,8.642401210005985,-0.490622490290463,0.24071042797881545,3.85983544662482e-05,0.07229936790715845,0.00018762005970069694
775,775,ANKFN1,-0.07433932480567962,7.359847541473917,-0.0573549813858888,0.003289593889775651,0.6525897605606235,0.16433728986291907,0.7620228165710851
776,776,ANKFY1,0.15619631609353654,6.091083057249214,0.1281033020893039,0.016410456006183453,0.31307449974606705,0.15357536957313964,0.4535171778715019
777,777,ANKH,-0.32633589460734463,9.022605725803537,-0.4579814519263169,0.20974701030853726,0.00014165428107679206,0.08044595007549919,0.0005916149386148375
778,778,ANKHD1,-0.0037678396314988595,7.029350820728697,-0.002459901229925033,6.051114060986693e-06,0.9846086687435538,0.194525966374395,0.9907853495186645
779,779,ANKIB1,-0.3110688155688234,9.12379626704,-0.3536113022074462,0.12504095304884585,0.004152093870354287,0.10450290331902844,0.012042763618450096
780,780,ANKLE1,0.2124905105830924,6.2701426027434035,0.1804864948513688,0.032575374823733176,0.15352673333878442,0.1470643993392025,0.26161641567920807
781,781,ANKLE2,-0.4667012502134285,9.636444220201355,-0.5805987010404193,0.3370948516498222,4.92760607681936e-07,0.08311755426834429,3.9682896836564985e-06
782,782,ANKMY1,-0.21682035587774104,7.970454646700247,-0.1346032864983866,0.018118044736166745,0.2889454264788843,0.20271140497735834,0.4275444626170304
783,783,ANKMY2,0.16013140347746374,5.520881084387304,0.23917815743608625,0.05720619099452126,0.05698307280532153,0.08255958674874901,0.11681347815322277
784,784,ANKRA2,-0.2024906337319523,8.536288074292703,-0.3944802522481662,0.15561466941377686,0.0012574026305662695,0.05990377168662265,0.004153302923263051
785,785,ANKRD1,-0.07988612639916529,7.269527371575581,-0.0576441574514564,0.0033228488882882964,0.650951436683583,0.17571040255297252,0.7608956796600987
786,786,ANKRD10,-0.3278751120446103,8.856341083862354,-0.33199041861437634,0.11021763805174883,0.007361083935264542,0.11831204294235995,0.019993010487665077
787,787,ANKRD10-IT1,0.03663237405463027,6.757743349889437,0.1051684863897582,0.011060410529512756,0.4082015265792247,0.04399147040444137,0.5499660336012636
788,788,ANKRD11,0.1039020773773736,6.365806464261343,0.07910439231561392,0.006257504883622561,0.5343777097676059,0.1662894582006308,0.665513865598625
789,789,ANKRD12,0.2813020387288285,5.287501802625067,0.5320087840835859,0.2830333463420955,6.063885852772649e-06,0.0568601119452135,3.621440930551343e-05
790,790,ANKRD13A,0.3649294592961653,4.580474246221199,0.7021392692053343,0.492999553360201,1.014149202491393e-10,0.04699958107672129,3.373487093694488e-09
791,791,ANKRD13B,0.01109179346178456,6.953898074896974,0.01467529531110113,0.00021536429246802683,0.9083701292619829,0.0959781355561226,0.9446648009013225
792,792,ANKRD13C,0.12223770234697988,6.340899005076372,0.18097089723005508,0.032750465644251166,0.15240748317733818,0.08436646617907108,0.26011854099978393
793,793,ANKRD13D,-0.09717272055585252,7.500888977486451,-0.08687657371970123,0.007547539061274681,0.4948553614784906,0.14151441779047655,0.6311008747241881
794,794,ANKRD16,-0.3328377988759124,8.930211965892207,-0.5149575405825623,0.26518126860284125,1.3386187630960362e-05,0.07036480424482812,7.274225674992388e-05
795,795,ANKRD17,-0.2032174826889644,8.716881883926266,-0.2282147768645729,0.052081984379346816,0.06971599324348962,0.11010495145260434,0.13794771872147
796,796,ANKRD18A,-0.4488753616290021,8.571572832118003,-0.3360229214756149,0.11291140375700727,0.006635110479329712,0.15978813140375114,0.018233923531711285
797,797,ANKRD18B,0.28835161627712896,5.967002653363378,0.27879630681577305,0.07772738069411468,0.02569133304651236,0.1261447518027954,0.05941723013952462
798,798,ANKRD19P,-0.2254850307129676,8.133378771925821,-0.18580592900871135,0.034523843254790285,0.14156580803069824,0.15143737719497527,0.24534674453019367
799,799,ANKRD2,0.11270193551108194,6.53205563838403,0.18826531042215916,0.035443827108351936,0.13627799311604188,0.07466704900524836,0.23768524008761976
800,800,ANKRD20A11P,0.2882075482602421,5.234137346517058,0.4344737307470295,0.1887674227092423,0.00033423480670296174,0.07587848906071656,0.0012702447769660646
801,801,ANKRD20A12P,0.2197586129390512,6.121138918433848,0.2286649815408176,0.052287673783062455,0.0691516989260419,0.1188197583022426,0.13709315658661234
802,802,ANKRD22,-0.16038265813164426,8.366628686781148,-0.7588238134315552,0.5758135798308077,3.7432131113996974e-13,0.017482317018597197,5.034737883686984e-11
803,803,ANKRD23,0.06929082375400251,6.729512847606585,0.06624744400902567,0.004388723837728991,0.6029896830363752,0.13254265208055646,0.7219007953423654
804,804,ANKRD24,0.1121136151925452,6.479899934193725,0.09828878535948332,0.00966068532744258,0.4397079938160884,0.14416191879069087,0.5802912522835669
805,805,ANKRD26,-0.5346794382856839,9.773524655619935,-0.5672916280314384,0.3218197912345599,1.019944455248935e-06,0.09857432680621396,7.4972495513970414e-06
806,806,ANKRD26P3,-0.37290900027482105,8.403034714806777,-0.26771939722353105,0.0716736756497308,0.03245580979427782,0.17044235058989818,0.07265900559237942
807,807,ANKRD27,0.3236151527616992,4.208659065683564,0.40881719357808943,0.16713149776506506,0.0007967218047414108,0.09174704181446926,0.0027657920297651894
808,808,ANKRD28,0.120159153995636,6.264854302170924,0.12935288069140974,0.016732167743166083,0.308338194302182,0.11698248105348805,0.44855993697371405
809,809,ANKRD29,-0.1242963551402296,7.481640106488018,-0.3305424830508697,0.10925833310143447,0.007638219794451586,0.045072448139173764,0.02066279196113043
810,810,ANKRD30A,0.2175969231783545,6.301407966267508,0.156418148068039,0.024466637045034968,0.2170925077928722,0.17449815082626596,0.34324899651391994
811,811,ANKRD30B,0.03299476159319351,6.916946955462707,0.030418854422960245,0.0009253067044052481,0.8114081866973547,0.13769091141366765,0.8804451712647802
812,812,ANKRD30BP2,-0.03725400261457082,7.129878123128044,-0.026256853171055704,0.000689422338446378,0.8368297501558257,0.18012942495760342,0.8977065810685146
813,813,ANKRD30BP3,-0.09289519741978297,7.324297806633442,-0.057428274509342576,0.0032980067131204056,0.6521743640660206,0.2050946411665049,0.7617084220834732
814,814,ANKRD31,0.0514789705132168,6.833777863982536,0.03812837035047005,0.0014537726255826034,0.7648455041766653,0.17134437536089545,0.8477187733107631
815,815,ANKRD32,-0.3755384019859364,8.79801671651189,-0.5696417766146348,0.3244917536646775,8.990503784035355e-07,0.0688132396524742,6.718059332066447e-06
816,816,ANKRD33,0.09022600629280003,6.676349484420882,0.06283167882760628,0.003947819864295467,0.6218470088831873,0.18201126619289076,0.7374513385196018
817,817,ANKRD33B,0.3450704876714158,5.395206269812549,0.3831439670976389,0.14679929952331658,0.0017785184286581047,0.10565147944868288,0.005641396890668121
818,818,ANKRD34A,0.1509938740118464,6.232091630996788,0.20383033036818501,0.04154680357800344,0.10619940073509332,0.09210434740487812,0.1951916502222412
819,819,ANKRD34C,-0.020002135751772187,7.076479843829273,-0.011679805505422428,0.00013641785664449604,0.9270159012700752,0.21747797977534544,0.9567500401298006
820,820,ANKRD35,0.3765025673983005,5.145897471489767,0.5485506841019337,0.3009078530286995,2.6963008918414864e-06,0.07288238031280468,1.753931985966578e-05
821,821,ANKRD36,-0.2433430095689761,7.836522580346527,-0.2343570346365862,0.05492321968365406,0.062328043037226326,0.12819721264830408,0.12587091037686618
822,822,ANKRD36B,-0.004627824197386965,7.043707154870975,-0.01401888998578725,0.00019652927643360604,0.9124521415615892,0.041920330715638346,0.9473630496004322
823,823,ANKRD36BP2,0.14513735485245352,6.445514686366968,0.2625938541140371,0.06895553221846419,0.036056625315898976,0.06773045818225043,0.07935829060024314
824,824,ANKRD36C,0.18954973188798813,6.408221359671797,0.11703580965857678,0.013697380742438614,0.35704862449956354,0.2042742661564781,0.4997135912601136
825,825,ANKRD37,0.2856255138938457,5.392937761753736,0.3188668433004583,0.101676063756399,0.010226519351216963,0.10782222200776964,0.0267038799651035
826,826,ANKRD39,-0.2792474660792477,8.696046592277721,-0.6023790862436601,0.3628605635437469,1.3937332349666104e-07,0.0469938205750285,1.3295723878062534e-06
827,827,ANKRD40,-0.1820859598022502,8.013654645460077,-0.10847132316221256,0.01176602794856115,0.3935545545230612,0.2119315267601398,0.5360015017733893
828,828,ANKRD44,0.3671804874246282,5.539033941439613,0.4892205267608452,0.23933672380415885,4.092742241167009e-05,0.08313335414743073,0.00019782421544251394
829,829,ANKRD44-IT1,0.06343826848679722,6.8143456564982,0.04035658618839549,0.0016286540487813939,0.7515330652276516,0.19947437280323774,0.8384137101388283
830,830,ANKRD45,0.05082177481188374,6.8417979967918106,0.051063985796296125,0.0026075306454043322,0.6886247715939493,0.12623282879339334,0.7906010899332357
831,831,ANKRD46,0.03214354416335578,6.7847069814997365,0.06491907373923035,0.004214486135159628,0.6102933756093207,0.06274924477466765,0.728309437276526
832,832,ANKRD49,0.09956359422718948,6.1878125339712735,0.15640849550004632,0.02446361746458801,0.21712123620553847,0.07984838164959697,0.3432693560656301
833,833,ANKRD50,0.1602604888712475,6.1206413509091,0.17390127707764325,0.03024165416923525,0.16935243399933456,0.1152549562103798,0.2827623947932022
834,834,ANKRD52,-0.28420019123170903,8.937791710660381,-0.3228597669899748,0.1042384291408208,0.009266594782893208,0.10580612407875052,0.024471720734579563
835,835,ANKRD53,0.3384068114898869,5.369710599416384,0.3213694738657731,0.1032783387327638,0.00961527966766747,0.12663899631161568,0.02529076657395106
836,836,ANKRD54,0.1209565599497682,6.37728337163708,0.08490522062315796,0.0072088964890671264,0.5047334652332859,0.18027193718606094,0.6397970155601894
837,837,ANKRD55,-0.027132569158461017,7.109308910993152,-0.02364615695096778,0.0005591407385498019,0.8528629428212352,0.14568440219369974,0.9080459721123875
838,838,ANKRD6,0.2856595017613825,5.961844959002909,0.31056950595331145,0.09645341802808396,0.012500704359927244,0.11103740207494588,0.03176143997585645
839,839,ANKRD60,-0.06279673986091189,7.287282317702727,-0.05293251371556841,0.002801851008248838,0.6778450914290644,0.15045598421285725,0.7824485850157991
840,840,ANKRD65,0.36153046349223533,5.360836178507242,0.2762121544115089,0.07629315424464725,0.02715237517019786,0.1597619486297761,0.062326127232418344
841,841,ANKRD7,-0.057182184629724964,7.1864664872062,-0.03737555902711507,0.0013969324125893627,0.7693587427522577,0.1941662081767932,0.8504141480424756
842,842,ANKRD9,0.4685610377610247,3.555475537835933,0.5576507693572518,0.3109743805647348,1.6942639288868584e-06,0.08857796683534215,1.1603189557256456e-05
843,843,ANKS1A,0.09012385610770526,6.313488561605091,0.11610837705478776,0.013481155222296759,0.3608981168810024,0.0979113545867735,0.5035922882310785
844,844,ANKS1B,0.006770641453012258,6.992992979290652,0.0027604021849773203,7.619820222827563e-06,0.9827287382649956,0.311501364925152,0.9899160694536966
845,845,ANKS3,-0.1402802620439007,7.892554281795321,-0.1575271695413452,0.02481480914370771,0.21380952909478249,0.1116834452659688,0.33904842944841207
846,846,ANKS4B,0.1785325220900736,5.850059572252342,0.2904994933958791,0.0843899556632624,0.01987735921963896,0.0746846569089316,0.04767352020171466
847,847,ANKS6,-0.6301477177640274,10.122127391841726,-0.513507339750733,0.2636897879778748,1.4290891000189306e-05,0.13373044179283333,7.7155134532311e-05
848,848,ANKUB1,-0.06104803457572985,7.236728280933717,-0.030826397102500187,0.000950266758321032,0.8089288571201029,0.2513892065438549,0.8783476843651197
849,849,ANKZF1,-0.461358085799699,10.157492098255574,-0.5247605914580397,0.2753736783473916,8.535202767198328e-06,0.09504693827642796,4.890167520423267e-05
850,850,ANLN,-0.10954936516133967,7.751532411320925,-0.6901821479047636,0.476351397286433,2.806046093280029e-10,0.014587144100217973,7.780400531367353e-09
851,851,ANO1,-0.1682433550846371,7.9732218921032825,-0.4725373084446002,0.22329150787206725,8.06233911438581e-05,0.03985061234683957,0.00035953450066314804
852,852,ANO10,0.4673250787548346,3.1557257697340297,0.6163345510370013,0.37986827880198204,5.898109058977767e-08,0.0758313350706907,6.373430722163849e-07
853,853,ANO2,0.21402044347182536,6.203134538629618,0.12113269013849415,0.014673128620188438,0.34034734369907826,0.22273487166059344,0.48278669774685834
854,854,ANO3,-0.2677394008906224,7.810440907619785,-0.14049904243401248,0.01973998092487444,0.2681457186692018,0.2396148463452557,0.40402835637222134
855,855,ANO4,-0.1757549475578271,7.669332841095695,-0.11013896728730103,0.012130592115113168,0.3862786601215856,0.2014282978906869,0.5290534681508403
856,856,ANO5,0.14985548537581206,6.148556602506477,0.7000934940041651,0.4901309003469598,1.211309268753136e-10,0.01941109810102904,3.915060032067039e-09
857,857,ANO6,-0.3076347817838354,8.855371879469526,-0.6669885251077221,0.4448736926253745,1.7697793451962086e-09,0.04364325497962382,3.3945590540499466e-08
858,858,ANO7,-0.05611997840151745,7.417248112742286,-0.11264851970029895,0.012689688990668644,0.3754817716088562,0.06286703782117935,0.518297919695932
859,859,ANO8,-0.2828168750823064,8.541510612240527,-0.3648690457113196,0.13312942051828905,0.0030332256184822767,0.09165361216913652,0.009111458006413331
860,860,ANO9,-0.1303276464206775,7.94484396689313,-0.18904892281170715,0.035739495216266806,0.13462482257569186,0.08597331840017247,0.23535162128655907
861,861,ANP32A,-0.2639216007999307,9.256843253118877,-0.37541984616415136,0.1409400608939151,0.0022369964255095865,0.08275106618104365,0.006931200113665774
862,862,ANP32A-IT1,0.07911614251783869,6.731323412765496,0.07340829128214445,0.0053887772289641644,0.5642972466815726,0.1365057111581427,0.6910120378245562
863,863,ANP32B,-0.4818786885010821,12.304389283680266,-0.7085523057359007,0.5020463699636613,5.7541552108244597e-11,0.060948694924293716,2.1191535899728517e-09
864,864,ANP32C,0.2459345653567553,6.082243327897112,0.18338580693806106,0.03363035418632379,0.1469178879949524,0.1674286002688571,0.2526007832100591
865,865,ANP32D,0.17405975334145954,6.404845195466956,0.2023193277825321,0.040933110394375666,0.10887215733048428,0.10700143315229692,0.19893904033344334
866,866,ANP32E,-0.1975756326431688,8.52742146358571,-0.5559497889157848,0.3090801677955057,1.8499212591710492e-06,0.03751593685929865,1.2561945709422725e-05
867,867,ANPEP,0.19203740640770145,6.055216958053577,0.7120015809350565,0.5069462512540198,4.215612228563375e-11,0.024052275060774314,1.6478173792335718e-09
868,868,ANTXR1,0.768880321649855,3.1083453018896963,0.6102592268448696,0.372416323949298,8.620133961862569e-08,0.12676062331352336,8.796842645812155e-07
869,869,ANTXR2,0.34696945735545504,4.652511493045286,0.5717954136317867,0.326949995050346,8.002012351821269e-07,0.0632234805086753,6.084395276639381e-06
870,870,ANXA1,-0.2502627349588306,8.612077925337967,-0.5369660258112368,0.28833251287551376,4.777721716338931e-06,0.049933510071169314,2.922643044274564e-05
871,871,ANXA10,-0.10069942834476396,7.483266918376887,-0.3723621900684536,0.13865360059257514,0.0024458968880062557,0.03187531650179404,0.007521428161001912
872,872,ANXA11,0.4727127641721933,3.014129305485362,0.4671166357127692,0.21819795135961595,9.974765096093875e-05,0.11363825396149953,0.0004340907117281207
873,873,ANXA13,0.17196209643361451,5.631892205389428,0.4595022769094273,0.211142342484948,0.00013371106193603771,0.04221322585704786,0.0005625632497036909
874,874,ANXA2,-0.382708094442172,11.050071273969138,-0.5228292739623257,0.27335044971197264,9.336828021720527e-06,0.07924546375202085,5.295678648778366e-05
875,875,ANXA2P1,-0.2498594004120994,8.222358429206137,-0.4148958486359149,0.17213856521531604,0.0006525329538952077,0.06958883809120486,0.00231877274640642
876,876,ANXA2P2,-0.3927749656877916,11.051785092247783,-0.5935678122472291,0.35232274773596184,2.3492676476692453e-07,0.06763273254496711,2.0798606259312145e-06
877,877,ANXA2P3,-0.4229597183725321,9.784670453746827,-0.5203431036865601,0.27075694555416224,1.0472137440594434e-05,0.0881555199193021,5.8734560030062794e-05
878,878,ANXA2R,0.0615737901800299,6.709801983903617,0.08558792736572023,0.007325293310759802,0.5013011059642122,0.0910313558639828,0.6368302395180938
879,879,ANXA3,-0.1503024552733504,8.312431086657815,-0.7724744937980517,0.5967168435685561,7.683281894090656e-14,0.015692463374266913,1.4855488340761888e-11
880,880,ANXA4,-0.3431629950021215,10.874335539011296,-0.4147495592644377,0.1720171969100453,0.0006557045839644241,0.09561572666667173,0.002328620699947406
881,881,ANXA5,0.05171878004000433,6.5337766492696545,0.09096715382808174,0.008275023075581886,0.474684236268402,0.07190572113750485,0.6121902886303523
882,882,ANXA6,0.22468130788776908,5.744256408530578,0.2592787140661329,0.0672254515677875,0.038558000422421405,0.10629004188298934,0.08419617819376178
883,883,ANXA7,-0.1516171525845179,8.549941795818343,-0.19117434581978868,0.03654763049962415,0.13021702155245082,0.09886396025696327,0.2295173043885986
884,884,ANXA9,-0.3727478614987917,8.66693910152137,-0.56087255878376,0.3145780271966423,1.432510008508173e-06,0.06987698125700834,1.0058691385941792e-05
885,885,AOAH,0.11794380547486386,6.231102991406045,0.27555696783137384,0.0759316425204208,0.02753372835498973,0.05225404847615253,0.06303445264058595
886,886,AOC1,0.20509164517713893,4.738292438273794,0.6680693454324134,0.4463166503064933,1.6301233337386852e-09,0.029010907308871518,3.177493889870799e-08
887,887,AOC2,-0.10791899339546604,7.400602761702195,-0.09136606328558564,0.008347757520305641,0.4727410281666738,0.1493815039371634,0.6106265172834969
888,888,AOC3,0.15055036728215185,6.1853490946177985,0.7296869943416177,0.5324431097113039,7.942393819439595e-12,0.017917053881003838,4.5380616928750514e-10
889,889,AOC4P,0.07541083064391703,6.602914555320058,0.06733040592062428,0.004533383561436035,0.5970638623281477,0.14191882185231358,0.7169022637513779
890,890,AOX1,0.23355521629268886,6.034865862258052,0.18167792570881366,0.033006868689857215,0.15078472867099682,0.16054739327468073,0.2579384864025939
891,891,AOX2P,0.07008780188186428,6.74505457634817,0.07339761955175726,0.0053872105558645,0.5643540312802026,0.12094603619327825,0.6910424963173755
892,892,AP000230.1,0.12140297038711563,6.439714573436133,0.13703114802550526,0.01877753552918793,0.28025520169965806,0.1114545783378051,0.41768247713737755
893,893,AP000253.1,0.41320938118674055,5.615989178253088,0.23129571187959636,0.053497706333889235,0.06592708036343002,0.22073316080465652,0.13186024986331182
894,894,AP000265.1,-0.21457718260007946,7.7249721189425635,-0.14591692487733154,0.021291748965656814,0.24993860350474795,0.1847602963779285,0.3821791031560032
895,895,AP000347.2,0.027466941883971637,6.911899037041034,0.02517464915842653,0.0006337629602498654,0.8434683103042584,0.13852028408212227,0.9019199539193807
896,896,AP000462.1,0.23787915963955,6.032169755742947,0.1822465400378657,0.033213801355773384,0.1494890074101664,0.16299207170931512,0.25626856043913504
897,897,AP000473.8,0.24651306477050805,5.9205402752557115,0.2531189319180868,0.06406919369535305,0.04358771074071209,0.1196578894204144,0.09334373774625399
898,898,AP000525.9,-0.034229455347068234,7.181611617218597,-0.030528240735296606,0.0009319734823922226,0.8107425410698559,0.14233112971326586,0.8799433503843088
899,899,AP000696.2,0.06250455342219416,6.7151649796474,0.058019979841168474,0.0033663180607695947,0.6488246755109186,0.1365859471087648,0.7591883259409381
900,900,AP001063.1,-0.027242243386879087,7.133440630677417,-0.027620738955089583,0.0007629052204252034,0.8284794435850827,0.12521201500245469,0.8919963382307445
901,901,AP001171.1,0.15554939467162962,6.4139352951537445,0.14640170180199227,0.02143345829051947,0.2483515856798763,0.13348164091350426,0.3804508763368507
902,902,AP001189.4,0.2685778729544677,6.086192289753036,0.27562759152898497,0.07597056921206903,0.027492406116967308,0.11895825833476875,0.0629598196344043
903,903,AP001462.6,-0.07295111794546938,7.296836116344329,-0.07630639548927749,0.005822665992566029,0.5489765458041034,0.12106179154154825,0.6778860180981843
904,904,AP001605.4,-0.06198796599972326,7.319682804947647,-0.06837041279786653,0.004674513346150671,0.5913975423892607,0.114875099834832,0.712751212179399
905,905,AP001630.5,0.1469978982604925,6.3036619745958795,0.18117327480211545,0.03282375550252284,0.15194167230390382,0.10133837982136676,0.25950760420703817
906,906,AP006216.10,-0.01914141681699289,7.092646670861513,-0.023637771492393527,0.0005587442411266121,0.8529145401487019,0.10281354693267043,0.9080562618938123
907,907,AP006222.2,-0.1876072714430096,7.955420315787758,-0.1981114888366892,0.039248162009089635,0.11658899397621135,0.11788261807058432,0.2101493811016195
908,908,AP006547.3,0.0379499658115504,6.788101949526862,0.0557756467575637,0.003110922771224526,0.6615661646492473,0.08627686342864606,0.7694819688193926
909,909,AP1AR,0.08771662903217839,6.563838600457504,0.10798768603647477,0.01166134033551225,0.39567969957105,0.10255686698508518,0.5380160677013115
910,910,AP1B1,0.3142903606892991,4.684488381519503,0.3118714196834531,0.09726378241537256,0.012117300683983132,0.1216018193454554,0.030928824412029078
911,911,AP1G1,0.1674809451874666,5.733062168573968,0.22041478274795664,0.04858267645382892,0.08009083498664528,0.09412703258865678,0.15504180571615273
912,912,AP1G2,-0.3946382067657114,9.537278766128301,-0.4996686581090405,0.2496687678964893,2.628332449792866e-05,0.08688557654348539,0.00013332522651736826
913,913,AP1M1,-0.26276037385427164,8.76600493173957,-0.32340313717969793,0.10458958913767052,0.009142228548230987,0.09764069626811762,0.024184578452472762
914,914,AP1M2,-0.4416013925844,10.815463966815793,-0.4805230778922107,0.2309024283870036,5.853540730828909e-05,0.10235547059572014,0.00027096713237729803
915,915,AP1S1,-0.22840078667770594,8.658174116536548,-0.5830716866926726,0.33997259182263817,4.289113801725344e-07,0.04041669367368536,3.4983336864919894e-06
916,916,AP1S2,0.30420693501916185,5.004065770474893,0.6362702936885155,0.40483988663046977,1.6014920650274353e-08,0.0468434126973848,2.1354871101089354e-07
917,917,AP1S3,-0.22348220934787874,7.940636627715608,-0.6855863802901354,0.4700286848393302,4.096415059883029e-10,0.030137769845948407,1.0460833504925354e-08
918,918,AP2A1,-0.2191640407846238,8.305972352208718,-0.20679463487497696,0.04276402101307503,0.10110369382522108,0.13168723956020684,0.1875771495703532
919,919,AP2A2,0.10225318572293586,6.281180762909753,0.07634713037237796,0.005828884316096877,0.5487626381850923,0.16959726923830598,0.6777764746419993
920,920,AP2B1,-0.16964027903212073,8.521676786068072,-0.489213269798854,0.2393296233472863,4.093980963426765e-05,0.03840901382141792,0.00019782421544251394
921,921,AP2M1,-0.12876866061956366,8.276555307229884,-0.12239415126266755,0.014980328263308747,0.3353048853195909,0.13260995281421128,0.4774990552926708
922,922,AP2S1,-0.4945652911694018,11.779190036916587,-0.5588396270394898,0.312301728749636,1.592853351844919e-06,0.09320507526966484,1.0988607624785511e-05
923,923,AP3B1,-0.1715335161153652,8.309294038744207,-0.21569420083844384,0.04652398827533494,0.08694137302697573,0.0986210363540975,0.16586339819391768
924,924,AP3B2,0.10000825385250853,6.6590802689403406,0.08026866808319247,0.0064430590758497224,0.5283598290746129,0.1577212912470616,0.6601449399152286
925,925,AP3D1,-0.3322273650339149,9.571666083270916,-0.4707551268296791,0.2216103894364272,8.650170930180286e-05,0.07907569430528567,0.000382675079658946
926,926,AP3M1,-0.05216543793464363,7.3986577199428885,-0.06712816873100662,0.004506191037178497,0.5981685127803396,0.09846944609503516,0.717875146545015
927,927,AP3M2,-0.32753046793125085,8.779042678827402,-0.2956625003061541,0.0874163140872866,0.01769317156649041,0.13439897792789313,0.04308880232482567
928,928,AP3S1,-0.3989686121661944,11.266004551871285,-0.39749530957461,0.15800252113381502,0.0011442628977200134,0.11696778679032414,0.00382510235414123
929,929,AP4B1,-0.4383347757340689,9.257701796728961,-0.39261179417372427,0.15414402092431084,0.0013324760633340025,0.1304052128810037,0.004380563101791077
930,930,AP4E1,0.2879707649268479,5.879153297355058,0.1440556680136379,0.020752035486855457,0.25609594127745233,0.2512282905688863,0.38964080716386074
931,931,AP4M1,-0.2598909435341567,8.788906969386003,-0.3782994547320849,0.14311047745059274,0.002054994957193229,0.08076477770494181,0.006435658770084157
932,932,AP4S1,0.005793087832687932,6.983810043722949,0.0036462472297193725,1.32951188602362e-05,0.9771874848745205,0.2017740304881506,0.9867565859154926
933,933,AP5B1,0.058985217696204115,6.72908959392286,0.0472123432941397,0.002229005359323698,0.7110388017890971,0.1584919551588533,0.8085075560276823
934,934,AP5M1,0.556930238260107,3.3622640301096816,0.6574785747997564,0.4322780763207188,3.5959095466946075e-09,0.08105712230926929,6.180112796323153e-08
935,935,AP5S1,-0.15975401634251307,8.083531444892959,-0.1725713764192888,0.02978087995924786,0.17268832765868372,0.11580360843401527,0.28693054058534456
936,936,APAF1,0.022810383202561176,6.891723597322497,0.024096746632261717,0.0005806531982594165,0.8500912871543842,0.12018553509874345,0.9061196506855774
937,937,APBA1,0.2326225381938461,5.6241981734959055,0.4300760541505001,0.1849654123536639,0.0003898074134610493,0.06201527908694671,0.0014601763602316248
938,938,APBA2,0.44366324438469584,4.525617123730983,0.4012110064103167,0.1609702716647792,0.0010174978907139893,0.1286392330009769,0.0034492668790562678
939,939,APBA3,-0.4024993601756448,9.424575507145214,-0.4381246284977183,0.1919531900962637,0.0002937009737575197,0.10487933924120152,0.0011306834820833936
940,940,APBB1,0.39622525647872653,4.932981065151509,0.5133793140460624,0.2635583200904056,1.4373432114816947e-05,0.08411571194653154,7.75234551547599e-05
941,941,APBB1IP,0.3624708748867109,5.145117501302855,0.5862182858179152,0.34365187862729496,3.5888771774944076e-07,0.06361873559487738,2.9983462684661035e-06
942,942,APBB2,-0.3429244975254954,8.820541765846917,-0.44508561741246455,0.1981012068274348,0.00022860705789057027,0.08762315479489542,0.000904694049455464
943,943,APC,0.2960554895308365,5.486232964422968,0.5378853626994666,0.2893206634063368,4.569196873146119e-06,0.058928365002471964,2.8141626361768832e-05
944,944,APC2,0.22255586079292985,5.897910384125946,0.18605407741499488,0.0346161197227449,0.1410254015867526,0.14926363716331315,0.2445080121185851
945,945,APCDD1,-0.07125589112710695,7.554219543554402,-0.5330963469853179,0.28419171516909064,5.756755069519665e-06,0.014362088044177131,3.455169928781828e-05
946,946,APCDD1L,0.4411299463905916,4.436008684930945,0.3836923930143336,0.14721985245706584,0.0017494225131850288,0.13483605827305714,0.0055596924747610505
947,947,APCDD1L-AS1,0.31979937436782274,5.643571071405653,0.1598299612277131,0.02554561650605227,0.2071046617604744,0.2508443524668882,0.33125426179356476
948,948,APCS,-0.0796677900188506,7.362638185906912,-0.07548352523224704,0.005697762581487275,0.5533061881850292,0.13365769254298435,0.6816775049864486
949,949,APEH,-0.4427130269904775,9.934140992446334,-0.452706830096969,0.20494347401644594,0.0001726821817999224,0.11074099293309214,0.0007043572512483179
950,950,APELA,-0.6689597138152714,8.979274301255929,-0.3967042691322707,0.15737427714776905,0.0011730221318799784,0.19658691247818372,0.003906816807859046
951,951,APEX1,-0.34400997951814466,10.775416450825071,-0.7181625743732538,0.5157574832304194,2.3908967584293934e-11,0.04233347179325612,1.0513722182590899e-09
952,952,APEX2,-0.4088994685469854,9.680988252481132,-0.4427358820679234,0.1960150612704622,0.0002489328756090479,0.10517195248802072,0.0009756817052151914
953,953,APH1A,0.2512422245334949,5.193134414559953,0.2108011503119912,0.0444371249728587,0.09452082115268694,0.14796310728466966,0.17755450920033275
954,954,APH1B,-0.2279623636545152,8.385912823430411,-0.26618796979540826,0.07085603526380119,0.0334987401420492,0.10483840085419813,0.07463887414096876
955,955,API5,-0.2296157027324093,8.521943229929839,-0.2656738117770939,0.07058257426417074,0.03385510169813757,0.10581869434492593,0.07535535278786813
956,956,APIP,-0.2976874277379033,8.919973202874655,-0.6330423296126262,0.4007425910813809,1.9904272017885837e-08,0.04623156592424724,2.53993524188166e-07
957,957,APLF,-0.5126965608493157,8.744326773550355,-0.3697511360266376,0.13671590259298907,0.0026378871880996663,0.1636183138898416,0.008041025768341536
958,958,APLN,0.13405369303068515,6.310031427115513,0.16836032443876958,0.028345198845127758,0.1835671149601399,0.09967796995744033,0.3010658593313857
959,959,APLNR,0.20769238534644108,5.8485332571095725,0.3710906650081058,0.13770828165615814,0.002537775739632153,0.06600423584553583,0.007764274320674523
960,960,APLP1,0.2606310686848235,5.536702327097903,0.2601568977845368,0.06768161146487392,0.037881777027837314,0.12285055415918356,0.08286997490027448
961,961,APLP2,0.4144980502748707,3.1891220375423366,0.6441756693677425,0.4149622930053791,9.30215838359043e-09,0.06250492796550812,1.3638337156171343e-07
962,962,APMAP,-0.2796376700037154,9.5352860279506,-0.5708632591366427,0.3258848606321097,8.416622681911497e-07,0.0510781051484174,6.357236281018258e-06
963,963,APOA1,0.20960026092743586,5.93196967710808,0.21942031589038213,0.04814527502543508,0.08149722867663646,0.11835986831053302,0.15722249327327953
964,964,APOA1BP,-0.3300399140000522,10.25078112401999,-0.4188861802668196,0.1754656320185265,0.0005712099314686055,0.09086130482231117,0.0020554255676225744
965,965,APOA2,0.22303048991298652,6.210054786181438,0.19372920623607184,0.03753100534885845,0.12506426335563964,0.14343880833098868,0.22226234082612856
966,966,APOA4,0.00023907807308915326,7.014419573541077,0.00027828389329301344,7.744192526631726e-08,0.9982587042940388,0.109107803941893,0.9988009544600756
967,967,APOA5,0.17517064696564102,6.06615187270434,0.15194788863419714,0.023088160860390373,0.23068374843748965,0.14470998744511604,0.35984654233874735
968,968,APOB,-0.08668539834418358,7.327227913921896,-0.05383072752653844,0.002897747226036423,0.6726858736779789,0.20421597106734327,0.7785266738547717
969,969,APOBEC1,-0.09012672566176493,7.629595522384714,-0.6114940099359197,0.3739249241875107,7.985457824826042e-08,0.014810807889877809,8.222781226657534e-07
970,970,APOBEC2,0.05142189952713922,6.771373665714682,0.06615049852779754,0.004375888455476145,0.6035214123140269,0.09850694534676556,0.722377635621283
971,971,APOBEC3B,0.06782897227740624,6.520588337815587,0.34121546355843396,0.116427992571397,0.005793251879070701,0.023730760788453098,0.016156196966036835
972,972,APOBEC3C,0.019546460623096774,6.87249898956174,0.0502522268664889,0.002525286305041069,0.6933273183197293,0.04933645264493613,0.794097587042563
973,973,APOBEC3D,0.06287156831250039,6.700675986891923,0.06782262095359648,0.004599907913015223,0.5943790994921899,0.11745803162964052,0.7149122083705495
974,974,APOBEC3F,0.1445961928092525,6.217456177449446,0.11676235986239468,0.013633448680635351,0.3581810000407587,0.15619866504656438,0.5007365755895823
975,975,APOBEC3G,0.37502221013047576,4.546523697106768,0.5565419544063812,0.3097389470144745,1.7942718923282556e-06,0.07110005230100844,1.2222383714491466e-05
976,976,APOBEC4,0.09090408879414738,6.683924088529137,0.07974166090494221,0.006358732483878789,0.5310796341796009,0.14431687162954454,0.6625110592867824
977,977,APOBR,0.3112062045525925,4.637398650245288,0.6068825177838001,0.3683063903916043,1.0607736257678793e-07,0.051760804385621466,1.0479494920622e-06
978,978,APOC1,0.18132005275144453,5.764783135414588,0.4730668731971948,0.2237922665165708,7.894901834869278e-05,0.04288608848386973,0.0003527214756222287
979,979,APOC2,0.3779254790237123,5.285419157321835,0.22897529319127566,0.052429684892030634,0.06876488408419723,0.2040456906769901,0.13647727658723224
980,980,APOC3,0.0980270701214947,6.589317630771665,0.1200861157287736,0.01442067519082441,0.3445666118602703,0.1029208045265805,0.48695359784860365
981,981,APOD,0.06695375210893878,6.592208560597514,0.2347953106747406,0.05512883791484796,0.06182601370029736,0.035202698292164485,0.1250275670048437
982,982,APOE,0.15348948504371324,5.860657164976973,0.5840120627848264,0.3410700894781881,4.067419118681901e-07,0.027094464851368814,3.338891623012e-06
983,983,APOF,0.1800763875380162,6.411805378073126,0.13852980274095222,0.019190506247447132,0.2749783294342304,0.16349709468881846,0.4118303979457956
984,984,APOH,0.5194423988874831,4.778030155095143,0.4785580703476917,0.22901782669490625,6.337992560250896e-05,0.12104004443558045,0.0002904745585020808
985,985,APOL1,-0.15806290062089734,8.192723570553866,-0.5451419176023806,0.29717971032720075,3.1977074928604813e-06,0.030870713730382682,2.0399183553358462e-05
986,986,APOL2,0.11728618376061364,6.168448272719733,0.12208329238730713,0.014904330280124719,0.3365431061056082,0.12109716688628575,0.4786444872400463
987,987,APOL3,0.07838968678044249,6.481327261594586,0.1686094054878449,0.0284291316189645,0.18291017900838266,0.058199402970727274,0.30031865524190926
988,988,APOL4,-0.24123558633283146,8.148129110466336,-0.2503477182271541,0.06267398002154254,0.04602062830254111,0.11848059550993935,0.0977802890395926
989,989,APOL5,-0.11632594227910086,7.48908603797649,-0.12881263250983552,0.016592694294113933,0.3103802050718659,0.1137336543749208,0.4505787585192235
990,990,APOL6,0.011081274130209179,6.947448654149449,0.01581635811813522,0.0002501571841211019,0.9012798353639226,0.08896783787602508,0.9394567910857157
991,991,APOLD1,-0.09321313598998927,7.542125506191224,-0.448088243549553,0.20078307400732354,0.00020484582696708197,0.02361837759131432,0.0008210135818937923
992,992,APOM,-0.0023893952005344197,7.0293187484290325,-0.002758742528529989,7.6106603387200396e-06,0.9827391208088464,0.10999661477661728,0.9899160694536966
993,993,APOO,0.030754169559535437,6.762045956877158,0.031270872318810095,0.0009778674555793237,0.8062269771186867,0.1248405629273634,0.8768218827124916
994,994,APOOL,0.009142160889571605,6.9528925203824565,0.009741054929692586,9.488815114328822e-05,0.9391053921971098,0.11918632179936453,0.9641268320309303
995,995,APOPT1,-0.0325151618509158,7.2700829138098415,-0.031168642663211413,0.0009714842854669623,0.8068482131441737,0.1324223003124118,0.8771907944020942
996,996,APP,-0.18656953628641826,8.696608788187946,-0.2140604180182868,0.045821862562163695,0.08941698800393777,0.10812428509202862,0.1697810294075233
997,997,APPBP2,-0.014692473866351096,7.109655073542081,-0.012586517356358243,0.00015842041916190735,0.9213673764842312,0.14823784739782786,0.9529186425525851
998,998,APPL1,0.16360571166973814,5.874340431636287,0.30946225166954583,0.09576688520838532,0.012834983638718694,0.06384621253309478,0.0324925848370883
999,999,APPL2,0.2017102056442806,5.27426581874875,0.7698222460769503,0.5926262905549605,1.0539889452331044e-13,0.02123919582745615,1.9179941688254517e-11
1000,1000,APRT,-0.34240804319325296,10.008043653027556,-0.6323002399076711,0.3998035933872985,2.0916988380350888e-08,0.05328088892454317,2.64269185167152e-07
1001,1001,APTR,-0.06378628480311788,7.390025051130682,-0.07623065486743892,0.005811112741518589,0.5493743827437947,0.10595861293323823,0.6781839162191811
1002,1002,APTX,-0.4785551797312544,9.977042807078565,-0.5864801000850488,0.3439589077957689,3.535744527599967e-07,0.0839360286952636,2.96195542534535e-06
1003,1003,AQP1,0.1291467348817502,6.115292913351591,0.7414769695376149,0.5497880963546851,2.423409151059729e-12,0.01484220434156641,1.9462583959706236e-10
1004,1004,AQP10,0.15532056530766594,6.394897057774317,0.12949606061514862,0.016769229714842248,0.3077984645201841,0.15104428283831536,0.4479720242747891
1005,1005,AQP11,0.2643494992237606,5.429721696714886,0.6447887529790346,0.4157525359682585,8.912532276893672e-09,0.03979821664286155,1.316513550178257e-07
1006,1006,AQP2,-0.0237385397481355,7.136168523326896,-0.014169750986555015,0.0002007818430209768,0.9115137732761144,0.21274155715040366,0.9468881684876839
1007,1007,AQP3,-0.2362514781645155,8.70455609023696,-0.6508412531776889,0.4235943368379046,5.811545872456731e-09,0.03499997520020463,9.219708854802235e-08
1008,1008,AQP4,0.1597494918875186,6.517945564180441,0.05145675203132714,0.0026477973296134896,0.6863536580653399,0.3937545147400067,0.788947845713941
1009,1009,AQP4-AS1,0.1234795948387733,6.624489137454238,0.06233375031909207,0.00388549642884291,0.6246166449380159,0.2510907568451933,0.7391700883180904
1010,1010,AQP5,0.09145461916694136,6.532973634797674,0.14009375659269435,0.01962626063625309,0.2695425411481803,0.08208935714629323,0.4057941969246277
1011,1011,AQP6,0.1594464212744169,6.153097210628643,0.15751028567740782,0.024809490094178627,0.21385924611550805,0.12695644276890825,0.3391024364524659
1012,1012,AQP8,0.05685440335079948,6.495965856252442,0.8165913774464703,0.6668214777199236,1.9572498256388247e-16,0.005103897811893951,1.6953697989683498e-13
1013,1013,AQP9,-0.2838115200207861,8.194433828814779,-0.4046906571093128,0.16377452795156738,0.0009104303972851867,0.08144655003657028,0.0031249596216850082
1014,1014,AQPEP,-0.21092249669184812,7.669896141882363,-0.13181045481602838,0.017373995998808258,0.2991588124629496,0.20145188089644056,0.43840319982981485
1015,1015,AQR,0.09526263191450904,6.432133153229167,0.0958634844201498,0.0091898076451723,0.4511311083942649,0.1256228822378273,0.590650425022578
1016,1016,AR,-0.07261418011131171,7.2974764386768,-0.05320532610477897,0.0028308067259158747,0.6762765217749087,0.1730831977851353,0.7815503904427776
1017,1017,ARAF,0.5201672575877645,3.8838009411343264,0.3061352710649638,0.09371880419001886,0.013886221948389921,0.20543066978977886,0.03478784547575009
1018,1018,ARAP1,0.1655879684606677,5.899858513775084,0.17462939340648653,0.03049542504151744,0.16754613861345866,0.1185742862658656,0.2803439678314362
1019,1019,ARAP3,-0.17375392150395466,7.991711229363138,-0.2288538678722279,0.05237409284007916,0.06891603811288517,0.09386398238944893,0.1367396743022291
1020,1020,ARC,-0.06073291652254559,7.257446615816418,-0.08751087224304037,0.007658152760737731,0.4916985774103326,0.08780048866474785,0.6280736562154635
1021,1021,ARCN1,0.2440167269417277,4.595046263626737,0.25659006607327417,0.0658384620074872,0.04069081919084622,0.11673333824556195,0.08813359567691287
1022,1022,AREG,-0.1516768387117625,7.6773014150469985,-0.2594789936734316,0.06732934815777675,0.03840290577360757,0.07169442306449257,0.08389981078767876
1023,1023,AREL1,-0.06125493929329193,7.339406962715101,-0.03259105576693358,0.0010621769160033745,0.7982152435915871,0.2385701305882449,0.8705336056855544
1024,1024,ARF1,0.385168078567063,4.532325129936291,0.4779352841688212,0.22842213585353185,6.499092973880077e-05,0.0899032161262061,0.00029741728307137164
1025,1025,ARF3,0.3594864882000037,3.7616142622466766,0.4492168930950258,0.20179581704194785,0.00019651562786045744,0.09080037592697576,0.0007914349862968581
1026,1026,ARF4,0.19457922497729568,4.826644176081631,0.2566958265770018,0.06589274738205017,0.04060511752097853,0.09304224666799538,0.0879831718948159
1027,1027,ARF5,-0.23135135689941685,9.107060766960107,-0.2640151169876267,0.06970398199799023,0.035026360323423635,0.10733911070066396,0.07759503369303725
1028,1028,ARF6,0.3974515575170232,3.206658180110092,0.3913079677731153,0.15312192564272542,0.0013872273022682445,0.11870803388387025,0.004536698232389216
1029,1029,ARFGAP1,-0.4225272045315068,9.682277155698197,-0.4042705822451011,0.16343470366879306,0.000922791675175,0.12140501135730893,0.003163377192641226
1030,1030,ARFGAP2,-0.16984390465400284,8.067523525093353,-0.13097743990837554,0.017155089764952128,0.3022500946649761,0.16326764176600458,0.4416183658302448
1031,1031,ARFGAP3,-0.12268076623194088,8.044029955103639,-0.31035261051599705,0.09631874285409417,0.012565586182793593,0.04772356403819722,0.03190009012759616
1032,1032,ARFGEF1,0.13039608756025184,5.891117683367892,0.1643889223147144,0.02702371777979321,0.19427268484781904,0.09936817066850236,0.31503482030698826
1033,1033,ARFGEF2,0.004687661176000829,6.982661420739626,0.005825023194572243,3.393089521730462e-05,0.9635636292729494,0.10220104617859907,0.9782910774956969
1034,1034,ARFIP1,-0.007926289664953467,7.083604847435113,-0.011039997420378759,0.00012188154304196963,0.9310038781527364,0.09117560525479056,0.9590376263627394
1035,1035,ARFIP2,-0.012309590133012051,7.123102781230713,-0.013990783733651816,0.00019574202948181624,0.9126269780458329,0.11172830120289036,0.9474275852957108
1036,1036,ARFRP1,0.21656584165239534,5.5138445890624785,0.17788445655391275,0.03164287988348087,0.15964347465263246,0.15215067612140035,0.2699367098932424
1037,1037,ARG1,0.23127082981163585,6.227194189411337,0.13040360083564062,0.01700509911090109,0.3043916037069762,0.2233114865922892,0.4439086927250704
1038,1038,ARG2,-0.18875791336504907,7.972177707144407,-0.49927440858988004,0.24927493507277446,2.673328076372309e-05,0.041601642268499786,0.00013535403201740088
1039,1039,ARGLU1,-0.11128645162490644,7.7534850914244835,-0.2316741919153561,0.053672931199633234,0.06547327178755265,0.05934572297079395,0.1311100148473694
1040,1040,ARHGAP1,-0.26544136777640953,8.689076193908866,-0.16869483517897507,0.02845794741606156,0.1826852554314416,0.1969707675503567,0.30004165387697135
1041,1041,ARHGAP10,0.3831662823328689,5.337706942398007,0.42622953976889777,0.1816716205716064,0.000445184334109146,0.103278923307535,0.0016437283469963439
1042,1042,ARHGAP11A,-0.21930928613856368,7.853560396919665,-0.4765638409235443,0.22711309447580125,6.867267278885506e-05,0.05138046896159167,0.0003116317538228534
1043,1043,ARHGAP12,-0.05978905455736329,7.468550980785293,-0.0924764508397791,0.008551893959922079,0.4673545661296581,0.08175789126052507,0.6055828547660005
1044,1044,ARHGAP17,0.3606216850556024,3.796247131007337,0.6982520899332931,0.4875559810962117,1.419550078442165e-10,0.046953391096126465,4.454836442094509e-09
1045,1045,ARHGAP18,-0.16437566914408533,8.268055741357902,-0.37136017453575626,0.13790837923122734,0.0025180481229476197,0.05219429955609712,0.007713316689575787
1046,1046,ARHGAP19,0.2948311673601474,5.436238651094907,0.1984042795060164,0.03936425812630148,0.116038830251161,0.18497195313931564,0.20933196177015093
1047,1047,ARHGAP20,0.4400906421189935,5.126090572796926,0.559470936175145,0.31300772842469315,1.5413431542751038e-06,0.08280273551463621,1.0694580585013577e-05
1048,1048,ARHGAP21,-0.03443540412013039,7.252762137446483,-0.04933136058728469,0.002433583137392705,0.6986759055719147,0.08854359595365459,0.7984498778383985
1049,1049,ARHGAP22,0.2428973722116368,6.137989315050322,0.20466682214290036,0.0418885080860736,0.10474174604499893,0.14753244842701285,0.19306967233609565
1050,1050,ARHGAP22-IT1,-0.042157341034591456,7.164125054327139,-0.027719751541773058,0.0007683846255376298,0.8278739689679298,0.1930728095137632,0.8916104241309255
1051,1051,ARHGAP23,0.3805559425974993,5.021085273668894,0.3075278685422016,0.09457338993010962,0.013437503572762141,0.1495425604071127,0.03380057380278362
1052,1052,ARHGAP24,0.07984206052811509,6.659003549891484,0.08206892941842941,0.0067353091758871496,0.5191214597722094,0.12313729872927415,0.6524663842516919
1053,1053,ARHGAP25,0.3245337787164576,5.335484820149492,0.5256306430402964,0.2762875729029555,8.195450967539936e-06,0.06670623070890279,4.7074931220710166e-05
1054,1054,ARHGAP26,-0.3717093054124576,9.182042466582695,-0.5160555679277612,0.2663133491892441,1.2736947513542093e-05,0.0783549484316181,6.95984351263573e-05
1055,1055,ARHGAP26-AS1,-0.033511170953132434,7.157616365859227,-0.028305218911176343,0.000801185417609615,0.8242958118784309,0.15029799794139265,0.8896593802944289
1056,1056,ARHGAP27,0.04063390140232803,6.784777259315058,0.03389529100039483,0.0011488907520014466,0.7903205958902159,0.15216111745826902,0.8652809800294567
1057,1057,ARHGAP28,0.22981338169809015,6.101996200971137,0.1495454146191374,0.022363831033609716,0.2382269439010362,0.1929723109298361,0.36888126350925554
1058,1058,ARHGAP29,-0.32199951674203103,8.270618392895987,-0.3134022548068709,0.09822097331803087,0.011679523262309588,0.12391027579880623,0.02994909132567367
1059,1059,ARHGAP30,0.30027532032634696,5.161897398288612,0.5727445183808028,0.3280362833352577,7.599624830745681e-07,0.05458028066865618,5.804933887470819e-06
1060,1060,ARHGAP31,0.19376540853881924,6.142004001065563,0.212529611089299,0.04516883558976868,0.09178650255660754,0.1131421035112777,0.17342879316794488
1061,1061,ARHGAP32,-0.17852436555265652,8.167441108802612,-0.2872539768315551,0.08251484720554361,0.021364698968500403,0.07560232058004758,0.05074613975681433
1062,1062,ARHGAP33,0.1359432437326898,6.249492145618541,0.11331355818864315,0.01283996246937102,0.3726513474217679,0.15138180853745653,0.5156399315283312
1063,1063,ARHGAP35,0.5689423223843858,3.409716941447683,0.5009754665779492,0.2509764181129939,2.4841600057335114e-05,0.12482560611592353,0.00012651572183480526
1064,1064,ARHGAP36,0.3630114370636147,5.845435825783392,0.34053730296780504,0.11596565471258664,0.00589757715050617,0.1272900157628149,0.01642387258156007
1065,1065,ARHGAP39,-0.10158431852653628,7.437333235526588,-0.08709608686293567,0.007585728346836035,0.4937616918148606,0.14756341054789018,0.6301514283504719
1066,1066,ARHGAP4,-0.06512327881472317,7.39759547036112,-0.11940103162863935,0.01425660635398334,0.3473460825065332,0.06877241447630478,0.4900340160797534
1067,1067,ARHGAP42,0.51662029066688,4.905806907244606,0.6816090042218055,0.4645908346362412,5.65211962981021e-10,0.07043413678610977,1.3569473457155222e-08
1068,1068,ARHGAP44,0.3175912991381577,4.879058665384743,0.6308562296193707,0.39797958244956816,2.3028977757391053e-08,0.049607571311185206,2.865478014182194e-07
1069,1069,ARHGAP5,-0.18465388508054048,8.134764241220418,-0.22192486947950213,0.049250647693494055,0.07799210359891137,0.10303615666806057,0.15177831681916137
1070,1070,ARHGAP5-AS1,-0.2765839861044319,8.675668962583043,-0.3095227894437427,0.09580435718503548,0.01281650995318569,0.10791200478625017,0.03245720068252089
1071,1071,ARHGAP6,0.2925540519596551,5.782644423430656,0.4345248926254232,0.1888118823111356,0.0003336331679787099,0.07701164534817305,0.0012686262076521443
1072,1072,ARHGAP9,0.2174313484136577,5.8186013678084025,0.514966583602428,0.2651905822271564,1.3380717190856247e-05,0.045965778816929634,7.273078081525905e-05
1073,1073,ARHGDIA,-0.040418493325705976,7.311972658443634,-0.0794806173188651,0.00631716852938788,0.5324294020856501,0.06437940182532087,0.6638506852927657
1074,1074,ARHGDIB,-0.08244679821116901,7.72564208136137,-0.12460136006264715,0.01552549892946144,0.3265955518938748,0.08337913840768449,0.4681865931591327
1075,1075,ARHGDIG,-0.11197897273145704,7.548879953499638,-0.19508620464883428,0.03805862724428685,0.12239123361131066,0.07149709174892638,0.21839009260488892
1076,1076,ARHGEF1,0.08648695857620492,6.532121167275848,0.1530125386823193,0.023412836994008257,0.2273945363777125,0.07093870646094477,0.3556170062294623
1077,1077,ARHGEF10,-0.3142883538402381,8.435774513388658,-0.4080563741183657,0.1665100044586276,0.0008166666201887871,0.08930226474734934,0.0028282289557313585
1078,1078,ARHGEF10L,0.05895875726152978,6.637599983606756,0.07381561336171225,0.005448744775965792,0.5621318819943895,0.1011620981409878,0.6894510557316591
1079,1079,ARHGEF11,0.1894016165283804,5.977499657962572,0.14197905545230807,0.020158052187129568,0.2630860962005321,0.16770328433634876,0.39803880480839254
1080,1080,ARHGEF12,0.7281747377517002,4.043537714062266,0.2219225153806252,0.04924960283286381,0.07799534100963416,0.4063232324508088,0.15177831681916137
1081,1081,ARHGEF15,0.3221275515995684,5.351707105073045,0.2797330761888653,0.07825059391408551,0.025178344266792576,0.1404089006158907,0.0583890603017127
1082,1082,ARHGEF16,0.16528870050045275,5.832984419910735,0.19136659778533752,0.03662117474793514,0.12982377406913193,0.10766628619470923,0.22899192208740343
1083,1083,ARHGEF17,0.2672389304552636,5.3810246846201935,0.2554980838767051,0.06527927086466782,0.04158446863330432,0.12842724604358344,0.08972121129326757
1084,1084,ARHGEF18,0.25101590570463395,4.76199902278687,0.6275023726797483,0.3937592277187137,2.8739326145641328e-08,0.03955602066574137,3.432708812376519e-07
1085,1085,ARHGEF19,-0.23504000956315624,8.488760981809094,-0.33508963384217505,0.11228506270848294,0.006797298566294017,0.08393086949314292,0.018637060072562286
1086,1086,ARHGEF2,0.3848073422784249,4.523635409254152,0.2472957821978121,0.06115520389282771,0.04882796474003577,0.19148188655396006,0.10258465115604627
1087,1087,ARHGEF25,0.3904524073738245,4.948377619513837,0.4497448884469104,0.20227046468412385,0.0001927262591406952,0.09847678461043544,0.0007773304417380806
1088,1088,ARHGEF26,-0.14232365483955994,7.547626492409426,-0.12235220155178643,0.014970061224568966,0.3354718131651584,0.14662032237783434,0.4775599601690445
1089,1089,ARHGEF26-AS1,0.228836087897578,6.310008840663348,0.12481446095719245,0.015578649664034518,0.32576234537269155,0.2310224985420977,0.46736342845141354
1090,1090,ARHGEF28,-0.4799699056015028,9.732824345390283,-0.7478344203214001,0.5592563202174445,1.2438241448312206e-12,0.054113516780916485,1.186564398956832e-10
1091,1091,ARHGEF3,-0.2223912719423132,8.674986239437949,-0.4878908504472613,0.2380374819501519,4.325592771699344e-05,0.050531946123145655,0.00020764954881655794
1092,1092,ARHGEF33,0.008972761247998047,6.986490349590511,0.0050201873691856184,2.520228122173083e-05,0.9685952544135314,0.22698902941661314,0.9814210291187078
1093,1093,ARHGEF37,0.15267498024825366,6.067040687099127,0.16794287430839705,0.02820480903096605,0.18467193449794134,0.11381455868278725,0.3024329381799077
1094,1094,ARHGEF38,-0.0997311707475034,7.437939363181714,-0.09964359475895956,0.009928845976487754,0.4333980614004287,0.12647913576761147,0.5744772614082317
1095,1095,ARHGEF39,-0.380975946851674,8.738402135926142,-0.6572350133880843,0.4319578628232354,3.660585420269266e-09,0.05548445146373738,6.276324408228895e-08
1096,1096,ARHGEF4,0.09103969105885598,6.629963056011491,0.08544734482998137,0.007301248738493745,0.5020069076600375,0.13481713577936025,0.6373393488871025
1097,1097,ARHGEF40,0.2844367133229009,5.644137466969867,0.30227704124530497,0.09137140966401584,0.015197410795513774,0.1139141944390802,0.03767600810267325
1098,1098,ARHGEF5,-0.014389517222523896,7.121422193451624,-0.02565383158838277,0.0006581190751651059,0.8405274959421872,0.07121232798552954,0.8997342028980754
1099,1099,ARHGEF6,0.2032313159434366,5.683791331109468,0.5686464921797153,0.323358833068295,9.485064990110456e-07,0.037336330173986125,7.041449515284262e-06
1100,1100,ARHGEF7,0.053175555553363965,6.767597024522108,0.038137934219910664,0.0014545020265622323,0.7647882168005603,0.1769468985009219,0.8476986658553582
1101,1101,ARHGEF7-AS2,0.2372346082350032,6.311210522899121,0.1984899370511785,0.039398255110580815,0.1158782536939843,0.14877000988139624,0.20907711912541493
1102,1102,ARHGEF7-IT1,-0.3051861472980074,8.012579677478477,-0.2951552674859018,0.08711663192467425,0.017898247433858733,0.1254660082631,0.04350794608204311
1103,1103,ARHGEF9,0.2407121339369417,5.464357984597416,0.4922770303648589,0.24233667462484415,3.600772502290045e-05,0.054054356182023325,0.00017613446699139582
1104,1104,ARID1A,0.11575774446977412,6.175861421961344,0.1354876958910038,0.018356915737853124,0.2857595109972423,0.10750561790157573,0.42384398703049875
1105,1105,ARID1B,-0.3452870583775109,9.29441638471956,-0.20222002471742787,0.040892938396717135,0.10904961194525263,0.21237032974265893,0.19914566930970196
1106,1106,ARID2,0.032231860424286864,6.815196819946093,0.04450777426092342,0.0019809419696613173,0.7269259335385174,0.09188044069898167,0.8210305062131374
1107,1107,ARID3A,-0.26533012373516585,8.470152725979009,-0.6083742283711385,0.37011920174617824,9.681560766547637e-08,0.04395913023508805,9.71520845225158e-07
1108,1108,ARID3B,0.36490328917362347,4.691888398007934,0.4317595374331895,0.18641629816452174,0.0003676085624704074,0.09681465752222428,0.001384317401871757
1109,1109,ARID4A,0.006204373195394391,6.977913588750826,0.009255775711080749,8.566938401383234e-05,0.9421337049183544,0.08512764956534483,0.9658163879950277
1110,1110,ARID4B,0.21060413252756768,5.919477515620272,0.1218291819839034,0.014842349582867053,0.3375574135565227,0.21790770311921875,0.47977368179708746
1111,1111,ARID5A,-0.1295275221230469,7.761461834857763,-0.2075644743489372,0.04308301101175061,0.09981191718172527,0.07752652561687796,0.1857055646163984
1112,1112,ARID5B,-0.7664177059093125,10.648357181586276,-0.4967329917057104,0.2467436650489053,2.9809602842762785e-05,0.17006622642964467,0.0001488418145169537
1113,1113,ARIH1,-0.261074787844475,8.685651330735165,-0.2682800216912492,0.07197417003865714,0.03208086239178536,0.11905860463754395,0.07192370587991635
1114,1114,ARIH2,-0.4273403519974083,9.79552666638294,-0.3931083273146661,0.15453415700413467,0.0013121419743734113,0.12694448799964658,0.004317646931325972
1115,1115,ARIH2OS,-0.19124556340077745,7.7648135786681225,-0.16188829555378734,0.02620782023731041,0.20123875540908415,0.14805163740001626,0.32392962524222974
1116,1116,ARL1,-0.13958919513192067,8.240251885952901,-0.17502050517464998,0.03063217723158969,0.16658172506435087,0.09972667172592256,0.27916168211333525
1117,1117,ARL10,0.12813189571125874,6.4821661138824,0.06389581929777974,0.004082675723734522,0.6159454437493059,0.25415614068241216,0.7328302409502545
1118,1118,ARL11,0.12565009912675082,6.612212311206466,0.1462201148732149,0.02138032199353616,0.2489452406477302,0.10796098597344077,0.38117154678827664
1119,1119,ARL13B,-0.16536398136397093,7.850624328485148,-0.3629517848575373,0.13173399813127207,0.003202357716757977,0.05391660486023437,0.009554568249709837
1120,1120,ARL14,0.15267604925300515,5.691931463587941,0.5761034559038559,0.3318951919043661,6.323022492762772e-07,0.02751039883887857,4.921274178136887e-06
1121,1121,ARL14EP,-0.18351020329909415,8.385238980626832,-0.3791148130931266,0.14372804150663632,0.002005927635253626,0.05688522479344539,0.006298153246544478
1122,1122,ARL15,0.023080875731160938,6.865720547617331,0.03460197346306005,0.001197296567538312,0.7860516837526071,0.08466334512546013,0.8624385272160261
1123,1123,ARL16,-0.26318465472620073,8.715763024795326,-0.3359459767014572,0.11285969926189605,0.006648352478994043,0.0937111848382119,0.018265677865087034
1124,1124,ARL2,-0.31303080338482897,9.714244004280484,-0.4007222676927814,0.16057833582484515,0.001033413702070087,0.09089454949191354,0.0034977451888602265
1125,1125,ARL2BP,0.5024316942419721,2.8931966605487167,0.5317944360025504,0.28280532216327064,6.126194240830629e-06,0.1016145557462718,3.6556278943286655e-05
1126,1126,ARL3,-0.5752840025641175,10.454027991385617,-0.492388601991281,0.2424465353709281,3.5838960064132785e-05,0.12914723302227052,0.00017550716422179907
1127,1127,ARL4A,0.3155775984750759,4.206545838653409,0.5510180451154106,0.30362088604280874,2.3803631843086202e-06,0.06069701996001916,1.5667709652341388e-05
1128,1128,ARL4C,0.1628713749451307,6.064086867257737,0.30551889508993657,0.09334179525697567,0.014088912212249862,0.06446628460693228,0.03522228053062465
1129,1129,ARL4D,0.5368061773820205,4.5485224461328,0.4861060499584702,0.2362990918062268,4.657431813773566e-05,0.12256099764476555,0.00022132254976358696
1130,1130,ARL5B,-0.18933547025747807,8.16961334125579,-0.3422706289188045,0.117149183420474,0.005634156079700406,0.0660100659375885,0.015777531346943267
1131,1131,ARL5C,0.02968013812933588,6.857405534284835,0.031867963019992264,0.0010155670670435944,0.8026009306984653,0.11822113617617573,0.8739100540162543
1132,1132,ARL6,-0.2767150332752252,8.067334694596902,-0.3912766505421335,0.15309741725947082,0.0013885669276392722,0.08265510953610011,0.004540150508535171
1133,1133,ARL6IP1,-0.27556882900006474,10.04689131446406,-0.385944268339644,0.14895297826422316,0.0016343759833605483,0.08365394538849594,0.005237888400129151
1134,1134,ARL6IP4,-0.5325443587173062,11.363321161306011,-0.5973712561704357,0.35685241769864434,1.8788267616632189e-07,0.09079688363128433,1.7116530721000002e-06
1135,1135,ARL6IP5,0.2739885906257978,4.066205845741672,0.3001917190579344,0.0901150681909578,0.015949370505416942,0.11056843492501567,0.03927045119895439
1136,1136,ARL6IP6,-0.2899083969262273,8.981340010737586,-0.39720737804981465,0.15777370117720838,0.001154656577909542,0.08506718117019361,0.003855086061460243
1137,1137,ARL8A,-0.2364019732106637,8.575676254703518,-0.2701396525735219,0.07297543189254313,0.03086296834566828,0.1070070859777442,0.0696039970345185
1138,1138,ARL8B,0.19437535687905644,5.275777226064387,0.2154028679483448,0.04639839552037208,0.08737882055974926,0.11191218219654088,0.16655121549347504
1139,1139,ARL9,0.03799389975990415,6.836772830723442,0.04644267170440563,0.0021569217550431994,0.7155478874797361,0.10378437085718764,0.8123297249475064
1140,1140,ARMC1,-0.31271976313566346,9.792572256158248,-0.4196561328790205,0.17611126986297415,0.0005566210873516948,0.0859013898398678,0.0020082688514829975
1141,1141,ARMC10,-0.33446587208342643,9.91797843452521,-0.7003543636361489,0.4904962346641952,1.184275356975266e-10,0.04329241625338038,3.850673101396304e-09
1142,1142,ARMC12,-0.011539771523844309,7.065730490117684,-0.01054997748881692,0.00011130202501454373,0.9340593614897404,0.1389074895076875,0.9614076464214236
1143,1143,ARMC2,-0.4246738786050994,8.410828809946393,-0.33560241512175515,0.11262898103555488,0.006707761731979368,0.15138653431022586,0.018414880870437782
1144,1144,ARMC3,-0.07080839479578913,7.26140689589069,-0.054767439370488065,0.0029994724152000852,0.6673214980342617,0.16395103488603,0.774304615545836
1145,1145,ARMC4,-0.35743264734796004,8.432066076170214,-0.2773209106935579,0.07690688750790432,0.0265171516859937,0.15726732890029774,0.06104272560435777
1146,1146,ARMC5,0.17097896721114458,5.900009088402473,0.1760412048708522,0.03099050581238136,0.16408404408348662,0.12142176134351387,0.2758940891861094
1147,1147,ARMC6,-0.1273824643703414,7.914846594580184,-0.1579325251743475,0.024942682507945905,0.2126183410600147,0.10114799896740193,0.3376787807594146
1148,1148,ARMC7,0.5359861217791639,3.735269367198523,0.449150363330554,0.20173604887996865,0.00019699791828666708,0.13540640358374598,0.0007932298104309735
1149,1149,ARMC8,0.10225692097497592,6.482635644427616,0.11016156942996363,0.0121355713792727,0.3861806010746468,0.11716972919054887,0.5290311666330307
1150,1150,ARMC9,-0.2133267933966892,7.974722431876144,-0.11833599467584915,0.014003407635922595,0.3516946123293243,0.22733714519315204,0.49431731226011016
1151,1151,ARMCX1,0.15028346264944947,6.224585958883532,0.6649099001516812,0.4421051753197186,2.070920249506022e-09,0.021440194220103275,3.852730068990799e-08
1152,1152,ARMCX2,0.06972304231666893,6.563104314133097,0.18705332520867696,0.034988946471623074,0.13886493381660647,0.04650302401157766,0.2414353023998974
1153,1153,ARMCX3,-0.13561961291443395,8.042564339982162,-0.239936749939478,0.05756964397151959,0.056176976229181635,0.06968744101481593,0.11549534038193567
1154,1154,ARMCX4,-0.17446434922927306,7.743014493654655,-0.10375412982850372,0.010764919456470005,0.4145693165025229,0.21240034225085175,0.5556758200583147
1155,1155,ARMCX5,-0.3666662131797901,9.329583234606774,-0.5447101875827949,0.2967091884564836,3.2670970170302413e-06,0.07169304433339473,2.0771869026362266e-05
1156,1156,ARMCX6,-0.6028110987210906,11.018612827355827,-0.4026807722071186,0.16215180430532136,0.000970959288139201,0.1740232085243283,0.0033091160504649664
1157,1157,ARNT,0.12381662854744002,6.290401536838582,0.0971175670901374,0.009431821837507336,0.4452040663130159,0.16114896529850434,0.5853609020041506
1158,1158,ARNT2,0.028034818547010617,6.863619380860496,0.062353865731728776,0.003888004571690461,0.6245046559694397,0.05698920601093575,0.7391183431720073
1159,1159,ARNTL,0.1638146455129999,6.020390219880255,0.3931487328582857,0.15456592614807566,0.0013104996346823047,0.04865638901511357,0.004312898113836673
1160,1160,ARNTL2,-0.17000800780560127,7.913494872820443,-0.7387500834811787,0.5457516858434485,3.2070642873321905e-12,0.019698023562325657,2.394792315247537e-10
1161,1161,ARNTL2-AS1,-0.06083494779126852,7.195584267146431,-0.03686043392406838,0.0013586915890706113,0.7724514189125158,0.20946024863634635,0.8524402729730688
1162,1162,ARPC1A,-0.1572521236408665,8.629830705428455,-0.1651568750065841,0.027276793361940443,0.1921684475327611,0.11926105755184975,0.3123476492773356
1163,1163,ARPC1B,-0.25780267433937265,9.514907587598953,-0.414411037933446,0.17173650836107604,0.0006630975832576724,0.07190258737165309,0.0023520684955683695
1164,1164,ARPC2,0.559952593104806,0.7774523599587031,0.36814834761640974,0.13553320585269288,0.0027622901885259307,0.17960015940797713,0.00838365718746027
1165,1165,ARPC3,-0.4284293839857181,11.717164385574286,-0.4679877622561173,0.21901254562148811,9.641645674103133e-05,0.1027474226944793,0.00042077758378215104
1166,1166,ARPC4,0.07234789784991516,6.366992160130152,0.10113670555657314,0.010228633210836972,0.4265035623820057,0.0903834078640573,0.567701434838179
1167,1167,ARPC5,0.33764063979429565,4.073266931420513,0.21938943848891684,0.04813172572048223,0.08154120697047433,0.1906916072451804,0.1572800103405267
1168,1168,ARPC5L,-0.327593532430121,9.668398245377913,-0.497829748988536,0.24783445897798875,2.844382940266557e-05,0.07247952617795916,0.00014294526008696285
1169,1169,ARPIN,0.4911740551767464,3.7600233203612743,0.3765036704194158,0.14175501383929207,0.0021668697247008302,0.1534885547490915,0.006741891363275357
1170,1170,ARPP19,-0.30959492516631243,9.49148672512151,-0.5015562445450309,0.25155866644211483,2.4224713602313888e-05,0.06781991302625867,0.0001238107559731195
1171,1171,ARPP21,-0.5235003587264742,8.623532064089572,-0.1471731664988004,0.021659940937283628,0.24584024234618865,0.44682495786622506,0.3777796230490147
1172,1172,ARR3,0.17372050203793174,6.059468959559928,0.19193052003097494,0.03683732451936047,0.12867547046895952,0.11281348440226095,0.22739246882693964
1173,1173,ARRB1,0.3696581276987285,4.523628500576205,0.6950930442247824,0.4831543401296752,1.858446775582953e-10,0.048555888899829584,5.528113313907809e-09
1174,1174,ARRB2,0.3124604230249765,5.014329165100159,0.4989585630795157,0.24895964767037504,2.709889716638646e-05,0.06892334191909573,0.00013698100330020982
1175,1175,ARRDC1,-0.474549844098255,9.65682202658872,-0.4452264280472698,0.1982265722317307,0.00022743866471868336,0.12120788807657787,0.0009010582298725006
1176,1176,ARRDC2,0.1445097583671854,6.04253357130384,0.16239847402061633,0.0263732643642248,0.19980330033538496,0.11151046621353886,0.3220738773829657
1177,1177,ARRDC3,-0.19696744126371232,8.489042064294997,-0.32842914055553984,0.10786570036605056,0.008059080162675454,0.0719402649633465,0.021655215401754184
1178,1178,ARRDC3-AS1,-0.0035536910568661475,7.03345635017417,-0.004108024399493131,1.6875864466830906e-05,0.9742993254140904,0.10986191011428864,0.9853564305922906
1179,1179,ARRDC4,0.1840851757546009,5.426057059479882,0.613941375685809,0.3769240127789836,6.855619248747803e-08,0.03005844958142867,7.241874869835788e-07
1180,1180,ARSA,0.2145969281283478,5.79130419705329,0.29777593044723044,0.08867050475371382,0.016860184821684613,0.08737270453376324,0.04126905191743871
1181,1181,ARSB,-0.4171011617471607,8.665175511886254,-0.2486876210085973,0.06184553284291575,0.047530755802803734,0.2063139349844931,0.10029021893303273
1182,1182,ARSD,-0.07321616591660086,7.514383665103932,-0.13277142248795698,0.017628250629475574,0.2956183618306993,0.06941358292532318,0.4343612176308721
1183,1183,ARSE,-0.0822960989944052,7.683461342091872,-0.2805249372106444,0.07869424039703596,0.024751480734275216,0.035761343296874595,0.05756560147145632
1184,1184,ARSF,0.2059183872649627,5.893170307521489,0.2695363679596114,0.07264985365285903,0.03125375063356385,0.0934337509077318,0.0703314943333498
1185,1185,ARSG,-0.010483535923674365,7.063787716421063,-0.010700141530991641,0.0001144930287832521,0.9331229218528464,0.12442210872404293,0.9606720962595507
1186,1186,ARSI,0.2883836727065065,5.826310515785463,0.2683549680570137,0.07201438888088088,0.032031013556371744,0.13147276755283016,0.0718268197745915
1187,1187,ARSJ,-0.0606690487620092,7.315274931921282,-0.18215110523951866,0.033179025139978204,0.14970589723781827,0.041592264090040965,0.25647794340861985
1188,1188,ARSK,-0.18433616450528745,7.9352346427455815,-0.13342892784461213,0.01780327878576271,0.2932117792518712,0.17388573115815398,0.4319682345533214
1189,1189,ART1,-0.05194834755712233,7.252639381516245,-0.04337352645071123,0.0018812627967705465,0.7336234125670551,0.1519645412675158,0.8258793407745674
1190,1190,ART3,-0.08021739153474343,7.3945714048584925,-0.4961547168507343,0.24616950305323235,3.055395352968469e-05,0.017827580991562602,0.0001522074680665567
1191,1191,ART4,0.26264694415220985,6.138641536930008,0.1409677323012682,0.01987190155016201,0.26653643314394043,0.2342600404413987,0.40196716064712235
1192,1192,ART5,0.19948529097206336,5.881518718194875,0.20314867335120745,0.04126938348435558,0.10739880561459116,0.12210946867139738,0.1969499980898404
1193,1193,ARTN,-0.1317393105894769,7.67134067876667,-0.1773981715980929,0.031470111286346414,0.1608062756014869,0.09281686939013783,0.27150007002574444
1194,1194,ARV1,0.42947091086034017,4.285953633167067,0.399473705885776,0.15957924169411544,0.0010750984919028683,0.12516937840073936,0.0036201613811470395
1195,1195,ARVCF,0.14454664705674514,6.098354619074677,0.11668103183898974,0.01361446319101134,0.358518210094946,0.1562554824552692,0.5010786007232513
1196,1196,ARX,0.16624914757337295,6.178647518187092,0.3310572732453431,0.10959891816864176,0.007538660925477888,0.060180153099757286,0.02042408386603574
1197,1197,AS3MT,0.08130102961935537,6.7149722506676515,0.09128213981725188,0.00833242904961632,0.4731494894366614,0.11264124563069468,0.6109750860912881
1198,1198,ASAH1,0.2968083964682266,4.51116456805492,0.2281239450631537,0.05204053431117678,0.06983028922105435,0.16088084852413315,0.138136011060741
1199,1199,ASAH2B,-0.16026893316972304,7.91567230053712,-0.35728856385766683,0.12765511786347405,0.0037519302426035094,0.05320819109626552,0.010986889709746992
1200,1200,ASAP1,0.12058368750832126,6.310929731229482,0.16390111386703388,0.02686357512685441,0.19561784765366094,0.09217171647000676,0.3167715440490965
1201,1201,ASAP1-IT1,0.15094668092679733,6.4417142471394815,0.16834510137733918,0.028340073157746608,0.18360732006406996,0.11224949239455027,0.30108132377148644
1202,1202,ASAP1-IT2,0.17471271198155866,6.401972176184591,0.205581982815296,0.04226395165826867,0.10316480679673642,0.10562495258241483,0.190698582260634
1203,1203,ASAP2,0.23343382499224302,4.938787811115019,0.4441015154357742,0.1972261560123512,0.00023692737327637842,0.05981116936556565,0.0009347171193842184
1204,1204,ASAP3,0.3480668631533126,4.94051175426136,0.7559521311489381,0.5714636245886213,5.154244523847558e-13,0.038279511316175685,6.132701382632905e-11
1205,1205,ASB1,0.07059868365871566,6.693017416495372,0.03764676894854604,0.0014172792122652102,0.7677319033778892,0.23799348777553775,0.8492695550997408
1206,1206,ASB10,0.08336189338677187,6.6505266019129206,0.058533384199529866,0.003426157065849773,0.6459238563910499,0.1805605351145716,0.7568559095808187
1207,1207,ASB11,-0.025368292761902545,7.104461433926415,-0.029854739551060987,0.0008913054736616854,0.8148430820185644,0.10786696978164187,0.8828010276722039
1208,1208,ASB12,0.1987640107419268,5.640528262792096,0.2926947933375478,0.0856702420469098,0.018922091386284787,0.08246664702529709,0.04565547509415009
1209,1209,ASB13,0.3581878475417665,4.242580038305775,0.4877939092059202,0.23794289785839345,4.343039360079196e-05,0.08140899374265317,0.00020839467614118103
1210,1210,ASB14,0.2145722303002175,6.1964581617809245,0.16244636995774347,0.026388823112448064,0.19966891431040065,0.16552379504084358,0.32195311536796173
1211,1211,ASB15,-0.2617448937372057,8.012037527884969,-0.19498992333001428,0.03802107020024485,0.12257944215288168,0.1672064339260355,0.21863584711478895
1212,1212,ASB16,-0.013705774361193874,7.098438092119026,-0.020977787061769542,0.0004400675500089456,0.869311796307205,0.08295689334290793,0.9190073691189476
1213,1213,ASB16-AS1,-0.23013537828469285,7.995107725902723,-0.2199865824147643,0.04839409644252788,0.08069402707121308,0.12960444998323764,0.1559776750035657
1214,1214,ASB17,-0.3033146119243116,7.930203352528852,-0.2024903144474376,0.04100232744502216,0.1085671263447523,0.18629534774095166,0.19866664872364465
1215,1215,ASB2,0.3248847211915484,5.336085133500837,0.58853837426183,0.3463774179787579,3.1430902153780013e-07,0.05667900032288192,2.666025014258152e-06
1216,1216,ASB4,0.1749185130260256,6.458710066822874,0.07016063413414506,0.004922514582105361,0.5817007082065645,0.3158456328632788,0.705070459829105
1217,1217,ASB5,0.2954768102236186,6.145943537218837,0.14306587771230836,0.02046784536559317,0.2594118475014727,0.25959770105667485,0.39363489297487153
1218,1218,ASB6,-0.011321783204338912,7.0848085628511335,-0.009335033513863559,8.714285070495582e-05,0.9416390514970812,0.15402250579661556,0.965583561898347
1219,1219,ASB7,0.3661643195748727,4.801294104113139,0.3771282771056157,0.14222573739265007,0.002127354729682903,0.11420301945058475,0.006625610049084319
1220,1220,ASB8,0.44959143510438004,3.914205313735424,0.4912847001587432,0.24136065661006625,3.754144836750169e-05,0.10122939141817383,0.00018281089822312773
1221,1221,ASB9,-0.2050682109670397,7.989653420567608,-0.5773690652546889,0.3333550375130732,5.896579694798947e-07,0.03682953940356423,4.6247893260004055e-06
1222,1222,ASCC1,-0.2406281014858528,8.681719250846587,-0.6247103864566667,0.3902630669468378,3.4489948104081605e-08,0.0381982110733894,4.0111698506653444e-07
1223,1223,ASCC2,0.06754944875945036,6.518666089163963,0.07636543430199258,0.005831679556131945,0.5486665333914111,0.11201059354647806,0.6777657204294864
1224,1224,ASCC3,-0.25116599292287195,8.688617546148109,-0.5550757492993829,0.3081090874602713,1.935021709851611e-06,0.047800402283045176,1.3049796053203563e-05
1225,1225,ASCL1,0.4270500602806209,5.251407653820079,0.3025293935423368,0.09152403395709408,0.01510851314056802,0.17087246602048226,0.03748566132664992
1226,1226,ASCL2,-0.13238060482080266,7.79352660090793,-0.6812545007173709,0.4641076947476743,5.815225580996012e-10,0.01806582888244519,1.3777408538985204e-08
1227,1227,ASCL3,-0.02698363514446064,7.1327562343226285,-0.030096871708925638,0.0009058216866635284,0.8133683099667263,0.11381158414832768,0.8816708499786071
1228,1228,ASCL5,-0.03204819423839931,7.141834116165602,-0.04539675798340508,0.0020608656354038526,0.7216908482431803,0.08956429414508506,0.8169907114175372
1229,1229,ASF1A,0.01722177476567862,6.879386426193434,0.02935972890630469,0.0008619936814517031,0.8178600669939168,0.07446338226891441,0.8851396746840556
1230,1230,ASF1B,-0.19712803249883928,8.427854762962829,-0.6501168478833192,0.4226519159017429,6.1197967120265296e-09,0.029260381624374526,9.610166627914032e-08
1231,1231,ASGR1,-0.03920900849957185,7.185102134269132,-0.05183609008124758,0.0026869802349112136,0.6841628106059806,0.09593421448738207,0.7873071348534654
1232,1232,ASGR2,0.05966188387101602,6.666188445503621,0.09007149086099712,0.008112873465922689,0.4790628255236512,0.08378087529225182,0.616442182346822
1233,1233,ASH1L,0.27643548464935025,5.1666672225505215,0.3780325545489962,0.14290861229883978,0.0020712884528091965,0.08597700458136914,0.006480819454642847
1234,1234,ASH1L-AS1,-0.2594183085856905,8.512041395442752,-0.3306989100079499,0.10936176908044612,0.007607846408491359,0.09402052715938826,0.020588342161444687
1235,1235,ASH2L,-0.4738962292038141,11.266001079987884,-0.40171425337508415,0.1613743413647013,0.001001341175532701,0.13720004060166585,0.0034019521738563917
1236,1236,ASIC1,-0.6862319885923355,9.920417765052157,-0.4592502372725466,0.2109107804348903,0.00013499850089715735,0.16857329652843567,0.0005674286756459515
1237,1237,ASIC2,0.1520067192010749,6.3365356746237005,0.16942816251398105,0.028705902252863968,0.18076273793890069,0.11229404210683834,0.2976137192510109
1238,1238,ASIC4,0.17617298840236895,6.1766872947700024,0.21454646486832504,0.04603018558749543,0.08867477986672026,0.10185665976736452,0.16867993306516402
1239,1239,ASIC5,-0.2261913281913329,7.721355308600403,-0.14187039798919,0.020127209825611163,0.2634553545207982,0.2004348188801992,0.39845828342980066
1240,1240,ASIP,0.03425232258107555,6.881361705448676,0.04176958471255584,0.0017446982070593786,0.7431280775541849,0.10405305510004173,0.8329850675208796
1241,1241,ASL,-0.04599988132631745,7.460285767143941,-0.05464304413512768,0.002985862272353511,0.6680329394604554,0.10675215212961706,0.7746443058165711
1242,1242,ASMT,0.08090995666765508,6.686187705933449,0.055548321595542134,0.003085616032081772,0.6628621584508987,0.18469881700100133,0.7704927558375851
1243,1243,ASMTL,-0.1939783155212028,8.457641481841316,-0.3302732047704465,0.1090803897893413,0.007690753893350707,0.07040496023150294,0.020778948915846484
1244,1244,ASMTL-AS1,0.11177371415188016,6.442881672755543,0.11826175198263135,0.013985841982001406,0.35199899295445203,0.11919035261837704,0.49461671484190894
1245,1245,ASNA1,-0.4380362502031259,10.851692564369635,-0.6351711817791161,0.40344243016267894,1.7250354050383514e-08,0.06764716531850379,2.2639782846124546e-07
1246,1246,ASNS,-0.3127522287378273,8.712835907627552,-0.6793566009138735,0.46152539120525204,6.767397238678105e-10,0.042903170142165915,1.5640126702622664e-08
1247,1247,ASNSD1,-0.3061434003415311,9.629405288625524,-0.6617790214266814,0.4379514732004561,2.617856411864781e-09,0.044045644375396056,4.704537809039986e-08
1248,1248,ASPA,0.2600069013611462,5.845962249535588,0.6772323080450697,0.4586435990600522,8.008591334708297e-10,0.035875090107731135,1.786056079846634e-08
1249,1249,ASPDH,0.2810873706130093,5.184381086216336,0.32882811366553816,0.10812792833683607,0.007978110499876635,0.10252453999261056,0.021472282236493726
1250,1250,ASPG,0.34080820153205804,5.2253932787251935,0.3468402568203897,0.1202981637512339,0.004988678481167678,0.11704488597087233,0.014171564018061926
1251,1251,ASPH,-0.4041480919930188,9.518794817434557,-0.5015303802890094,0.2515327223528384,2.4251880718396736e-05,0.08853884484570312,0.0001239203579416898
1252,1252,ASPHD1,-0.3741947626593015,9.043940043823104,-0.6456693958048043,0.41688896867894093,8.379842041828559e-09,0.056204008009606836,1.246328842141466e-07
1253,1253,ASPHD2,0.015229532242201443,6.9301658276329565,0.033828929530633066,0.0011443964731885385,0.790721788384365,0.05714178722929328,0.8654139455909948
1254,1254,ASPM,-0.2533514067737162,8.302815580865383,-0.5644181459185537,0.3185678434421377,1.1884961573565571e-06,0.047058471798137186,8.567538045125248e-06
1255,1255,ASPN,0.15948451587898627,6.286098388216259,0.715347367050545,0.5117218555461472,3.103880265266525e-11,0.0197851496457492,1.290106087223543e-09
1256,1256,ASPRV1,0.08804478015471405,6.619609205471604,0.06787606347798363,0.004607159993267261,0.594087924145018,0.16435706517150692,0.7147782051012702
1257,1257,ASPSCR1,-0.28126522373414153,8.763967183987353,-0.5226218132197984,0.27313355965314984,9.426988623592962e-06,0.0582720061718076,5.3426181272940485e-05
1258,1258,ASRGL1,-0.18186100709666747,8.494777775057473,-0.6475301853808784,0.4192953409793947,7.3518481660078e-09,0.027180746731247974,1.1174967881787826e-07
1259,1259,ASS1,-0.12106358844244006,8.374151541818488,-0.362926798728234,0.13171586123512408,0.003204616131717528,0.039475677638352816,0.009558672497567916
1260,1260,ASTE1,0.4029771968758158,4.229109739812109,0.6997447009594172,0.4896426465207842,1.2483743607414627e-10,0.05224950697928714,3.987248787884421e-09
1261,1261,ASTN1,-0.10678470341579407,7.3686501728058,-0.06947704323275912,0.004827059536366682,0.5853948548277192,0.19472474899234565,0.7077225090048158
1262,1262,ASTN2,-0.5187438462748223,9.25565312845711,-0.5404085489807409,0.2920413998114698,4.039737791785323e-06,0.10257436410474,2.523961970026289e-05
1263,1263,ASUN,-0.23596669014804825,8.946812724368796,-0.7351479817330631,0.5404425550461961,4.61908907977963e-12,0.02763439683870808,3.0777345853116274e-10
1264,1264,ASXL1,-0.5211362864152992,10.291976186192187,-0.5964028388228598,0.3556963461559661,1.9893681921914522e-07,0.08907607336026975,1.797236887855899e-06
1265,1265,ASXL2,-0.1731668062448701,8.069769519354958,-0.12527141316303572,0.015692926955864,0.3239802509182802,0.17417351994776642,0.46542340013502437
1266,1266,ASXL3,0.5077823951300108,4.938909939939577,0.4573226729864892,0.20914402722750736,0.000145227741663404,0.12540295237056548,0.0006038607422659396
1267,1267,ASZ1,-0.3770248105469761,8.076481949102082,-0.14478748370978775,0.02096341543901205,0.25366282711713184,0.3272220232051615,0.38656358347793734
1268,1268,ATAD1,0.014042719507763628,6.904905815539888,0.01723328838880259,0.00029698622869163817,0.8924861107619152,0.10347197089523152,0.9338416471081017
1269,1269,ATAD2,-0.1865504237564802,8.096728891187434,-0.67978166879577,0.4621031172307618,6.542062740786728e-10,0.02556115417230177,1.523315791954157e-08
1270,1270,ATAD2B,0.3680128585639831,5.275031985440545,0.36804988779036857,0.13546071990250289,0.00277009998460857,0.1180736052239704,0.008403826725511149
1271,1271,ATAD3A,-0.320504174143811,9.287835957858457,-0.4549748189638713,0.20700208589120747,0.0001586473466781941,0.07966847551675957,0.0006545793888918732
1272,1272,ATAD3B,-0.15472145190444184,8.025335280049608,-0.13488273050677052,0.018193350988962083,0.2879362698274545,0.14434818344060776,0.42648990208122306
1273,1273,ATAD3C,0.05172238481493596,6.731425156071108,0.06412244729198698,0.0041116882467136465,0.6146917042379872,0.10222989736277836,0.7319448397269116
1274,1274,ATAD5,-0.3364069448539436,8.715141985254206,-0.4752512034382283,0.2258637063694843,7.237590059334698e-05,0.0790960138677976,0.0003268613404273053
1275,1275,ATAT1,-0.26559142295593263,8.342380851804194,-0.3185986728179234,0.10150511432134222,0.010293976081901687,0.10035338897623336,0.026863828880884674
1276,1276,ATCAY,0.27812316611876065,5.497988930922893,0.33005690268782506,0.10893755901188043,0.007733181243151635,0.10101981507880048,0.020883157478544537
1277,1277,ATE1,0.09836284247090236,6.460393768595443,0.08536760960848408,0.007287628770266544,0.5024074502135056,0.14579875714356724,0.6377276280406485
1278,1278,ATF1,0.060122876090398174,6.551036695141372,0.08481859726039111,0.007194194441220427,0.5051698329637803,0.08969845676999331,0.6399323523831062
1279,1279,ATF2,0.12449508071824897,6.291619707672144,0.12192743695412417,0.014866299882201927,0.3371649918624429,0.1287070954948463,0.479403013708549
1280,1280,ATF3,0.05762248475422065,6.685833872213352,0.1317969544378432,0.017370437199090916,0.2992087471018925,0.05504091882526041,0.43844670581211814
1281,1281,ATF4,-0.4277862568814504,11.495054156755199,-0.6016295601317574,0.3619581276243319,1.457922631706726e-07,0.07213173980629374,1.3786600257471245e-06
1282,1282,ATF5,-0.2444012670291464,8.446988167967111,-0.21829067154079104,0.04765081728172952,0.08311843159634529,0.1387619959518491,0.15966880327138344
1283,1283,ATF6,-0.08193514178943452,7.629623316704296,-0.07856430432078526,0.0061723499134089576,0.5371807165095961,0.13203973174728134,0.667813790459573
1284,1284,ATF6B,0.08254503986125211,6.599370813678296,0.05331079641900264,0.0028420410148283447,0.675670473451663,0.1963640343747845,0.7810625154858144
1285,1285,ATF7,-0.4474388544122856,9.707916336584956,-0.3706531779340959,0.13738377831264453,0.0025700926996480053,0.14238981705177206,0.007854270026937277
1286,1286,ATF7IP,-0.21096779652810654,8.40623274616661,-0.19179002578253168,0.036783413989664164,0.12896083329002128,0.13710594318233402,0.227792447138919
1287,1287,ATF7IP2,-0.11682999974261835,7.749817446091348,-0.4111736985632372,0.16906381039017182,0.0007377121525211553,0.032894026773596874,0.002584558592921148
1288,1288,ATG10,-0.28559422491827396,8.403185162291356,-0.3402626287935211,0.11577865655347755,0.005940299542481765,0.1002350982445606,0.016525846170663234
1289,1289,ATG101,-0.4189681218435136,10.53677875845728,-0.6311643298665727,0.39836841129591977,2.256209029973626e-08,0.06538949807650524,2.817658970246763e-07
1290,1290,ATG12,-0.25269597221171336,8.864337350852724,-0.35958990476331115,0.12930489960768718,0.003519251897173739,0.0832775681376974,0.010384166757500658
1291,1291,ATG13,0.05946427874381836,6.5691013578778135,0.038415686389385424,0.0014757649607676125,0.7631250360492938,0.19644049442353034,0.8464963443344968
1292,1292,ATG14,-0.07133518190361986,7.533390065010238,-0.09371269768247788,0.008782069706927494,0.4613968291196996,0.09624852063803097,0.6002011374173782
1293,1293,ATG16L1,-0.07090906873800362,7.415773158296718,-0.06277415387786119,0.003940594395081393,0.6221667150536143,0.14317516416366113,0.7376817901054543
1294,1294,ATG16L2,-0.04048656607335729,7.222190044753381,-0.07703875297979143,0.005934969460681321,0.5451369180319707,0.0665446663922617,0.6747222199349753
1295,1295,ATG2A,0.08186515043119462,6.408222301110037,0.11323224365018647,0.012821541002055195,0.37299673089789065,0.09122858562199113,0.515952999526913
1296,1296,ATG2B,0.07625463305142867,6.622225100848201,0.10496846691093302,0.011018379045631636,0.4090985978802172,0.09174991000053337,0.5506845195862946
1297,1297,ATG3,-0.5472046808966596,10.719574209363676,-0.4998273883740901,0.24982741816886356,2.610415727909722e-05,0.12042440317648488,0.00013247844524932043
1298,1298,ATG4A,0.34001532892130765,4.429570902259557,0.6632965303538587,0.4399622871794674,2.3375620294852026e-09,0.04871958307954755,4.275329877407269e-08
1299,1299,ATG4B,0.20571588320836984,5.4874592898167185,0.2233534348249167,0.04988675684808831,0.07604710856824153,0.1140163227438108,0.14848076242406186
1300,1300,ATG4C,-0.14750548716122824,7.915557584199744,-0.2523127095780053,0.06366170341459483,0.04428432499383685,0.07184384997219942,0.09463143098976687
1301,1301,ATG4D,0.4265825266055076,4.253705557814873,0.565685847844682,0.3200004784517567,1.1111475533528469e-06,0.07897437674158292,8.085315950220396e-06
1302,1302,ATG5,0.2555764586657034,4.892775810485468,0.2840399518627032,0.08067869425416675,0.02292973180077737,0.10956686503382604,0.053977969577762144
1303,1303,ATG7,-0.4477683540590194,9.638327707482752,-0.3439423359518386,0.1182963304600074,0.0053899644465055345,0.1552505829221522,0.015160368890645195
1304,1304,ATG9A,0.14546606561733005,5.985834791999083,0.17231497130393747,0.029692449335476795,0.17333696264551887,0.10560817590344784,0.2877654037173192
1305,1305,ATG9B,0.09749766252286284,6.634492027354089,0.08955350305247542,0.008019829908969725,0.4816048734689689,0.13771056988802538,0.6187205466878573
1306,1306,ATHL1,-0.21206319539729232,8.257944991008134,-0.5059557640769802,0.2559912352027208,1.9993194161870406e-05,0.045914085045335375,0.00010397517280867043
1307,1307,ATIC,-0.2701580737203284,9.601272815513317,-0.7398428307685485,0.5473674142396191,2.8676595485617115e-12,0.031200068296495086,2.186590405778305e-10
1308,1308,ATL1,0.10984911563837828,6.3488040367005,0.36142166006455895,0.1306256163638216,0.003343299675062954,0.035990672650969564,0.009925850625649612
1309,1309,ATL2,-0.11327757551239295,7.697906815009559,-0.18053237327116867,0.032591937798920584,0.15342046696532433,0.07837866468501095,0.2615138016805766
1310,1310,ATL3,-0.11713754081562712,7.7934917169876625,-0.11211401764167696,0.012569552951758257,0.377765991281259,0.1318540878612168,0.5206213034554613
1311,1311,ATM,-0.01705096949985769,7.098489948058,-0.012272213871295757,0.00015060723330282398,0.9233249627807154,0.17644022834065484,0.9541685549518679
1312,1312,ATMIN,0.4259081035144525,4.083138334152622,0.2595261484799585,0.06735382174484147,0.03836646486725817,0.20127850328713653,0.08382865469684952
1313,1313,ATN1,0.012406270343795055,6.946404264550727,0.012160434608372586,0.0001478761698645057,0.9240212709219301,0.12955798530233534,0.9546603350102288
1314,1314,ATOH1,0.08353180109515737,6.409864626976508,0.2489350337155753,0.061968651010974624,0.047303150282791424,0.04127419923461921,0.09986835520852572
1315,1315,ATOH7,-0.3446490929996872,8.18632668980202,-0.2003330549601534,0.04013333290966785,0.11246420273538994,0.21405931756760585,0.20423937937647088
1316,1316,ATOH8,-0.3784013582760757,9.091474617482797,-0.6470548289858425,0.4186799517138979,7.602449650160079e-09,0.0566269811708037,1.1472546841408816e-07
1317,1317,ATOX1,-0.3169366996068582,9.692238674980135,-0.3519304428039399,0.1238550365721772,0.004347262710643354,0.10705521667273424,0.012536952190568895
1318,1318,ATP10A,0.4191494682319167,4.801046827468559,0.3282472284483981,0.10774624298405484,0.008096235920553892,0.1531849854313015,0.021741566078818764
1319,1319,ATP10B,0.10336045701337858,6.1021808999614535,0.11978414808273888,0.014348242131907519,0.3457900211700474,0.10879801657156993,0.4882364809569914
1320,1320,ATP10D,-0.03631398936104783,7.267544894451972,-0.08718489221150337,0.007601205429931461,0.4933196000984864,0.052696284645370885,0.6297356720191418
1321,1321,ATP11A,-0.5230828625894307,9.403654498771305,-0.6973573873527732,0.4863073256954858,1.5326381432492224e-10,0.06827644924408444,4.748108582555352e-09
1322,1322,ATP11A-AS1,-0.14342701266400845,7.546583076813835,-0.09567438255763283,0.009153587477784277,0.4520286049784086,0.18951457272208894,0.5912466441657066
1323,1323,ATP11B,-0.12940392604509635,7.859886645502861,-0.17264421814384218,0.029806026058498563,0.1725043813553186,0.0937624303898032,0.28669089625858973
1324,1324,ATP11C,0.13729518965101628,6.320921563306898,0.1389922060115315,0.01931883333195201,0.27336362178498125,0.12423184818469385,0.4101780231259541
1325,1325,ATP12A,-0.04414629749029872,7.251520170042178,-0.17265998805571714,0.029811471475400395,0.17246457662526346,0.031984149142316336,0.2866687447666626
1326,1326,ATP13A1,-0.3859257434176999,10.064812592312784,-0.569162613094003,0.3239460801439937,9.225499779164985e-07,0.07080471967360959,6.877046393040199e-06
1327,1327,ATP13A2,-0.21676466276930226,8.447957542389544,-0.4339351513852355,0.18829971560772726,0.0003406285804012904,0.05715650394311141,0.0012915972524233834
1328,1328,ATP13A3,-0.06757427234072384,7.491679212900682,-0.11973487291308915,0.014336439791513616,0.3459899134210549,0.07115890000254545,0.48843501444862963
1329,1329,ATP13A4,0.607188774778816,4.705312288119415,0.6206674669675328,0.38522810455189344,4.477388983967345e-08,0.09741501687029612,5.023723235637971e-07
1330,1330,ATP13A4-AS1,0.26266141979727714,6.232663825105862,0.18193190326883016,0.033099217427018976,0.1502049530374011,0.18029452375657906,0.2571498346134019
1331,1331,ATP13A5,0.09539840811408043,6.6679806408810425,0.059872255673113224,0.0035846869993866382,0.6383837723267461,0.20199464643145912,0.7507440311575805
1332,1332,ATP1A1,0.2752944339393901,3.9329664009805114,0.3661760938110422,0.1340849316787132,0.002922526238272825,0.08884832545377687,0.008813160519398138
1333,1333,ATP1A1-AS1,0.2288798261926629,5.815415121435173,0.15828302632809435,0.02505351642358021,0.2115921255097973,0.18132918667550812,0.3364791227151783
1334,1334,ATP1A2,0.3492619058163233,5.610592992413436,0.5930572942510962,0.3517169542644313,2.4202681669710763e-07,0.0602200421035911,2.131391100274854e-06
1335,1335,ATP1A4,-0.06137462746458337,7.222821410046365,-0.0338668788903084,0.0011469654857708164,0.7904923564824755,0.2300216138922603,0.8653815266987517
1336,1336,ATP1B1,-0.27534111221094665,10.27758743104081,-0.2827301513351164,0.07993633847397784,0.023594826333536763,0.11863478051960245,0.05531514174003882
1337,1337,ATP1B2,0.21356060800160398,6.0343879210880145,0.19740016258146426,0.03896682418718852,0.11793392598246205,0.13469360847843426,0.2120793196437648
1338,1338,ATP1B3,0.4200289922128376,4.024994864044737,0.6681409331107868,0.4464123064981529,1.6212529589198894e-09,0.0594030245250304,3.165755890478828e-08
1339,1339,ATP1B4,0.5566114377573202,5.2619329380197595,0.29516326292732536,0.0871213517819054,0.01789499916176924,0.2288234364838183,0.043506927904806654
1340,1340,ATP2A1,-0.049757300097862084,7.2107317200367556,-0.04132523907536586,0.0017077753846361453,0.7457680286272632,0.15278278829648695,0.8346481296151421
1341,1341,ATP2A2,0.5699776786602726,2.371973601946018,0.5178350301454702,0.26815311844576,1.1746674125316047e-05,0.11958609674528932,6.500342404094933e-05
1342,1342,ATP2A3,0.2770317491734754,5.005747044716434,0.5045380513425933,0.2545586452525813,2.127527730126757e-05,0.06020693448405895,0.00010992988068693611
1343,1343,ATP2B1,0.2141457704008133,5.371634586267984,0.6483361794685245,0.4203398016078429,6.9447424008616195e-09,0.03193744278206726,1.0696187531341278e-07
1344,1344,ATP2B2,0.4114985648066176,5.380509214508983,0.2770730467239176,0.07676947322087421,0.02665805906101408,0.18123133010250614,0.06132146472979179
1345,1345,ATP2B3,0.32762270568490404,5.871902616064182,0.2047802983146982,0.041934970577856785,0.10454520416660996,0.1988783328130776,0.19276115368926988
1346,1346,ATP2B4,0.13415174915160294,6.1654536282107815,0.20279124411385854,0.04112428868924658,0.1080318866052088,0.08226828695844844,0.19783767479372485
1347,1347,ATP2C1,-0.27133722963194384,8.863651535076889,-0.5074533128658827,0.25750886473855944,1.8717094415279865e-05,0.05851444445225256,9.79977465094017e-05
1348,1348,ATP2C2,0.2673893223930547,5.184073062355521,0.4032974019096375,0.16264879438706367,0.0009520135658362461,0.07705070497724915,0.0032532513441981864
1349,1349,ATP4A,-0.0667228134006243,7.302957493612418,-0.08045715736054923,0.006473354170540182,0.5273887474196945,0.1049792777848833,0.6593751852079482
1350,1350,ATP4B,0.1673780949570123,6.334413797177076,0.1665810708024067,0.027749253149676432,0.1883094316872516,0.1258248058847365,0.30725141223534
1351,1351,ATP5A1,0.6495508814045335,1.4327289911930503,0.5151852249394318,0.2654158159958929,1.324908468357186e-05,0.13723810703769942,7.21420489873645e-05
1352,1352,ATP5B,0.565834374920264,0.19552494539467968,0.47231348764358094,0.22308003061004314,8.134085782367077e-05,0.13410694752125002,0.0003622863587354156
1353,1353,ATP5C1,0.25771928590648313,4.259275730630395,0.22463694317210675,0.05046175623770832,0.07433271268554129,0.14197965759542602,0.14560605094576176
1354,1354,ATP5D,-0.06343618400280171,7.545079326701523,-0.08481682445427811,0.0071938937105078295,0.5051787655507093,0.0946436360493174,0.6399323523831062
1355,1355,ATP5E,0.17444949058558012,5.658609499885727,0.15774181490631226,0.024882480169937275,0.2131781832168432,0.13869330816661038,0.33829499908843175
1356,1356,ATP5F1,0.4715471390764072,2.8039748548824672,0.4943601835597194,0.2443919910891994,3.2974959004838675e-05,0.10530137956498577,0.00016310478237774816
1357,1357,ATP5G1,0.36036509489944973,3.4272261652451435,0.4026395454193377,0.16211860353549087,0.0009722380292365422,0.10404512122083026,0.0033129527180357702
1358,1358,ATP5G2,-0.3858220454140545,9.864533192583659,-0.3204571472690099,0.10269278323579192,0.009834321401724928,0.14484109933255093,0.025785474022805822
1359,1359,ATP5G3,0.6921943814284732,-0.08868619895978913,0.6948338898927404,0.4827941345434769,1.8996865905857284e-10,0.09098775575508557,5.619906163816114e-09
1360,1360,ATP5H,-0.07125029255526373,7.644589496502602,-0.04119986495513034,0.0016974288723209773,0.7465134312251904,0.21944521195474564,0.8351106878458474
1361,1361,ATP5I,0.1149493386840199,5.794770265036083,0.11023377287279083,0.01215148468177004,0.3858674469032838,0.13162583406721534,0.5288247302506557
1362,1362,ATP5J,0.6438113473419422,-0.2451795820085953,0.5229672994925412,0.27349479633852125,9.27728909002365e-06,0.13326239466226308,5.264667066154668e-05
1363,1363,ATP5J2,-0.30994191185438713,8.340562014257307,-0.3244396739777918,0.10526110205081582,0.008909012317602725,0.11476214730883155,0.023654323410702182
1364,1364,ATP5L,0.3583412088541839,3.1329603698924395,0.2577295069646009,0.06642449876021626,0.039775320165505085,0.17061275268389198,0.08640919395301222
1365,1365,ATP5O,0.8971820598300515,0.049926903496816166,0.4503524420068651,0.20281732202154684,0.00018844884387288942,0.2258973523077833,0.0007614964945078225
1366,1366,ATP5S,-0.4269701122626508,9.283690644917595,-0.487108760024693,0.23727494409279395,4.46821434120918e-05,0.09722091356611523,0.00021369077199400352
1367,1367,ATP5SL,-0.5170327855768428,10.507670474997804,-0.29867593929162817,0.08920731671173636,0.01651578419934479,0.2098126971496829,0.04053602026938812
1368,1368,ATP6,0.12833878155896994,5.573417027823121,0.16687484389032606,0.02784721352342069,0.18752040928609065,0.0963026986377152,0.3062409097353162
1369,1369,ATP6AP1,0.07501656625303205,6.31547991328646,0.07854146307265247,0.006168761421592832,0.5372994191591713,0.120925717026439,0.667917579200712
1370,1370,ATP6AP1L,0.1811881764122132,6.169010704683088,0.16857492990806486,0.028417506993508968,0.18300100472939848,0.13454912004287892,0.30042352796718397
1371,1371,ATP6AP2,0.5983194146450446,2.179015625090712,0.41484747013724105,0.17209842347926907,0.0006535802817394107,0.16666260257047186,0.0023221133717911306
1372,1372,ATP6V0A1,0.2691790589535149,5.1157109423922735,0.3502313190620438,0.12266197685193912,0.004552753768663828,0.09142688471129118,0.013054804404186335
1373,1373,ATP6V0A2,0.16464536592387152,6.196195045274508,0.16407310505469502,0.02691998380228898,0.1951428129369928,0.12571599778246076,0.31611442356003727
1374,1374,ATP6V0A4,0.0808343303270264,6.709140302029122,0.06418427643044035,0.004119621340899182,0.6143498466964363,0.15961545426638893,0.7317389544145717
1375,1375,ATP6V0B,0.19828991413330205,5.13197414463522,0.2386606174645345,0.056958890328552864,0.057538389477193176,0.1024682531782202,0.11774653412668855
1376,1376,ATP6V0C,0.3509397813639721,3.677583314982248,0.3796335607555812,0.14412164045196155,0.001975258480033855,0.10861209250527687,0.006214473686638548
1377,1377,ATP6V0D1,0.4650905586752377,2.0937187313652155,0.6437367699433509,0.4143970289770987,9.590942742349152e-09,0.07021582417743888,1.3986765350851015e-07
1378,1378,ATP6V0D2,0.20800369093264595,5.933708743714122,0.5629429325668617,0.3169047453269781,1.2848586793089147e-06,0.03878389832889331,9.161545834848387e-06
1379,1379,ATP6V0E1,-0.22715557547277196,8.834995005089072,-0.2588158234152815,0.06698563045013016,0.03891844637210645,0.10766657498874704,0.08482074840861163
1380,1380,ATP6V0E2,0.0031775597938423802,6.992785778138599,0.005715322589308234,3.266491229985698e-05,0.964249370096284,0.07060737168169162,0.9788496207310627
1381,1381,ATP6V0E2-AS1,0.04566549633701605,6.8328539129856685,0.058527414146786375,0.0034254582067094488,0.6459575581100296,0.09892086272033516,0.7568559095808187
1382,1382,ATP6V1A,0.22860185286471355,4.934954799229142,0.33137137507365666,0.10980698821820603,0.007478473697292301,0.08266296938003385,0.020281320966169667
1383,1383,ATP6V1B1,0.24125027235660085,5.925639826494648,0.2400963823462928,0.057646272815777236,0.056008532706267336,0.12387775537851499,0.11522561046496477
1384,1384,ATP6V1B2,-0.16669278680924074,8.532291989990986,-0.26854958134947465,0.0721188776429781,0.03190187339476984,0.07593511455044569,0.07160129536293851
1385,1385,ATP6V1C1,-0.029561256690045962,7.223543141290952,-0.041363691095264256,0.0017109549410244435,0.7455394614502994,0.09068509542602887,0.8344785774386847
1386,1386,ATP6V1C2,-0.06696560322288728,7.265444716455321,-0.049666050017129336,0.0024667165243039933,0.696730253035714,0.17102516440037502,0.7968992568260913
1387,1387,ATP6V1D,0.7853238341894273,1.2933363472046464,0.7084436635392476,0.5018924244089107,5.810397862375091e-11,0.0993594518073215,2.132612978131061e-09
1388,1388,ATP6V1E1,0.12327336752859508,5.841552246557463,0.12011413094525493,0.014427404452733847,0.3444532461185993,0.12939682536386754,0.48682515629149375
1389,1389,ATP6V1E2,-0.3811229339332072,8.836864647720956,-0.5489217108733793,0.3013150446681578,2.646408583487977e-06,0.07370543707752901,1.724585551472529e-05
1390,1390,ATP6V1G1,-0.18287801246223329,8.538278208187554,-0.2644071745358124,0.06991115394601154,0.034746513869428244,0.08471389126390477,0.07709382764779392
1391,1391,ATP6V1G2,0.2492682446583681,5.9427969569405565,0.2560078319188661,0.06554001000379837,0.04116530741184063,0.11953586115896235,0.08900995826294646
1392,1392,ATP6V1G3,-0.010610718888129242,7.053484164993034,-0.010480737117094413,0.00010984585051764045,0.9344911821993284,0.12856811664924206,0.9615119722352132
1393,1393,ATP6V1H,0.1797480800590723,5.977554099143309,0.14685019017483106,0.02156497835438404,0.2468895026991029,0.1537658512511002,0.3790154672443693
1394,1394,ATP7A,-0.12270036880652772,7.802486970109682,-0.23162451801791345,0.0536499173470307,0.06553268860086787,0.06544725061870617,0.13118047436233998
1395,1395,ATP7B,-0.1478105651929483,7.936063263427079,-0.4333545129543568,0.18779613389790775,0.000347646516570913,0.03903901356628766,0.0013154438784454168
1396,1396,ATP8A1,0.19388635711337224,5.889269298111894,0.2515430561007467,0.0632739090725034,0.04495786816134135,0.09474261805029736,0.09585139657712385
1397,1397,ATP8A2,0.6753470619289088,4.31056241226856,0.4604754481359161,0.2120376383359728,0.0001288451880786612,0.16533980742143728,0.0005442056851654785
1398,1398,ATP8B1,0.3020303736715139,4.145579999689193,0.5437747134098477,0.29569093894396203,3.422310321519646e-06,0.05919941360620455,2.1650636871898315e-05
1399,1399,ATP8B2,0.2419635977637791,5.726705151605144,0.569267303157916,0.3240652624446866,9.173669642169731e-07,0.04438031002201755,6.8454795348444355e-06
1400,1400,ATP8B3,0.15875102807423808,6.4613337586062265,0.1028818956620204,0.010584684455010854,0.4185247328276436,0.19492657781938996,0.5595723728464831
1401,1401,ATP8B4,0.26454461653101363,6.035589071870889,0.5441094797332958,0.2960551259356379,3.365990606484513e-06,0.051806722304514635,2.133173151402462e-05
1402,1402,ATP8B5P,0.14592907056413862,6.578098871433031,0.08021751768437121,0.00643485014344241,0.5286235050118819,0.2302899194614835,0.6604362776802806
1403,1403,ATP9A,-0.09149723186574107,7.715676918519432,-0.12397091285504586,0.01536878723411337,0.32906844815249625,0.09300988571468778,0.47088992564212684
1404,1404,ATP9B,-0.4216102331295287,9.137523122337864,-0.25584312441832063,0.06545570431212827,0.041300361398808716,0.20232124737928575,0.08923960547707072
1405,1405,ATPAF1,0.20966158333259974,5.39352088635104,0.3316555699156852,0.10999541705609794,0.0074243797945033815,0.07574114088404932,0.02015734007647577
1406,1406,ATPAF2,-0.022975136926545448,7.139611745603538,-0.02013230426167795,0.0004053096748847762,0.8745355517843563,0.1449041249429142,0.9224696433252376
1407,1407,ATPIF1,0.3803504933768737,3.715455460033171,0.5376388965840975,0.2890555831201658,4.624250338435082e-06,0.07575569416751947,2.8391874419850214e-05
1408,1408,ATR,-0.35544438811332923,9.063503085720491,-0.6271629482904753,0.3933333637084013,2.9386566532948847e-08,0.056062244324733695,3.499252109009631e-07
1409,1409,ATRAID,-0.3259650153795195,10.348370477815967,-0.3500118224906649,0.12250827588323672,0.004579915841036502,0.11079341458316937,0.013122480014901995
1410,1410,ATRN,0.4024703037560104,4.301403525352317,0.4975589458582678,0.24756490460359065,2.877555430372375e-05,0.0891103151598532,0.00014441126962853716
1411,1411,ATRNL1,-0.013725501047906813,7.062007888515723,-0.008411928187969016,7.076053583954771e-05,0.9474015286558384,0.2072151192224684,0.9686944663601766
1412,1412,ATRX,-0.2088882233079981,8.31604143525962,-0.3410121191397055,0.11628926540015272,0.0058243617898402576,0.07313131168009296,0.016230414947753284
1413,1413,ATXN1,0.3284870912622822,5.2852149799339285,0.3917331445123515,0.1534548565095349,0.001369154619859712,0.09798446040530903,0.004490238269432389
1414,1414,ATXN10,-0.4511363220338967,10.883003656065876,-0.6036370189559214,0.36437765065399136,1.2919559128554493e-07,0.07567207862828702,1.24509591868646e-06
1415,1415,ATXN1L,0.24560220739628602,5.007995790125942,0.2781555132271405,0.07737048953865397,0.02604729728735575,0.1077115856782662,0.0601337124475148
1416,1416,ATXN2,-0.18574814228326092,8.303946299866723,-0.25604256715062,0.06555779619307976,0.04113687246970518,0.0890620492733953,0.08896304376746353
1417,1417,ATXN2L,-0.09284648916240344,7.470052794496177,-0.0806344092092805,0.0065019079485297,0.526476371111151,0.145758117917288,0.6589322515554257
1418,1418,ATXN3,-0.3899679604862437,8.83120644448335,-0.36326935053064413,0.13196462103495607,0.003173776997194493,0.12702027190635412,0.009475822538845545
1419,1419,ATXN3L,0.05035101268235874,6.849066062211684,0.04284794744080006,0.0018359465998895644,0.7367335920794116,0.1491019437750439,0.8285622402741967
1420,1420,ATXN7,0.339473479828114,4.910709332715573,0.5577356780402142,0.3110690865589775,1.6868251286985891e-06,0.06416074777004695,1.1555899450163855e-05
1421,1421,ATXN7L1,0.1690643222964603,6.251627286716819,0.1431658783302385,0.020496468718068653,0.2590755233461818,0.1484292879999425,0.393314470019351
1422,1422,ATXN7L2,-0.13326025442412687,7.552677250915001,-0.1664954782630101,0.02772074428202846,0.1885397668896742,0.100230029916921,0.3074788770875978
1423,1423,ATXN7L3,0.32908921177587314,4.487399717662257,0.31342698423256216,0.09823647444511877,0.011672565160754251,0.12662741735558314,0.029934793765529762
1424,1424,ATXN7L3B,-0.15598942167214688,8.255877923898371,-0.16092118072697542,0.025895626406563885,0.2039799719486666,0.1215035142876574,0.3272069721872642
1425,1425,ATXN8OS,0.4314195423238633,4.885268133417516,0.3571608388873839,0.12756386483473978,0.003765234442942496,0.14328705520118504,0.011021377650975907
1426,1426,AUH,0.35609487515833593,3.944758356471445,0.5672043411176961,0.3217207645827598,1.0247157784052694e-06,0.06566509752248867,7.527211730449834e-06
1427,1427,AUNIP,-0.2861777957208565,8.431545527736134,-0.629526746262795,0.3963039242602216,2.5150520902401592e-08,0.04485750140939166,3.082255405441463e-07
1428,1428,AUP1,-0.2253956943830727,9.0586866501349,-0.22547649283255636,0.05083964882006983,0.07322808406330228,0.12368535905049192,0.14384645287452344
1429,1429,AURKA,-0.26715798482607755,8.756089526776735,-0.6120432157363105,0.3745968979288439,7.717579436216362e-08,0.04383996930402729,8.004031738087419e-07
1430,1430,AURKAIP1,-0.1420537905565964,8.122872558718742,-0.09586084889436973,0.009189302350749185,0.4511436101022368,0.18733160544692093,0.590650425022578
1431,1431,AURKB,-0.2904295592445282,8.649085736230997,-0.6829042348270967,0.4663581939447825,5.092409322620051e-10,0.03945573043584145,1.2488802251567068e-08
1432,1432,AURKC,-0.015026031069045256,7.0887331710114925,-0.0210105764745424,0.0004414443237925948,0.8691093198030291,0.09080600925248998,0.9190073691189476
1433,1433,AUTS2,-0.4986918485983299,9.906120139697727,-0.4644931884599314,0.21575392212567326,0.00011043039533754136,0.12074891936707463,0.000474855085590639
1434,1434,AVEN,-0.24907585080942074,8.807160972327797,-0.6400523883048731,0.4096670597747721,1.237339340486731e-08,0.037972462677337684,1.7242622256327368e-07
1435,1435,AVIL,0.1316250684107058,6.258454669719707,0.20581684368145794,0.042360573142997696,0.10276309596848232,0.07948091541678018,0.19007633884961597
1436,1436,AVL9,0.021347434094235004,6.898100363474066,0.011738651766289635,0.0001377959452902148,0.926649195951094,0.2309413463736112,0.9565083339682988
1437,1437,AVP,0.15569266851914296,6.26162871893332,0.17620427093714994,0.031047945096492544,0.1636875804886254,0.11046050662722667,0.27535574889157016
1438,1438,AVPI1,0.31627954725210955,4.377923753567117,0.5674206663083621,0.32196621255382546,1.012929079653861e-06,0.05829023178760119,7.455805309280884e-06
1439,1439,AVPR1A,0.736285649264153,4.3170859747903325,0.3223684669804827,0.10392142850334657,0.009380308303972906,0.2745813165856095,0.024740874525420585
1440,1440,AVPR1B,0.16676195936274987,6.072128563803897,0.1821865682104252,0.033191945636291915,0.14962527501474684,0.11430228676619145,0.2564209663219645
1441,1441,AVPR2,0.16078836282830636,6.3180706027667926,0.1856871826264048,0.034479729791731806,0.1418249569977371,0.10805815286531856,0.2457172128799101
1442,1442,AWAT1,0.12694106769282276,6.55578345578216,0.1149784141948509,0.013220035730762691,0.3656224294101839,0.13928365316987726,0.5087094390180887
1443,1443,AX746627,0.11870508692241967,6.65040559915514,0.0578050954670216,0.0033414290619514808,0.6500403554107196,0.2603637786386937,0.7601624239766485
1444,1444,AX746699,-0.029494414519022582,7.112449920040028,-0.02029579434984272,0.00041191926829110766,0.8735250166371745,0.1845221114903332,0.9217514976745939
1445,1445,AX746710,-0.02104489275117384,7.074604577920387,-0.008425499167311088,7.098903621835982e-05,0.9473167917628358,0.3172048481646634,0.9686535615083676
1446,1446,AX746823,-0.33700349648785266,8.544389726064857,-0.4465831899079045,0.19943654550831952,0.0002164576031248921,0.08574998859046376,0.0008616524624392533
1447,1447,AX746830,-0.4796372445006403,8.536337386281259,-0.35920100097692065,0.12902535910282176,0.003557649428002867,0.15826404865778027,0.010483181162525798
1448,1448,AX746968,0.15676222620453534,6.240342134035279,0.18185510494052515,0.03307127919292941,0.15038009175689268,0.1076508122195574,0.257408970594855
1449,1449,AX747031,-0.12160824613451394,7.4729882237000975,-0.0946780679999547,0.008963936560204045,0.4567734396079394,0.162391211723505,0.5959222795123429
1450,1450,AX747064,0.1230747132925924,6.516023566932503,0.13887691656358292,0.019286797954208373,0.27376561826749857,0.11145868974143744,0.4105252034888638
1451,1451,AX747191,-0.3927717774387728,8.440818080485611,-0.3262861633693402,0.10646266040628376,0.008506381861911733,0.1445114054793436,0.022721808217552555
1452,1452,AX747250,0.19877838037002973,6.320618675260112,0.19278745296736988,0.03716700202164585,0.12694527776259235,0.12849020447476087,0.2248854703819484
1453,1453,AX747261,0.2299936643879275,6.1194638203600755,0.16597057754578046,0.027546232610879923,0.1899567441513665,0.17354951498388646,0.3094728629700453
1454,1454,AX747405,0.2691181669359723,6.121338775696479,0.1821576508549844,0.033181409765006414,0.14969101387300748,0.18448975351228425,0.25647273561357525
1455,1455,AX747444,0.1312220339615605,6.564480254396888,0.12674136802819327,0.01606337436965793,0.3182895990897036,0.13042957923751486,0.4591979525841127
1456,1456,AX747507,0.2289496498912752,6.217252721350127,0.26150025961648793,0.06838238577949059,0.03686641493495222,0.10732251965425592,0.08091032891622482
1457,1457,AX747630,-0.031457725110226833,7.114915980869256,-0.03042724026882927,0.0009258169503770654,0.8113571518177263,0.13124046869578387,0.8804339107342586
1458,1458,AX747652,-0.13395485493664244,7.496165266235111,-0.1150569645611493,0.013238105094025569,0.3652928019174824,0.14687770790316634,0.5083031480790138
1459,1459,AX747730,-0.2513315244417925,7.989676422196302,-0.4588477534288191,0.2105412608266744,0.00013707805729096278,0.061808361280810686,0.0005750533379767143
1460,1460,AX747826,0.22089622666844605,5.91222313028655,0.36153263022082655,0.1307058427143889,0.003332895798946231,0.07234830023332826,0.009896319556585854
1461,1461,AX748157,0.13520325956981144,6.378855576272027,0.14657856704310174,0.02148527631640907,0.2477742966348828,0.11587894376763633,0.3799161191003848
1462,1462,AX748267,-0.11165131282441734,7.462455834022441,-0.1080019981959871,0.011664431614326,0.3956167137069202,0.13052340990338765,0.5379642031600224
1463,1463,AX748273,-0.5039775400477821,8.77770791826038,-0.5594995447653989,0.3130397405926886,1.539046300897895e-06,0.09481595137291517,1.0685491390171182e-05
1464,1464,AX748292,0.19201368594969045,6.253811256054427,0.17949073827638462,0.032216925127001604,0.15584663723712824,0.13365441434351524,0.26479866060180557
1465,1465,AX748339,-0.11589140431816483,7.532806598575831,-0.12907329676839732,0.016659915938662766,0.3093938708351804,0.1130761072866306,0.44963869330920003
1466,1466,AXDND1,-0.11134591330702796,7.493104814192102,-0.37305120684745796,0.1391672029303449,0.0023973600273077093,0.03516975883564768,0.007385806144735872
1467,1467,AXIN1,-0.5070049741752553,10.539970023085377,-0.5958567920699223,0.3550453166558586,2.054370723763965e-07,0.08678388372446688,1.8482508526426532e-06
1468,1468,AXIN2,-0.14402529769418532,8.030721696130051,-0.7718460946758162,0.5957463938663089,8.284016471311764e-14,0.01506742981175826,1.587525457400498e-11
1469,1469,AXL,0.30703495551915466,5.012084260804205,0.6963607098488007,0.4849182382211256,1.6687084905720105e-10,0.04018794547048751,5.075264376873158e-09
1470,1470,AY927499,0.04541745258727629,6.860439490486691,0.04768619560488473,0.002273973251267328,0.7082676458564878,0.12082029771632274,0.8063051136064685
1471,1471,AY940074,0.1351162333219018,6.368962134569349,0.16853181349487895,0.028402972159872662,0.18311464056281426,0.1003628255741648,0.3004961762191378
1472,1472,AZGP1,-0.10814879502359374,7.635809439865736,-0.6945889073883402,0.4824537502669282,1.939471350907801e-10,0.01422566508387703,5.700223704972462e-09
1473,1473,AZGP1P1,0.041906607605098685,6.858773749887352,0.04596381018676962,0.002112671846885387,0.7183581805810614,0.11566751149420818,0.814307094320866
1474,1474,AZI2,-0.02813088771104381,7.165747153409232,-0.022505792347647026,0.0005065106891954073,0.8598853732286309,0.15870231785002134,0.9128299307449386
1475,1475,AZIN1,-0.3667540278725747,10.543879504878936,-0.4614673118262471,0.2129520798841428,0.00012405378559171123,0.08954445388914233,0.0005259685346222588
1476,1476,AZIN2,0.0882675693931856,6.502389992080102,0.09618828658264997,0.009252186475705998,0.44959186312509536,0.11600179127365799,0.5891269391246484
1477,1477,AZU1,0.011109733785345542,6.968424339304446,0.01307579014910051,0.00017097628802331398,0.9183209522664526,0.1078953517911263,0.9507020550198602
1478,1478,B2M,0.8534150371554435,-1.8892622578648943,0.6464683566491788,0.4179213361486898,7.92279459624691e-09,0.12791103540886267,1.1856815271715744e-07
1479,1479,B3GALNT1,-0.057658132050306274,7.2029376731933885,-0.0408865644742601,0.0016717111545078275,0.7483771466046469,0.17894550445045976,0.8361529313983856
1480,1480,B3GALNT2,-0.4827126618947664,9.25337578501032,-0.5405719959231895,0.2922180827763808,4.007499454786454e-06,0.09540893190324737,2.5067129027556515e-05
1481,1481,B3GALT1,0.2770257585313853,6.020999240201185,0.2378989116530831,0.05659589216572144,0.0583636703783018,0.14364176543785526,0.1190977461404189
1482,1482,B3GALT2,0.2798365428380403,6.095160452271316,0.3674880141978425,0.1350474405790737,0.002815045198302118,0.08994179427358648,0.008522270903010257
1483,1483,B3GALT4,0.5816538979923307,3.9639953364568763,0.6853647580339103,0.4697248515548804,4.171113003531579e-10,0.0784869885994564,1.0626523775467807e-08
1484,1484,B3GALT5,0.09360686582019452,6.4129966792257775,0.6186689857013293,0.3827513138687117,5.0869152715964425e-08,0.01509675480655366,5.620262765633722e-07
1485,1485,B3GALT6,-0.42292499661671257,9.460509492180627,-0.5358334427036643,0.28711747831966106,5.04683536081492e-06,0.08463435283577604,3.074239655089933e-05
1486,1486,B3GALTL,-0.2917171675436601,8.451867783209787,-0.3503828981302958,0.12276817530218526,0.004534079470076541,0.0990331133254439,0.013008146651365593
1487,1487,B3GAT1,-0.040412119265144576,7.2217599182780035,-0.04155956871751239,0.0017271977519856345,0.7443754617431737,0.12338698968729467,0.8336497012850862
1488,1488,B3GAT2,0.2020015000546064,6.206655863165195,0.13639825824757454,0.018604484852972038,0.28250367417453737,0.18632535599325253,0.420339223873135
1489,1489,B3GAT3,-0.2592552846519323,8.505705467439643,-0.2413034590685708,0.058227359358457416,0.05474807008515768,0.1324162426028731,0.11294364653654279
1490,1490,B3GNT1,0.3758566417635266,4.6466750296273895,0.35469140267220683,0.12580599112957758,0.004030811293773445,0.12582867848186452,0.011718588427273566
1491,1491,B3GNT2,0.3961234920229029,4.443372417496351,0.5458074766133192,0.29790580152699897,3.0934309997207228e-06,0.07723123255291109,1.9860138837519196e-05
1492,1492,B3GNT3,0.31506786741351783,4.407768954110326,0.5013311748589445,0.2513329468854496,2.446206992552586e-05,0.06906021365630705,0.00012475886110156913
1493,1493,B3GNT4,0.2403009101000231,5.446790785138319,0.2930602940537,0.0858843359508411,0.01876691187462081,0.09956419009339147,0.04534167986666447
1494,1494,B3GNT5,0.26426024943451354,5.161018029774828,0.4165734747593909,0.17353345987311286,0.0006171429446497205,0.07324146469191083,0.0022053185588101812
1495,1495,B3GNT6,0.005841882412981093,6.974408882365927,0.017565378213816756,0.0003085425117944283,0.8904269258776427,0.04223110562200148,0.9327236046959974
1496,1496,B3GNT7,0.16419856505700575,6.046029356393572,0.6401046686506214,0.40973398682832185,1.2329043223034228e-08,0.0250291676235966,1.7202669522861225e-07
1497,1497,B3GNT8,0.2221608564243389,5.6728894878561915,0.4724635909934374,0.22322184481441407,8.085904856392993e-05,0.05263223972972972,0.0003605111584624053
1498,1498,B3GNT9,-0.3657821791476577,9.121088352548727,-0.5012029711858752,0.25120441832554924,2.459823500386496e-05,0.08020375429355936,0.00012536473970550617
1499,1499,B3GNTL1,-0.4002317372914265,9.022375227693773,-0.6558738427512409,0.4301704976052797,4.042844779642038e-09,0.05850161207637013,6.781394554852698e-08
1500,1500,B4GALNT1,0.2716276269386204,5.831995709403713,0.21915688327407695,0.0480297394864074,0.08187303624673146,0.15358000232392902,0.15775270335644487
1501,1501,B4GALNT2,0.12675449174880074,6.3735865014510455,0.450728384113042,0.2031560762451539,0.00018584583248628015,0.03188153608452589,0.0007525227192390421
1502,1502,B4GALNT3,0.3618090276769369,4.784285136892547,0.5072724285086397,0.257325316725053,1.886710964503668e-05,0.07806234727675278,9.871158718610033e-05
1503,1503,B4GALNT4,0.1870312934115997,6.287687644969687,0.22554085730940884,0.05086867831586312,0.0731439407765686,0.10260212564982077,0.14370640877486784
1504,1504,B4GALT1,0.15114303886829866,6.276312327675012,0.19291388381895047,0.03721576657011152,0.12669150969558904,0.09763225166168556,0.22452775533660535
1505,1505,B4GALT2,-0.2021880206462463,8.427149240761697,-0.28436864550876,0.08086552654848682,0.022765342789433547,0.08656999534732719,0.05363312019273406
1506,1506,B4GALT3,-0.02074029280284425,7.133964564181443,-0.014178025318214466,0.0002010164019239304,0.9114623096983524,0.18576317977791573,0.9468801303198763
1507,1507,B4GALT4,0.19164491375926054,5.555408938249999,0.2874802827366682,0.08264491296235467,0.02125800768720578,0.08108903392025357,0.05052597480698509
1508,1508,B4GALT5,0.05982510305234739,6.515585689339991,0.07367499369051178,0.00542800469529695,0.5628789873805748,0.10284557639452516,0.6900371246798308
1509,1509,B4GALT6,-0.24658343017788195,8.261408300683408,-0.4253978426871873,0.18096332456291295,0.0004580617653687033,0.06662303859861506,0.0016855271927033596
1510,1510,B4GALT7,-0.4306771592654295,9.862024459143887,-0.6417718464503864,0.4118711028963384,1.0991185516780249e-08,0.06535993219328587,1.5624074487850882e-07
1511,1511,B9D1,-0.32173948074176284,8.872807738690689,-0.6415593002011195,0.4115983356745502,1.1153754731227138e-08,0.04885495899002485,1.5796897233794876e-07
1512,1512,B9D2,-0.1147446783178812,7.725675756520702,-0.11820546715413205,0.013972532465126588,0.3522298582288728,0.12241754080916473,0.49484478914923063
1513,1513,BAALC,0.5235463262276769,5.218963434739484,0.3842149585801385,0.14762113439673755,0.0017220964891558044,0.15977224552332267,0.005485731019810083
1514,1514,BAALCOS,0.08863993549144246,6.603092591019381,0.06128276540189617,0.003755577335303843,0.6304795313541761,0.1833488470696888,0.7443185003257201
1515,1515,BAAT,0.1786035721479853,6.087954590833276,0.18458917248309129,0.034073162597992424,0.1442380905866192,0.1207703123326395,0.24902143439793026
1516,1516,BABAM1,-0.3848122355153807,10.342957476151364,-0.4488389931782536,0.2014564417972684,0.00019926956655294623,0.09729975651784302,0.0008007389986461403
1517,1517,BACE1,-0.1789046720182149,8.059769960949456,-0.242191998641146,0.058656964205792875,0.05383505750678212,0.09102066480462984,0.11129338141378205
1518,1518,BACE2,-0.13573066972202774,8.13957832786522,-0.7517800228080043,0.5651732026932034,8.140109259472124e-13,0.01511992081354012,8.993574796625962e-11
1519,1519,BACH1,-0.024615265429077698,7.146937745503019,-0.015803082570251994,0.0002497374187222024,0.901362283400832,0.1977937810594745,0.9394883822777937
1520,1520,BACH2,0.2917543375840585,5.936746368438356,0.3906428042180355,0.1526018004873304,0.0014159316256449107,0.087314307995303,0.004616380510891379
1521,1521,BAD,0.5501224311950601,3.239706075401292,0.5641263578743043,0.3182385476485277,1.2070008809834587e-06,0.102259423027985,8.67782339896972e-06
1522,1522,BAG1,-0.03874092451814533,7.339132649462178,-0.038103413230595164,0.001451870099821494,0.7649950027089257,0.12903120599926446,0.8477976859601734
1523,1523,BAG2,-0.05711009292696051,7.260325906948307,-0.09310529335830924,0.008668595651336824,0.4643188540551062,0.07756255047191145,0.6025904821145467
1524,1524,BAG3,-0.2252917530073096,8.79202600764427,-0.5225708418759561,0.2730802847789456,9.449264098060746e-06,0.046681789925855775,5.353841288422434e-05
1525,1525,BAG4,-0.4033147122462976,9.332825237092157,-0.4552485845606373,0.20725127374446373,0.00015702598630460638,0.1001768547774421,0.0006490547305642777
1526,1526,BAG5,-0.23070698666944595,8.527407409694232,-0.3709266094446098,0.1375865495940741,0.002549851714934991,0.0733558363382004,0.007796814302021637
1527,1527,BAG6,-0.2301377728322007,8.900009732436839,-0.2310824718464473,0.053399108794664134,0.06618387297555517,0.12305761995005195,0.13226813420888853
1528,1528,BAGE,-0.653289849858507,9.222852865575383,-0.24690994849641465,0.060964522666502124,0.04919265408320057,0.32562105363241306,0.1032253057376949
1529,1529,BAHCC1,0.416087045652698,5.00868246320623,0.2827235196005795,0.07993258853533927,0.023598234924034924,0.17928181306579855,0.05531714410911196
1530,1530,BAHD1,0.2712339971152644,5.312973512802552,0.2858984030747297,0.0817378968806806,0.022013348838565403,0.1154568967724466,0.052012098850934024
1531,1531,BAI1,0.1816325690908692,6.0636247284279765,0.2536160240164844,0.06432108763792997,0.04316271727877182,0.08798013260667137,0.09261678980101108
1532,1532,BAI2,-0.05661707421460504,7.232796200721817,-0.04636725566100167,0.002149922397532691,0.7159902330880422,0.1549076385821776,0.8126614863211675
1533,1533,BAI3,0.9984272973396909,4.008216969693837,0.5630784014097109,0.3170572861341155,1.2757131613533651e-06,0.18609892761827265,9.108331193243364e-06
1534,1534,BAIAP2,-0.2831768504484128,8.430310011703817,-0.26056251841524497,0.06789282600289487,0.03757277764260429,0.13325480696517364,0.08229376958132861
1535,1535,BAIAP2-AS1,0.30403869306448145,5.411094679299959,0.2630804131909608,0.06921130380472662,0.03570112081620449,0.14160221512230994,0.07875193758530184
1536,1536,BAIAP2L1,-0.2748702768670654,9.186611042912851,-0.5954790804170715,0.35459533521436115,2.100499679171796e-07,0.04709572383279972,1.8850526544743157e-06
1537,1537,BAIAP2L2,-0.1554197976354612,7.875300450999367,-0.19170643025022494,0.03675135539928436,0.12913085456948015,0.10105155883558824,0.2280069099078583
1538,1538,BAIAP3,0.3253787324617363,5.2071276621094515,0.3673737038639387,0.13496343829070892,0.0028242681888373533,0.10461705329992267,0.008547802603671962
1539,1539,BAK1,0.15266766675878854,5.930820863787179,0.18885238860137,0.03566522468044287,0.1350380187104858,0.10081906269637717,0.235978719752709
1540,1540,BAMBI,-0.0635729697710884,7.480045905286349,-0.19654623224314655,0.03863042140897691,0.11956413144989787,0.0402770004346061,0.21431680047575022
1541,1541,BANCR,0.3280202373586296,5.677971357538117,0.3064832902923942,0.09393200722845196,0.01377289174813395,0.1293833485571113,0.03453189426951959
1542,1542,BANF1,-0.3432320381357102,10.572558521206894,-0.6366790405279039,0.4053602006475323,1.5577227281400095e-08,0.05279568243814377,2.0882785456206319e-07
1543,1543,BANF2,-0.13845570959101106,7.478891042999924,-0.1178018442208178,0.013877274501825826,0.3538881496636929,0.1482273755244286,0.49643375532598755
1544,1544,BANK1,0.06745966528718747,6.652961940997957,0.2452874986514075,0.06016595699466424,0.05075067147546277,0.033860900912144894,0.10594869283728393
1545,1545,BANP,-0.2507880680263238,8.834476876706049,-0.4204369823696781,0.17676725614412106,0.0005421722557510697,0.06873397059268896,0.001959075621273054
1546,1546,BAP1,-0.2517755983791464,8.745348170093571,-0.226627818053488,0.05136016791568485,0.0717345840151119,0.13742167971459093,0.14138640364496663
1547,1547,BARD1,-0.2345268121630429,8.477199761548599,-0.5401030642573343,0.29171132002016226,4.100642489724379e-06,0.04641145297609818,2.5539089190388674e-05
1548,1548,BARHL1,0.08512075488419893,6.5279017599013605,0.12025485943483673,0.014461231217692341,0.3438841287119131,0.08924293467607572,0.48633821886471246
1549,1549,BARX1,0.19722845220052013,6.073885820405063,0.24265042568120346,0.05887922908326925,0.053368875440084056,0.10014178850327723,0.11053012601903407
1550,1550,BARX1-AS1,0.03027670741317388,6.8615511180423585,0.035170827304869236,0.0012369870933089356,0.7826199102183481,0.1092600614598094,0.8598495259146792
1551,1551,BARX2,0.25716069191130103,5.727584139764832,0.35234552266050506,0.12414736733890447,0.00429832722065775,0.08674720756243393,0.012410703461779145
1552,1552,BASP1,0.042554207241368464,6.740378040368401,0.08061808224575769,0.00649927518498375,0.5265603787161407,0.06681874137040933,0.6589390525116354
1553,1553,BATF,0.11993576497279168,6.266877842575152,0.1625399937429598,0.02641924956596141,0.19940641149413485,0.0924652642785235,0.32170556223711994
1554,1554,BATF2,0.03318044904312265,6.79702915366738,0.055283538215465916,0.00305626959762088,0.6643729457175533,0.07610722849562282,0.7718345568408593
1555,1555,BATF3,0.12632507214041366,6.278730042329865,0.1228516958939587,0.01509253918402171,0.3334875966758606,0.12960157154040275,0.475572849530132
1556,1556,BAX,-0.14718331529919032,8.006854410509808,-0.501422543837211,0.25142456746817976,2.43654541115614e-05,0.032253486364214795,0.00012438328825692177
1557,1557,BAZ1A,-0.2635594177245286,9.020295749385436,-0.4231279558955688,0.17903726706036244,0.0004949510607143356,0.07167582430542177,0.0018044695332032662
1558,1558,BAZ1B,-0.6415077558165396,10.666599971926196,-0.4002746486462567,0.16021979434888425,0.001048187227594967,0.18652231563423027,0.0035411593558725037
1559,1559,BAZ2A,0.2887839855722747,5.216299877795821,0.19600093037284647,0.038416364707021415,0.1206141208115888,0.1834901096222424,0.2158415656701889
1560,1560,BAZ2B,-0.2350262544153993,8.900910752517918,-0.4348843646205509,0.18912441059142027,0.0003294337424044792,0.06180503463330474,0.001253758821049033
1561,1561,BBIP1,0.3783289833306783,4.315401053382894,0.5169760811484481,0.2672642684796068,1.2215372994165045e-05,0.07955674455667873,6.722335506699976e-05
1562,1562,BBOX1,0.2621761503894327,6.1565098723243805,0.20233580906478335,0.04093977962990048,0.10884272684485548,0.16115638843535268,0.19890512089434045
1563,1563,BBS1,-0.4151073314007989,9.627872762286438,-0.2668970691637517,0.07123404552820048,0.0330124052744419,0.1903592117638983,0.07366896498537091
1564,1564,BBS10,-0.07122710409661122,7.339047418173445,-0.12568880943406005,0.015797676816951458,0.32235784763569186,0.07139947577736204,0.4635625263862577
1565,1565,BBS12,-0.11107238801186924,7.6299578989530685,-0.26684339427511805,0.0712053970682661,0.03304901070546355,0.05094641742745296,0.07372026440325641
1566,1566,BBS2,-0.1925754199773697,8.371557503378304,-0.4809864104452077,0.23134792703296575,5.7444085861637184e-05,0.04457969615394408,0.0002663137827732291
1567,1567,BBS4,-0.3633796994018533,9.041453272404537,-0.5737964066188064,0.3292423162486546,7.17589774224419e-07,0.06587032717798172,5.51085066695249e-06
1568,1568,BBS5,-0.30984959294960124,8.118478197054579,-0.4037980917579143,0.16305289890733302,0.000936876448763984,0.08915379360502776,0.0032065843998710405
1569,1569,BBS7,-0.2013128428142928,7.989059959445232,-0.3662838688905128,0.1341638726094024,0.002913560866122019,0.06494948258785932,0.00878979667816555
1570,1570,BBS9,-0.3577545498262548,8.511545322200634,-0.3033263658043604,0.09200688419208064,0.01483068617011218,0.14273169953961778,0.03688509348958071
1571,1571,BBX,-0.09345758007543938,7.641461918312918,-0.12790152261231866,0.016358799486549454,0.31384366763016425,0.09203676129440848,0.4543274699198614
1572,1572,BC010186,-0.10023950612359883,7.509144408321659,-0.09991038374778513,0.009982084780629688,0.43216155941725976,0.12678094168091594,0.5730838070533227
1573,1573,BC012193,-0.27288621635326105,8.271414984541723,-0.21058125150829968,0.044344463486801766,0.09487320635617788,0.16088544003466995,0.1780928643934667
1574,1574,BC015159,0.3003307652774188,5.8999925665761195,0.297227059347127,0.08834392480814056,0.01707322178362765,0.12252681611553234,0.041729189359419494
1575,1575,BC016361,0.11334003724268155,6.643554779571431,0.08982887755429303,0.008069227242664168,0.4802525703751881,0.15959240338139266,0.6173494842380801
1576,1576,BC017209,-0.03878395232380427,7.147257879420035,-0.049773575069899066,0.002477408775238879,0.6961055889821722,0.09883681770768417,0.7964371812441983
1577,1577,BC021061,0.05208242994089586,6.813581733735682,0.06473717411922672,0.004190901712943078,0.6112964775691099,0.101959970398938,0.7290645603215881
1578,1578,BC022047,0.15485038074541144,6.0693049937452725,0.3516377899859965,0.1236491353462358,0.0043820602472097354,0.052355209365248116,0.012622175399484813
1579,1579,BC022892,0.03029341999881743,6.908096479574933,0.035123960676789384,0.001233692613624647,0.7829024915842231,0.10946642142481296,0.8600727199298068
1580,1580,BC023201,0.10146563523766654,6.5271657236061875,0.14578607347524206,0.021253579219328668,0.25036815455761346,0.08744645097899932,0.38275484553089445
1581,1581,BC024169,0.21931417294830027,6.251601191516812,0.18493291951229435,0.034200184719340734,0.14347934780037067,0.14801311096288947,0.24800808402115473
1582,1582,BC027448,0.13843161375046067,6.4177833040860905,0.1389291657000478,0.01930131308211134,0.27358338479367905,0.12531810126755344,0.4104224591414701
1583,1583,BC028044,0.14683744996520698,6.5666907356201945,0.09632560254039127,0.009278621704769431,0.4489419942832799,0.1926970304259602,0.5884890366951832
1584,1584,BC028670,0.005271523937435078,6.99561590904787,0.007451427161140858,5.5523766737787705e-05,0.9534002949236012,0.08984394648981002,0.971891135271411
1585,1585,BC030152,0.027153859072907974,6.863089050002012,0.030092856398207975,0.0009055800062031668,0.8133927610654635,0.1145448502953188,0.8816708499786071
1586,1586,BC032415,-0.051155144015954265,7.198977053819778,-0.03720460872122232,0.0013841829100992515,0.7703846894293729,0.17450020670953614,0.8512005943973198
1587,1587,BC033164,-0.022269183121670536,7.119232131224336,-0.029696989779205887,0.0008819112019462592,0.8158042449048684,0.0951928705489256,0.8835771193065382
1588,1588,BC033241,0.2517464091134006,6.245532810072504,0.17558366815725954,0.030829624523558637,0.165200223819442,0.17925999805652482,0.2774105967502492
1589,1589,BC034416,-0.2362783595846442,7.80660210198851,-0.1904306242313669,0.03626382264514806,0.13174678438720375,0.15469290395925042,0.23156526615668047
1590,1590,BC034444,-0.3027296754613286,7.984155626846845,-0.2095765939158266,0.04392234871735929,0.09649623710005388,0.1793754303333658,0.18056044365347504
1591,1591,BC034788,-0.3551407822193411,8.079015059941838,-0.18846231688637305,0.035518044886179684,0.1358609413807826,0.2350321263171956,0.23709152112183474
1592,1592,BC035400,-0.0543509072867501,7.192357323438331,-0.03407640926723255,0.0011612016685479325,0.7892259100048404,0.202443962644708,0.8644758260574011
1593,1593,BC036209,0.3090880150759093,6.088115246325597,0.15494709259652928,0.02400860150411742,0.2215015498553584,0.25027984901271444,0.3484140380705881
1594,1594,BC036311,0.020007645647050192,6.947058464614259,0.014538895989436109,0.0002113794965916413,0.9092181700914824,0.17475226254794898,0.9454020857107631
1595,1595,BC038205,0.07549387219694409,6.783482498753688,0.059941920477773684,0.003593033830563745,0.6379924312321716,0.15966274118301896,0.7505003903091311
1596,1596,BC039122,-0.03347761693034982,7.136912075356718,-0.030938178375493473,0.000957170881193852,0.8082491495606466,0.13735864729196062,0.8778971426862519
1597,1597,BC039319,0.012613829487405007,6.974224398631153,0.00965825635747242,9.328191586665642e-05,0.9396220247666834,0.16585635843307378,0.9643372012475133
1598,1598,BC039487,0.005879598577373654,6.998529006068502,0.0028142278752779767,7.919878533991593e-06,0.98239201495896,0.2653327456759908,0.9898426895559407
1599,1599,BC039673,-0.3906916330598668,8.27965670873099,-0.2770558984837754,0.07675997088465204,0.02666783089511666,0.17207912069591932,0.061337427300451546
1600,1600,BC039686,0.07981748982126302,6.731629573966322,0.059533715364402315,0.0035442632650896718,0.6402869158171931,0.16996842104247506,0.7524048576430091
1601,1601,BC040311,0.24392442136394185,6.3012503435939085,0.14274022573676318,0.02037477204338211,0.26050913080368343,0.21480433410117594,0.39507845280158027
1602,1602,BC040734,0.4990590673936702,5.474191108793108,0.2797872747024234,0.07828091908540935,0.02514893095920823,0.21748406258076236,0.05832709648941354
1603,1603,BC040833,-0.08556829066741489,7.382048664024949,-0.09516152344991027,0.009055715545307827,0.4544676358030208,0.11367899990658464,0.5937196340078676
1604,1604,BC041025,-0.0007077845008641679,7.019019496419803,-0.0014455455910052034,2.089602055674584e-06,0.9909550220352784,0.0621831840807811,0.9945372851728208
1605,1605,BC041363,-0.2444318553157914,7.799611954901532,-0.14658430119514942,0.021486957356870284,0.24775559568123576,0.20948735235489505,0.3799161191003848
1606,1606,BC041998,0.06908371439665062,6.802746248649338,0.03722084933555932,0.0013853916252604065,0.7702872056000195,0.2355551011897461,0.8511363117291776
1607,1607,BC042029,-0.22688688580804556,7.722751084031736,-0.16813815396259582,0.028270438817949575,0.1841545131290552,0.1689351344848324,0.3017909778878228
1608,1608,BC042366,-0.12921471635067014,7.392609831164572,-0.06703693626765701,0.0044939508241539075,0.598667134530958,0.2442440133810035,0.7182745192679869
1609,1609,BC042374,-0.11606130086158882,7.395404728089262,-0.08355559289137122,0.0069815371034285655,0.51155420818859,0.17579022648644785,0.6457882647962568
1610,1610,BC042590,-0.2020088881233742,7.709497372420929,-0.1867817576093646,0.034887424975643434,0.1394496122030581,0.13493641353412433,0.24229971533797826
1611,1611,BC043227,0.3116824485276057,6.051924237239997,0.1541410229362517,0.023759454951834076,0.22394386898449975,0.25373284308823,0.35133699071646324
1612,1612,BC043291,-0.052161531896769975,7.192803948999377,-0.04174872763341627,0.0017429562590091756,0.743251928239888,0.15853765869077252,0.833080771533891
1613,1613,BC043356,0.10455578201797666,6.68090264855038,0.07782704110756812,0.006057048327559098,0.5410186441971603,0.17009925820531674,0.670877440689724
1614,1614,BC043540,-0.3013857678630671,8.237685388163866,-0.24475449808277466,0.059904764331750925,0.05127121832526292,0.1516289540533388,0.1067985987719862
1615,1615,BC044596,-0.1283446264711042,7.6568117858143445,-0.15177275544132324,0.02303496929425172,0.2312279618691871,0.1061518423873254,0.3604665981050498
1616,1616,BC044614,-0.2880812344038717,7.869557040239918,-0.1492696212706992,0.02228141983429797,0.23910361322185986,0.2423564753521005,0.3699477525235335
1617,1617,BC045559,-0.24771627024788875,7.755251312378353,-0.14316273552129835,0.02049556884194122,0.2590860888190889,0.21748629855259966,0.393314470019351
1618,1618,BC045560,0.04589276965193705,6.875955322730392,0.031151776372768687,0.0009704331711789894,0.8069507187847665,0.187005671449412,0.8771907944020942
1619,1619,BC045779,-0.014296157683908071,7.0777046407696576,-0.013798728329287982,0.00019040490350549468,0.9138217792254713,0.13156581817035526,0.9479215668292575
1620,1620,BC045784,-0.1120006296964518,7.359092352396416,-0.07453485326030894,0.005555444350535786,0.5583179226460697,0.19030732557390548,0.6859397829853988
1621,1621,BC045788,0.08931452398754426,6.726265652549587,0.08183567823311284,0.006697078231873579,0.5203138254065391,0.1381415782880396,0.6535612464720768
1622,1622,BC045789,0.10624632457350874,6.691637941624474,0.06643702476920922,0.0044138782601845184,0.6019504600229695,0.20265032854169604,0.7209755095020688
1623,1623,BC045791,-0.2999272725869361,7.9626523067046575,-0.1807660874843768,0.03267637838440937,0.15287997081135069,0.20724738139015897,0.26076053622556705
1624,1624,BC045805,0.2920785602109614,5.7956775361540425,0.19714299223320034,0.038865359386659686,0.11842307950495627,0.18446526726636245,0.21274695426247123
1625,1625,BC047364,0.12467456493887248,6.620552476040743,0.07835044212785915,0.006138791781631005,0.5382926304086204,0.20146677525835605,0.6688121470823728
1626,1626,BC047484,-0.11008429537043256,7.759615264619893,-0.1853876076472573,0.034368565069173435,0.14248032107184422,0.07410619582226577,0.24663559974506688
1627,1627,BC047615,-0.4642352290550029,8.361742566501936,-0.18710904857767707,0.03500979605964352,0.13874519083611364,0.3095343930496674,0.24126934132787609
1628,1628,BC047626,-0.34422906991762137,8.243271402243764,-0.24472035571649398,0.05988805250200736,0.0513047109956658,0.17320937292733382,0.10685551958099798
1629,1629,BC047644,0.19160879726235788,6.245894746625023,0.15868114628808988,0.02517970618730218,0.21043073178535246,0.15141069461457612,0.33518775261580047
1630,1630,BC047651,0.026039904612525363,6.9343908191734025,0.014870368218465768,0.00022112785095275683,0.9071574721103788,0.222368772668908,0.9437737386601536
1631,1631,BC048132,-0.348165639631712,8.047914025867312,-0.21748093924522602,0.04729795893498568,0.08429611829692374,0.19844831313208428,0.16159989746103784
1632,1632,BC048141,0.1356413811142728,6.471054435260655,0.10333309857998237,0.010677729262140351,0.41647591422033536,0.1658157573063239,0.5576092719412491
1633,1633,BC048420,0.09374129447479644,6.740536029405291,0.05946514164450078,0.00353610307080054,0.6406726927155255,0.1998496666140553,0.7527408800800122
1634,1634,BC048997,0.0022134858118561546,7.008955118141753,0.0014778929483517573,2.1841675667878504e-06,0.9907526289074592,0.1902117961475309,0.9944263350633153
1635,1635,BC053951,0.22370943850485325,6.209789848133188,0.25710529219084444,0.06610313127253949,0.04027471872813642,0.10678909511386624,0.08737217331775136
1636,1636,BC062753,-0.015796019422877648,7.119985527825311,-0.02447247342808389,0.0005989019556882722,0.8477815056771401,0.08194903801509039,0.9044589863749368
1637,1637,BC062763,-0.18856285731415345,7.7076079109624605,-0.18552273066115813,0.03441868359197263,0.14218443948377987,0.1268404005045016,0.24620214593165304
1638,1638,BC069004,-0.10741285820862988,7.511815362426591,-0.08117690738248798,0.006589690292185031,0.523688842347745,0.16749130174270255,0.6565058400509679
1639,1639,BC069739,-0.3905986482496956,8.354448176392141,-0.39624495623611977,0.15701006534256448,0.0011900184068918285,0.11494294988854625,0.003958880645184998
1640,1640,BC069756,0.05175866121256069,6.842696221356379,0.0525798522559003,0.0027646408632523035,0.6798747831494922,0.12484370898256712,0.7841540498856413
1641,1641,BC069776,-0.20772515687353107,7.911811666037853,-0.3285998191780192,0.10797784116382693,0.008024354346203915,0.07582523277004187,0.021572612460216734
1642,1642,BC070118,-0.3054101216722415,8.253338473274278,-0.30685365448559865,0.09415916527116716,0.013653161064736729,0.1203045986605986,0.034267408768761456
1643,1643,BC070490,-0.2691375144163776,7.9227881036418175,-0.19046316311180092,0.036276216502552486,0.13167957212820747,0.17617475993065942,0.2314922174408453
1644,1644,BC079832,-0.1647006554701121,7.6824385866919735,-0.11064667913195822,0.012242687602930518,0.3840795360620991,0.18788245471689471,0.5269413553867687
1645,1645,BC113958,0.17199708134353678,6.460619000901348,0.11676585251583838,0.01363426431375052,0.3581665228266505,0.18579258050947925,0.5007365755895823
1646,1646,BC130595,0.007703755153270504,6.9761296144996265,0.00941072018374353,8.856165437671786e-05,0.9411667062586944,0.10395958432517703,0.9652971524747176
1647,1647,BCAM,0.2037426296040125,5.796369031195513,0.2829763163371499,0.08007559560774274,0.023468596525209315,0.08770251420314162,0.05507287145138792
1648,1648,BCAN,-0.0914411069224136,7.489776037759598,-0.06106823650444713,0.0037293295097630868,0.6316790843277874,0.18980992766462465,0.7454638095855466
1649,1649,BCAP29,0.4055557263781645,4.461436028285785,0.6239390554387692,0.38929994490182346,3.6260986182955164e-08,0.06450991975365374,4.185669806993039e-07
1650,1650,BCAP31,-0.4778324730382279,11.790277894562076,-0.4937758879404978,0.24381462751142705,3.380080850583665e-05,0.1068720335927736,0.00016658090764540116
1651,1651,BCAR1,0.3122426292315533,5.399036268693638,0.2859580046064936,0.0817719803985274,0.021984481929561008,0.1328829812787214,0.05195612312393797
1652,1652,BCAR3,0.2339127089587709,5.258305860025717,0.6158052078119646,0.3792160539683369,6.098329629595691e-08,0.038008860965813525,6.545610215150376e-07
1653,1653,BCAR4,-0.09747890064884084,7.375533294678753,-0.07659609360433392,0.005866961555443886,0.5474561517863847,0.16115003725369173,0.6768577200647538
1654,1654,BCAS1,0.17702067251911807,5.600244706392436,0.5665367657654582,0.32096390696398563,1.0619060059380708e-06,0.032699903589264966,7.77402791027347e-06
1655,1655,BCAS2,-0.4849409239180956,11.444575017834447,-0.4452599712623691,0.19825644200856574,0.00022716114325487837,0.12385030384550225,0.0009001670477780719
1656,1656,BCAS3,-0.2490201392213687,8.618070400833068,-0.3584621959882346,0.1284951459527075,0.003631618848985453,0.0823626233564226,0.010667757213073791
1657,1657,BCAS4,0.1427636115522149,6.369321614656104,0.11522086446353567,0.013275847607724458,0.3646055981856559,0.15631060041760714,0.5075881857094425
1658,1658,BCAT1,0.3857765754458974,5.456268898744472,0.4471712807220873,0.19996215430263176,0.0002118504567565824,0.09799893840703776,0.0008456445421315744
1659,1659,BCAT2,0.1980890604361548,5.6601052794317175,0.2028386449270267,0.04114351587583241,0.1079477646207148,0.1214481074486676,0.19773378809521056
1660,1660,BCCIP,-0.3580497551651257,9.516354088814056,-0.6532454191984759,0.4267295777037925,4.890663133586918e-09,0.0527048923841585,7.962955650964263e-08
1661,1661,BCDIN3D,-0.23395097678709065,8.305676375644808,-0.4535602661488817,0.2057169150290444,0.00016727247116602657,0.058382363625579574,0.0006857791297047151
1662,1662,BCDIN3D-AS1,-0.2884739335416896,8.20989374932798,-0.20205737184177194,0.040827181515604084,0.1093407546792635,0.177576079480041,0.19961001876407447
1663,1663,BCHE,0.13604338384994666,6.468102550347003,0.6460078621974005,0.4173261580208555,8.183251674183176e-09,0.02041533629310672,1.2212840455164485e-07
1664,1664,BCKDHA,-0.3306577533046162,9.677650415689444,-0.3967506138803221,0.15741104961441246,0.001171319414995577,0.09715678566529916,0.0039022956818044957
1665,1665,BCKDHB,-0.07533240671567787,7.581366683279562,-0.13768007553530004,0.01895580319940593,0.2779620999761923,0.06882705524007103,0.4151792850727304
1666,1666,BCKDK,-0.2395425329530352,8.671734283532682,-0.2982751231644936,0.08896804909879384,0.016668410257122474,0.09735013615962852,0.04086430704381152
1667,1667,BCL10,0.36270542969876696,4.80970044683209,0.3721539644897823,0.13849857328546214,0.0024607366589945506,0.11488506200064735,0.0075616932525226326
1668,1668,BCL11A,-0.12078745572819972,7.907804465935082,-0.2625199983634425,0.06891674954074188,0.03611084453060879,0.05638425581241398,0.07945339751171848
1669,1669,BCL11B,-0.16765401960879006,7.95607940003458,-0.2356471850560554,0.05552959582484281,0.060859563759590236,0.08781122709445474,0.12340017352190324
1670,1670,BCL2,0.4764807422295899,4.304063684087707,0.5965409482406738,0.3558611029278823,1.9732371999193282e-07,0.08141398452148263,1.7863901155624186e-06
1671,1671,BCL2A1,0.011713327247692105,6.9570473861453355,0.038420326722016535,0.0014761215054264973,0.7630972587586708,0.038690345310010636,0.8464963443344968
1672,1672,BCL2L1,-0.5001992353367138,10.359568320085415,-0.6158287135273233,0.379245004404718,6.089304180642888e-08,0.08127319930004914,6.540867164276872e-07
1673,1673,BCL2L10,0.1283886338466045,6.4295082186360455,0.12862980849464106,0.01654562763336804,0.3110732044399891,0.12570895541337546,0.45137661637272847
1674,1674,BCL2L11,0.3648534077896523,4.719742475351752,0.7055223336998642,0.4977617633493025,7.534966037033954e-11,0.0465443192623978,2.6317691859995207e-09
1675,1675,BCL2L12,-0.2664863281708433,8.744311679657415,-0.7225093656751593,0.5220197834883211,1.5879799782029768e-11,0.03238475142075791,7.923434660826143e-10
1676,1676,BCL2L13,-0.33417395226527896,9.064417047215104,-0.20825514215846272,0.043370204235441516,0.09866395075580638,0.19932095919110945,0.18396485738048796
1677,1677,BCL2L14,0.4136340380168464,5.086978527891092,0.2559812906598666,0.06552642116789109,0.041187045552268216,0.19837900784006995,0.08904807023106712
1678,1678,BCL2L15,0.08916325345151296,6.251546258954478,0.1580852789743472,0.024990955428397185,0.21217067026129485,0.07072988540074478,0.33719809942226797
1679,1679,BCL2L2,0.2596782150992176,5.2994107935513775,0.2558932447655188,0.06548135271662571,0.04125922589469575,0.12458760497460115,0.08917741658345509
1680,1680,BCL6,-0.3348644658574337,8.770730646446843,-0.5166200179597307,0.26689624295671244,1.2414719606045227e-05,0.07048305382120602,6.817560314788911e-05
1681,1681,BCL6B,0.4587303120114292,4.375935801715411,0.3287200326608805,0.10805685987257037,0.007999974535179519,0.16738017096714755,0.021520428392461176
1682,1682,BCL7A,-0.4604275145304745,9.532798430503355,-0.5630954588746463,0.3170764958052485,1.2745659476174195e-06,0.0858162294755731,9.103141687221379e-06
1683,1683,BCL7B,0.07004587427799534,6.4924414433176825,0.06682639872039152,0.004465767565936747,0.5998185073928053,0.13282100348971787,0.7192175956584274
1684,1684,BCL7C,-0.3381315270811918,9.76681189792648,-0.4593889180760126,0.21103817805104935,0.00013428870559037797,0.08303043261975468,0.0005647741152766818
1685,1685,BCL9,-0.6251524097085313,11.20322322081427,-0.4395479908495829,0.19320243625990496,0.00027915429746612795,0.16224303228674924,0.0010831546876239027
1686,1686,BCL9L,-0.24574180160706074,8.597477807791464,-0.2304805993158063,0.053121306660973235,0.06691301216591483,0.1317637634384982,0.1333150500002655
1687,1687,BCLAF1,-0.16590725588109925,8.186095654369566,-0.2427379595044963,0.058921716984406486,0.053280235919973516,0.08420632505532104,0.11038877811395202
1688,1688,BCMO1,0.07881989835170061,6.6584879880164465,0.15716467126420314,0.024700733893585042,0.2148787469317692,0.06290049250380664,0.34022672555940214
1689,1689,BCO2,0.5034938732199014,5.011342036206214,0.4495611820919224,0.20210525644388655,0.0001940370365506443,0.12705224487125438,0.0007821801985301941
1690,1690,BCOR,-0.3432408270909048,8.904677651357225,-0.3512878055253552,0.12340312231081975,0.004423997918628279,0.11618230292197955,0.012722665993080397
1691,1691,BCORL1,0.058816576318877586,6.733912259790574,0.038725777134302405,0.001499685814655659,0.7612694715434359,0.19274266398103973,0.8455729588773648
1692,1692,BCORP1,0.10084197104719836,6.697007758896634,0.04994311040919228,0.0024943142773447705,0.6951210863071031,0.2561106183052977,0.79560502769452
1693,1693,BCR,-0.4381571993527947,9.903089392887297,-0.6964378731551024,0.4850257111648025,1.657775922519236e-10,0.057338258721400276,5.070499661321194e-09
1694,1694,BCRP3,-0.2699696935435836,8.139157468055743,-0.2357364079333017,0.055571654025296034,0.06075905091229489,0.1413438816418723,0.1232540747077982
1695,1695,BCS1L,-0.4011618873337298,10.081085716205534,-0.6150706808894959,0.3783119424898681,6.386816612278495e-08,0.06531080817157202,6.803074950265165e-07
1696,1696,BD495725,0.28151458696676035,5.60814542189533,0.4334549791396651,0.1878832189409675,0.0003464228643903459,0.07433105632075072,0.0013115012462190457
1697,1697,BDH1,0.24488328179663574,5.3081447102167765,0.2564606012034369,0.0657720399696283,0.040795932935411935,0.11721118765606965,0.08834359277163455
1698,1698,BDH2,-0.07105184167084913,7.490079225779341,-0.12264883423351305,0.015042736538839762,0.3342925619090128,0.07301713083217032,0.476445006459107
1699,1699,BDKRB1,0.2490799099954269,5.571883782990519,0.5774654707437901,0.33346636990134704,5.865229727053287e-07,0.04472268485220353,4.6035356918934e-06
1700,1700,BDKRB2,0.24988409554482985,5.1622797651569705,0.6083439537398311,0.3700823660518096,9.699574168953758e-08,0.04140334769020584,9.728776221801465e-07
1701,1701,BDNF,-0.3615682385729816,8.34941318867283,-0.27562178000456405,0.07596736561288431,0.027495804494042674,0.16014911773102258,0.0629609438847937
1702,1702,BDNF-AS,0.6186161869382754,5.2041209703477405,0.2191557536073027,0.04802924433918476,0.08187465075389586,0.349771453414993,0.15775270335644487
1703,1703,BDP1,-0.3073727448958896,8.567452115800135,-0.3149126112098942,0.099169952699034,0.01126108258062518,0.11765242674205602,0.02898249860749207
1704,1704,BEAN1,-0.03993341904016585,7.145054802758522,-0.023356779912226903,0.0005455391678682061,0.8546438886664895,0.21707468904511756,0.9092255592518704
1705,1705,BECN1,0.2522228624804789,5.183780871968494,0.19975648479825325,0.03990265321895477,0.11352377702468795,0.1571250226386524,0.20580639526744393
1706,1706,BEGAIN,-0.029061194828961318,7.157087310755222,-0.03370427194187338,0.0011359779471317535,0.7914755599766148,0.1094424625158732,0.8657576022272866
1707,1707,BEND2,-0.091582886329452,7.3131215126733045,-0.054842225137683366,0.003007669658052349,0.6668939234875,0.21176263059475453,0.7738914266717654
1708,1708,BEND3,-0.2058022549633063,8.440096328920534,-0.3507537122776577,0.12302816667655785,0.004488680780979211,0.06978222784905977,0.012893272623969334
1709,1709,BEND4,0.4654164338745696,5.264842146197776,0.3511242037031382,0.12328820642616288,0.0044437232732050524,0.157620799666603,0.012772607841950546
1710,1710,BEND5,0.3269745810710856,5.636951311502613,0.42698975970294506,0.1823202548911788,0.0004337028165777225,0.08794118381503442,0.0016059908503745864
1711,1711,BEND6,0.19276273179625664,6.4343266954208636,0.09800919560042652,0.009605802422242665,0.4410165364888317,0.2485790056891308,0.5813729285728161
1712,1712,BEND7,-0.3464228067504112,8.678440745250104,-0.19973415775356615,0.039893733773526466,0.11356496160496422,0.2158330464829261,0.20586382417173116
1713,1713,BEST1,0.3813432401734671,4.767464828759847,0.3779930407325744,0.14287873884225766,0.002073710456420739,0.11861989561907445,0.006485586356700044
1714,1714,BEST2,0.1123402036758391,6.200147161242177,0.7294430874595279,0.5320872178424885,8.134530260592862e-12,0.013379207942444779,4.635611915608906e-10
1715,1715,BEST3,-0.3351316734459796,8.153224277510935,-0.1628493941134547,0.02651992516311929,0.1985406630838571,0.2578677415829942,0.32063524939077676
1716,1716,BEST4,0.09050436473948983,6.550007361266588,0.707908799411259,0.5011348682838901,6.095016990427437e-11,0.011468006854418691,2.210847452725396e-09
1717,1717,BET1,-0.2345123036083874,9.030004619869086,-0.3558763160842905,0.12664795234972587,0.0039013772384265174,0.07821055597767254,0.011367643177896425
1718,1718,BET1L,-0.3091880528107361,8.969738770386723,-0.27481536708629745,0.07552348598677641,0.027970806767304603,0.13738325025770362,0.06389997051861812
1719,1719,BEX1,0.19224187410337532,6.100244310901956,0.4076998784690568,0.1662191909036837,0.0008261666674687704,0.054681133966680735,0.0028583861933274045
1720,1720,BEX2,0.07328211788442301,6.514480783214253,0.3302760176720577,0.10908224784931338,0.007690203489704901,0.02659769087845152,0.020778948915846484
1721,1721,BEX4,0.11932876665146985,6.230045376469095,0.6388696773628962,0.4081544646537712,1.3418025094877379e-08,0.0182490902652072,1.8483927062949724e-07
1722,1722,BEX5,0.026088475523394283,6.855509699539255,0.13113712573781672,0.017196945746775952,0.30165590701963296,0.025047272767453558,0.44119272216587285
1723,1723,BFAR,-0.2672005867859948,9.255766479627725,-0.4586490642883682,0.21035896417259575,0.00013811545946380775,0.06574699466247146,0.0005790687850317051
1724,1724,BFSP1,-0.2321674791237795,8.201335081828134,-0.4621656616948258,0.21359709884981626,0.00012077913390512876,0.056575763005837415,0.0005134417245220973
1725,1725,BFSP2,0.2062740526550992,6.126502963779767,0.19667413823365815,0.03868071664995208,0.1193188604486814,0.13059763958454407,0.2139834304775317
1726,1726,BFSP2-AS1,0.1044818379217402,6.624631898479482,0.0700493160919825,0.0049069066849544785,0.5823015492126391,0.18896132052970888,0.7055584180953278
1727,1727,BGLT3,0.1327078897144183,6.337670281447499,0.1479329440105487,0.02188415592362814,0.2433839764422005,0.11267592840629433,0.37501636614884387
1728,1728,BGN,-0.0953572667563846,7.546263669867018,-0.1108067310847881,0.012278131653696546,0.3833878330111209,0.10861983562983088,0.5262816446231715
1729,1729,BHLHB9,-0.18484505048477354,7.889583339669512,-0.3988905086137565,0.15911363786214136,0.0010950841145840934,0.05396683308221385,0.0036783071973504797
1730,1730,BHLHE22,0.31429599774167705,5.7539741677717045,0.22150358692789465,0.049063839021923385,0.0785731627612192,0.1757267689589561,0.15258737688047724
1731,1731,BHLHE23,-0.031067454049694264,7.153134113343817,-0.04141366677284096,0.0017150917955719113,0.7452424277978749,0.09519045178042587,0.834318604868065
1732,1732,BHLHE40,-0.2319109632075636,8.753975535376089,-0.7031172588539959,0.494373879698357,9.310840652809158e-11,0.029786016598926424,3.1602861181282492e-09
1733,1733,BHLHE41,0.1963045044662045,5.968757437381562,0.3882171292471153,0.15071253944087146,0.0015251893992549535,0.05918165182087683,0.004930052298996717
1734,1734,BHMT,-0.05430878518171767,7.235956550524748,-0.07868278555377653,0.006190980742501585,0.5365651931551487,0.08738682970140581,0.6673948043229223
1735,1735,BHMT2,0.5301418535286138,5.0592815614913285,0.23090674974333525,0.05331792707703125,0.06639608858102163,0.28370154165389433,0.13260235158369668
1736,1736,BICC1,0.0346013344812996,6.864971807873598,0.05354465658438254,0.0028670302487394605,0.6743274094128104,0.08195159387283196,0.7799679548570885
1737,1737,BICD1,-0.5240560691242722,9.286786056357323,-0.6116844577605014,0.3741578758657586,7.891586827275959e-08,0.08607694803217783,8.140216164770693e-07
1738,1738,BICD2,-0.24349079197143936,8.363648911701366,-0.34793167177511297,0.12105644822422496,0.004844520796711945,0.08332459776758068,0.01381096601537614
1739,1739,BID,-0.2550840415925242,9.116533619536916,-0.6766360185270921,0.4578363015681953,8.394147489098433e-10,0.03525311923958959,1.8435625139597015e-08
1740,1740,BIK,-0.20907084168433415,8.938596729198121,-0.6696148304971349,0.4483840212217067,1.448497932835776e-09,0.029450385102028964,2.8672050032503407e-08
1741,1741,BIN1,-0.4442159320858865,10.170424074249855,-0.5933995659490705,0.3521230448685453,2.372446915038341e-07,0.07652394094838355,2.0969525691900113e-06
1742,1742,BIN2,0.2828052346792353,4.945604485161847,0.6068893546831824,0.3683146888277696,1.0603306775983744e-07,0.04703622601892156,1.0479494920622e-06
1743,1743,BIN3,-0.4511074703370612,10.191587649463044,-0.2679489300967568,0.07179662913999668,0.03230185712536813,0.20599359533665348,0.07235923410053241
1744,1744,BIN3-IT1,-0.06551272959508203,7.315178497417707,-0.05943524030983029,0.0035325477906872757,0.6408409390700572,0.13973892112885986,0.7528749946197854
1745,1745,BIRC2,0.3411546747903449,3.761900944516133,0.39497166640732456,0.15600261726457887,0.0012383013077425279,0.10077668993403817,0.004099589484660517
1746,1746,BIRC3,-0.020784890196989144,7.155745899994075,-0.044554719089366604,0.001985122993132369,0.7266491690898109,0.059187049063041425,0.8209729095132183
1747,1747,BIRC5,-0.17287550443880376,8.187574742122305,-0.6648233320280826,0.4419900628089222,2.084461462002438e-09,0.02466904456210136,3.8705940502927695e-08
1748,1748,BIRC6,0.1787249408273862,5.499582097773024,0.2818731442891654,0.07945246947146065,0.024038779498607363,0.07726071550560508,0.05613714763747897
1749,1749,BIRC7,0.0710583521547872,6.645960353995163,0.08340269049192281,0.006956008781291471,0.5123298948537994,0.1078259939919818,0.6463068783093923
1750,1750,BIVM,-0.4586394860515482,9.103066667654092,-0.3774384806838267,0.14245980670091546,0.002107970632687881,0.1429080404952443,0.0065756002801616855
1751,1751,BLACAT1,-0.2085986201646958,7.904709920435616,-0.6589303392928271,0.4341891920405602,3.2323378138255544e-09,0.030242083051829863,5.639607303274622e-08
1752,1752,BLCAP,0.1549816331084896,5.561419294798462,0.2424000876109517,0.058757802473797076,0.0536230390346773,0.0787775210232561,0.1109293860395834
1753,1753,BLID,0.1470140813860546,6.523847890239598,0.1298990693592997,0.016873768220412155,0.30628256295571576,0.1425153659186336,0.44612557347185205
1754,1754,BLK,0.3418886462726507,5.481924033835836,0.4102393292269045,0.16829630724454053,0.0007606189838410093,0.09652412098845517,0.0026553609697045066
1755,1755,BLM,-0.20918894998318768,8.380307498642892,-0.5866393825159091,0.3441457651186471,3.503782839053416e-07,0.03667544094045446,2.939729460662601e-06
1756,1756,BLMH,-0.08630183405926196,7.614888011725912,-0.19705553694105288,0.038830884639126664,0.11858977792839501,0.05452999299947168,0.2129227792918824
1757,1757,BLNK,0.002846675750464479,6.991417831553817,0.006658729421303011,4.433867750612633e-05,0.958353008574672,0.05429266516689781,0.9749205806682257
1758,1758,BLOC1S1,0.4232590754007711,2.8127145077478097,0.6244814445615963,0.389977074601738,3.50068926450128e-08,0.06723013354138492,4.0603870392488063e-07
1759,1759,BLOC1S2,-0.18508140722836666,8.694634120156369,-0.2442638611997282,0.059664833888200076,0.051754237775132425,0.09331448621229516,0.10761840013640223
1760,1760,BLOC1S3,-0.07606749758895749,7.491417879125984,-0.06334577547356733,0.004012687270347605,0.6189929123071857,0.1521992564201521,0.7350859794985743
1761,1761,BLOC1S4,-0.12710294052789484,7.993080504093652,-0.21974653366010904,0.04828853905563344,0.08103374698213665,0.07166223847436544,0.15652357424834262
1762,1762,BLOC1S6,-0.2795405613310011,9.187382805776856,-0.4376322994707005,0.19152202954001288,0.0002988915609643428,0.07294133637757226,0.0011482165607030058
1763,1763,BLVRA,-0.25767453522621603,8.473212747629423,-0.4875676215047231,0.2377221855397729,4.384018163592306e-05,0.058599976182743485,0.0002101031936070731
1764,1764,BLVRB,-0.30101264006233003,9.76020603413842,-0.4416315821847385,0.1950384543829954,0.0002590450934698539,0.07766338787408746,0.0010103785120838772
1765,1765,BLZF1,-0.2682801038079698,8.135600839018597,-0.25573629073049164,0.06540105039659054,0.041388156603175706,0.12879912228747484,0.08937580088170821
1766,1766,BMF,0.08399682026165972,6.540992549820763,0.12258810415633715,0.015027843280644963,0.33453377937887263,0.08636358255375863,0.47669467608406174
1767,1767,BMP1,0.5323660021053688,4.054701159202526,0.4821245783430266,0.2324441090424412,5.4842564782067245e-05,0.1228599122061842,0.000255841391718153
1768,1768,BMP10,-0.045696436836898405,7.192825324149162,-0.06367844450184068,0.004054944294174003,0.6171490213708957,0.09095189172657857,0.7337186673642461
1769,1769,BMP15,0.07217535763978168,6.743254426444781,0.07453628184834428,0.005555657311775815,0.5583103594102563,0.12263533331891392,0.6859397829853988
1770,1770,BMP2,0.1795699575896642,5.665329123301389,0.5952138201556029,0.35427949170422635,2.1334767124724268e-07,0.03078839990205387,1.910688097956592e-06
1771,1771,BMP2K,0.3859080645790429,5.002126967160513,0.5679574611142918,0.3225756776353923,9.842285511415578e-07,0.0710235855335341,7.27173977310489e-06
1772,1772,BMP3,0.21630477014402585,5.947283523165242,0.6110276693355738,0.3733548126936634,8.219786274005533e-08,0.035589364210078585,8.435993922445014e-07
1773,1773,BMP4,-0.18701006560452654,8.402626330783555,-0.516186745948952,0.2664487566933679,1.2661375214378302e-05,0.03940737598902735,6.925538779170551e-05
1774,1774,BMP5,0.1735780047952434,6.190349337828229,0.6135948991718653,0.3764987002897315,7.005844439284136e-08,0.028368461809577424,7.368411279588849e-07
1775,1775,BMP6,0.4380388624873184,5.092466533068404,0.38720600993661547,0.14992849413103435,0.001572926624041922,0.13246539466634505,0.0050656939386715975
1776,1776,BMP7,-0.1770888453892725,7.948677727296399,-0.21899831231329767,0.047960260796072685,0.08209991063515734,0.10020332481579416,0.15809543402435555
1777,1777,BMP8A,0.30298577214594874,5.552988427577269,0.27553498656988035,0.07591952882406414,0.0275466003476265,0.1342469830043356,0.06305725481266933
1778,1778,BMP8B,0.524564083990057,4.412218835196351,0.4862030487340814,0.2363934045983155,4.638808969701599e-05,0.11973465433701115,0.00022058280245693487
1779,1779,BMPER,0.08086564193061821,6.76661914850586,0.06371054951404323,0.004059034119381353,0.6169711965896786,0.16086947369648613,0.7335700467879805
1780,1780,BMPR1A,0.12224650924902472,6.246764093565721,0.09588929487168424,0.009194756870988812,0.4510086857311382,0.1611627409478006,0.5905546674028177
1781,1781,BMPR1B,-0.2159597035977004,7.780397341744599,-0.2628726263174676,0.06910201766704296,0.035852581908579095,0.1006659411831278,0.0789904033120483
1782,1782,BMPR2,-0.03774986071033224,7.246582200417559,-0.04358405755581516,0.0018995700730286085,0.7323787605880008,0.10989526248623684,0.8251220746056641
1783,1783,BMS1,-0.3819371967165968,9.941708974482257,-0.7000985792035899,0.4901380206028852,1.210776716052835e-10,0.04947242844225605,3.915060032067039e-09
1784,1784,BMS1P20,0.171822608523634,5.7978381376033274,0.3128118930172078,0.09785128041300906,0.01184670190877427,0.06625829792455235,0.030313166706192465
1785,1785,BMS1P5,-0.11133697233994112,7.591174515817496,-0.1724482030285046,0.029738382727760342,0.1729997013855645,0.0807661376487425,0.2873156326025308
1786,1786,BMS1P6,0.020627685488481637,6.897507909400728,0.034616466101039696,0.0011982997253244304,0.7859642021014576,0.07563304106588598,0.862429936483763
1787,1787,BMX,0.13508578788999512,6.3420734018598175,0.3560629339939887,0.12678081296440755,0.00388133123532357,0.045024477762658686,0.011318371653774834
1788,1788,BNC1,-0.3569275560946249,8.105999948281863,-0.17475119951530507,0.030537981732037964,0.16724534829306206,0.2554050426244295,0.2799488302764365
1789,1789,BNC2,0.5412430692662727,4.773609184814003,0.5450362484699185,0.29706451214616275,3.214562534778595e-06,0.10573745458107822,2.0492008151495578e-05
1790,1790,BNIP1,-0.2988808049871107,8.83019179405817,-0.3754553859575301,0.1409667468445178,0.0022346651083964613,0.09370199308378296,0.00692496750462584
1791,1791,BNIP2,0.012460840903713459,6.9348836812319306,0.025814818514691237,0.0006664048549464452,0.8395399800335455,0.061282669340677776,0.8992549966674792
1792,1792,BNIP3,0.007106458176579285,6.9723857528472175,0.029585597764029043,0.0008753075950549205,0.8164831148701659,0.03049206644012657,0.8840912971905316
1793,1793,BNIP3L,0.013048478176434413,6.897252591965017,0.019519397730290402,0.0003810068877532662,0.8783257023953766,0.08488185363115053,0.9250507956845334
1794,1794,BNIPL,-0.011877122706332838,7.061255085483003,-0.012508575902088202,0.00015646447109830168,0.9218527788176396,0.12057952033010227,0.9531930442293839
1795,1795,BOC,0.40619688521753694,4.742594002732717,0.5086829840044543,0.25875837821567593,1.7726277215258127e-05,0.0873118987135308,9.346543294288159e-05
1796,1796,BOD1,-0.3411945395422421,9.792010317865923,-0.7106142495787696,0.5049726117043979,4.780163061085334e-11,0.04290292768310106,1.8256513419365592e-09
1797,1797,BOD1L1,0.02935680811105615,6.8708939919303855,0.045343769663146107,0.002056057447264449,0.7220025347184871,0.08213881632643674,0.8172153925009846
1798,1798,BOD1L2,-0.14456652462066658,7.521536762649162,-0.09819380676132004,0.009642023686279462,0.4401522709211171,0.18607323184306535,0.5806224066031184
1799,1799,BOK,-0.1932623313069672,8.216558932243785,-0.6590929140255741,0.4344034693187229,3.19386888663599e-09,0.028006452102347226,5.591207012134387e-08
1800,1800,BOLA1,-0.16933614775657413,8.07087148340835,-0.2461806250896173,0.06060490016951471,0.04988809956072876,0.08466893676419199,0.10447024426917911
1801,1801,BOLA2,0.035342510872263116,6.844997381130787,0.030797188289480183,0.0009484668065376957,0.8091064901351772,0.1456748006967055,0.8783877798103605
1802,1802,BOLA3,-0.33945163453769944,10.51768271107063,-0.4762422825606157,0.2268067116985453,6.95633246841325e-05,0.07959726513702005,0.00031501334086886016
1803,1803,BOLA3-AS1,0.3061357207910652,5.899970289895884,0.1957251810412446,0.03830834649362797,0.12114775458954286,0.19480019285204286,0.21657526680085115
1804,1804,BOLL,-0.06307216024011925,7.256075328239918,-0.051249944992289465,0.002626556861712696,0.6875491467838302,0.1560908184121324,0.789847661966123
1805,1805,BORA,-0.19599055030219226,8.455313626201207,-0.4705722710707312,0.2214382623006657,8.712665989965794e-05,0.046672330106542086,0.00038496792902001484
1806,1806,BPESC1,-0.056857632203573816,7.183445474460307,-0.030302278901221755,0.0009182281066074293,0.8121177270500622,0.2381870533265516,0.8809943582441186
1807,1807,BPGM,-0.03079660739746463,7.172442036883898,-0.05757181128190605,0.0033145134542794047,0.6513611592598829,0.06782287661137458,0.7612924170861811
1808,1808,BPHL,-0.23478135272867004,8.634249340975702,-0.5268774868997953,0.27759988620184395,7.730490217200014e-06,0.048100214908998164,4.479629800734983e-05
1809,1809,BPIFA1,0.060793574466057515,6.719562975106567,0.10161647350019347,0.010325907686615522,0.42430153353277467,0.07558642693005223,0.5652916025994977
1810,1810,BPIFA2,0.028820323111974588,6.8688677378262915,0.046396768233950905,0.0021526601025549557,0.7158171188213791,0.07880382934794249,0.8125419061265753
1811,1811,BPIFA3,-0.05724597985495788,7.331716279379693,-0.07143645988992423,0.0051031678016047535,0.5748346970290411,0.1015122019091561,0.6993543319951374
1812,1812,BPIFA4P,0.04984653035193631,6.793217460276245,0.05967308265902661,0.003560876794031022,0.6395031660006644,0.10589757154790004,0.7518291591379664
1813,1813,BPIFB1,0.0652711416814648,6.734533878804673,0.0679867209786469,0.004622194229428386,0.5934852221023255,0.1216452752319694,0.7143925783560788
1814,1814,BPIFB2,0.2181993928707592,5.911464332697414,0.2687988979325549,0.07225284752975608,0.031737070055834565,0.09929903416389836,0.07129317967418024
1815,1815,BPIFB4,0.1249566953721544,6.4474874722883735,0.17836322549022735,0.031813440207277686,0.15850471831215912,0.08754631970501718,0.2684304117501999
1816,1816,BPIFB6,-0.07329509301953599,7.282408814986425,-0.06522113399249095,0.0042537963192664585,0.6086292137877426,0.14241805151317738,0.726934925353432
1817,1817,BPIFC,0.01471138706809698,6.950192070357161,0.01881023193817734,0.00035382482556802684,0.8827145024663295,0.0993085821023709,0.9278764405081484
1818,1818,BPNT1,0.4231533678250731,4.536096895376941,0.4900296067821408,0.24012901552305954,3.956791470982173e-05,0.09559816750441134,0.0001919451597314493
1819,1819,BPTF,-0.1242317569568498,7.784990241387138,-0.15804750172701856,0.024979012802151927,0.2122813209789576,0.09857258124253708,0.3373414548909758
1820,1820,BPY2,0.005270028251539209,6.995369476409677,0.006834737696486961,4.671363937977987e-05,0.9572531805472316,0.09792308852119157,0.974259417434333
1821,1821,BRAF,-0.16344641854958614,7.903820132931135,-0.21478691220869986,0.046133417656147736,0.08830940462812653,0.0943877353988834,0.16808826203938473
1822,1822,BRAP,-0.21182075897893315,8.34864526473781,-0.25077939140414435,0.06289030315303303,0.045634476746224416,0.10384271799597364,0.09709320042635977
1823,1823,BRAT1,-0.3614585103753578,9.277046276865656,-0.7532417862783399,0.5673731885957843,6.94291282047894e-13,0.04008527990021063,7.913093533024813e-11
1824,1824,BRCA1,-0.2451119000187243,8.54222676488755,-0.6388578135803357,0.4081393059726469,1.3428915050452361e-08,0.03748643067693471,1.8487168176576342e-07
1825,1825,BRCA2,-0.17733062998831406,7.7633200649846605,-0.5444805234659384,0.2964590404337423,3.3045809586456676e-06,0.03469367104376818,2.0979390401486933e-05
1826,1826,BRCC3,-0.06517401056929108,7.524476377292035,-0.1034108105016266,0.010693795728603324,0.4161236242851366,0.07961190687028617,0.5573451932146607
1827,1827,BRD1,-0.20684730505855367,8.469336616667396,-0.3091726506234164,0.09558772789350913,0.012923676490797516,0.08080461703285972,0.03269418392619395
1828,1828,BRD2,-0.20097793730556665,8.670217672023997,-0.2334886042379451,0.05451692830898377,0.06333251428899285,0.10629521864177288,0.12749517494916243
1829,1829,BRD3,-0.27831912454865904,8.830859518821054,-0.21240017185490467,0.045113833003993034,0.09198909518349416,0.16261782274779998,0.17371796077427104
1830,1830,BRD4,0.02549030343976555,6.846584241139529,0.01486921438743569,0.0002210935364995246,0.9071646442027752,0.21769232725189072,0.9437737386601536
1831,1831,BRD7,-0.6638905115188372,10.916228261942516,-0.6515997438389347,0.4245822261709653,5.504600571271359e-09,0.09815475610238153,8.790717210241982e-08
1832,1832,BRD7P3,0.2970670668015599,5.9423341701582375,0.215802164164914,0.0465705740582605,0.08677970059876637,0.17070535435203116,0.16562792318581754
1833,1833,BRD8,-0.4599196878111718,9.37278034784376,-0.3376725912677845,0.11402277889350025,0.006356716993347084,0.16281770302386064,0.017533397846252848
1834,1834,BRD9,-0.5214950506316232,10.62805635638261,-0.5378366510555633,0.2892682632186638,4.580028872798587e-06,0.10381421075235472,2.8176285579674264e-05
1835,1835,BRDT,0.0696605358607772,6.797429901706601,0.06494246833567628,0.004217524193530315,0.6101644157346292,0.13593910755909874,0.7282181937924221
1836,1836,BRE,-0.4168319514113952,10.402008714907613,-0.4775435585022326,0.2280478502669752,6.602350912249017e-05,0.09739739827322802,0.000301632719419309
1837,1837,BRE-AS1,0.09560030693326878,6.5878458955184565,0.10314195655706968,0.010638263202420449,0.4173431446690123,0.11708617846196012,0.558425963779502
1838,1838,BREA2,0.08901826763540065,6.606070593137053,0.09383653644154767,0.008805295571345904,0.4608023135020558,0.11994739232343048,0.5996802093310926
1839,1839,BRF1,-0.23293663627406505,8.204295326462116,-0.2001875256491208,0.0400750454255174,0.1127309243822564,0.1447850046116818,0.20464315261109584
1840,1840,BRF2,-0.37956448535274107,9.62479652917245,-0.42326139725970735,0.1791502104102398,0.0004927098501677892,0.10318413068996343,0.001797237739584056
1841,1841,BRI3,0.04937399429813258,6.6289247412286505,0.06610868362159446,0.004370358050180072,0.6037508233359788,0.09464394126652233,0.7226122853778048
1842,1842,BRI3BP,-0.045607397642590884,7.448401517791108,-0.06353064574065985,0.004036142948225222,0.6179679386175524,0.09098671111766124,0.7343519569095701
1843,1843,BRICD5,-0.1412188913629648,7.64504659007977,-0.17466504908968097,0.030507879373500676,0.16745804878558868,0.10110277701236836,0.2802615384845755
1844,1844,BRINP1,-0.08912980548048598,7.347089431939487,-0.0894654577212499,0.008004068125272755,0.4820376706004618,0.1260162847087579,0.619092921941344
1845,1845,BRINP2,0.09056553481717708,6.635250492210544,0.0828955067544146,0.006871665040071195,0.5149071577091584,0.1382734525925766,0.6485757619934752
1846,1846,BRINP3,0.13991127371457746,6.515709366155229,0.6131588768240197,0.3759638082280934,7.199314645481066e-08,0.0228922634102997,7.531456939511715e-07
1847,1847,BRIP1,-0.16168180696100248,7.885649388976597,-0.5533384085279316,0.3061833943522241,2.115177489035528e-06,0.03090984574810174,1.411530617105219e-05
1848,1848,BRIX1,-0.3184785684264961,9.019313935222904,-0.7213201949877477,0.5203028236971623,1.7774388663938386e-11,0.038836479744806106,8.496785574339641e-10
1849,1849,BRK1,-0.2525019153363788,8.949429386959554,-0.3874269521260935,0.15009964323371436,0.0015623823584758009,0.0763067589620583,0.005035479978091006
1850,1850,BRMS1,-0.21114463841725992,8.660795468612974,-0.2316509649629217,0.05366216956825278,0.06550104902146113,0.11260902553628695,0.13113765243898262
1851,1851,BRMS1L,-0.23745184359451926,8.277961875615134,-0.438084714707204,0.19191821726009228,0.0002941186938342488,0.06187985092809994,0.001131889162072269
1852,1852,BROX,-0.37940908319349903,9.400683230434518,-0.31710973843934226,0.10055858621306804,0.010675579548423422,0.1441082153394985,0.027696139346005653
1853,1853,BRPF1,-0.10549657634216916,7.694274128909749,-0.10248526351306173,0.010503229237341698,0.4203305273002098,0.13004339217896355,0.5612936953820543
1854,1854,BRPF3,0.7009090308517568,3.2483752142820097,0.5472240203101187,0.29945412840436925,2.881992003532496e-06,0.13615040813299906,1.866872175785109e-05
1855,1855,BRS3,-0.0005313273284899262,7.017724170675692,-0.000352458356042274,1.2422689274402238e-07,0.9977945761520404,0.19145136680336847,0.9984455963520003
1856,1856,BRSK1,0.2239465995246329,5.421344658864322,0.3775166693592196,0.1425188356440783,0.002103109753191697,0.06976294235624314,0.006564260839631911
1857,1857,BRSK2,0.0312883799229023,6.87527295342568,0.029855581820812806,0.000891355765859248,0.8148379508318122,0.13303565459378106,0.8828010276722039
1858,1858,BRWD1,-0.09449545839575828,7.50396456599229,-0.11119004339579927,0.012363225750359728,0.3817342848898486,0.10726247600029057,0.5248120343271563
1859,1859,BRWD1-IT2,-0.10655527264248828,7.4382722324669635,-0.10049433751254877,0.010099111872086071,0.4294620443204423,0.13397796139736726,0.5704471919130945
1860,1860,BRWD3,-0.24786571038571856,8.200021393092342,-0.1924547539852396,0.03703883233151909,0.12761490471361264,0.1605078767280378,0.22588693490054615
1861,1861,BSDC1,0.3680024190494928,4.704092049804809,0.2780665490467374,0.07732100569876163,0.02609704460529185,0.16144752753177066,0.06022287946798753
1862,1862,BSG,0.2070036258819824,4.7883166489314934,0.5288455981380422,0.2796776666699836,7.046325777604312e-06,0.04219069253377356,4.135181157561555e-05
1863,1863,BSN,0.2273029182005848,5.982931863598872,0.2361446883578591,0.0557643138396304,0.060300818493821476,0.11878762253949665,0.12246217991969464
1864,1864,BSN-AS2,-0.034205689313003745,7.151714590811067,-0.035413143833208614,0.0012540907561515208,0.7811593148130231,0.12259295836825802,0.8588984494681907
1865,1865,BSND,0.2003152011450824,6.036262259634353,0.1854594114760132,0.034395193305029166,0.14232303341771865,0.13479348284401324,0.24640272534863267
1866,1866,BSPRY,-0.26777063853396915,9.010523353376596,-0.6518352318573934,0.42488916949058186,5.412474818981225e-09,0.03956444265087557,8.681614883071067e-08
1867,1867,BST1,0.19468941434937348,5.991964499826776,0.486021923843164,0.23621731045621025,4.6736391866442244e-05,0.044460622537586834,0.00022199529850138337
1868,1868,BST2,0.0654214211151963,6.566019791951063,0.2336925666001458,0.05461221568416359,0.06309543628789736,0.034568793625182094,0.12713610056894178
1869,1869,BTAF1,-0.14206806486525156,8.002521754981498,-0.3182061216542763,0.10125513585825607,0.010393416569694138,0.05375393980112659,0.027076073954707482
1870,1870,BTBD1,-0.20426524269076526,8.869432877178099,-0.2209807531106694,0.04883249324535862,0.0792990608295668,0.11449135180749866,0.15379018110910522
1871,1871,BTBD10,-0.005370025420640257,7.061651493507887,-0.004333785967713722,1.878170081395237e-05,0.9728874296726722,0.15736529467847282,0.9842962665652081
1872,1872,BTBD11,-0.4270914194181136,8.562658038021443,-0.3659371095262023,0.13390996812839176,0.002942494030558532,0.13794312748906126,0.00886720125685291
1873,1873,BTBD16,-0.3701236239355517,8.402259785681167,-0.3948207359075816,0.1558834135026043,0.0012441399950670604,0.10938360295380367,0.004116402076879633
1874,1874,BTBD17,0.12767589689997033,6.492483302337347,0.12178585745114233,0.01483179507510996,0.33773053884456816,0.13215129033851986,0.47989204846975875
1875,1875,BTBD18,-0.11566964188081966,7.38801962003698,-0.08808389714175066,0.007758772935678509,0.4888558331473,0.16612525439820527,0.625438560014462
1876,1876,BTBD19,-0.33341315537957306,8.588358951253499,-0.2510950744017427,0.06304873638881671,0.045353772999180725,0.16323271119625454,0.09657187357888482
1877,1877,BTBD2,-0.2797254741826383,9.027386106878687,-0.4674702931410912,0.2185284749694177,9.838268926367585e-05,0.06717980447106618,0.0004287537001418596
1878,1878,BTBD3,0.2523449117589722,4.979326990218302,0.5371021829382328,0.2884787549170149,4.746287623977606e-06,0.05033101931630509,2.908157802625655e-05
1879,1879,BTBD6,-0.3610481382070331,10.29255328708517,-0.4363665270273913,0.19041574590994706,0.0003126234683522479,0.09454724147778686,0.0011960885525031677
1880,1880,BTBD7,0.1539846018182347,6.038049664008079,0.11429987763738166,0.013064462027920413,0.3684773638988487,0.16997305407452956,0.5116953517525695
1881,1881,BTBD8,-0.22054433886708408,7.702430079805441,-0.11908085104432925,0.014180249085441734,0.3486498524656422,0.2335376454812799,0.49115356200517046
1882,1882,BTBD9,0.7428509666743616,3.2173396852671887,0.5187448300949349,0.26909619875022284,1.1268519069806893e-05,0.15548273695173484,6.268168005565586e-05
1883,1883,BTC,-0.14807209803922394,7.729998241435541,-0.2580150470619689,0.06657176451039004,0.039548590564015884,0.07041623782314456,0.08597778623268387
1884,1884,BTD,0.21719413898270773,5.693655891900828,0.18864660898004215,0.03558754307966893,0.13547167631024618,0.14359345975162158,0.23656634014932548
1885,1885,BTF3,-0.905375984046788,15.97544905166852,-0.6064917297462273,0.3678322182505708,1.0863841807055724e-07,0.15073858062173418,1.0693477015081442e-06
1886,1886,BTF3L4,-0.5035735178336584,10.131748697308387,-0.647171553916431,0.418831020198608,7.540174391367389e-09,0.07533535364945279,1.1418354996158099e-07
1887,1887,BTF3P11,-0.0374182444802873,7.137748387300575,-0.029194822824668225,0.0008523376797637687,0.8188657216504753,0.16270337352923395,0.8858738673298219
1888,1888,BTG1,0.36811777308193294,4.021699857678596,0.6393451588943926,0.4087622322016961,1.2988393924796038e-08,0.0562259296188489,1.7972119517026084e-07
1889,1889,BTG2,0.050713076245038805,6.595141263721928,0.08485208903516474,0.007199877013631523,0.5050010941796415,0.0756297183333924,0.6399323523831062
1890,1890,BTG3,-0.16860519010132716,8.209665861945657,-0.2518304407836708,0.06341857090529791,0.044705391403556366,0.08228859361252662,0.09538824030387359
1891,1891,BTG4,-0.3139555549189723,8.022661968638861,-0.1811095698436462,0.032800676288950566,0.15208818731688958,0.21651546390184453,0.2597373577560918
1892,1892,BTK,0.274806926391208,5.377654578418641,0.6217647238809755,0.3865913718627857,4.1727810057658566e-08,0.043962328963571586,4.7384149281520513e-07
1893,1893,BTLA,0.22323427819138186,6.012173706608426,0.4901318635888745,0.2402292437051031,3.9399098604704615e-05,0.05041890244148897,0.00019121189607460297
1894,1894,BTN1A1,-0.07888425860831326,7.308131363093422,-0.06995217805881454,0.004893307215172094,0.5828260842593884,0.14286573690091384,0.7058780120043097
1895,1895,BTN2A1,-0.10122912022227687,7.613037376351388,-0.08141179648248377,0.006627880606505356,0.5224842024385608,0.1573904085655822,0.6554889869536547
1896,1896,BTN2A2,0.2662168498187485,5.8274975919034615,0.1657637884401782,0.027477633558040157,0.19051707050849545,0.20114064139406296,0.31029235573567004
1897,1897,BTN2A3P,0.15258262759827804,6.366783179882443,0.1311269038682605,0.017194264918076033,0.3016939196412951,0.1465046060445052,0.44119272216587285
1898,1898,BTN3A1,-0.06568041561998332,7.487705887822168,-0.08608065749907709,0.007409879595473416,0.4988313835631667,0.09654270123894736,0.6346391875365945
1899,1899,BTN3A2,-0.002798997679307409,7.037447457632493,-0.0064822689072369065,4.2019810185730345e-05,0.9594557401624502,0.05483660077950568,0.9755382690026227
1900,1900,BTN3A3,-0.011823722288381359,7.093731083874384,-0.02940505995201613,0.0008646575507816628,0.8175836736678199,0.051044442801813895,0.8849732306946236
1901,1901,BTNL2,0.023035041638399298,6.916225768958028,0.021361928801660317,0.0004563320021272045,0.8669402271760812,0.13691580360367606,0.9177098606588473
1902,1902,BTNL3,0.18869085659579227,5.434704188747717,0.7342503569638941,0.5391235867016057,5.0540902564276195e-12,0.022156598410583102,3.2670544627743314e-10
1903,1903,BTNL8,0.05427849367783581,6.5853155054960935,0.4231269028187229,0.17903637588896493,0.0004949687844482753,0.014761254233091626,0.0018044695332032662
1904,1904,BTNL9,-0.15175369446113285,7.8001608539851555,-0.13499153838783773,0.018222715436315068,0.28754395979284114,0.14146316524022592,0.4261696289996561
1905,1905,BTRC,-0.9401860479844548,11.358236066430573,-0.4643326797620034,0.21560483749496326,0.00011111697825865515,0.22774883299393825,0.0004770495963900034
1906,1906,BUB1,-0.29509777535615417,8.375809315504714,-0.6212044275080849,0.3858949407556475,4.3257891045993734e-08,0.04727775938157168,4.878904326046846e-07
1907,1907,BUB1B,-0.1374083975119783,8.06991670145199,-0.6043996412693877,0.3652989263665646,1.2337109034427345e-07,0.023002648793238892,1.1965298571024021e-06
1908,1908,BUB3,-0.4955345230187536,10.650479428530627,-0.6737089142786139,0.4538837011784687,1.0556900819279823e-09,0.06903166476648118,2.2390762707297213e-08
1909,1909,BUD13,-0.35919890878488203,9.492105349834738,-0.5055225354152476,0.25555303381266026,2.0377153990073105e-05,0.0778602019005588,0.00010569275919881032
1910,1910,BUD31,-0.6582599642529859,11.75710947952367,-0.5426652308709795,0.2944855527962535,3.6153282543755707e-06,0.12939650794249802,2.2810544853512033e-05
1911,1911,BVES,0.459015099438705,5.178576852995522,0.35390492750803804,0.12524869771446967,0.004118807662629868,0.15405890852590756,0.01195934297858002
1912,1912,BVES-AS1,0.1449998587351655,6.537056564772277,0.12845119805933375,0.016499710282878187,0.31175119297122145,0.14217420916774426,0.4520708460022096
1913,1913,BX648501,-0.04325856608964397,7.1479795603616285,-0.02739638127044821,0.0007505617067157655,0.8298517868921785,0.2004564475787263,0.8929114615455831
1914,1914,BYSL,-0.2450496091547507,8.65978166678307,-0.7912611748760209,0.6260942468661809,7.200036320801939e-15,0.02405023845043549,2.5665392212089315e-12
1915,1915,BZRAP1,0.014311811130818768,6.944070513921008,0.018253869965643058,0.00033320376872260566,0.8861601159018113,0.09955691552082073,0.9300085930916799
1916,1916,BZRAP1-AS1,0.22215029639547984,6.073610297290464,0.39882167719167216,0.15905873019797834,0.0010974648780669796,0.06487167772621298,0.0036857323099473392
1917,1917,BZW1,-0.3312046199526458,10.465119402191394,-0.4859274113153322,0.23612544906762,4.691909762690909e-05,0.07565544038649014,0.00022271658463628153
1918,1918,BZW2,-0.3957879237414453,11.25033105848092,-0.6307714688298094,0.3978726458897152,2.31590168800076e-08,0.06183563596651991,2.873974272415843e-07
1919,1919,C10orf10,-0.2079529423822466,8.300968678547854,-0.4240577454656518,0.1798249714894115,0.0004795256213721467,0.056402388555084025,0.0017549649029599181
1920,1920,C10orf107,-0.057625863070482626,7.189703547925963,-0.03753201884786325,0.001408652438796362,0.7684201048286985,0.19485590518853552,0.8496802170172317
1921,1921,C10orf11,-0.02265663274603277,7.165795549416533,-0.04760541391990475,0.002266275434485461,0.7087398034955065,0.06037407649733952,0.8067578030222452
1922,1922,C10orf113,0.14735245147161333,6.39213312603645,0.14924864869488436,0.02227515913724901,0.2391703698413363,0.12398222835761988,0.36999816823218584
1923,1923,C10orf12,0.3481096643923189,5.344459962939144,0.2456460095584342,0.06034196201198234,0.05040297270649828,0.17445982753718733,0.10532436301835571
1924,1924,C10orf126,-0.024820725448536755,7.0856110991163055,-0.010997576958484884,0.00012094669895779765,0.9312683492463748,0.2866126478686671,0.9592644295738119
1925,1925,C10orf128,0.3669472496222753,5.184951795538564,0.5689097526667478,0.3236583066793401,9.3518224936842e-07,0.06736704434095606,6.956843562374832e-06
1926,1926,C10orf2,-0.25445706237021004,8.585394507927544,-0.6538929685022181,0.4275760142566428,4.6673791727929285e-09,0.03739132961327857,7.656928134071558e-08
1927,1927,C10orf25,0.0628391614281903,6.7213643065699245,0.08614718358759622,0.007421337240075008,0.4984984174438564,0.09229452096043228,0.6343646488656468
1928,1928,C10orf32,-0.1847511166280142,8.606677411376031,-0.3022360484879173,0.09134662900559072,0.015211893896017431,0.0740021070834422,0.037698965703622966
1929,1929,C10orf35,-0.37887596437594384,9.349249730530977,-0.6582420684214887,0.4332826206397998,3.4001243385990947e-09,0.055029914869079176,5.885044044504391e-08
1930,1930,C10orf40,0.07071598892132118,6.805277095814723,0.04063910735916312,0.0016515370469495855,0.7498501978252772,0.22080997628416565,0.837485483207302
1931,1931,C10orf53,0.0942068583268956,6.559236923431609,0.12898675540959906,0.016637583071095724,0.309721112626362,0.09198104952931442,0.4499235724105366
1932,1932,C10orf54,0.3513496401242979,4.69484648315537,0.7423060760876334,0.5510183105966194,2.2239690122001346e-12,0.04027865571563319,1.8311805687906433e-10
1933,1933,C10orf55,-0.12968394960069213,7.42306871070804,-0.10595940864911292,0.01122739628126971,0.40466551825477104,0.15456069804762645,0.5469033138492834
1934,1934,C10orf62,0.14661023232713574,6.227344531548589,0.19089251537184024,0.03643995242498826,0.13079512905432947,0.09574562286420207,0.23025514345756481
1935,1935,C10orf67,-0.1286981592307742,7.666022721536567,-0.1133149131487996,0.01284026954192,0.37264559386678586,0.1433121909739259,0.5156399315283312
1936,1936,C10orf71,0.1973402149459575,6.211985865828057,0.249690643342698,0.0623454173728904,0.04661356195557774,0.0971938810008448,0.09872717160006868
1937,1937,C10orf71-AS1,0.032587279886865834,6.890966463418589,0.0513870039781568,0.002640624177851102,0.6867567650131863,0.08043124766126805,0.7892855188600227
1938,1938,C10orf76,0.28581008692097626,5.249165911980789,0.25466558362076885,0.06485455948090682,0.042276602159783946,0.137832308720586,0.09099696017178115
1939,1939,C10orf82,-0.066348730742918,7.305469375731882,-0.1297084963783373,0.01682429403272914,0.3069987930882727,0.06441454135990904,0.4469283270135493
1940,1940,C10orf85,0.2381291147897392,5.973762710255206,0.17380856470440634,0.030209417164605814,0.1695834514877912,0.17135013892036305,0.28298756584481144
1941,1941,C10orf88,-0.2591524715248642,8.496484967548506,-0.313133496271131,0.09805258648698242,0.011755375440868715,0.09982069560150066,0.03012219325192427
1942,1942,C10orf90,0.15837264179406468,6.4138287759979145,0.15870253854655694,0.025186495741121397,0.2103684540353632,0.12512993278401324,0.3351132023051192
1943,1943,C10orf91,0.08826809194114864,6.595901645295106,0.13022155185745765,0.016957652568164533,0.3050730404239209,0.0853514966194401,0.4446329714887608
1944,1944,C10orf95,-0.16342450451738655,7.864940573570094,-0.17111479724018494,0.0292802738345496,0.17639670162166,0.11950351862453995,0.2917490700081759
1945,1945,C10orf99,0.1959192740547032,4.744542247670559,0.4266363348429157,0.18201856220819648,0.00043900658936315873,0.052746688907692116,0.0016225785445740232
1946,1946,C11orf1,-0.4785983453800699,9.99095429579168,-0.6787351560304064,0.4606814120316201,7.110157802335018e-10,0.06576543511341346,1.6258761056976224e-08
1947,1947,C11orf16,0.1583806840294696,5.954290601524567,0.21520842144271576,0.04631466465986556,0.08767175222709685,0.09127454147462273,0.16700666735378097
1948,1948,C11orf21,0.2420567466077369,5.945384759437529,0.24975991048337345,0.06238001288466271,0.046550762172149984,0.11918237766849475,0.09864079834588288
1949,1949,C11orf24,-0.06789386254440899,7.548250963237938,-0.08466763403812509,0.00716860825361388,0.5059307777412139,0.101474050965898,0.6407507943752171
1950,1950,C11orf30,0.1200403782555656,6.3897862934836605,0.10091013622999337,0.01018285559395582,0.4275457212412057,0.15030526857180368,0.5687739644599035
1951,1951,C11orf31,-0.6366547143394219,11.72792689263933,-0.669296278335457,0.4479575081936936,1.4842841926640578e-09,0.0897585768804305,2.927338268865225e-08
1952,1952,C11orf40,-0.03212225967362594,7.114287422244969,-0.023490540449167176,0.0005518054905939593,0.8538205807054672,0.17361905136989678,0.908574185512378
1953,1953,C11orf42,0.008274800815401455,6.979135099429422,0.010593505888940943,0.00011222236701902644,0.9337879043358628,0.09919679061251566,0.961173926627679
1954,1954,C11orf44,0.1913126112673992,6.331942667050805,0.1749800627855813,0.030618022372445968,0.1666812598116056,0.13671200648322096,0.2792636503845508
1955,1955,C11orf45,-0.02038144634682549,7.086506728003173,-0.023034430853988205,0.0005305850047671636,0.8566286085527325,0.11234310517141216,0.9106225771051703
1956,1956,C11orf49,-0.06523345727787701,7.452477897487536,-0.0490966317078757,0.002410479245058785,0.7000416106623973,0.16853837115461795,0.799462138956556
1957,1957,C11orf53,-0.2320589549597615,8.433648886246488,-0.34544432387223284,0.1193317808955441,0.0051785642599673715,0.08006276571344731,0.014660976473995743
1958,1958,C11orf54,0.4206090664703654,3.7579770683269684,0.6023639888307853,0.3628423750401345,1.394999451321193e-07,0.07078597641048709,1.3301943248947793e-06
1959,1959,C11orf57,-0.4599712910786418,9.502858735589713,-0.4387718362639705,0.1925207242984565,0.0002870027941469318,0.1196359852169854,0.0011096314064009659
1960,1960,C11orf58,-0.7607943775399465,12.294945466666784,-0.5100086226804423,0.2601087952084018,1.6712861087398202e-05,0.1629588170265028,8.879219991354466e-05
1961,1961,C11orf63,0.1550126223412263,6.430249251292863,0.14390124582134764,0.02070756854893592,0.25661137250867155,0.13538260414460182,0.39031532427304083
1962,1962,C11orf65,-0.2002516569259123,7.6010180288895555,-0.12816181483052438,0.01642545078065362,0.3128516803266016,0.1968000779536954,0.4532853698295569
1963,1963,C11orf68,-0.16571917746978726,8.257031633838546,-0.16519799541508715,0.027290377689163158,0.1920562380500812,0.12565036579031064,0.3121886980164021
1964,1964,C11orf70,-0.30896891643580665,8.107353564484931,-0.4127452751901847,0.17035866219182133,0.0007005894211155932,0.0865928484974388,0.0024680761207512883
1965,1965,C11orf71,0.20588960237789986,5.647103352362171,0.2995331309073896,0.08972009651118339,0.016193389947642245,0.08328775989916701,0.039818630891316875
1966,1966,C11orf72,0.020928441779210195,6.901254455883086,0.025250729015266447,0.0006375993158024187,0.8430012535290768,0.10522734946949804,0.9017136154691113
1967,1967,C11orf73,-0.2613914190435279,8.862530352846125,-0.6110942002930785,0.3734361216318372,8.185963064490242e-08,0.04300015259286754,8.409251905196214e-07
1968,1968,C11orf74,-0.17445514037124096,8.315062130567071,-0.30133015723617673,0.09079986365997901,0.01553499252961231,0.07010921004355186,0.03839861468197176
1969,1969,C11orf80,-0.16332868768427367,7.904167652858171,-0.2876053727797035,0.08271685045175221,0.02119922884615015,0.06907507112667863,0.050419472889992475
1970,1970,C11orf83,-0.2301063971183247,8.605283183729425,-0.3566010112378902,0.12716428121588588,0.0038240423733305546,0.07656257519784712,0.01116936034454723
1971,1971,C11orf84,-0.3738021420114416,9.205923416686005,-0.4724070710646223,0.22316844079185508,8.104015940943384e-05,0.08857129238743554,0.0003610956074097304
1972,1972,C11orf85,0.09256066231932553,6.577952626915053,0.10530293585857516,0.011088708300435195,0.4075991744883929,0.11101171120229662,0.5495305767367792
1973,1973,C11orf86,0.3019003985791027,4.789310642742625,0.7218773213612354,0.5211068670956723,1.6861378991983035e-11,0.0367556196068315,8.205239597109946e-10
1974,1974,C11orf87,0.10604583212724583,6.7066864453639115,0.033607608243577884,0.0011294713318538046,0.7920601908905345,0.4005112811159248,0.8660793059126386
1975,1975,C11orf88,0.14767366168982216,6.5135856355147705,0.17631803563559412,0.031088049690394637,0.16341140102553886,0.10470143076816237,0.2749979708741097
1976,1976,C11orf92,-0.14064470836217613,7.54514521290089,-0.4579995736870698,0.20976360949753767,0.00014155713331800296,0.03466897413184745,0.0005914239079997884
1977,1977,C11orf94,-0.15089078563488068,7.702208514715215,-0.1588097249296766,0.025220528732239542,0.21005660591704756,0.11913598742681965,0.33476418907371686
1978,1978,C11orf95,0.2267349436205909,5.731258274879592,0.23258937052623635,0.05409781528179086,0.06438632457557872,0.12040814437323988,0.12923657516155085
1979,1979,C11orf96,0.12702323574538898,6.144292235599692,0.5892806420573886,0.3472516751035682,3.011848898806832e-07,0.022117601815018026,2.5687903861229595e-06
1980,1980,C11orf97,0.07431347192596277,6.725751374574532,0.06924944163591921,0.004795485166886581,0.5866271753298873,0.13596013904430534,0.7088292124739913
1981,1981,C12orf10,-0.34671507345811875,9.68858136953484,-0.7286897781711312,0.5309887928110925,8.756369601707936e-12,0.0413833659156004,4.912414086139517e-10
1982,1982,C12orf29,-0.22217712564716308,8.659063758967259,-0.622197322620165,0.38712950827570175,4.058160328898889e-08,0.0355025638365981,4.6252348380160755e-07
1983,1983,C12orf4,-0.2263884509089797,8.489588674965747,-0.3640768098575449,0.1325519234760469,0.0031021249242747274,0.07355075753462673,0.009291357570562825
1984,1984,C12orf40,0.06211321180355332,6.808354705111895,0.043533065594539705,0.0018951278000584968,0.7326801602705961,0.18103267907846776,0.8252788463413315
1985,1985,C12orf42,-0.07599040754649414,7.293435329405629,-0.05490315228901349,0.0030143561312706074,0.6665456611520009,0.1755133278959193,0.7736531217369662
1986,1986,C12orf43,-0.34982621559975097,9.232301353849802,-0.5963338786147501,0.3556140947837115,1.9974690882042765e-07,0.05980535056127855,1.8038028817791328e-06
1987,1987,C12orf45,-0.29340158496038143,9.391458445335896,-0.6676137594603935,0.4457081318208401,1.6876642104880828e-09,0.0415537847308014,3.268905946164529e-08
1988,1988,C12orf49,-0.03526149117496705,7.242553750692418,-0.021154261419018376,0.00044750277618416936,0.8682221559366174,0.211645854708012,0.9184383169755972
1989,1989,C12orf5,-0.13729897221965945,8.082818287629427,-0.4876692799620393,0.23782132661869385,4.3655646222020795e-05,0.031215797812115312,0.00020929700920762026
1990,1990,C12orf50,0.0945525409027496,6.709300290873437,0.06698150468365087,0.004486521969685943,0.5989701800069758,0.1788735112073502,0.7185982962909174
1991,1991,C12orf54,0.14509772043186753,6.4454957457549105,0.10971245898668773,0.012036823656905634,0.38813183861914335,0.16694721346091895,0.5308864935129831
1992,1992,C12orf55,-0.17296092634263607,7.5328801520456015,-0.0973791603260474,0.009482700865806043,0.4439732080204609,0.22450042361789505,0.5842391723190983
1993,1993,C12orf56,-0.04094782639147005,7.179090036630673,-0.18395937268477144,0.03384105079857462,0.14563600766719334,0.027786726033708648,0.2507751070318919
1994,1994,C12orf57,0.09014918388898092,6.10520869575744,0.12808562171461518,0.016405926490019502,0.3131418475377573,0.08864893565816646,0.45355405714869473
1995,1995,C12orf60,-0.3666943545574169,8.362291854833282,-0.2884438599501374,0.08319986034293447,0.02080878462757745,0.1545910745099846,0.049599805295562974
1996,1996,C12orf61,-0.12379178257236802,7.415970952877108,-0.0940264303944971,0.008840969612731207,0.4598914972732233,0.16646299114013796,0.5988184939842254
1997,1997,C12orf65,-0.3793079690220391,9.081324722777193,-0.2789223921203597,0.07779770082614372,0.025621777439479264,0.16585395849434706,0.05927140160793969
1998,1998,C12orf66,-0.32213188376862345,8.501101085131372,-0.5949024046133089,0.3539088710146971,2.172814188831937e-07,0.055276308529073344,1.9411011245526236e-06
1999,1999,C12orf73,-0.29691507135589,8.972106453641814,-0.5153287684343496,0.2655637395760635,1.3163320819843296e-05,0.06270888309168476,7.172916767833582e-05
2000,2000,C12orf74,0.11073347779208813,6.667419675577224,0.07805462605355297,0.006092524648359992,0.5398324939816169,0.17962113085490589,0.6699565967775755
2001,2001,C12orf75,0.004838719952894003,6.973384365234959,0.009764545368213938,9.534634624790828e-05,0.9389588250635424,0.06293060543428311,0.9640677709331474
2002,2002,C12orf76,-0.7002369953691266,10.359960225650047,-0.5218273953914894,0.2723038305810658,9.779788862527929e-06,0.1453775602717444,5.520889672003188e-05
2003,2003,C12orf77,-0.2347773314463193,7.751410980384837,-0.15177764042935052,0.02303645213430122,0.23121277007811006,0.19417427855100167,0.3604665981050498
2004,2004,C12orf79,0.028146038373604337,6.9254762827598775,0.022229690071332176,0.0004941591206674842,0.8615872751866385,0.16076099707384015,0.9141679330351363
2005,2005,C12orf80,-0.24809132848904336,8.061633587829768,-0.1614756865110885,0.02607439733422733,0.20240504183647995,0.19256240070022304,0.32529918220045817
2006,2006,C14orf1,-0.2672636578017963,8.822693379229596,-0.33006095019198595,0.10894023084163663,0.007732385456388417,0.09707409167936228,0.020883157478544537
2007,2007,C14orf105,0.16997317722360644,6.415684065979868,0.0880375079072047,0.007750602798511129,0.4890856456644638,0.2442458702070265,0.6256586517523608
2008,2008,C14orf119,-0.3085687797922985,10.095223563965432,-0.4354583563260142,0.189623980094154,0.00032282817682092844,0.08101264280685473,0.0012307824241297896
2009,2009,C14orf132,0.3072507140944081,5.509792814812761,0.6859830187390756,0.470572701998375,3.9658944817977743e-10,0.041389183244909526,1.0248952161434116e-08
2010,2010,C14orf142,0.35200189691928235,4.071624661297317,0.5763669629872499,0.33219887602314585,6.231914380383186e-07,0.06338312573846049,4.860361290142149e-06
2011,2011,C14orf159,0.3159234013335879,4.589163999931378,0.2473309566811932,0.06117260213283428,0.0487948282953976,0.15718111021030734,0.10255770229417015
2012,2012,C14orf166,-0.4122169281238746,11.574403446981243,-0.688884609159477,0.4745620047368054,3.1245652707189993e-10,0.055086379902036624,8.474817099811344e-09
2013,2013,C14orf169,-0.2809993615089485,9.111664499440481,-0.5234928212573017,0.2740447339079292,9.053821199935124e-06,0.058083621651738165,5.1534237457326004e-05
2014,2014,C14orf178,-0.024620950536919404,7.145890960174496,-0.03122024233935179,0.0009747035317278539,0.8065346338888247,0.10010619254494987,0.8769586009671871
2015,2015,C14orf180,0.10146671130672076,6.4657827896391655,0.12806912840478146,0.016401701650360395,0.3132046819697496,0.09979118278789297,0.4536147263279111
2016,2016,C14orf182,-0.4761775500393467,8.92480781573096,-0.3217127333849628,0.10349908282202414,0.00953397140022838,0.17798368325394953,0.025095192739995813
2017,2017,C14orf183,0.007791727711440891,6.980695215521867,0.011246496968076029,0.00012648369405294336,0.9297165598702404,0.08798186926454064,0.9583953969624438
2018,2018,C14orf2,0.08954715778884438,6.056981350882985,0.10332755799414436,0.010676584241033269,0.41650103780418857,0.10947348401486333,0.5576092719412491
2019,2019,C14orf23,0.197102522555459,6.154455398701068,0.18804205898033194,0.03535981594556264,0.13675176842438094,0.1307446764175721,0.23837716696691374
2020,2020,C14orf28,0.30693507832788125,5.3431728210844955,0.5022592225237816,0.2522643266101936,2.3497048786793062e-05,0.06711147909955288,0.00012046131427036075
2021,2021,C14orf37,-0.11848631047391453,7.4487520910357725,-0.10674457745655493,0.011394404816378451,0.4011729732175462,0.14016450290537502,0.5433360895006544
2022,2022,C14orf39,-0.452679318237888,8.272812063008478,-0.20741355774812867,0.043020383937736315,0.10006413526483174,0.2711496268193997,0.18606292711316602
2023,2023,C14orf64,0.7420900869159603,3.873359637586794,0.4706478791654205,0.22150942616290825,8.686774951245597e-05,0.1766816142831752,0.0003839806319028851
2024,2024,C14orf79,-0.30881772081674297,8.874787010975455,-0.35360735570276786,0.1250381620071038,0.004152542874115302,0.10374797620941784,0.012042763618450096
2025,2025,C14orf80,-0.19207216973817487,8.106706461761414,-0.26244656391817384,0.0688781989124561,0.036164821661367065,0.08968730086376027,0.07954791397429191
2026,2026,C14orf93,-0.2890661923975106,8.60145397733943,-0.4319316635182141,0.18656496194961167,0.0003654050836793158,0.07665629995657723,0.001377584799281961
2027,2027,C15orf26,-0.07907525789170937,7.258223069155827,-0.045245960301849714,0.0020471969236365607,0.7225779845547917,0.22172770573289888,0.8177063543195547
2028,2028,C15orf27,-0.050227363350525016,7.216497059730716,-0.05218345033591885,0.002723112488961309,0.6821589207470891,0.1220730012419648,0.78579453315486
2029,2029,C15orf32,-0.08524166873005179,7.287179925451221,-0.06759150128695934,0.0045686110462250275,0.5956390600446335,0.15979738616447434,0.7158710092833022
2030,2030,C15orf37,-0.10634550618774964,7.5618507756200195,-0.11769493001182454,0.013852096550488285,0.3543282134236039,0.11395583583648945,0.4968901348068995
2031,2031,C15orf39,0.2011530755005096,5.923645923258122,0.14815243122167346,0.021949142876892685,0.24267754474514525,0.17053077608371653,0.37414083948854626
2032,2032,C15orf40,-0.20879669694513525,8.054703486341582,-0.2321720601837512,0.053903865529967385,0.0648801432643628,0.11109268368839284,0.13004253076543654
2033,2033,C15orf41,-0.7520984876671395,10.242100018606322,-0.6885633207291741,0.4741194466535875,3.208592762773376e-10,0.10059549727524864,8.642049288290729e-09
2034,2034,C15orf43,-0.3974385043285566,8.133125612571835,-0.1713394476304127,0.029357206314294938,0.1758210078393857,0.29023277204925896,0.2909969370805486
2035,2035,C15orf45,0.09699396691104947,6.628930585661763,0.0990259570549461,0.00980614017064803,0.436268308214286,0.12378269758857745,0.5769041645430586
2036,2036,C15orf48,0.29383626041734995,3.2522423365176762,0.7502941346162801,0.5629412884395927,9.558116336030763e-13,0.032881216951224534,9.951010060420488e-11
2037,2037,C15orf49,0.08193777427875984,6.6047247848495365,0.08329645778607248,0.006938299879706954,0.5128691743090175,0.12449442425473813,0.6467987868884616
2038,2038,C15orf52,0.17461450904577533,6.027337242832815,0.31533895425101194,0.0994386560681218,0.011145341260633787,0.06673651286025599,0.02872419340737927
2039,2039,C15orf54,-0.1778855102083417,7.630448189939147,-0.1304766383648396,0.017024153158989138,0.3041184905880909,0.1716656465165809,0.44360002112926766
2040,2040,C15orf56,-0.006640372879043585,7.043342284292416,-0.010927475056259612,0.000119409711105176,0.9317054169660366,0.07717042064466788,0.9595320685023789
2041,2041,C15orf57,0.07396408105012747,6.614731821332853,0.0650911548188209,0.004236858435647711,0.6093450756052521,0.14400615930715846,0.7275386013250115
2042,2042,C15orf59,0.19413863181459265,6.156460690551218,0.14673955179723253,0.021532496061652688,0.24724963873533845,0.16620425387908971,0.37943384074932707
2043,2043,C15orf61,-0.3447747480376773,9.951497652737508,-0.5220337054285231,0.2725191896034341,9.687003116997478e-06,0.07154047701092693,5.4727903078158207e-05
2044,2044,C15orf62,0.08270780782067005,6.670739830060488,0.07137899922788864,0.005094961530774928,0.5751431227603447,0.1467814000117461,0.699522550992049
2045,2045,C15orf65,0.08030449566766458,6.473280690776074,0.1930455163031877,0.037266571364764314,0.12642771061150462,0.05183669703401942,0.22415196277158447
2046,2046,C16orf13,-0.5580306173586511,10.931655354964583,-0.6361238166841017,0.4046535101527486,1.6174585844545335e-08,0.08596178516198794,2.1554501936223338e-07
2047,2047,C16orf3,0.09253944688109716,6.629999651936202,0.08695926797798573,0.007561914287267134,0.4944432096797595,0.13463776403024744,0.6307238280876056
2048,2048,C16orf45,0.6200813328874634,3.226924482036942,0.5267679142922607,0.2774844355278185,7.770343349774929e-06,0.12707411747762748,4.500315197629743e-05
2049,2049,C16orf46,-0.4935248934335354,9.235935209563484,-0.6274019950518716,0.3936332633950687,2.892931589285493e-08,0.07779201267258784,3.451594135866521e-07
2050,2050,C16orf54,0.0992952040722142,6.633363422917807,0.4470045971741688,0.19981310989484088,0.0002131470616673679,0.02523574639024509,0.0008498802468066382
2051,2051,C16orf58,-0.42112291174497024,9.76757132049462,-0.4261310519760202,0.18158767345818966,0.0004466918573859585,0.11354183909278726,0.0016490133262347308
2052,2052,C16orf59,-0.30958887805834984,8.859380214654914,-0.5133562157751381,0.26353460427497016,1.438837122971823e-05,0.06572746058810403,7.758470592120225e-05
2053,2053,C16orf62,0.4563627552915543,4.5751709878175495,0.3440861461184205,0.11839527595062704,0.005369399716694862,0.1581554331975488,0.015116270263264071
2054,2054,C16orf70,-0.27983239407481353,8.457803594371299,-0.16457679858490645,0.02708552263245686,0.19375637469010332,0.2129957148885722,0.31438590543340234
2055,2055,C16orf71,0.12145801547918787,6.407675511755892,0.1394071762212285,0.019434360781976655,0.2719199451631225,0.10956795124317212,0.4086347267527702
2056,2056,C16orf72,0.33751021066604736,4.4403319307309195,0.4490255182333836,0.20162391602475865,0.0001979058793281364,0.08529504603466036,0.0007964415195782929
2057,2057,C16orf74,0.13370881214560798,6.28949870211967,0.2491013847901721,0.06205149990438138,0.04715062009862698,0.06602030716984775,0.09964347401539643
2058,2058,C16orf78,0.06772054009474897,6.741724406299701,0.08552789610830026,0.007315021012712203,0.5016024331687758,0.10018956811630098,0.6371165869124196
2059,2059,C16orf80,-0.2295685060946222,9.062050715005196,-0.3851967867864988,0.14837656455064346,0.0016717880817208725,0.0698485845383108,0.005341975934730042
2060,2060,C16orf82,0.11083965617678196,6.452948006134026,0.1185813599167328,0.014061538919701726,0.3506898198720071,0.11787122658037195,0.493289252960592
2061,2061,C16orf86,0.15954853093375254,6.0320860059400685,0.1653570693314135,0.02734296037787389,0.19162259931247047,0.12085206221133547,0.3116520474616432
2062,2062,C16orf87,-0.2221444502981486,7.86669625221996,-0.2953888850870455,0.08725459343296779,0.017803544127399363,0.09124735863015583,0.043318623379644185
2063,2063,C16orf89,0.3441588296542988,5.228661822144794,0.6408673485444545,0.4107109584303993,1.1698929347587042e-08,0.052355113882674616,1.6482779116590592e-07
2064,2064,C16orf91,-0.3389822597946769,9.55234231806558,-0.4749046805211872,0.22553445558093085,7.338379069867117e-05,0.07977663733420066,0.0003309300265680392
2065,2065,C16orf92,0.2385506950307004,5.901031771634267,0.2294661870970948,0.0526547310208789,0.06815651094473395,0.12850507738923556,0.1354312024690965
2066,2066,C16orf93,-0.06445202421432747,7.365935898208429,-0.08011140741520341,0.0064178375980447075,0.529170702732678,0.1018470017184958,0.6609292633334953
2067,2067,C16orf95,-0.4919754540201934,9.930386496375638,-0.5015993006087133,0.2516018583711503,2.417955129249427e-05,0.107759859971356,0.00012363829592419443
2068,2068,C17orf100,-0.3019657957126448,8.521173863961703,-0.4141329038739209,0.17150606207104618,0.0006692282586987227,0.08428821125790398,0.002369932615228265
2069,2069,C17orf104,0.1924528344529888,6.359454973607246,0.0900223270873343,0.008104019374219005,0.4793037915264824,0.2704028700784235,0.6166560582588302
2070,2070,C17orf105,0.07880903890265109,6.764904928449429,0.07223616625040283,0.005218063714555837,0.5705501387794143,0.13819408123407234,0.6958751481423946
2071,2071,C17orf47,0.10449616670966964,6.601960060491941,0.12788595589422666,0.016354817714980086,0.31390305711550903,0.1029202648492294,0.4543526971349741
2072,2072,C17orf50,0.03626517531090944,6.8483731858321475,0.051150697786808884,0.002616393884077455,0.6881231356784872,0.08992355889657172,0.7902686944801462
2073,2073,C17orf51,0.4302811774218925,5.064468020324644,0.1892715799797544,0.03582373098803255,0.13415785795891802,0.28349755334353005,0.2347058017531402
2074,2074,C17orf53,0.04498326412791171,6.7551680058976125,0.06063117064544095,0.00367613885383658,0.6341258945895567,0.09405013720869912,0.7473792744830713
2075,2075,C17orf58,-0.05133020720533396,7.3856280673378,-0.0693822145716851,0.004813891698871352,0.5859081502524996,0.09373055044150004,0.708224448435271
2076,2076,C17orf59,0.27245910237035803,5.511629748090738,0.27166671104151285,0.07380280188811285,0.029892055207393145,0.12258032915710446,0.0676821889916456
2077,2077,C17orf62,0.05271765587167628,6.668648973801353,0.06221653853122261,0.0038708976668071094,0.6252693688117713,0.10740196201981532,0.7397808108844948
2078,2078,C17orf64,0.09646032667031956,6.6395935406648325,0.11297498131991995,0.012763346404236264,0.3740907258564744,0.10774105926639907,0.5168719880317714
2079,2079,C17orf67,0.11630761360775772,6.363308951408827,0.14195325557725494,0.02015072676898147,0.26317374216866324,0.10300221890520006,0.3981435927527178
2080,2080,C17orf70,-0.4290661414940717,9.560251575923433,-0.2984970944204731,0.08910051537746484,0.016583737638594002,0.17423023411036467,0.04068435918927757
2081,2081,C17orf74,-0.1885195312609234,7.619264124168882,-0.15857719785408586,0.025146727679253883,0.21073353468068345,0.14906970569779693,0.3355209801786808
2082,2082,C17orf75,-0.1878244027917711,7.830137643161267,-0.4941120539982402,0.2441467219063599,3.3323357371755716e-05,0.04197101515016685,0.00016452742906643183
2083,2083,C17orf77,-0.13763109316052755,7.473090304693999,-0.2671547344461998,0.07137165213701954,0.032837152621286815,0.06304908788064446,0.07333833952289252
2084,2084,C17orf78,-0.11954814212039723,7.4586357747545575,-0.3244849495262183,0.10529048246903244,0.008898944758897099,0.0442581704642221,0.023633388368152645
2085,2085,C17orf80,-0.17164410308353314,7.979824759599682,-0.18514642379362745,0.03427919824356949,0.14300959198440225,0.1157027038779462,0.24731454355711793
2086,2086,C17orf82,-0.15072567690799146,7.865557426272909,-0.1613754638989876,0.02604204034861345,0.20268905630407788,0.11706417264584225,0.32565896381249493
2087,2087,C17orf85,-0.0002432416949773792,7.0170827280336825,-0.0002725264432594916,7.427066227566888e-08,0.9982947301231044,0.11335312873576853,0.9988009544600756
2088,2088,C17orf89,-0.35890105225651675,9.310020093854362,-0.4267837625446156,0.1821443799717388,0.0004367870353351899,0.09658491906100143,0.0016157538862629891
2089,2089,C17orf96,-0.07914831244265114,7.528607863453717,-0.09494479414817693,0.009014513935839692,0.4555005173627265,0.10539215976875196,0.5946385160049339
2090,2090,C17orf97,0.045852530668282654,6.683423053277321,0.1365783752094394,0.018653652574850414,0.2818625602447208,0.04223735156831802,0.41964480866960663
2091,2091,C17orf98,-0.016707097422607488,7.071414897207481,-0.017395383936681514,0.00030259938230455723,0.8914809178847425,0.1219566322706648,0.9333761677123289
2092,2092,C17orf99,-0.4803651627834119,8.739699651507326,-0.3777442697936211,0.14269073336191604,0.002089017179441748,0.14953626640689832,0.006524977213444548
2093,2093,C18orf12,-0.06028722752019585,7.260710519647009,-0.05321747232677244,0.00283209936085079,0.6762067173182924,0.1436677761284854,0.781515528821456
2094,2094,C18orf15,0.002137605510622989,7.006040683303263,0.002679413423958288,7.179256296487874e-06,0.9832353942256268,0.10131889106688216,0.9900935811186211
2095,2095,C18orf21,-0.5843951774986377,10.276384060637367,-0.4867943302025544,0.2369687199173536,4.526769739119162e-05,0.13317921123250884,0.0002159665095849867
2096,2096,C18orf25,0.1799273326752378,6.0695660326532535,0.18169843885034054,0.03301432268065095,0.15073783994485235,0.12366879295185038,0.25789902220161
2097,2097,C18orf42,-0.07853786433784955,7.265910484415598,-0.04933407671320872,0.002433851125144763,0.698660108101514,0.2019329033999813,0.7984498778383985
2098,2098,C18orf54,-0.3169899534438694,8.23762405914202,-0.2896231353357672,0.08388156052172012,0.020270009713094967,0.13304305687536566,0.04847030259905825
2099,2099,C18orf61,0.18940880597771764,6.177384034884063,0.1337226028500087,0.017881734512981154,0.2921410341304592,0.17827128473515555,0.4308621780107074
2100,2100,C18orf8,0.32988563249999203,5.2714478660796615,0.18022294154905008,0.032480308660592316,0.15413824935981285,0.2286585203807291,0.26243624433294
2101,2101,C19orf10,-0.27294096389897177,9.542461611354408,-0.374036454048564,0.13990326895722352,0.002329449563639205,0.08594737036060553,0.007191934744882661
2102,2102,C19orf12,-0.027524108405947555,7.1949688099033295,-0.02786457438129676,0.00077643450545082,0.8269885385965965,0.12539965308816345,0.8911000051405332
2103,2103,C19orf18,0.18527980792586907,6.266662266152352,0.2122217232687388,0.045038059827153164,0.0922689695124976,0.10835162822245832,0.1741553678020688
2104,2104,C19orf24,-0.39978132280549866,10.03132128766724,-0.5703633764794268,0.32531438122901235,8.647190720917404e-07,0.07311824370441981,6.495141001091447e-06
2105,2105,C19orf25,-0.2684019318327016,8.75455685948958,-0.2473331717799005,0.061173697862705774,0.04879274215789739,0.1335365186648537,0.10255770229417015
2106,2106,C19orf26,0.2023746117467165,6.00103007038862,0.2383861166732278,0.056827940622541775,0.05783470348480145,0.1047067520401803,0.11824149770348824
2107,2107,C19orf33,0.04514428431117103,6.524603119312941,0.11255853281644053,0.01266942330978972,0.3758657510087706,0.05061273399034257,0.5186295933538249
2108,2108,C19orf40,-0.050617687612674,7.267414072381875,-0.04569513455854293,0.0020880453223233444,0.7199365884283794,0.14053438861351802,0.8156443874864788
2109,2109,C19orf43,-0.3693940763524067,9.946412449240373,-0.3206573172005431,0.1028211150742497,0.00978589444736733,0.13857741291414752,0.025677153066489707
2110,2110,C19orf44,-0.06699211638287818,7.3395310049913665,-0.054919288669928776,0.003016128268010967,0.6664534366126249,0.15468457775797345,0.7735953432158088
2111,2111,C19orf45,-0.3683115714811505,9.22576580772743,-0.4814843580416133,0.23182718703874444,5.6292206693041564e-05,0.08514650032064837,0.0002616457900703617
2112,2112,C19orf47,0.012937127550811249,6.9460860973874965,0.011816210100126822,0.00013962282113033912,0.9261659080403486,0.13903799295391067,0.9561487929015516
2113,2113,C19orf52,-0.35225904605183456,9.260989453702386,-0.5605970238900155,0.31426902319434263,1.4533185689672203e-06,0.06608340409405815,1.0181693177284101e-05
2114,2114,C19orf53,-0.4005617313532928,10.88245866353833,-0.7365167261594973,0.5424568879127039,4.023936090935062e-12,0.04672044898085717,2.792895386192268e-10
2115,2115,C19orf54,-0.3334286877097267,9.326745519169474,-0.4840825347636688,0.23433590046321864,5.0620461410806786e-05,0.07654324089176487,0.0002381977600719298
2116,2116,C19orf57,-0.2793844382028388,8.851136016341632,-0.3085893462937478,0.0952273846460026,0.013103925123728372,0.10936923203435032,0.03305363990149539
2117,2117,C19orf60,-0.37035224674838596,9.70853256728433,-0.557081947905009,0.31034029668163915,1.7448964784773975e-06,0.07011605594980252,1.190851977353547e-05
2118,2118,C19orf66,-0.214852742704221,8.390285246478863,-0.26959738919467313,0.07268275226058406,0.031214036320513193,0.097463845765829,0.07026402874435689
2119,2119,C19orf68,0.20321826667054227,5.799400086980263,0.2498712982855,0.0624356657068813,0.046449920151604734,0.10001175855116193,0.09847019294008816
2120,2120,C19orf70,-0.16425735563060906,8.533214035128973,-0.17835338048921515,0.03180992833193075,0.1585280741620874,0.11508744516114193,0.26844897137785445
2121,2121,C19orf73,-0.24244345339194706,8.212450885859532,-0.2590692340064342,0.06711686800868058,0.03872077506092332,0.11479220441569375,0.08446644343147924
2122,2122,C19orf80,0.16099675045993148,6.341147026308949,0.1996371468933524,0.03985499041971797,0.11374404165088654,0.10035715141024787,0.20610218575432585
2123,2123,C19orf81,0.2230206267767585,6.195809881941573,0.26307383314890864,0.06920784168765982,0.0357059089988452,0.1038718561569824,0.07875447742615531
2124,2124,C19orf82,-0.15473741403783509,7.8145144842026975,-0.1491369014545286,0.02224181537545777,0.2395262823817275,0.1302957062407519,0.3704300688472113
2125,2125,C19orf83,0.049685788950644114,6.757501813203954,0.044533604125575235,0.0019832418964134523,0.7267736486000825,0.1415524590091938,0.8210278762812242
2126,2126,C19orf84,0.07598679261360415,6.507245409613428,0.12004536389912968,0.014410889393674466,0.34473155874811634,0.07980770542683878,0.48700804419977284
2127,2127,C1D,0.07053771173825163,6.410543557350753,0.1101483510295038,0.012132659234518792,0.3862379471008181,0.08083451484638532,0.5290311666330307
2128,2128,C1GALT1,-0.1415365043708506,7.9381386762957336,-0.2186860634411789,0.04782359434339934,0.08254811247987102,0.08020662118962063,0.1587830321328484
2129,2129,C1GALT1C1,0.08630047193454238,6.446438166998173,0.08494509886645417,0.007215669821431675,0.5045326425916613,0.12856017550753826,0.6396378651907046
2130,2130,C1QA,0.17053554602547086,5.488519506825585,0.6236884090281362,0.3889872315560477,3.685476504902424e-08,0.0271441684210256,4.2468722501717494e-07
2131,2131,C1QB,0.15688533969221444,5.723390638934222,0.5900813365447246,0.3481959837384085,2.876070041893837e-07,0.027260458433824145,2.470499673034948e-06
2132,2132,C1QBP,-0.2866558647722896,9.915193757965998,-0.6445306321635558,0.4154197357971529,9.074649248387416e-09,0.04318605154889736,1.3368131256723095e-07
2133,2133,C1QC,0.16641186356148405,5.516881733073426,0.5735627771921488,0.3289742593803705,7.268046149771296e-07,0.030184019337106575,5.579210895898526e-06
2134,2134,C1QL1,0.3984263409419984,5.329789292661012,0.33082421740770945,0.1094446628234234,0.007583591738824893,0.14433955425545011,0.020527834888031636
2135,2135,C1QTNF1,-0.12085477747680863,7.732644902033378,-0.14124103975118307,0.019949031309995282,0.2656010079370101,0.10757996619224862,0.4010591888205811
2136,2136,C1QTNF1-AS1,0.3243833151597685,5.425758481384901,0.5704905269037839,0.325459441286957,8.587987371144297e-07,0.0593086802208392,6.4596341272014505e-06
2137,2137,C1QTNF2,0.2683381878132297,5.7763589881950175,0.4895427629061023,0.23965211671374026,4.038086700405813e-05,0.060701884463285026,0.00019553838885797827
2138,2138,C1QTNF3,0.314454887869167,5.686085626969553,0.2763118580718682,0.07634824291112824,0.027094734061240626,0.13890475477315398,0.062200409847998066
2139,2139,C1QTNF4,0.018148289017265017,6.95190738956588,0.016662323002023558,0.00027763300782376345,0.8960281342969435,0.13830694786078554,0.9360994612139267
2140,2140,C1QTNF6,-0.04549268114242265,7.227108786202427,-0.03717874568057871,0.0013822591303811502,0.770539938906188,0.15529253992787298,0.8512852597833529
2141,2141,C1QTNF7,0.5250131185051955,5.060847581299019,0.4761378715392873,0.2267072727139628,6.985480650547118e-05,0.12314408245516195,0.0003160689166059295
2142,2142,C1QTNF9B-AS1,-0.3683104594394964,8.637948676420423,-0.4529275328089778,0.20514334997642766,0.00017126803017509184,0.09207333879244477,0.0006992475854905003
2143,2143,C1R,0.14635735557975665,5.879910546045967,0.41622200658899416,0.1732407587689687,0.0006244096625844358,0.040605344514615865,0.0022305495287472713
2144,2144,C1RL,-0.11964678233375052,7.8114768064231015,-0.10579553000969233,0.011192694170031707,0.40539670547873374,0.14282153404531808,0.5475497821456982
2145,2145,C1RL-AS1,0.12435816248382812,6.387192945107893,0.15885730411112808,0.025235643069455437,0.2099182836833846,0.09815695643118844,0.3346176248188218
2146,2146,C1S,0.14231902176117714,5.864147218685358,0.6118881885271998,0.3744071552590981,7.792322597658513e-08,0.02336366237249543,8.062242993420692e-07
2147,2147,C1orf100,0.044092001461512105,6.846390504369094,0.06329155283312835,0.004005820660028678,0.6192936754149396,0.08829713609607127,0.735362424801805
2148,2148,C1orf101,-0.20295948165156485,7.690052511610003,-0.1223806271394392,0.01497701789904244,0.33535869531101115,0.20903740604800194,0.4774990552926708
2149,2149,C1orf105,0.004187300329882125,6.9966184198931805,0.00564421263810486,3.185713630414261e-05,0.964693893730214,0.09421672022226596,0.9790713909512951
2150,2150,C1orf106,0.2439750695374692,4.560490830154725,0.6311050847221834,0.3982936279621943,2.2651167479936348e-08,0.03808379614556683,2.825524376601507e-07
2151,2151,C1orf109,-0.2664911202090761,8.313508110307632,-0.5933767557732741,0.3520959742920158,2.3756060022974058e-07,0.04591046664737357,2.0988881264688012e-06
2152,2152,C1orf110,0.10849782757487968,6.677076616611654,0.06367574784902627,0.004054600864132775,0.6171639587180671,0.21595780681568724,0.7337186673642461
2153,2153,C1orf111,0.015023311648745246,6.944763355024918,0.018508950580794617,0.0003425812516022974,0.8845801078374976,0.1030655754870282,0.9290257643542855
2154,2154,C1orf112,-0.13809195189289708,7.7360424312847575,-0.5646826128479876,0.31886645325283025,1.171954342991748e-06,0.02563210321213794,8.468025124286387e-06
2155,2155,C1orf115,0.34454833614643965,4.874373343432595,0.7705073579062324,0.5936815885876429,9.717347361935029e-14,0.0362001835715482,1.8140444579543367e-11
2156,2156,C1orf116,-0.04256987104624265,7.320303632725913,-0.060839743590383126,0.003701474400143564,0.6329577592580702,0.08869800639829964,0.7465761947795077
2157,2157,C1orf122,-0.30533640713493393,9.461132690089162,-0.500099298530527,0.2500993083907252,2.5799867868838963e-05,0.06714727272541755,0.00013108778477233875
2158,2158,C1orf123,-0.4612073460356232,10.835541228785331,-0.4128443406144028,0.17044044957734106,0.0006983071020759153,0.12922240498992854,0.002462439390238389
2159,2159,C1orf127,0.04581338388293743,6.740775999689134,0.08044884881620372,0.006472017275852404,0.5274315336551733,0.07208862534124688,0.6593751852079482
2160,2160,C1orf131,-0.1256952610070142,8.119382715580574,-0.1774807051210547,0.03149940069026678,0.16060848346147466,0.08851601644291797,0.2712718749986923
2161,2161,C1orf145,0.16585904155161416,6.4941158794199865,0.09337719485610524,0.008719300519195044,0.4630095837309233,0.2245953749685294,0.6014319798268337
2162,2162,C1orf158,0.26970331954045346,5.721879505368272,0.2602402502346836,0.06772498784221075,0.03781810808637296,0.12708315880071144,0.08274741139844463
2163,2163,C1orf159,-0.08612388327682742,7.458101679216278,-0.08888346773522514,0.007900270836638808,0.4849036929418752,0.12257007009737815,0.6219254602378765
2164,2164,C1orf162,0.13409142608479005,6.363811902735663,0.4909682961131691,0.2410498677882685,3.8043050140139756e-05,0.030217486483576608,0.00018521183695699786
2165,2165,C1orf167,0.19749467217156,6.2060186285619015,0.16541125309626475,0.02736088265087656,0.19147505380882449,0.14954446852593264,0.3115714074413957
2166,2166,C1orf168,0.3073513166568532,5.845844140470476,0.2460737819585052,0.06055230616736195,0.04999065174354059,0.1537482536125206,0.10463440590627986
2167,2167,C1orf174,-0.13891903762665375,7.965333108792615,-0.2757870443414805,0.07605849382660973,0.02739930145778544,0.06149138847276794,0.0627930863655777
2168,2168,C1orf177,0.3990213365614305,5.383389475581044,0.5298981018273118,0.2807919983201881,6.7040515009365175e-06,0.08110267257214805,3.961152394345983e-05
2169,2169,C1orf180,-0.368650641467723,8.54152741099089,-0.5630709960156837,0.31704894655409405,1.2762115186233534e-06,0.06871487828351283,9.108886102764904e-06
2170,2170,C1orf192,0.03281988409808479,6.882301620068152,0.054698676462583404,0.0029919452067583762,0.6677147309529715,0.07608756992471574,0.7745141219086746
2171,2171,C1orf194,0.1349045084239215,6.415036504558282,0.20081528568492735,0.04032677896471901,0.11158385306866236,0.08357868614302602,0.20298625152905606
2172,2172,C1orf198,-0.35228870085492986,9.934728265380391,-0.6810850912180071,0.463876901479441,5.894741941133803e-10,0.048098746121668236,1.390529811930855e-08
2173,2173,C1orf200,0.026977900698356063,6.830793901227306,0.03918992941456772,0.0015358505675188,0.758494516191836,0.08735827779902453,0.843312560873554
2174,2174,C1orf204,-0.3360452362596324,8.430981355145802,-0.3044914811078402,0.0927150620672462,0.014432431040504184,0.13350532931732315,0.0360187039509183
2175,2175,C1orf21,0.34141119275790505,4.950685842259818,0.6088838489283442,0.3707395414857947,9.38303510544669e-08,0.05648884266223365,9.457589296025743e-07
2176,2176,C1orf210,0.24156282248477315,5.1680327332504765,0.6695798417428104,0.448337164468327,1.452388132445528e-09,0.0340305324261598,2.8722799094162473e-08
2177,2177,C1orf213,-0.4472429712568993,9.142542284196344,-0.4332949052642979,0.18774447492799687,0.0003483743853061125,0.11814366352511407,0.0013179677347665733
2178,2178,C1orf216,-0.33577410372658506,8.624868407727915,-0.546317959925809,0.2984633133374979,3.0156157549190584e-06,0.06537791549489483,1.943546403951554e-05
2179,2179,C1orf220,-0.2069547013501497,7.699524113343352,-0.1052575551403388,0.011079152914121466,0.4078024285282599,0.2483172784306105,0.5495978434309644
2180,2180,C1orf226,0.21858366008789265,5.662604536912477,0.4893023561967703,0.23941679577971106,4.078798405068264e-05,0.04947865748505899,0.00019720111511889544
2181,2181,C1orf228,0.24438692919392604,5.998959762319437,0.15979347486640375,0.025533954609880016,0.2072097220815309,0.1917372278867031,0.33138925167809735
2182,2182,C1orf233,-0.1179596441835187,7.706129937995878,-0.2181994591215412,0.04761100396093313,0.0832504387763959,0.06700251796335828,0.15987834796939102
2183,2183,C1orf234,-0.04991205247059582,7.176296784313134,-0.04117944459136605,0.0016957466568533865,0.7466348609291958,0.15380149621326936,0.8351866270686367
2184,2184,C1orf27,-0.1614135438919968,8.095935563720841,-0.1942366695982133,0.037727883816605495,0.124059507526542,0.10352896103187516,0.22080054555212045
2185,2185,C1orf35,-0.4338388329172267,9.718805674301828,-0.4238480663027426,0.17964718330857407,0.0004829655484882554,0.1177396414753299,0.001766061964287938
2186,2186,C1orf43,-0.4879051125476714,11.3205885096384,-0.41194050996706266,0.16969498375192366,0.0007193820470852622,0.13706414228804406,0.002524832776277367
2187,2187,C1orf50,-0.2005000095355369,8.409048839311847,-0.30513723667078946,0.09310873320308538,0.014215690059989591,0.07946958659454302,0.035518722539410935
2188,2188,C1orf52,0.1110408129720976,6.36982538185084,0.163894463195908,0.026861395066274843,0.19563623320769416,0.08488087671530505,0.3167715440490965
2189,2189,C1orf53,-0.2273020347547065,8.324039275625168,-0.6089614313631257,0.3708340248878269,9.33835813956517e-08,0.03760107880744345,9.436404363615667e-07
2190,2190,C1orf54,0.18871634413276905,5.601996084563512,0.4528933343365114,0.2051123722864431,0.00017148645891104577,0.047181376789606336,0.0006998754745040889
2191,2191,C1orf56,-0.4349233908367899,9.376405873209231,-0.4610082837995752,0.2125286377318296,0.00012625047558380368,0.10632259694283193,0.0005343928945987624
2192,2192,C1orf61,0.045989353939124164,6.791173148128528,0.03347539368867214,0.0011206019826115906,0.7928600213394477,0.17437824342835406,0.8665716328726462
2193,2193,C1orf64,0.085736719336507,6.549900875968207,0.10074582645526747,0.010149721548154873,0.4283024068866318,0.1075297677107718,0.5694865015703405
2194,2194,C1orf68,0.16422350118473722,6.254404139972335,0.12348778445570616,0.015249232909778946,0.3309714842702305,0.16760178018712832,0.47292560157517927
2195,2195,C1orf74,-0.016106242400253882,7.086510050039606,-0.012130989316671668,0.00014716090180120215,0.9242047043664232,0.16860490624186714,0.9548042971735554
2196,2196,C1orf85,-0.23208602633495684,8.511146618997552,-0.3412657305239541,0.11646229883004805,0.005785584039614909,0.08118447972814269,0.016139897373455607
2197,2197,C1orf86,-0.2613502808448769,8.301307926712798,-0.2048730563496807,0.04197296921805944,0.10438475862738432,0.1585737006254258,0.19252577347570612
2198,2198,C1orf87,-0.07157586514262221,7.259899406325637,-0.056811452956641376,0.0032275411870446753,0.6556735385524489,0.15974706204927114,0.7643524158781914
2199,2199,C1orf94,0.11226232542803703,6.381081530323068,0.1340417467923115,0.017967189883134154,0.2909803379670073,0.10540497497908907,0.42958680247310765
2200,2200,C1orf95,0.4511220395167124,4.72878865474615,0.43289263731272215,0.18739603543956398,0.0003533229359778967,0.1193046770193444,0.0013352893854452622
2201,2201,C2,-0.2284985504366307,8.268729729328276,-0.5484387612615529,0.3007850748541066,2.711523210080368e-06,0.044245062030928865,1.7633043577864975e-05
2202,2202,C20orf141,0.11664191284655315,6.260497773984546,0.12918194628154164,0.01668797524508711,0.308983346399951,0.1137110422089173,0.44921345191614226
2203,2203,C20orf144,0.19348128876778886,6.278648730421411,0.2251739034013624,0.0507032867730061,0.0736246930960261,0.10632271524482777,0.14446640638338493
2204,2204,C20orf166,0.06102467146049818,6.612253238297407,0.053124912858701766,0.002822256366244657,0.6767387259332319,0.14567923859976709,0.7817548869136955
2205,2205,C20orf166-AS1,0.06789960008944028,6.667987013592825,0.0738298728607455,0.005450850126633844,0.5620561480862469,0.11648027206681745,0.689437288252389
2206,2206,C20orf173,0.06114311526651337,6.726866774491963,0.07464472621498275,0.005571835151709733,0.5577363747501611,0.10373834050192984,0.6854694830228366
2207,2207,C20orf181,0.15692567709235422,6.254643186726131,0.18386218843090266,0.033805304334600744,0.14585261801137522,0.106546224724235,0.25107574824040413
2208,2208,C20orf194,0.4358898425461008,4.869040659135779,0.6354686006245567,0.4038203423797323,1.6907425779840398e-08,0.06726286851149359,2.2257161414130322e-07
2209,2209,C20orf195,0.12857014828597996,6.428139643474051,0.19583368654118635,0.03835083278431163,0.12093755870548333,0.0817645838022966,0.21633097916464902
2210,2210,C20orf196,-0.34852578334799844,8.790528344205576,-0.6358802809168925,0.40434373165894616,1.6443389501074558e-08,0.05372316223225804,2.1814595070644523e-07
2211,2211,C20orf197,-0.0016222896026621887,7.020339478539723,-0.0009446170523957322,8.923013756768015e-07,0.9940893301639724,0.21811049580966785,0.9962980032106941
2212,2212,C20orf202,-0.10878617575982752,7.49706250237728,-0.07656860174714651,0.0058627507735131285,0.5476003472781166,0.1799079364430302,0.6768814156234725
2213,2213,C20orf203,0.03284760953342815,6.858923626143518,0.043870260291748835,0.0019245997380657946,0.7306878420766459,0.09499907779197207,0.8239881903957594
2214,2214,C20orf26,0.2253274148224684,6.0896369980414535,0.1863489501408004,0.0347259312185785,0.14038525408798755,0.1508747483334091,0.24355413213230015
2215,2215,C20orf27,-0.3667550521698337,9.194578926015444,-0.6531608067483118,0.4266190394721055,4.920576258351361e-09,0.053998510141948695,8.005640786972105e-08
2216,2216,C20orf62,0.036624777060930966,6.8666299469423295,0.027001826184338055,0.0007290986172892043,0.832266414124226,0.17219781174238152,0.8947146748545842
2217,2217,C20orf78,0.08304311217515663,6.625524930663753,0.08531622526533779,0.0072788582935258625,0.5026656620747479,0.12316569879241253,0.6379058395333818
2218,2218,C20orf85,-0.024374501767952108,7.098674140613143,-0.02134037322925604,0.00045541152956394784,0.8670732736973586,0.14502369891207,0.9177161164181966
2219,2219,C20orf96,0.11353533288213526,6.5064229919204495,0.14359421093060512,0.020619297412783115,0.2576382815660176,0.09937428861030856,0.39165721216652233
2220,2220,C21orf119,-0.06789470241778109,7.438425378112532,-0.1013535941741612,0.010272551052020564,0.4255072874391135,0.08463669532352716,0.5667236797769852
2221,2221,C21orf128,0.055999838430862516,6.814735363003527,0.0574148988128077,0.0032964706056849468,0.6522501643872498,0.1236657180574918,0.7617147877800731
2222,2222,C21orf15,0.14127237470752915,6.249469987487103,0.10017145439475654,0.010034320275560787,0.43095349269286254,0.1782081208358276,0.5719371137012893
2223,2223,C21orf2,0.14800443551766912,6.1221316212730885,0.12736927049047606,0.016222931065276055,0.3158783857368712,0.1463735387002146,0.4565016042179479
2224,2224,C21orf33,0.1440143516183857,5.718097104586366,0.14105624743142073,0.019896864939434187,0.2662332384420046,0.12836702964316185,0.40167775227907815
2225,2225,C21orf37,-0.3014499776486273,7.960019302960437,-0.26765807328394153,0.07164084419407182,0.0324970447216299,0.13781518623617514,0.07271373253222727
2226,2226,C21orf49,-0.002821886201769176,7.028370971884367,-0.002897617314886846,8.396186103532056e-06,0.9818703525109718,0.1236803768559114,0.9895174204533617
2227,2227,C21orf58,-0.14972409661725866,7.704738554703357,-0.12023112770988373,0.014455524070390368,0.3439800606501806,0.15700628947352396,0.4863531510051619
2228,2228,C21orf59,-0.5342448020578132,10.147923192951042,-0.6841989990076294,0.4681282702430421,4.585855801417567e-10,0.07232117603991345,1.145406082810812e-08
2229,2229,C21orf62,-0.07970755259904737,7.377843729935533,-0.06739728060773242,0.004542393433317425,0.5966987818455973,0.14985548402424564,0.7166673389276988
2230,2230,C21orf67,-0.020173451590915333,7.116137386125123,-0.018848283524140492,0.0003552577918063858,0.8824789229740881,0.13590498995037292,0.9278462116897259
2231,2231,C21orf88,0.1616476566512841,6.2397823257015075,0.5525847749054955,0.3053499334573572,2.1981116487347525e-06,0.030964045318541883,1.4592307711021172e-05
2232,2232,C21orf90,0.18409415534344928,6.164030359065144,0.16189387483509404,0.02620962670912109,0.2012230177749374,0.14251037293102725,0.32392837123968693
2233,2233,C21orf91,0.08940303728992183,6.489413097592013,0.15828601554490382,0.025054462717081533,0.21158338857280173,0.07082785009944709,0.3364791227151783
2234,2234,C21orf91-OT1,0.3078222791726974,5.907018814864098,0.22534818409268026,0.050781804073868515,0.07339605176648123,0.16901808209679572,0.14409714424325937
2235,2235,C22orf15,0.02131433083715241,6.915428353213803,0.022705676655668743,0.0005155477523917807,0.8586536765597135,0.11918714867485433,0.912148411376041
2236,2236,C22orf23,-0.15376364784722418,7.756370511464759,-0.17515301452632862,0.030678578497660283,0.16625590520229772,0.10976758711809846,0.27874509346204374
2237,2237,C22orf24,-0.02919103270150817,7.143976133771237,-0.02476416489695382,0.0006132638630435197,0.8459892095661441,0.14965689073938984,0.9032143338339915
2238,2238,C22orf31,0.05165182066242988,6.7800225023682055,0.07015701752070251,0.004922007107400159,0.5817202244941824,0.09327112868073534,0.705070459829105
2239,2239,C22orf34,-0.0410625702577762,7.210124288520838,-0.0303407794676864,0.0009205628987067804,0.8118833755403254,0.17180015909194205,0.8808283816295465
2240,2240,C22orf39,-0.15054101782914595,8.009998432644714,-0.151579618585709,0.022976380770589017,0.23182915127999515,0.1246725162106623,0.3612477708115633
2241,2241,C22orf42,0.15515430183683887,6.456241680787794,0.08509720129784873,0.007241533668726588,0.5037670482556467,0.2307142924226747,0.6388542650489593
2242,2242,C22orf46,0.047854036665998745,6.794613846094915,0.04280891411755909,0.00183260312792455,0.7369647452834938,0.1418372203879209,0.8287361249994317
2243,2243,C2CD2,-0.28218578216717105,8.968427384199302,-0.538283236012745,0.2897488421723525,4.4816136389772636e-06,0.05610924229967305,2.7673037739393395e-05
2244,2244,C2CD2L,0.5421705573810267,4.253607598910033,0.6369425785464321,0.4056958483653778,1.5301058284035192e-08,0.08333821325447258,2.056762365864569e-07
2245,2245,C2CD3,-0.3036314998456644,8.613988900907446,-0.21262867063220092,0.045210951574816985,0.09163169527487187,0.17720781497291835,0.1732243004083239
2246,2246,C2CD4A,-0.08154057484674503,7.463500155685141,-0.7902842845733149,0.6245492504435561,8.191457773634843e-15,0.008029177634514785,2.7290156628932694e-12
2247,2247,C2CD4B,-0.4223130303526404,9.098884683571207,-0.5152153814826957,0.2654468893163597,1.3231023840336885e-05,0.08921983543514844,7.206182627326339e-05
2248,2248,C2CD4C,0.03485272718534173,6.8135408282171515,0.035317458967825434,0.0012473229079440324,0.7817359785134351,0.12525078342532306,0.8593579681561723
2249,2249,C2CD5,0.01350811436434206,6.884293633353633,0.019033095724846263,0.000362258732871161,0.8813348849280376,0.0901178401657064,0.9272364054373344
2250,2250,C2orf15,-0.337619794597578,8.242927292034523,-0.3995917228107407,0.15967354493885585,0.0010710944238517645,0.098364772316217,0.003608361815262906
2251,2251,C2orf16,0.05164724404972789,6.741695687040637,0.08009995191669607,0.006416002297057022,0.5292297941496322,0.08162465263612359,0.6609649456318292
2252,2252,C2orf27A,0.07854672570054191,6.6417066640390585,0.062165634395315535,0.0038645660997720377,0.6255529308757699,0.16015520787035262,0.7400758696522508
2253,2253,C2orf40,0.14890872274789865,6.370618035375952,0.5939776204224714,0.3528094135627415,2.2936979124482503e-07,0.025613581390748943,2.0373268373284195e-06
2254,2254,C2orf42,-0.04181802869238704,7.291964973132414,-0.06346598764073139,0.004027931587213469,0.6183263392805342,0.08351226221619029,0.7346882845448972
2255,2255,C2orf43,-0.29438585123447675,9.017090318120443,-0.41682057871862216,0.1737393948433271,0.0006120800303738732,0.08153244374902037,0.0021890327097846777
2256,2256,C2orf44,-0.3455157382631913,8.79244256664413,-0.4708201686700654,0.22167163122650888,8.628041201191656e-05,0.08222395468580734,0.0003819301557886454
2257,2257,C2orf47,-0.2570258639495952,9.378643834012038,-0.3004122006381104,0.09024749029223232,0.01586838568553537,0.10363943753892947,0.039128887727199774
2258,2258,C2orf49,-0.32194350499206986,9.002735843412376,-0.599338996971318,0.3592072332905855,1.6718016035065114e-07,0.05460973723353306,1.5452853883330821e-06
2259,2259,C2orf50,-0.012779616387251828,7.066602895030434,-0.016620385780905796,0.0002762372235061356,0.8962883753493489,0.09763845086476852,0.9361464702739667
2260,2260,C2orf54,0.24921226173721445,5.92403825372422,0.3590181152619271,0.1288940070862264,0.003575834404179746,0.08227970008907064,0.010523877959025875
2261,2261,C2orf57,0.034997465499649084,6.8432964845727815,0.049885439174039065,0.002488557041586751,0.6954559307136865,0.08898686207064982,0.7959402386333063
2262,2262,C2orf61,0.006877308792077355,6.990218890151668,0.00589386727105211,3.473767140877925e-05,0.9631332968784856,0.14818859662800266,0.9780012718618782
2263,2263,C2orf68,0.07481049744401913,6.611089934736652,0.10695603194944917,0.011439592770371591,0.4002354198533359,0.08832080561020769,0.5424734316156968
2264,2264,C2orf69,-0.09207454128035657,7.744621408424993,-0.1424786295343546,0.020300159873987863,0.2613928442281589,0.08123449941388051,0.3960446819773605
2265,2265,C2orf70,-0.2501334357068275,8.210672573689369,-0.3946682126273548,0.15576299805847094,0.0012500654759097936,0.07395643125228843,0.004134112382533076
2266,2266,C2orf71,0.08979811172209211,6.64897807882439,0.08361689796051401,0.006991785624539012,0.511243370510031,0.13591072470955468,0.6456053152073801
2267,2267,C2orf72,0.25490403729999905,5.281549050569334,0.402220479343438,0.161781314003265,0.0009853228825599284,0.0736877607408368,0.0033522650466355462
2268,2268,C2orf73,-0.2638970366697877,7.985044717213667,-0.17906538431120972,0.032064411858521234,0.15684549425606029,0.184140898768118,0.26614082260734884
2269,2269,C2orf76,-0.13067569991178754,7.78049678533774,-0.2123361516983012,0.04508664131804399,0.0920894261771237,0.07637602162198404,0.17383163562287432
2270,2270,C2orf80,-0.1431695763623847,7.451028447766801,-0.07877765991500844,0.006205919701684728,0.5360725598462434,0.2300912067856851,0.6668955755426208
2271,2271,C2orf81,0.047392878383883036,6.7284193746325744,0.05276827616491867,0.002784490969417124,0.6787900540641119,0.11390396617916787,0.7832471157221901
2272,2272,C2orf82,-0.2654898385986482,8.843658388912727,-0.3732490290506592,0.13931483768725986,0.0023835845310338664,0.08380608056932942,0.00734859382396617
2273,2273,C2orf83,0.2437882413469785,6.143683776032572,0.25117278901173035,0.0630877699399312,0.045284887763178544,0.1193146511301635,0.09646313638713666
2274,2274,C2orf88,0.11344290019824192,6.129763787848795,0.7637270629237329,0.5832790266421115,2.145542113087099e-13,0.012177719749720544,3.295157053822775e-11
2275,2275,C3,0.08385857724058787,6.360961668712091,0.4181433809859552,0.17484388706236564,0.0005856125298234284,0.023136330486234726,0.002101315548189949
2276,2276,C3AR1,0.21693579490464046,5.383518927582298,0.616967197921535,0.3806485233111505,5.6669600834964596e-08,0.03514324715319059,6.172909142983796e-07
2277,2277,C3P1,0.428931348966266,4.850535303538481,0.4581983365663693,0.2099457156321878,0.0001404956077220458,0.10567369703703426,0.0005879096396562129
2278,2278,C3orf14,0.006044966353029079,6.98770029375529,0.01615585100251995,0.00026101152161562484,0.8991717638916092,0.047512897780226784,0.9381625895963767
2279,2279,C3orf17,-0.3883650492984832,9.522897946457693,-0.5060513644358685,0.2560879834474042,1.990937582782116e-05,0.08406408321130678,0.00010363883018064116
2280,2280,C3orf18,0.2021707129050826,5.679326323486785,0.21326120322897305,0.045480340802669335,0.090648013565749,0.11762590594430712,0.17156716585442663
2281,2281,C3orf20,0.2844692748330989,5.697610251635472,0.28923163548307146,0.08365493896421232,0.02044754220312005,0.1195702808372182,0.04886784310876997
2282,2282,C3orf22,0.1688529209440477,6.27993913390792,0.19687745241050444,0.038760731267650436,0.11892977942758153,0.10679047156092854,0.21342706335495798
2283,2283,C3orf27,0.016458216299205432,6.927812492272245,0.015936454497245418,0.0002539705819427738,0.900534021886088,0.13114147313073415,0.9390409902221426
2284,2284,C3orf30,0.14878199368286987,6.534108999661568,0.15545104201562138,0.02416502646374248,0.21998412115819987,0.12007402840606375,0.34665668342896366
2285,2285,C3orf33,-0.5114742118530272,8.596398418358092,-0.3811342688174598,0.14526333086701973,0.0018888844059258352,0.1575672901119158,0.005960913991594864
2286,2286,C3orf35,0.014892872165567676,6.962070649380628,0.00940121647084587,8.838287113170367e-05,0.9412260159087352,0.20117748345753556,0.9652971524747176
2287,2287,C3orf36,0.12323755283786547,6.39365364776044,0.12681575289430747,0.016082235182150052,0.3180033406297334,0.1224202938495055,0.4588563511646342
2288,2288,C3orf38,-0.16822835323838012,7.979465297624514,-0.18520191429377988,0.034299749058080586,0.14288768954212522,0.1133650149775096,0.24714320423600014
2289,2289,C3orf43,0.03867720733654175,6.873173072933433,0.042732281198129336,0.0018260478563959985,0.7374186287607265,0.11484346901311147,0.8289882368173978
2290,2290,C3orf49,0.006691786603822119,6.991052060535535,0.006956517779804071,4.8393139620730154e-05,0.9564922561414304,0.12216416482391075,0.9738053505755841
2291,2291,C3orf52,-0.08346929388966139,7.491134522851333,-0.13116956452620734,0.017205454657994872,0.30153529573415483,0.08011783165369639,0.44107989929229413
2292,2292,C3orf55,-0.2637101010791396,7.899319815072391,-0.45855276931482897,0.2102706422462988,0.00013862082839984354,0.06490538663957003,0.0005810751140144429
2293,2293,C3orf56,0.16133555447110354,6.505443609910151,0.13090142414985131,0.017135182844459276,0.3025332144248313,0.15518036332362034,0.44185315696834976
2294,2294,C3orf58,0.32538170233821323,5.163038922935953,0.187185932821883,0.0350385734463985,0.13858010301328608,0.2168597989337891,0.24107905934710075
2295,2295,C3orf62,0.12944118391859552,6.533917967943548,0.09954057444143903,0.00990832596013167,0.4338760691605112,0.16432899275488808,0.5748645544340963
2296,2296,C3orf65,0.12094221988090127,6.587143192528093,0.07843522282083225,0.006152084178953604,0.5378517032574485,0.19522297290386773,0.668341001551618
2297,2297,C3orf67,-0.3655366434746072,8.234824487670783,-0.5552834548369074,0.3083397152156118,1.914472651701611e-06,0.069529124520631,1.293942112128539e-05
2298,2298,C3orf70,0.10574963240469504,6.296513948017764,0.21233849252317125,0.04508763540701285,0.09208575617763863,0.061806770305184326,0.17383163562287432
2299,2299,C3orf79,0.09422375253890317,6.716492622012928,0.049479265005461265,0.002448197665480663,0.6978158526804259,0.24155111176373714,0.7978788182436211
2300,2300,C3orf80,0.22861824469035394,6.323149419445333,0.1919545822494886,0.03684656164657569,0.1286266448990732,0.1484445635073173,0.22732473641470902
2301,2301,C4BPA,-0.09229819391065068,7.5063684053833954,-0.4316904586146788,0.1863566520589517,0.0003684962795457573,0.024492998017672258,0.0013870653456567658
2302,2302,C4BPB,-0.13976064354015988,7.879614334971955,-0.6372825787973164,0.40612908523855773,1.495160752045798e-08,0.02146362284950672,2.0189013560841138e-07
2303,2303,C4orf17,0.0663398089011423,6.649098115446612,0.11129589823421528,0.012386776963760806,0.38127839730202895,0.07523027693519188,0.5243607070732527
2304,2304,C4orf19,0.34212813444937423,4.229297123724718,0.6903115264778955,0.4765300035882422,2.7760388987313605e-10,0.04554007239140204,7.707066968208669e-09
2305,2305,C4orf22,0.06197293544230102,6.820793553588272,0.039272811729828085,0.0015423537411665231,0.7579993185932009,0.2002530091711867,0.8431082872328196
2306,2306,C4orf26,0.2191876580739424,6.290119026524079,0.2300723238855376,0.05293327421809172,0.06741128010715436,0.11774599979677768,0.1342336800662462
2307,2307,C4orf27,-0.5638924156710121,10.210122938768148,-0.4632116455751269,0.21456502859641696,0.0001160228334866673,0.13701750541447702,0.0004958504951951412
2308,2308,C4orf29,0.16059356752919593,6.037542439812339,0.17431910671061931,0.030387150964388283,0.16831415724147478,0.11520902212979454,0.28138987686745437
2309,2309,C4orf3,-0.2720041178699969,9.511402629826774,-0.3045101129838609,0.09272640890944377,0.014426137849041403,0.1080555426060286,0.036007147893152555
2310,2310,C4orf32,-0.2178389803084672,8.196969669838582,-0.4267078310192422,0.18207957305314612,0.00043792892067257954,0.058636044362987874,0.0016194246545704765
2311,2311,C4orf33,0.1907802400897308,6.1436459542408395,0.14289975178616202,0.020420339060546716,0.25997121748133817,0.1678131352737401,0.39440077865758566
2312,2312,C4orf36,0.03661194980244273,6.884805660573122,0.03961302503437942,0.0015691917523743704,0.7559676603176073,0.11728649062760632,0.8417564625759866
2313,2313,C4orf45,0.13554650043751454,6.566468265246941,0.11378256937871695,0.012946473094422541,0.3706629978383186,0.15030972505579726,0.5137750251673039
2314,2314,C4orf46,-0.15806251070712987,7.864304334387188,-0.5256744351682976,0.2763336117895087,8.178688135399183e-06,0.0324851873237674,4.70035805658358e-05
2315,2315,C4orf47,0.1205937160550137,6.6046801852173305,0.06783552388731863,0.004601658301066975,0.5943087935385097,0.2252527523674696,0.714897741561922
2316,2316,C4orf48,-0.1466332066317976,8.147251731933244,-0.5766391849543737,0.3325127496248444,6.139089617477476e-07,0.026384801030203152,4.794157434780914e-06
2317,2317,C4orf6,0.055594439037672215,6.829968406724892,0.0389316006528642,0.0015156695293940961,0.7600385743441688,0.18121906055729767,0.844725689151251
2318,2318,C5,-0.2936938117271975,8.246234915283804,-0.3424687960123848,0.11728487624217243,0.005604709476781438,0.10232652549360766,0.01569913125335688
2319,2319,C5AR1,0.013891347611488023,6.948692597969588,0.020192232486277828,0.0004077262527798937,0.8741651110962672,0.08735256091532614,0.9221573207711256
2320,2320,C5AR2,0.08913325564471622,6.711633195949575,0.057470000001796716,0.0033028009002065138,0.6519379274476831,0.1966456512979189,0.7615278915953425
2321,2321,C5orf15,0.098783046928426,6.3361575549424005,0.065234501399044,0.004255540172781874,0.6085556133626272,0.19190362344555584,0.726934925353432
2322,2322,C5orf17,-0.01755430837833261,7.0824680393078046,-0.041278774123183856,0.0017039371931128332,0.7460442555446232,0.053962339063986564,0.8349141268123419
2323,2323,C5orf22,-0.11868798186406634,7.7287361753621795,-0.1767072475937456,0.031225451352157305,0.16246912714155587,0.0839591239744793,0.27385918488755295
2324,2324,C5orf24,-0.2721626854534222,8.715876029491682,-0.3669764730056179,0.13467173173964306,0.002856527899730061,0.08761631027062887,0.008635782726323394
2325,2325,C5orf27,0.07392642831294341,6.7190365687533244,0.07117790667334409,0.005066294398399281,0.5762231072031867,0.13156965623687247,0.7003879314371917
2326,2326,C5orf28,-0.20678533437904945,8.167645791437174,-0.5079723455302181,0.25803590382347125,1.8292766622679225e-05,0.044532314271253017,9.607806481060359e-05
2327,2327,C5orf30,0.24317532134477016,4.9672805819334975,0.7371730932347469,0.5434241693892848,3.7652425853503055e-12,0.02830809455113738,2.6821160587421334e-10
2328,2328,C5orf34,-0.2606741304605436,8.251812808633842,-0.6500515345801683,0.42256699761003175,6.1483382121547815e-09,0.03869947753062483,9.64046436396797e-08
2329,2329,C5orf42,-0.275515155652577,7.954790945882364,-0.1609929822463529,0.02591874033257449,0.2037755494605136,0.2145064213918332,0.3270012118231601
2330,2330,C5orf45,-0.37057910140346007,9.360103928874851,-0.3142383937337673,0.09874576809637818,0.011446240569969216,0.14218359521016993,0.029403124500911433
2331,2331,C5orf46,-0.11526470377514318,7.557571899469164,-0.18085318387403748,0.03270787411737641,0.15267891035319894,0.07960734889562865,0.2604996693742927
2332,2332,C5orf47,-0.4560587435170936,8.529266732625372,-0.2505901842920226,0.06279544046350986,0.045803402117374416,0.22375774803890328,0.09737607233965669
2333,2333,C5orf49,-0.008841410044059863,7.044591332015339,-0.005385050403532107,2.899876784858131e-05,0.966314062325833,0.2085113106500796,0.97993495455961
2334,2334,C5orf51,-0.2742681126795854,8.576641682954449,-0.1902496616424661,0.036194933755072836,0.13212105373675134,0.17974225363630827,0.23199756389664147
2335,2335,C5orf55,-0.033501072488639386,7.134419261511075,-0.025866148745437387,0.0006690576509210921,0.8392251650811821,0.16443178165156352,0.8991846494400573
2336,2336,C5orf56,0.3915287615113751,4.864128560547117,0.5136982882900207,0.2638859313920973,1.4168600814656722e-05,0.08304859055566068,7.6571262950185e-05
2337,2337,C5orf58,-0.3639660334577599,8.279817820430218,-0.2106897304996565,0.044390162538017884,0.09469924195707496,0.2144677271428008,0.177827964323661
2338,2338,C5orf63,0.2004780734144477,5.964516915564611,0.23107902207997064,0.05339751444543557,0.06618803392783301,0.1071998887521156,0.13226813420888853
2339,2339,C5orf64,0.11316493985622775,6.5759737619539695,0.10047505792699338,0.010095237265432674,0.4295510175602182,0.1423162507112247,0.5705303781444139
2340,2340,C5orf66,-0.16512125312535014,8.053021965677372,-0.17752606074160304,0.03151550224243133,0.16049986480498388,0.11624956904625305,0.27112285225159455
2341,2341,C5orf66-AS1,0.2301702356574995,6.155562557644559,0.22640835468103246,0.05126074306937218,0.07201737825166878,0.12575761852309414,0.14187921452327942
2342,2342,C6,0.01147359625380897,6.967513672207259,0.01774706646727317,0.0003149583681938118,0.8893006381834105,0.0820934939017294,0.9319044432548635
2343,2343,C6orf1,-0.34951941490013155,9.149424807503449,-0.4520286614073722,0.20432991073374074,0.00017709483412018436,0.08759433169677203,0.000720380668139964
2344,2344,C6orf10,-0.08607542203835535,7.284350284859783,-0.08319272493948614,0.006921029482857,0.5133960417826864,0.13094528314110535,0.6471268206665239
2345,2345,C6orf106,-0.20673837780249915,8.359552725877924,-0.2097296624721197,0.04398653132066924,0.0962475641353586,0.12240450640540228,0.18015740352244708
2346,2346,C6orf118,-0.10130104869796444,7.369049028401331,-0.06584354387109298,0.004335372269504543,0.6052063603713228,0.19496714769530027,0.7238742741696214
2347,2347,C6orf120,0.3884554202969659,3.9314749650330354,0.7450232691676265,0.5550596716012177,1.6745338441511005e-12,0.04416989728207827,1.4835036299672578e-10
2348,2348,C6orf123,0.10577011749648066,6.620506459090308,0.13009094227451354,0.01692365326187082,0.3055625396399705,0.10237966546497428,0.4452485155222893
2349,2349,C6orf132,-0.3462014875283804,8.888255047349743,-0.5972864777219137,0.3567511364694501,1.8882677127797887e-07,0.05903912549793641,1.7188077898380126e-06
2350,2350,C6orf136,0.2009343218017509,5.382538840557762,0.4028587262753686,0.1622951533362124,0.0009654570572662556,0.05797636992806604,0.003293992843091345
2351,2351,C6orf141,-0.12306598704686506,7.495552705615079,-0.12212359836694275,0.014914173278090343,0.3363823966279975,0.12702220209612966,0.47851020160147706
2352,2352,C6orf15,0.183757394964204,5.9292091466948245,0.2264013158548022,0.051257555820785915,0.07202646300331493,0.10040242425326704,0.14188420416053713
2353,2353,C6orf163,0.3708857540859998,5.598132653278316,0.2600439537474394,0.06762285788060039,0.03796819144818818,0.174901428228099,0.0830422367246253
2354,2354,C6orf164,0.008211610037958545,6.985381284629202,0.006816414381729815,4.6463505023453055e-05,0.9573676743100086,0.15299118146111976,0.9742843642644502
2355,2355,C6orf165,0.17394381429377526,5.999440004962777,0.1940553325971772,0.03765747210940105,0.12441783911164868,0.111674084845879,0.22131331575182783
2356,2356,C6orf195,0.09347019424740996,6.657317204253565,0.08435806906317282,0.007116283816067034,0.5074930085475013,0.14021673954187594,0.6421878747207469
2357,2357,C6orf201,0.10059591907519964,6.653841467866865,0.09663628017323846,0.009338570645720641,0.4474735857786184,0.13158516852316118,0.5872395915420873
2358,2358,C6orf203,-0.020876131129678344,7.169796221419201,-0.03257579137132898,0.0010611821834683518,0.7983077612458989,0.08134458378001805,0.8705336056855544
2359,2359,C6orf211,-0.06805373098511452,7.551230653665737,-0.13053714114389567,0.017039945218021338,0.3038923696005905,0.06564322854105528,0.4434494113005921
2360,2360,C6orf223,-0.4467502431287279,9.762026986927916,-0.5946405241871151,0.353597353005527,2.206422420717452e-07,0.07671247826437877,1.96787798684664e-06
2361,2361,C6orf226,-0.16390114340851544,8.094389784173169,-0.18409479451563548,0.03389089336775405,0.14533457180825748,0.11113675652624896,0.2504416291700844
2362,2362,C6orf25,0.1653142792906597,6.3620951168265565,0.19514810647610006,0.03808278346120731,0.12227034571745113,0.10551617283992573,0.2182103458473219
2363,2363,C6orf47,0.3137842388700253,5.013443988928929,0.29033434292968163,0.08429403068440998,0.019950855228798633,0.13134540770693964,0.047818015493041995
2364,2364,C6orf48,-0.32834587183674274,10.26826843509091,-0.5714371265945851,0.3265403896506759,8.159050813457173e-07,0.0598856875039391,6.195099767370796e-06
2365,2365,C6orf52,0.16374798693217232,6.221137476703029,0.18104579089284914,0.032777578400017264,0.15223497759054408,0.1129678517826526,0.25994704618539916
2366,2366,C6orf57,-0.1664151811844776,8.055466478388011,-0.5409628644098898,0.2926408206705529,3.931376792250417e-06,0.03285864431028123,2.463367026509918e-05
2367,2367,C6orf58,-0.05834174289697045,7.216171007406574,-0.030275606205844886,0.0009166123311313936,0.8122800923798065,0.2446197823669501,0.8810822180166654
2368,2368,C6orf62,0.04530857536158881,6.7179712979118165,0.05458123559329076,0.0029791112788903106,0.6683865432515664,0.10526726220379487,0.7749732282930126
2369,2369,C6orf89,0.5336765916868501,3.416315950827793,0.34890998143665153,0.12173817514612452,0.004718440037898982,0.1820459067953032,0.013488820992832006
2370,2370,C6orf99,0.1160100107685447,6.560414525550557,0.1135160337494442,0.012885889918204952,0.37179217284326416,0.12895140958525902,0.514812935796463
2371,2371,C7,0.31030811442457945,5.628742156552423,0.607014438681872,0.3684665287682681,1.052257493095699e-07,0.05159367369543875,1.0420882235742668e-06
2372,2372,C7orf13,-0.18446458106590766,8.065322562913478,-0.316343092061158,0.10007295189481426,0.010876807888355723,0.07025260656770665,0.02813057145853854
2373,2373,C7orf26,-0.5771723314804328,10.489213433220844,-0.4690733315571344,0.22002979037810935,9.240865498573744e-05,0.1380091636969507,0.00040508287929476604
2374,2374,C7orf31,0.16020473186774267,5.990711396953646,0.5137735977281207,0.2639633097224968,1.4120638168239346e-05,0.03397484186412218,7.635016717433784e-05
2375,2375,C7orf33,0.08064595602402587,6.716208114446608,0.08356616769446386,0.006983304383139255,0.5115005834498902,0.12213342578018778,0.6457873795829858
2376,2376,C7orf34,-0.01468270024817524,7.07271891984437,-0.008886296487961519,7.896626527195721e-05,0.9444399346367274,0.2098322032029576,0.9669055085614399
2377,2377,C7orf43,0.2348279599960677,5.534324653667762,0.2961012077649144,0.08767592523984101,0.01751742404137916,0.09620294109517878,0.04269440828543227
2378,2378,C7orf49,-0.3634507174773035,9.701693414813928,-0.3972840511597238,0.15783461730588205,0.001151880569739201,0.1066221038846308,0.003847597368147833
2379,2379,C7orf50,-0.34402597475275337,8.972174922801981,-0.3308850329985187,0.1094849050624308,0.007571844583446533,0.12460598683257028,0.02050116209734117
2380,2380,C7orf55,0.041157044957800135,6.671251239159714,0.051817810023424636,0.0026850854356237266,0.6842683268683553,0.10073617186335923,0.7873866232762023
2381,2381,C7orf57,-0.07065066346527123,7.208278495389647,-0.028669833451777614,0.0008219593501526666,0.8220692183666705,0.3128359610373018,0.8880972274248067
2382,2382,C7orf60,-0.09872296722904286,7.665118551913563,-0.16907397242772418,0.02858600815249084,0.18168945744580792,0.07308828577992396,0.29876123371072233
2383,2383,C7orf61,0.01389037730037514,6.953390547577825,0.01403698298376277,0.0001970368912864456,0.9123395952611956,0.12566132482447204,0.947291615620502
2384,2384,C7orf62,-0.03460649426224932,7.16085170297707,-0.03655832740819717,0.00133651130288494,0.7742668324768059,0.12013928132507462,0.8537040864198183
2385,2385,C7orf63,-0.3193200612704521,8.651462010003089,-0.27749324253256497,0.07700249965123693,0.026419553643975642,0.14040358916623188,0.06083745578055003
2386,2386,C7orf69,0.3207134649637724,5.829798747440982,0.3065750794637464,0.09398827934820242,0.013743134319109751,0.12645948465213128,0.03446925801254594
2387,2387,C7orf71,-0.07350254889897767,7.293251315043179,-0.05927160406254753,0.0035131230481474,0.641761992648048,0.1572156103605454,0.7535472473451239
2388,2388,C7orf73,0.0016269090745941511,7.006302413622182,0.0025993138286551213,6.756432379837747e-06,0.9837364941616448,0.0794890400740193,0.9903990165228198
2389,2389,C8A,0.09191060633133452,6.658413074598331,0.10611637426136418,0.011260684886377914,0.4039658973018889,0.10937757369506597,0.5460941073770151
2390,2390,C8B,-0.02511479153510491,7.1400139180812925,-0.033732945730382456,0.001137911627648928,0.7913021602607124,0.09450009176238364,0.8656991149058163
2391,2391,C8G,0.22020723435045575,6.079168380932231,0.3234176779043716,0.10459899438105584,0.009138920539789602,0.08182401237947723,0.024178781220420748
2392,2392,C8orf12,-0.037999066939196455,7.138036160638182,-0.029059476009845812,0.0008444531459668041,0.8196913309579772,0.16599914870236912,0.8864632037269102
2393,2393,C8orf17,0.16490249583352568,6.357642849301026,0.22957614929678985,0.05270520832594193,0.06802082655288465,0.08878655222052899,0.13519880670057063
2394,2394,C8orf22,-0.05085819545184346,7.182576095839372,-0.04166717011295875,0.0017361530652222428,0.7437362842779192,0.15487943923716782,0.8333080979602633
2395,2395,C8orf31,0.26141655644519385,6.0771609854401465,0.1907602697785576,0.03638948052598808,0.13106706764559614,0.17084413845631394,0.23062138212930727
2396,2396,C8orf33,0.07838916069042855,6.408315441902166,0.16380627440562734,0.02683249553465169,0.19588014495527095,0.059954727891422914,0.3170242555311205
2397,2397,C8orf34,-0.5119138222482854,8.559206375006314,-0.2042505292724664,0.04171827870808264,0.10546522101805207,0.31159065414197146,0.19413884402804468
2398,2398,C8orf37,-0.4662881081200766,9.112357017032783,-0.400206273820669,0.16016506160542426,0.0010504606214810164,0.13560370991517115,0.003546573863138667
2399,2399,C8orf4,-0.0077507132482648984,7.070272124387191,-0.02972330870169888,0.0008834750801764887,0.8156438659570626,0.03310219128169821,0.8835359870591861
2400,2400,C8orf44,0.0534827487012981,6.756818564360001,0.055395418026222026,0.003068652338299884,0.6637344249471924,0.12242684474003092,0.7713483898803564
2401,2401,C8orf46,-0.16836529543809886,7.583213412059172,-0.09924156081707212,0.009848887393408622,0.4352651558634951,0.21439462143233434,0.5760151017763468
2402,2402,C8orf48,-0.028873874036634,7.109528179350575,-0.01848601404204497,0.00034173271516268377,0.8847221620141893,0.19833150852736348,0.9291009619027023
2403,2403,C8orf49,0.2932459375040956,6.166584168597076,0.189789155641673,0.03601992359917918,0.1330771025816826,0.19266321133646394,0.23319183172085584
2404,2404,C8orf58,0.11120857325496478,6.395147072216934,0.08351737668346436,0.006975152208087677,0.5117480261289302,0.168517744452665,0.6458380829826352
2405,2405,C8orf59,-0.2862477261643471,8.810407944258179,-0.4713831533420889,0.22220207725473126,8.438660853682068e-05,0.06801513006833458,0.0003743121687556026
2406,2406,C8orf60,0.3001540131479,5.5707113737448894,0.2978754723595965,0.08872979703345274,0.016821793787104047,0.12216228585505293,0.04118439168566853
2407,2407,C8orf66,0.131517743275808,6.425061711751135,0.1176125529102607,0.013832712602068873,0.3546675112235653,0.14102955080258645,0.4972049560138737
2408,2408,C8orf74,-0.021742958804612845,7.119903221468079,-0.02513789722596869,0.0006319138769433646,0.8436939508910134,0.10981371657578036,0.9019199539193807
2409,2409,C8orf76,-0.1845719809999044,8.186960889477835,-0.4382940974929375,0.19210171589714856,0.00029193341524182885,0.048070943871276264,0.001125279121940513
2410,2410,C8orf82,-0.09152299834989044,7.744868411288405,-0.139026230610776,0.019328292797840672,0.2732450585524118,0.08279411526525103,0.4100569468435536
2411,2411,C8orf88,0.4145460231097062,5.592490332932714,0.459234626859189,0.21089644250649855,0.00013507861350626162,0.10183786411007467,0.0005676552252043655
2412,2412,C9,-0.2744478780527585,7.844019404999266,-0.19124229440457585,0.03657361516912647,0.13007793119924108,0.17889135559924804,0.22932814459981807
2413,2413,C9orf114,-0.5515971837073341,10.492786847439843,-0.6679597556903764,0.4461702352219473,1.6437918792806793e-09,0.07804840719921502,3.1993836564272864e-08
2414,2414,C9orf116,-0.36205115749704825,8.834590156397097,-0.54677673625017,0.298964799304388,2.947248440762895e-06,0.07040994092763285,1.9045856456198294e-05
2415,2415,C9orf117,-0.35852246222375633,8.756331368383997,-0.2371266310981553,0.05622903917596063,0.05921017530750813,0.1865406559198673,0.12062054057235075
2416,2416,C9orf131,0.02528313407576473,6.887951352637037,0.040604113697744,0.001648694049179322,0.7500585784535772,0.07901448666563701,0.8376750137396707
2417,2417,C9orf135,0.08818545823560997,6.699398796418195,0.07682837316390863,0.005902598923012796,0.5462385714892961,0.1453429475041777,0.67562235924153
2418,2418,C9orf135-AS1,0.1294637180445827,6.512742166388935,0.1333657549193094,0.017786424585197302,0.29344244440066863,0.12218302384447563,0.4321022802595185
2419,2419,C9orf142,-0.4800922345477294,10.219304639176817,-0.6612779621398954,0.4372885432118929,2.7172120662061377e-09,0.06916520456488746,4.858895730280257e-08
2420,2420,C9orf152,0.08192991740679563,6.2335895560448344,0.17322349235551296,0.030006378303840456,0.17104663403518888,0.059159476380103534,0.2850557842105599
2421,2421,C9orf156,-0.3781834595878356,9.14836933868052,-0.2982751774071928,0.08896808145729232,0.016668389520686822,0.15369380744750374,0.04086430704381152
2422,2422,C9orf16,-0.3691118334997783,9.732475088130213,-0.7290689014097934,0.5315414630028831,8.437945677976318e-12,0.044007746378388286,4.74607048458642e-10
2423,2423,C9orf163,0.11685640747322446,6.33731469442854,0.12740296229907835,0.01623151480258038,0.31574933718322384,0.11553767204880178,0.4564453869627979
2424,2424,C9orf172,0.2481517391099589,5.5737568974679625,0.3439622852645756,0.11831005368442928,0.0053871075744386975,0.08603369927046302,0.015156270563137586
2425,2425,C9orf173,-0.05501581249989015,7.299410131664697,-0.07847673900262618,0.006158598564486307,0.5376358505784604,0.08875836233879106,0.6681494602167323
2426,2426,C9orf24,0.2726115117664086,5.315113355654222,0.5124226970781149,0.26257702048080955,1.5004362985873236e-05,0.05802007981248666,8.05652071557364e-05
2427,2427,C9orf3,-0.19841152819520635,8.322945232791092,-0.5709864537748713,0.3260255303944033,8.360693263747098e-07,0.03622988663631545,6.321606586118834e-06
2428,2428,C9orf37,0.23621810333655024,5.549061718070314,0.2629837184451121,0.06916043616721802,0.035771537693347136,0.11005908264420523,0.07886709924144086
2429,2429,C9orf38,-0.07971966134548462,7.317644080554807,-0.08490855617580499,0.007209462911859834,0.5047166661655776,0.11880834846242265,0.6397970155601894
2430,2430,C9orf40,0.1063547694606744,6.263523749586803,0.15477501153446907,0.023955304195495037,0.22202137038619404,0.08621744200407637,0.348978208297382
2431,2431,C9orf41,-0.15506529434722024,7.901423204928785,-0.3470405830547684,0.12043716628699362,0.004961938648863646,0.05321964014963665,0.014108558487544939
2432,2432,C9orf43,-0.1440797924538061,7.547658790359121,-0.11343881333427724,0.012868364370688995,0.3721197045889586,0.16026293422466525,0.5151676385931401
2433,2433,C9orf47,0.1841921000054345,6.323389878649987,0.10744379243931086,0.011544168533741716,0.3980776787377962,0.21645741086914128,0.5402956198032314
2434,2434,C9orf50,-0.013725965793499427,7.082328014386798,-0.018608689730506,0.0003462833334862395,0.8839624298083988,0.0936604122930115,0.9286022323421401
2435,2435,C9orf53,-0.04565951715025639,7.212311183699745,-0.05936570751302485,0.0035242872285220148,0.6412322500579867,0.09750641312359848,0.7532348454030757
2436,2436,C9orf57,0.11209549079158694,6.6670662406805805,0.07407204367996899,0.005486667654927235,0.5607706848579892,0.1916652039745383,0.6882743018221035
2437,2437,C9orf62,-0.18260770093350845,7.849523028005179,-0.16660240569730173,0.027756361584128315,0.1882520496136633,0.13725542875359886,0.3072040794562079
2438,2438,C9orf64,-0.1560537976012224,8.151281730033054,-0.2520626940583588,0.06353560173595779,0.0445022028492552,0.07608789318810233,0.09500149868894138
2439,2439,C9orf66,-0.3523128521480461,8.306029256857821,-0.31511402341722977,0.09929684775419444,0.011206275177883545,0.13475837084955294,0.028862022951601826
2440,2440,C9orf69,-0.11084935250644924,7.828774534024782,-0.12274542191026985,0.015066438599930154,0.3339091448812017,0.11382442916481947,0.47605520655753664
2441,2441,C9orf72,-0.36221102362420055,8.663447944302119,-0.4249087871505191,0.18054747739772511,0.00046579133426459697,0.0980013379056723,0.0017096120921186184
2442,2442,C9orf78,-0.12312704756181267,7.888557018778165,-0.16160251256086144,0.02611537206598338,0.2020460432558373,0.09549118166927707,0.32484275497105625
2443,2443,C9orf84,-0.1623549902731018,7.507524726765099,-0.07971729749593315,0.00635484752005511,0.5312055374256311,0.2578296678354077,0.6625917811734371
2444,2444,C9orf85,-0.3734892508738701,9.22595288445392,-0.2818286780062136,0.07942740374673002,0.02406200577222786,0.1614827364640764,0.05618442374967385
2445,2445,C9orf89,0.2489232164184588,5.455981638525568,0.2245065664040521,0.05040319835853706,0.07450543986276341,0.13721769920171598,0.1459048019739683
2446,2446,C9orf9,0.029225333568675693,6.8865878345232545,0.03297024503611832,0.0010870370577416846,0.7959178640413128,0.11251366762445984,0.8686861219603159
2447,2447,C9orf91,-0.10936939692432636,7.598390410651338,-0.21053636505234705,0.04432556100945514,0.0949452623943584,0.06449526585109573,0.17816634810657114
2448,2448,CA1,0.09271423685108926,6.342944650901624,0.8032204304426034,0.645163059880401,1.4008580326100982e-15,0.008732332207847917,7.597588053894093e-13
2449,2449,CA10,0.08530193621467724,6.72427600421742,0.05885057264859241,0.0034633899010672524,0.6441343076368055,0.1837633841985311,0.7554144831776345
2450,2450,CA11,0.30936046828563724,5.506995593609434,0.4462665602604758,0.19915384280671689,0.00021897592745391767,0.07878602223728022,0.0008708767142359205
2451,2451,CA12,0.2783628362976397,4.586947466058965,0.7577973193150305,0.5742567771610463,4.198774929240235e-13,0.0304394089436182,5.477377776668512e-11
2452,2452,CA14,-0.09852359419609964,7.5280744194032305,-0.13221919908255614,0.01748191660603262,0.29764953485637874,0.09380374040039798,0.43660507195792736
2453,2453,CA2,0.097149723229976,5.932501408728951,0.854865020697604,0.7307942036123148,2.524911762441442e-19,0.007488423185000021,1.8225654738556476e-15
2454,2454,CA3,-0.06699984263234746,7.216806658476394,-0.04295934871973316,0.0018455056424236387,0.7360740076661105,0.19788785113257076,0.8280354616108895
2455,2455,CA4,0.06296074625019721,6.470857353914028,0.7904877123562848,0.6248708233862724,7.97477950965626e-15,0.006195399560138505,2.6983414106500986e-12
2456,2456,CA5A,0.016283595563096977,6.94792806011393,0.01677056104903286,0.00028125171789933833,0.8953565145592851,0.12329509198468852,0.9354890148982592
2457,2457,CA5B,0.23075068664664125,5.9510590103724885,0.2353462281361,0.05538784709788922,0.0611995943269394,0.12102265584760752,0.12400834800691239
2458,2458,CA5BP1,-0.3575235549845421,8.986554490181618,-0.4798029573571029,0.23021087788862196,6.02696250881453e-05,0.0830293770769866,0.00027804404160285183
2459,2459,CA6,0.08754366916501036,6.6695758020178655,0.061946955186617365,0.00383742525689278,0.6267717003284741,0.1791323594086561,0.7410319486030305
2460,2460,CA7,0.1253993910812976,6.194348753167362,0.7177897389409786,0.5152221093289583,2.4754265208324515e-11,0.015448052601909313,1.078578698362711e-09
2461,2461,CA8,-0.33576323767253263,8.469729969919344,-0.4616407830291802,0.2131122125557946,0.0001232328242692651,0.08193878743626616,0.0005227437433008689
2462,2462,CA9,-0.14941629336932422,7.963525662332175,-0.6255263858560645,0.39128325940215,3.2705549258570704e-08,0.02366813854414901,3.83246033113825e-07
2463,2463,CAAP1,-0.2477918862967112,9.028234061731123,-0.38174675525676616,0.1457305851490693,0.0018546158876261995,0.07619269083712724,0.005861311594650518
2464,2464,CAB39,0.3349481354890063,3.9926118933108015,0.6308419380256393,0.3979615507719445,2.3050855232996456e-08,0.05232066759086742,2.865478014182194e-07
2465,2465,CAB39L,-0.04385258839383432,7.272704648627603,-0.08161560898288897,0.006661107629647829,0.521440067041711,0.0680103300241836,0.6546341615043336
2466,2466,CABIN1,-0.21482701753063285,8.464281507570929,-0.2428017413958747,0.0589526856248692,0.05321572393833243,0.10900514249471746,0.11029732981284349
2467,2467,CABLES1,0.15306543612050869,6.131853604287543,0.1468064953893401,0.021552147088500336,0.24703168957782906,0.13097996185122085,0.37917998566826544
2468,2468,CABLES2,0.2296398889481618,5.466342384034756,0.3081881608739375,0.09497994250285996,0.013229151668303523,0.09002531184605808,0.03331906017412338
2469,2469,CABP1,0.08760633372278756,6.660535938479878,0.08756167421046827,0.007667046790540185,0.4914462025292876,0.1265768579652472,0.6280105934009043
2470,2470,CABP2,0.02396266989116131,6.896231505671081,0.028059615546854683,0.0007873420246372889,0.8257964182910578,0.10841430932550038,0.8906131747103401
2471,2471,CABP4,-0.033072693110450274,7.199549246013415,-0.035519535797729734,0.0012616374232862035,0.7805182604955239,0.1181768203653515,0.8583591339501869
2472,2472,CABP5,-0.09592152080375103,7.369953547948793,-0.1033009212485175,0.010671080330792415,0.4166218333304287,0.11729685519738554,0.5577365109279447
2473,2473,CABP7,-0.17169592700933115,7.7388228742867184,-0.19357936507723747,0.03747297058370638,0.12536212272185945,0.11051253830668784,0.22262725664604446
2474,2474,CABS1,-0.2634370665760116,7.775016814379917,-0.14977331851782896,0.022432046939843048,0.2375041741038457,0.2208615229267733,0.3680526960331121
2475,2475,CABYR,-0.3511274049247707,8.401299099173679,-0.2935787001272919,0.08618845316843039,0.01854867691431035,0.1452020204536824,0.04487449431118206
2476,2476,CACFD1,0.5071118516002444,3.0790243079899127,0.6246480037691267,0.3901851286127549,3.463008641227407e-08,0.08051402996340612,4.025306072237225e-07
2477,2477,CACHD1,-0.07993192715472174,7.417916329558821,-0.07419694519547787,0.005505186676340747,0.5601082403198785,0.13643936054846725,0.6876321755273523
2478,2478,CACNA1B,-0.033668963537654716,7.162245200054215,-0.030885647733683567,0.0009539232359291928,0.8085685546938677,0.13837892361627924,0.8781119384100152
2479,2479,CACNA1C,-0.62883607430602,9.65971179518815,-0.4231955133635522,0.1790944425310405,0.0004938152450908766,0.17098072184068638,0.0018008705174205007
2480,2480,CACNA1D,-0.2456946251349925,8.150966335812656,-0.2686217775322077,0.0721576593645629,0.03185407679913717,0.11189113673871184,0.07153375848649957
2481,2481,CACNA1E,-0.1468605146824654,7.543350706275383,-0.08090066045401034,0.006544916861895072,0.525107363906654,0.2297900672029933,0.6575608607759551
2482,2482,CACNA1F,0.10211685970960398,6.469893808075462,0.13412568267425773,0.01798969875283568,0.2906755743632169,0.0958181281593356,0.42925392545250013
2483,2483,CACNA1G,0.3636137385863745,5.332290442306687,0.2432546517090877,0.059172825578109586,0.0527594579286236,0.18413579099374716,0.10949837659999463
2484,2484,CACNA1G-AS1,0.06506375845637558,6.684146570381028,0.08544607884288145,0.007301032389623914,0.5020132659416905,0.09635182606036947,0.6373393488871025
2485,2485,CACNA1H,0.1656551229224037,6.0875000366164,0.17349104542070287,0.030099142841168387,0.17037638164771732,0.11942510558093683,0.28409182602458755
2486,2486,CACNA1I,0.2553125673316059,5.617408947151916,0.24115129487708706,0.058153947020895776,0.054905681363887536,0.13048984366431438,0.11323643142237949
2487,2487,CACNA1S,0.24933689002143103,5.864553515733927,0.27651433520447444,0.07646017757357246,0.02697799412834053,0.1100527389699008,0.0619586873315531
2488,2488,CACNA2D1,0.3684467200130511,5.285805330496924,0.5800062383652117,0.3364072365425628,5.093320805311236e-07,0.06571991694350482,4.07748103656247e-06
2489,2489,CACNA2D2,-0.100698370321486,7.655914727243893,-0.3403633286500208,0.11584719548972205,0.00592460536301726,0.035330314180669765,0.01648853992239285
2490,2490,CACNA2D3,0.13307279000719238,6.523699563890152,0.15413014264853805,0.02375610087285868,0.2239769632524348,0.10833904518120872,0.35136345546446507
2491,2491,CACNA2D4,0.472204382319119,4.602196957794483,0.6396741867063866,0.4091830651384772,1.2698757507186799e-08,0.07206125318550573,1.7627666270392957e-07
2492,2492,CACNB1,0.2647323656799822,5.66070405601592,0.2991305182607866,0.0894790669549668,0.01634413641889767,0.10724954040507508,0.040146582821146665
2493,2493,CACNB2,0.2339808979001254,5.953666466470634,0.18215936450499046,0.03318203407686197,0.14968711757208628,0.16040038709961013,0.25647273561357525
2494,2494,CACNB3,-0.3971008336787874,9.639381085130996,-0.4639098476289002,0.21521234672706946,0.00011294450461193001,0.09630469128921057,0.00048426516429958235
2495,2495,CACNB4,0.0556346257066455,6.801866338751467,0.057732733284334425,0.003333068492480097,0.6504499396994471,0.1221805937287874,0.7604862807163028
2496,2496,CACNG1,0.018657680455201463,6.921177069805945,0.02372074690065658,0.0005626738335250089,0.8524040036757002,0.0998645223026732,0.9077358593359867
2497,2497,CACNG2,0.10926857273468388,6.516985370460818,0.09514725992834204,0.009053001071871486,0.4545355728266316,0.1451872077986278,0.5937414189474212
2498,2498,CACNG3,0.04744720872015218,6.773939856192255,0.048370163855883615,0.0023396727514450287,0.7042743463040768,0.12443100712523995,0.8027719217399086
2499,2499,CACNG4,0.03547330725270605,6.820920894467966,0.02785100391761642,0.0007756784192190851,0.8270714977756191,0.16169495866342762,0.8911208679517033
2500,2500,CACNG5,0.14913146597399848,6.337708523466903,0.1497536035777474,0.022426141784521115,0.237566637887515,0.1250463300267959,0.3680957028802331
2501,2501,CACNG6,0.10989392208874108,6.368978406824835,0.10254605819105883,0.010515694050524022,0.4200534507694677,0.13538274418867774,0.5610223457393576
2502,2502,CACNG7,0.13637447229956634,6.507328709663852,0.13195436442795908,0.01741195429158663,0.2986268627166736,0.1301065668560396,0.4377717785086357
2503,2503,CACNG8,0.1785092575828801,6.1575794008529785,0.2318417162054397,0.053750581373083625,0.06527320910382976,0.0951209390064568,0.1307819525484302
2504,2504,CACTIN,-0.3741032625860938,9.096291720312417,-0.2427559900006318,0.05893047068118685,0.053261992577053975,0.189861344467042,0.11038050581383385
2505,2505,CACUL1,0.09183644392977217,6.5263796918462695,0.040467150207633716,0.0016375902459271894,0.7508743411032885,0.2879789227953341,0.8380242156672532
2506,2506,CACYBP,-0.4195603887585075,10.438026571028342,-0.5699307685207493,0.3248210809066519,8.851502820822708e-07,0.07682206337832496,6.630816103122747e-06
2507,2507,CAD,-0.5160951433761204,9.729810010342172,-0.7481536689704789,0.5597339123939888,1.2022278450647194e-12,0.05813005509543196,1.1519576984458628e-10
2508,2508,CADM1,0.3775735408267124,5.152470271472796,0.6896266523772776,0.4755849196690905,2.938428605574804e-10,0.05035345283973263,8.05464195616739e-09
2509,2509,CADM2,0.7512527828919646,4.678835505462988,0.3475895964355008,0.12081852755019433,0.004889302519651378,0.2573728569524458,0.013929462710571055
2510,2510,CADM2-AS1,0.19402961850567035,6.4653530969537485,0.09522939465814556,0.00906863760695684,0.4541444423522567,0.2575864111315162,0.593404808974725
2511,2511,CADM3,0.208509980527508,6.023385872631184,0.22594930968221394,0.05105309054586902,0.07261177054899409,0.11416709276916598,0.14285526403547444
2512,2512,CADM3-AS1,-0.00885270700582429,7.0532001485604665,-0.010088504045614524,0.00010177791387838062,0.9369377128451608,0.11143750285480043,0.9629577760384385
2513,2513,CADM4,0.13490912625776486,6.414526888873763,0.11001148394308972,0.012102526599360685,0.3868320222844994,0.15479730637730985,0.5296103839268405
2514,2514,CADPS,-0.2362473469497404,8.066633374265656,-0.7487148797676252,0.5605739711854494,1.1323095353906191e-12,0.026564247637828903,1.1145528631310845e-10
2515,2515,CADPS2,-0.2179222232394417,8.654079446282962,-0.4386175280317654,0.1923853358966965,0.0002885869873813255,0.05670505698146752,0.0011151590313602075
2516,2516,CAGE1,0.2498279177409702,6.251749858666678,0.18808484204915912,0.03537590780865714,0.13666088000602802,0.16568011183616674,0.23825465649233496
2517,2517,CAHM,-0.3980138735361784,8.359015258714223,-0.232289562379386,0.05395844079040665,0.06474079129363901,0.2116546321134851,0.12983532464009565
2518,2518,CALB1,-0.41321155186535,8.311109622828278,-0.19212081168611625,0.036910406282932136,0.12828972597039542,0.26806217797875165,0.22684037036734817
2519,2519,CALB2,0.10840708507182002,6.455296618797954,0.18099471701728226,0.032759087588166085,0.15235260237073225,0.07481061976087683,0.26010687514492326
2520,2520,CALCA,-0.3735318025618816,8.660295946742323,-0.2900492108379443,0.08412854470771425,0.02007829065901987,0.1565226934122644,0.04810215557263804
2521,2521,CALCB,-0.14242613214835234,7.508190323429006,-0.18701867457980229,0.03497598464158599,0.13893943309371853,0.09501188216133766,0.2415295354936562
2522,2522,CALCOCO1,-0.2814899599018449,9.186625313696023,-0.37933316019694,0.14389364642499733,0.001992967049463542,0.08719872109982636,0.00626472658675178
2523,2523,CALCOCO2,0.5436896233319856,3.315921737775452,0.6757782029550512,0.4566761795891584,8.979879214855741e-10,0.0753148113888454,1.9543646673135785e-08
2524,2524,CALCR,0.11299902565327652,6.602523611357754,0.07281001077812463,0.005301297669510625,0.5674848492028557,0.19657737632661348,0.6936602172887695
2525,2525,CALCRL,0.28507047906978017,5.850730192773097,0.3778693195571878,0.1427852226626121,0.002081310355676731,0.08870734760969604,0.006503719444758962
2526,2526,CALD1,0.4498190783441523,4.577886423092936,0.6998728021293485,0.4898219391603862,1.2346376600165133e-10,0.058302046480394026,3.9726714008406534e-09
2527,2527,CALHM1,-0.09342989294633712,7.384565557247988,-0.07654168307570683,0.005858629248061946,0.5477415541476145,0.15456674894238392,0.6769400385268002
2528,2528,CALHM2,0.3240462824995625,5.08627937896732,0.5304479468786034,0.2813750243477257,6.5314717982777375e-06,0.06576874874606273,3.8750416929234084e-05
2529,2529,CALHM3,0.2036734157040843,6.261642181474874,0.15939025903634185,0.02540525467567216,0.20837327109299567,0.16020968198520322,0.33268389542945975
2530,2530,CALM1,0.15452790100416824,5.763247930496979,0.4301625212115569,0.18503979465508316,0.0003886381233267207,0.041185722892552346,0.0014568060740124701
2531,2531,CALML3,0.14286693642439646,6.393940691511518,0.14730776112336752,0.021699576487179108,0.24540388353569645,0.12182779368184532,0.37726625235131767
2532,2532,CALML4,0.5012975037141693,3.3524682330154247,0.4811192471632311,0.23147572999091426,5.7134690136013955e-05,0.11600474655741873,0.00026510643130391736
2533,2533,CALML5,0.13458896891548336,6.487089454364844,0.17340145018550007,0.030068062926434463,0.17060061426500298,0.09708039301774077,0.28440002324161967
2534,2534,CALML6,0.16573008836573874,6.404118259833402,0.17389943546701314,0.030241013655745868,0.16935702061855387,0.11918984400688833,0.2827623947932022
2535,2535,CALN1,0.21222360698804266,6.215128217887787,0.17351176197922866,0.0301063315451365,0.17032456439083207,0.15297870809324932,0.28407104450735277
2536,2536,CALR,-0.16151658335901836,8.387120718262743,-0.2903645297203383,0.08431156011971322,0.01993740411033935,0.0676007598170958,0.04780164814098745
2537,2537,CALR3,0.21970952427718,6.2985724974534465,0.19868610595653508,0.03947616870017148,0.11551115072255898,0.1376383992580539,0.20855377429523217
2538,2538,CALU,-0.31322006722340456,9.327168603296812,-0.51810699533574,0.2684348586158285,1.1601797152997325e-05,0.06566905691560855,6.432076737023991e-05
2539,2539,CALY,0.04811427042564007,6.816210650895862,0.0693998271641855,0.004816336010418819,0.5858128001343041,0.08783574523951812,0.708148720939397
2540,2540,CAMK1,-0.2281204497901493,8.356458695424406,-0.3065445530366919,0.0939695629964652,0.013753024627474415,0.08995932014231564,0.034490069288703934
2541,2541,CAMK1D,0.21417331044973711,5.562088580176521,0.42704893461884297,0.18237079255908886,0.00043282051496517184,0.0575930476329166,0.0016029978196632113
2542,2542,CAMK1G,0.024465225915654303,6.9092013538784665,0.023213405393346143,0.0005388621899558319,0.8555265429942172,0.13381274686486075,0.9097189928082383
2543,2543,CAMK2A,0.103278526437897,6.528875501382768,0.12050447287777863,0.014521327983551284,0.3428761134505066,0.1080524542253228,0.4852929566516811
2544,2544,CAMK2B,0.2013078291798247,6.044548766781857,0.18704907206851287,0.034987355361691716,0.13887407650395392,0.13426900321170704,0.2414353023998974
2545,2545,CAMK2D,0.4312384003202161,3.7667252852110584,0.5912306038341143,0.34955362691005143,2.691222493432825e-07,0.07470856997152041,2.3311369238115133e-06
2546,2546,CAMK2G,0.3752502882881056,4.904588203462005,0.31239941890006445,0.09759339692909796,0.011964731077343863,0.14491592212989948,0.03058265480168571
2547,2547,CAMK2N1,0.2206508442778021,5.0793033140620185,0.7674283543950452,0.588946279129487,1.3969915213859077e-13,0.02341106654990584,2.3634258902821745e-11
2548,2548,CAMK2N2,-0.1015029352138447,7.525573016466857,-0.09353190044515808,0.008748216400882965,0.4622655367675658,0.1372192333458648,0.6008619567047803
2549,2549,CAMK4,0.5103397383577583,5.18569488756512,0.5572536463129633,0.31053162632909315,1.729465605285731e-06,0.09657568512351374,1.18255692082294e-05
2550,2550,CAMKK1,-0.2421090076851635,8.426712608159598,-0.2115642289192399,0.04475942295819255,0.09330592869881664,0.1420460772173017,0.1757144000324267
2551,2551,CAMKK2,0.2409297352179633,5.477972756352779,0.12862365159397152,0.016544043749367368,0.3110965596565677,0.23591262396944665,0.45137661637272847
2552,2552,CAMKMT,-0.4849512528601973,9.362236764964921,-0.5031208060724711,0.2531305455030131,2.2632877822366435e-05,0.1057918745078512,0.00011638921140901096
2553,2553,CAMKV,0.1715022949483945,6.169719752091686,0.20981726560320596,0.04402328494520626,0.0961054705927654,0.10149777581165824,0.17995365029713226
2554,2554,CAMLG,-0.3785412446640676,10.43391803215661,-0.5626127082838833,0.31653305952252603,1.3074104683336417e-06,0.07064258445085098,9.294804232358836e-06
2555,2555,CAMP,0.18649583546931675,6.093784604107497,0.24974433782178784,0.06237223427404327,0.046564874783565774,0.09183175253413556,0.0986559400683022
2556,2556,CAMSAP1,-0.7464440698336858,10.303120387669463,-0.67760811671285,0.4591527598351354,7.77431093985912e-10,0.10288691296719203,1.742781608723077e-08
2557,2557,CAMSAP2,-0.27078217318217834,8.597596681110971,-0.5192955393792307,0.2696678572191661,1.09879574497804e-05,0.05659392825995885,6.12469031081067e-05
2558,2558,CAMSAP3,-0.1381770637410506,7.844231893189401,-0.21135500272856125,0.04467093717839014,0.0936378135083682,0.08115290635837533,0.17620149908965183
2559,2559,CAMTA1,-0.14931230134524984,7.967122525611702,-0.13484743935253396,0.018183831899935325,0.28806358873081395,0.13933882064409892,0.4266185893835163
2560,2560,CAMTA2,0.2648844070251646,5.415934288442742,0.28684428367201464,0.0822796430753112,0.02155900496407953,0.1123490829361147,0.05112354933170633
2561,2561,CAND1,-0.16579850653186054,8.055632054103096,-0.1478540580394123,0.021860822478721897,0.2436382193312677,0.14084837725398516,0.3752779490957922
2562,2562,CAND1.11,0.10606749809654817,6.632835949547303,0.09570674879559274,0.009159781765022692,0.4518749217289967,0.14010245002168878,0.5910813307182979
2563,2563,CAND2,0.6663619456651868,4.1314725593431305,0.4752862154321311,0.2258969865797981,7.227477886628904e-05,0.15666013739684534,0.0003264727443365643
2564,2564,CANT1,0.35411467456026097,3.650381960072996,0.4630935589124539,0.21445564430620245,0.00011655103570427568,0.08607255509157137,0.0004978131515140217
2565,2565,CANX,-0.162329226779616,8.389302288660309,-0.17312946737880838,0.029973812474869875,0.1712826346479987,0.1172793665967298,0.28533929173801154
2566,2566,CAP1,0.0728358261333676,6.227262536723057,0.0951849920740538,0.009060182716137686,0.4543558671101867,0.09673961782524207,0.5936094300012725
2567,2567,CAP2,0.18200246103821172,6.139940970195621,0.3946621621934964,0.15575822226724564,0.0012503010565786893,0.05381326525386895,0.004134260097757141
2568,2568,CAPG,-0.2219080860996328,9.009951272184322,-0.685895546642455,0.4704527009039522,3.9943339564515467e-10,0.029900033751762707,1.0309571135513497e-08
2569,2569,CAPN1,0.07922807212312312,6.4795801655479766,0.06631790189743972,0.004398064112078439,0.6026033627472874,0.15138935258958006,0.7215978666386037
2570,2570,CAPN10,-0.265596060673672,8.461589419976898,-0.38496132585529547,0.14819522240426694,0.0016837312545310837,0.08086837548215227,0.005374587310859466
2571,2571,CAPN10-AS1,-0.009866796782406484,7.059323522744324,-0.011159388591407032,0.00012453195373402542,0.930259571846758,0.11228271219618767,0.9587271113047886
2572,2572,CAPN11,0.12226120532266065,6.5230551456125205,0.10598300701118386,0.011232397775132649,0.4045602914344239,0.14568126530219944,0.5467952260025246
2573,2573,CAPN12,-0.2729923249325369,8.72786198011206,-0.44373594200898797,0.19690158623060397,0.0002400881392674665,0.07001875254546339,0.0009449488651103211
2574,2574,CAPN13,0.21091665955547587,5.874789933875218,0.5605875527505831,0.31425840429888785,1.4540388483136894e-06,0.03956870491986611,1.0183444780152957e-05
2575,2575,CAPN14,-0.4925701627472879,8.495818085591287,-0.2519668099118552,0.06348727329715695,0.044585995512353295,0.2402623721351824,0.09516161372166475
2576,2576,CAPN15,-0.0596312582340704,7.371957162527092,-0.07483574065800044,0.0056003880798315,0.5567260371167961,0.1009135629843792,0.6847221181214415
2577,2577,CAPN2,0.4274095898534128,3.3803307709943025,0.7185292121237439,0.5162842286751681,2.310462578223893e-11,0.05254109408619215,1.0252677690868525e-09
2578,2578,CAPN3,0.07613559978553879,6.675015227291003,0.12924399945130374,0.016704011394168602,0.3087490405985268,0.07418629353613003,0.4489924075106359
2579,2579,CAPN5,0.2751879046791757,4.742057560103079,0.6039614439145551,0.3647694257353543,1.2668680135504074e-07,0.04612007219414401,1.2241868288011633e-06
2580,2580,CAPN6,0.2219026976810858,6.124796888462128,0.2722090775654273,0.07409778190902082,0.02955343807045447,0.09962003629821828,0.06705571054229795
2581,2581,CAPN7,-0.11568877341135765,7.897544123999021,-0.15511062238698892,0.024059305177279063,0.2210083498772888,0.09357623015818828,0.34784038204758255
2582,2582,CAPN8,-0.11660558231784257,7.781879808480007,-0.3907291303606116,0.15266925331235984,0.0014121764107170142,0.034887848638698864,0.004604830624013995
2583,2583,CAPN9,0.09109769706101584,6.356548484432409,0.31756591899883685,0.1008481129095758,0.010557380772981536,0.03454571577062564,0.027455275686191327
2584,2584,CAPNS1,-0.21765381061393727,9.512921223358962,-0.31034132427605954,0.09631173755341836,0.012568970279927394,0.08467206314275552,0.03190494096961994
2585,2585,CAPNS2,-0.057883957079568414,7.261822720176674,-0.05682803159066788,0.003229425174469946,0.6555793924988347,0.12915087691629346,0.7642838085901623
2586,2586,CAPRIN1,-0.41286099982540136,9.910037594848712,-0.6355748267701995,0.4039553604239691,1.6786517442607834e-08,0.06369138907814563,2.2165368001199553e-07
2587,2587,CAPRIN2,-0.2171181731220963,8.267833042430278,-0.3474760800813915,0.12073962622872958,0.004904243662744365,0.0744104906605635,0.013966517164220043
2588,2588,CAPS,0.004203727418142212,6.992723046999228,0.0048366062078736855,2.3392759610042265e-05,0.9697431342007627,0.11038063646375293,0.9821245707191805
2589,2589,CAPS2,-0.3541391176690817,8.048031996470215,-0.16535077502631668,0.02734087880180359,0.19163974435461745,0.2682576731308806,0.3116520474616432
2590,2590,CAPSL,-0.04712674725056607,7.171027669344967,-0.0537373563056529,0.002887703462720693,0.6732214907315084,0.1112160226705377,0.7789800364301798
2591,2591,CAPZA1,-0.2852749789857819,9.061980320711672,-0.19338762668173332,0.03739877415359346,0.12574405313008813,0.18380713208642102,0.2231956943059064
2592,2592,CAPZA2,-0.22068975507562927,8.645899450064162,-0.25121184087908544,0.06310738899785892,0.045250305179234986,0.10799188672827023,0.0964084374907845
2593,2593,CAPZA3,0.0848035784652435,6.744435531407182,0.0630085466082374,0.003970076945682425,0.6208644677492363,0.17059058744605954,0.7365116464854617
2594,2594,CAPZB,0.25474025882256746,4.880874841013046,0.28556829854747817,0.08154925313530162,0.0221738119686483,0.1085724611987261,0.0523635657776531
2595,2595,CARD10,0.4151623927414844,4.442309316481894,0.342082076306914,0.11702014693044932,0.005662300322430273,0.14483290417895522,0.015846098925074638
2596,2596,CARD11,0.28836951613038597,5.400444266728014,0.3091501673038356,0.09557382594398954,0.012930584275118008,0.11266021592150342,0.03270401804224252
2597,2597,CARD14,0.06432681550086931,6.7394874564417835,0.049410769291219694,0.002441424121950139,0.6982141030311911,0.16513677356027168,0.7980905991628632
2598,2598,CARD16,-0.06497619818962629,7.3994583645831185,-0.07927204679845394,0.0062840574036162715,0.5335090657602777,0.10376944859557666,0.6648140648543454
2599,2599,CARD18,-0.042683828254209084,7.155064069830292,-0.02704316262545426,0.0007313326447867662,0.8320133675001398,0.20037852446361346,0.8945415834778188
2600,2600,CARD6,-0.17934455357168433,8.022599410185965,-0.6930757388849362,0.4803539798309003,2.2033583534998088e-10,0.023690021435799603,6.311339304899254e-09
2601,2601,CARD8,-0.10359330481785553,7.528368637029202,-0.11835014946364293,0.014006757878066621,0.35163659891267685,0.1103834596838872,0.49426785339828744
2602,2602,CARF,-0.2963131773041881,8.071165814609678,-0.2823922510777246,0.07974538346874464,0.023769032122021756,0.12783693444593305,0.05562719016560912
2603,2603,CARHSP1,-0.7989279143143792,12.286277271662636,-0.6282558124682699,0.3947053659001659,2.7350470096802758e-08,0.12564888744598793,3.290413499701465e-07
2604,2604,CARKD,-0.10563902137754667,7.9088549273063435,-0.12596635175912616,0.01586752177550391,0.3212819188407325,0.10565760337084684,0.46248124868967894
2605,2605,CARM1,-0.16578981841460988,8.218828404607738,-0.3085206040793005,0.09518496314145647,0.01312530953085106,0.06491689553943644,0.033096772511398496
2606,2606,CARNS1,0.0550990687149384,6.7519782099895505,0.0730534468001921,0.005336806089388498,0.5661868220531221,0.09553130842672802,0.6925035657475492
2607,2607,CARS,-0.4016228229997634,9.7047494292097,-0.492730291714378,0.242783140372936,3.532666056055013e-05,0.09007897068206494,0.00017327266918204143
2608,2608,CARS-AS1,0.19158731926441105,6.168627508919927,0.1573762645507844,0.024767288643958482,0.2142541796627004,0.152681287383513,0.3395546150904404
2609,2609,CARS2,-1.1422712774680746,12.063298008522287,-0.5690079997677021,0.3237701037996413,9.302549045233299e-07,0.2096535512099092,6.922566995688216e-06
2610,2610,CARTPT,0.034498581991686365,6.831895429218669,0.02568038591477269,0.0006594822207316558,0.8403645911530273,0.17055348653253452,0.8996562190857587
2611,2611,CASC1,-0.2582547397742567,7.810423867677437,-0.14205254248325253,0.020178924825956263,0.2628365576867525,0.2285476884861747,0.3978280322014836
2612,2612,CASC10,0.016861865271187854,6.9388678751633375,0.013858549662268795,0.0001920593987415705,0.9134496025790322,0.1545077536640701,0.9477170919820306
2613,2613,CASC11,0.11714441974668716,6.571398482946407,0.09343934428517754,0.00873091106044394,0.4627106016501895,0.1585228094122181,0.6012011054159992
2614,2614,CASC14,0.20747947706881187,5.937802072099353,0.31417740038399183,0.09870743891204313,0.011463120236958866,0.07962276435329807,0.029442992377101677
2615,2615,CASC15,0.5659693050369896,4.805848632272792,0.329666482164002,0.10867998946238826,0.007810279787929204,0.20584440542961666,0.021067714101595282
2616,2616,CASC16,0.4386572332216319,5.265087104119461,0.5381131332347404,0.2895657441597095,4.518864396729129e-06,0.08726052182270848,2.7879204704036838e-05
2617,2617,CASC17,-0.24662170566850225,7.929262187911737,-0.1804027244551505,0.032545142990840936,0.15372090824522214,0.1707684808452904,0.26190607931158816
2618,2618,CASC18,0.2184317959823459,6.222165829144252,0.177139074396144,0.031378251677922644,0.16142837026666315,0.15412842796225926,0.27233806155535917
2619,2619,CASC2,-1.0493731356142322,10.686439451464418,-0.5656557400804629,0.3199664162859762,1.1129284875367443e-06,0.19428849273945606,8.095554718712865e-06
2620,2620,CASC22,0.1503711129842482,6.521481186258995,0.12832709562708547,0.01646784347208314,0.3122228333492532,0.14758577022529953,0.4525256312280355
2621,2621,CASC4,0.3453451980630541,4.784764859816318,0.2313950959739621,0.05354369044079913,0.0658076718295684,0.184396940800153,0.13167006684554222
2622,2622,CASC5,-0.2985303698559257,8.342698647993831,-0.5776695887640587,0.3337021537828367,5.799369140399014e-07,0.05357317360039355,4.560106707891818e-06
2623,2623,CASC6,-0.20971659170324697,7.7043425419010365,-0.13404692932899767,0.017968579262533296,0.29096151457430336,0.1968986634455084,0.42958680247310765
2624,2624,CASC7,-0.03856833739422133,7.192564778784313,-0.05941516251521014,0.003530161536708832,0.6409539212469312,0.0822943202823065,0.7529487449605237
2625,2625,CASD1,0.5834858072396383,4.170011840691614,0.6865774188025789,0.4713885520096119,3.77768139064882e-10,0.07847172842083691,9.856107290903637e-09
2626,2626,CASK,-0.29315219948181515,8.988711556544386,-0.3228751892256779,0.10424838781751727,0.009263044748888042,0.10913308642184992,0.0244653291910197
2627,2627,CASKIN1,-0.027461873396552646,7.147459889257437,-0.02665004351645067,0.0007102248194287143,0.8344205831577584,0.1308224009106179,0.8962095887452265
2628,2628,CASKIN2,0.05247135751862127,6.708484349107553,0.060628281437085686,0.0036757885100144687,0.6341420821681807,0.10971134508301543,0.7473792744830713
2629,2629,CASP1,-0.1389026604834069,8.306017054827782,-0.5255644534584146,0.2762179947390421,8.220847930120242e-06,0.028555687857406725,4.7208290089300935e-05
2630,2630,CASP10,0.07138117089150442,6.562344953164677,0.07270409273655751,0.005285885100645954,0.5680500493219233,0.1243592527515618,0.6940768390264768
2631,2631,CASP12,-0.054656953390802766,7.204066326032485,-0.03868921817268132,0.0014968556028133342,0.7614881687775246,0.1792810306701641,0.8457291155440196
2632,2632,CASP14,0.022164232525177286,6.9224163087084065,0.019977604513961463,0.00039910468211625335,0.8754919375592835,0.14087267447726856,0.9229682300114523
2633,2633,CASP16,0.2284512398227683,6.175027498559913,0.20812286459732254,0.04331512676819547,0.09888301083015896,0.13635225768410547,0.1842463947278517
2634,2634,CASP2,-0.2837453335126314,8.525227491031442,-0.3907723399579948,0.15270302167624664,0.0014103001447686554,0.08488420712767579,0.004600097851327795
2635,2635,CASP3,0.3771080110028217,3.842127459092052,0.3912360200533607,0.15306562338719362,0.0013903066708281044,0.11265642407456952,0.004544466559514355
2636,2636,CASP4,-0.41379253334699145,9.174532260080213,-0.4750447042674462,0.2256674710525454,7.297497164489685e-05,0.09734554390381972,0.0003292921464826508
2637,2637,CASP5,0.04197974464342851,6.707210473928026,0.14712165124861373,0.021644780266118727,0.24600739630299956,0.03584393163397664,0.37800966202664127
2638,2638,CASP6,-0.04482425084738322,7.436657236997851,-0.06803484184596123,0.004628739705004957,0.5932232144374792,0.08347921645901105,0.7141962922468233
2639,2639,CASP7,0.3161667398507854,3.985973555153037,0.7137069957613289,0.5093776757986616,3.608490626182311e-11,0.03940706001495562,1.4688320396612395e-09
2640,2640,CASP8,-0.3959044515926719,9.475937397527103,-0.6215218351108523,0.3862893915195616,4.238471013197236e-08,0.06337529074991391,4.802935101558667e-07
2641,2641,CASP8AP2,-0.08277575507605077,7.425091708025866,-0.11341210382086292,0.012862305293074191,0.37223303406253694,0.09209515169872462,0.515291590655516
2642,2642,CASP9,-0.10408357419820348,7.637364070119258,-0.08460088214689998,0.0071573092600336575,0.5062674346497358,0.1556867606827848,0.6410490759759109
2643,2643,CASQ1,0.02357039296245391,6.929986570703517,0.01796763767605268,0.0003228360036579077,0.8879336076864208,0.1665750233314803,0.9310125538396089
2644,2644,CASQ2,0.2280687932899996,5.948856801240415,0.435594486657688,0.1897425568065747,0.00032127941627867315,0.059854824308806426,0.0012250934600307566
2645,2645,CASR,0.3050603827029911,5.584628596800875,0.2260955191328731,0.05111918377196339,0.07242202827276822,0.16691825807928612,0.1425337655409248
2646,2646,CASS4,0.061157649871013985,6.809495220984832,0.03387886290466514,0.0011477773517130955,0.7904199079453179,0.2291272476461778,0.8653459608976674
2647,2647,CAST,-0.022266198243263643,7.191701431624892,-0.02047972640116652,0.00041941919346663684,0.8723883699983885,0.13804954559623506,0.9211403840067658
2648,2648,CASZ1,0.6043363070373066,3.8097532854494918,0.39913898705787504,0.1593119309895865,0.0010865283754667588,0.17630967009165033,0.0036558067076961874
2649,2649,CAT,-0.01771005440166,7.1601607597721655,-0.017850800684232816,0.00031865108506820686,0.8886576861102536,0.12597870637455266,0.9314109768509531
2650,2650,CATIP-AS1,-0.07994362850458417,7.3849517873899595,-0.08466236901610646,0.0071677167274193845,0.5059573272107664,0.11949109473415168,0.6407507943752171
2651,2651,CATR1,-0.020155768214957768,7.074588665956571,-0.0118573664392684,0.00014059713887508858,0.9259094620352342,0.21586624488989106,0.956063770759727
2652,2652,CATSPER1,-0.0996671267964964,7.47033456593359,-0.11936250625336295,0.014247407899084113,0.34750279684040364,0.1052863641881101,0.49007965259387437
2653,2653,CATSPER3,-0.016378692601476414,7.077816516561422,-0.013753607915203869,0.00018916173068515848,0.9141025067433228,0.15122572249549102,0.948021694261847
2654,2654,CATSPERB,-0.28392772908906394,8.01857065831722,-0.2826645898367209,0.07989927034756167,0.02362854205870697,0.12236529034949455,0.05536433756584402
2655,2655,CATSPERD,-0.056949789181051036,7.194865124939496,-0.039695404837971855,0.0015757251652504796,0.7554759581342224,0.18205960923430828,0.8414252879389285
2656,2656,CATSPERG,0.04796502604717255,6.81530052714979,0.04365235843349158,0.0019055283968060235,0.7319751156776725,0.1394141811806788,0.8248384831139094
2657,2657,CATX-1,0.17780977090661554,6.369640812190587,0.11038271333799256,0.01218434340385744,0.3852219540763573,0.20332775475520964,0.5283413398900195
2658,2658,CAV1,0.16113555472219745,5.773317251106694,0.4353749029290223,0.1895513061004556,0.00032378099622056407,0.04231505468568336,0.0012341977597529158
2659,2659,CAV2,0.05134899292121997,6.743837053221033,0.10321456845893116,0.010653247142163385,0.41701357497748337,0.06284480035872038,0.5581229274497777
2660,2660,CAV3,0.1192596348833506,6.344833512297258,0.13769275862938607,0.01895929577897037,0.2779174065126981,0.108950704588732,0.41515922091421903
2661,2661,CBFA2T2,0.10786640628475544,6.348071907362491,0.1564349129769338,0.02447188199810085,0.21704261764736996,0.08649212674680781,0.3432202340553378
2662,2662,CBFA2T3,-0.0064023038019580215,7.048090038472576,-0.014766938577611185,0.00021806247495494144,0.9078004091579076,0.05505574051499627,0.9442296118467763
2663,2663,CBFB,-0.26014030860731985,9.034159927119617,-0.6949245828136337,0.4829201757987028,1.885156284633895e-10,0.03418636518905254,5.584549841825855e-09
2664,2664,CBL,-0.1938069549486428,8.104480562482246,-0.14884450414534514,0.022154686414273667,0.2404592848125668,0.1635218489413749,0.3714065306730561
2665,2665,CBLB,-0.3809928739996119,9.068601977154122,-0.41660735722484094,0.1735616900938662,0.0006164464856251368,0.1055842874197491,0.002203193372868846
2666,2666,CBLC,-0.2534350673214373,8.560106042274443,-0.31789325336184665,0.10105612053297924,0.010473267955322196,0.09599659775932133,0.02725617324510301
2667,2667,CBLL1,-0.3024820056288618,8.753695647221976,-0.481254348836153,0.2316057482737097,5.682159848559145e-05,0.06997148417037936,0.0002638232665534912
2668,2668,CBLN1,-0.1194567956786447,7.430953534942575,-0.10748459297674756,0.011552937727377088,0.3978974969353615,0.1403283786938616,0.5401159842120763
2669,2669,CBLN2,0.18569542640150846,6.076157558672723,0.4469725157171579,0.19978442980652494,0.00021339745072302684,0.047198483200111864,0.0008504088692320844
2670,2670,CBLN3,-0.03703723026325178,7.175655397468447,-0.032877532069523416,0.0010809321149825406,0.7964794219859753,0.14299096543698886,0.8691238036334742
2671,2671,CBLN4,0.10041659648932803,6.658402395028999,0.05831759654514411,0.003400942066802204,0.6471424554741941,0.2183083120666458,0.757752237119805
2672,2672,CBR1,0.018760046206357715,6.8570072442907675,0.0544127709060746,0.0029607496376769576,0.669350686213156,0.04372132794849115,0.7757861865738542
2673,2673,CBR3,-0.16027534371443602,8.066470948851055,-0.7004181785632199,0.4905856248618186,1.1777502665532494e-10,0.020741925070235808,3.835215341685807e-09
2674,2674,CBR3-AS1,-0.3165273954640834,8.523234897234625,-0.2585764709191969,0.0668617913130263,0.03910591895843845,0.15017562286276204,0.085160767804202
2675,2675,CBR4,-0.041292678583069405,7.294120611121705,-0.06445099574272284,0.004153930852228477,0.6128760747982056,0.08119769226523589,0.7304657053087755
2676,2676,CBS,0.09577064200713856,6.497617760867878,0.22285084875907865,0.049662500792641735,0.07672693078241444,0.0532060716176464,0.1496057704027719
2677,2677,CBX1,-0.30622359328501475,9.644874215602512,-0.5058523060140497,0.2558865554997318,2.0084270919187704e-05,0.06631910323563704,0.00010437362293136782
2678,2678,CBX2,-0.2632612464078877,8.285308250719144,-0.22081275566012906,0.048758273062219866,0.07953343304885152,0.14767683537354376,0.1541618772532116
2679,2679,CBX3,-0.4768660159180295,10.172337068174908,-0.6819216036720751,0.4650170735546947,5.511912444407557e-10,0.06495850785199757,1.3336364690910129e-08
2680,2680,CBX3P2,-0.35117102940353684,8.020138574837956,-0.15878795547464125,0.02521361480381665,0.21011991554946535,0.27730647254607416,0.3348306141771682
2681,2681,CBX4,-0.3764503807502647,9.348179761916755,-0.6333050467136232,0.4010752821929445,1.955700504514661e-08,0.05842316297579945,2.5044763113698985e-07
2682,2682,CBX5,-0.2563829181465965,8.642862979936897,-0.4733542340291071,0.22406423087328267,7.805391991152489e-05,0.060592638152125476,0.0003492267842322462
2683,2683,CBX6,0.3166238645155692,4.727744982892809,0.632077655796712,0.3995221629574668,2.1230128386709358e-08,0.049297608761239814,2.671344742673975e-07
2684,2684,CBX7,0.2027701097626336,5.6433722452479245,0.38537186835754095,0.14851147692138186,0.0016629568397428867,0.06166198230362584,0.005318130934023416
2685,2685,CBX8,-0.4093423523468731,9.120919001395775,-0.4150407262566587,0.17225880445165473,0.0006494056517083157,0.11395867915012585,0.0023087964846073843
2686,2686,CBY1,-0.37530701711863856,9.223041805301335,-0.2755620692620695,0.0759344540159936,0.02753074173519469,0.16627340531353274,0.06303427915792356
2687,2687,CBY3,0.1215163488220491,6.606268720662667,0.08834856801538972,0.007805469470369945,0.4875457387667731,0.17399539999404995,0.6243157100700415
2688,2688,CC2D1A,-0.427922488436796,9.519906474023315,-0.4740113236492327,0.2246867349476976,7.604220421518147e-05,0.10095298301242332,0.00034128371653466424
2689,2689,CC2D1B,-0.2983413827107129,8.430463210836644,-0.2976342047268634,0.08858611982339244,0.01691497461170859,0.1215325562891304,0.04137977578135444
2690,2690,CC2D2A,0.0824714823770949,6.68116574891448,0.05751820401930656,0.003308343793606573,0.6516648228937929,0.18179546715948586,0.7613888186678212
2691,2691,CC2D2B,-0.06649000093507125,7.397720408317497,-0.09821256763295658,0.00964570844105807,0.4400644941337333,0.0855635358209165,0.5805773498517116
2692,2692,CCAR1,-0.2838908128897896,8.910688163482051,-0.4028755711356177,0.16230872581785016,0.0009649376864907576,0.08190804406095781,0.003293014129973667
2693,2693,CCAR2,-0.3465893130285411,8.625001095926832,-0.3362803959956729,0.1130845047310066,0.006590967823565183,0.1232704250832046,0.018124115329435433
2694,2694,CCBE1,0.5665689029673459,4.878179959224396,0.44962717969577626,0.20216460072117787,0.0001935651944856299,0.142942371749391,0.0007804234382026281
2695,2695,CCBL1,0.08181307286361103,6.638664175218008,0.07581225058257135,0.00574749733839459,0.5515745988041154,0.1366582380881429,0.6802407846177527
2696,2696,CCBL2,-0.23221929976620936,9.086075858514402,-0.4630642651390143,0.21442851364873536,0.00011668240881919233,0.05644871428850379,0.0004982759934883869
2697,2697,CCDC101,-0.44379451536635256,10.311404772019443,-0.39973612003996095,0.15978896566460207,0.0010662136319666774,0.12924295632084734,0.00359359629575695
2698,2698,CCDC102A,-0.13681993914678373,7.654640422463138,-0.16088638252504234,0.02588442808199425,0.2040790965129438,0.10659565542890052,0.3272852577196029
2699,2699,CCDC102B,0.4975288972013762,5.411180450083729,0.6118646222536869,0.3743783159656469,7.803744257812165e-08,0.08168137102510331,8.07020448438025e-07
2700,2700,CCDC104,-0.19970791561677947,8.55808038227706,-0.5691363865264597,0.3239162264683957,9.238527066880858e-07,0.03664235165496142,6.88201938883058e-06
2701,2701,CCDC105,-0.015419269530084491,7.089842590712332,-0.02609644120450547,0.0006810242435402108,0.8378130611474844,0.07501338025661773,0.8982888061062153
2702,2702,CCDC106,-0.1242247323244942,7.719450029678201,-0.14554773114364247,0.021184142041062032,0.25115186195686096,0.10724011805458593,0.3836550205047844
2703,2703,CCDC107,0.31978136103971183,4.780763093770422,0.4918434229582131,0.2419099527072517,3.667061803944109e-05,0.07189369933304719,0.00017901112698229046
2704,2704,CCDC108,0.5530570109479999,4.705487738696276,0.3003997834694032,0.09024002990846433,0.015872937228734542,0.2230169406972909,0.0391343101479463
2705,2705,CCDC109B,-0.18286442809422745,8.19640160965594,-0.4694759617888356,0.22040767869755215,9.096161933492252e-05,0.043677100837178816,0.00039938642877083275
2706,2706,CCDC11,-0.0027040654382345,7.025166829049383,-0.0015943865570883565,2.5420684934240625e-06,0.9900237487381498,0.215390813508327,0.9941094444461019
2707,2707,CCDC110,0.22395161587590376,6.256148850363696,0.2912979953842343,0.08485452211487338,0.01952525025830338,0.09340409753031746,0.04693819875039517
2708,2708,CCDC112,0.1749229623787136,6.076854176743027,0.1906167052187564,0.036334728308454266,0.13136276555324042,0.11440713879698305,0.23102904962685136
2709,2709,CCDC113,-0.13917473089144844,7.687846680888425,-0.6656781807155976,0.4431274402808278,1.954350023937221e-09,0.019814272549957795,3.686537436268338e-08
2710,2710,CCDC114,0.16108918802940714,6.391187199449959,0.2502532405866268,0.06262668442410811,0.04610549998042339,0.07914930957619785,0.09788378451726162
2711,2711,CCDC115,0.06621954888213595,6.441209212291447,0.08284489998212673,0.006863277453048581,0.5151646769280129,0.10116472737588242,0.6487869193879686
2712,2712,CCDC116,0.12528269310610446,6.372526990072273,0.1619136000836949,0.026216013892062687,0.20116738523873254,0.09697130063350004,0.3238869685758181
2713,2713,CCDC117,0.020300350198910216,6.884402475855652,0.028409782196498645,0.0008071157244524912,0.8236571328152644,0.09071193837565754,0.8891473185999278
2714,2714,CCDC12,-0.4419078252111626,10.903248386892257,-0.4930402014258697,0.2430886402220621,3.486788258676552e-05,0.0990321087251949,0.00017133287892362318
2715,2715,CCDC120,-0.4115276562252049,8.7347653322105,-0.2860960529499778,0.08185095151355651,0.021917744094976672,0.17504427449753507,0.051815365543310024
2716,2716,CCDC121,0.23563444292080546,6.211905115345309,0.22165881205205148,0.04913262896032669,0.07835866806048603,0.1316491011717572,0.15223909535706304
2717,2717,CCDC122,-0.032711105543444835,7.124287460507347,-0.04621268672399177,0.002135612414249805,0.7168971329899734,0.08979950049906693,0.8133071780646414
2718,2718,CCDC124,-0.5344350302766716,9.75770485320415,-0.5794742534466201,0.3357904104075176,5.246571262507455e-07,0.0954591357637753,4.183155400942524e-06
2719,2719,CCDC125,-0.11116611936445876,7.634104996172794,-0.22211008519526168,0.0493328899454464,0.0777377250732509,0.06197585921949341,0.151399445675083
2720,2720,CCDC126,0.13281615999997273,6.150540840329817,0.24727828440704466,0.061146549939291264,0.0488444555567488,0.06609490751871908,0.10259230699140595
2721,2721,CCDC127,-0.3677266309572896,9.376951814924775,-0.4120198226390875,0.1697603342475451,0.0007175098800099,0.10327920030702722,0.002519487019882339
2722,2722,CCDC129,0.2247785769249964,6.15657655170316,0.17467603685970606,0.030511717853013383,0.16743090958335632,0.1609151835258209,0.2802377760880802
2723,2723,CCDC13,0.16431119008977646,6.156671609360843,0.17071004733764347,0.02914192026202048,0.17743737952267444,0.12044536396605734,0.29311089643310706
2724,2724,CCDC13-AS1,0.22871836746995214,6.1406974103712155,0.2195942788353901,0.048221647297235055,0.08124980621569891,0.1290482406637327,0.15684298035308966
2725,2725,CCDC130,0.12942840761969532,6.118069823909754,0.14353068976552166,0.020601058904566424,0.25785108118954364,0.1133362415189132,0.39178818152957956
2726,2726,CCDC132,-0.1918615573865727,7.958490702409719,-0.17176745671833865,0.029504059187486338,0.17472796807905655,0.1397488031011596,0.28964769644150706
2727,2727,CCDC134,-0.24562154453222926,8.378977006713919,-0.2894204913495549,0.0837642208130178,0.020361737723194853,0.1031679878447336,0.048673521403663156
2728,2728,CCDC135,0.11075698002393468,6.5022648783465264,0.16525855347865062,0.027310389497856028,0.1918910726296247,0.08394569948287746,0.3119670553899792
2729,2729,CCDC136,0.13108770899498642,6.4635001331148425,0.1082471823455816,0.011717452485757594,0.3945386097622165,0.1528938761978632,0.5368690206359682
2730,2730,CCDC137,-0.31597307190422985,9.014231794543356,-0.6157107153652562,0.3790996850155956,6.134739395866128e-08,0.05135567667517107,6.573368709425088e-07
2731,2731,CCDC138,-0.4233443849411087,8.655258268869327,-0.5303010469576082,0.2812192004043353,6.577168920960103e-06,0.08595550739953609,3.8968151295045425e-05
2732,2732,CCDC14,-0.12266977647597373,7.6159800071304735,-0.10837800797245953,0.0117457926120785,0.39396406397909867,0.14290087923332773,0.5363905567725484
2733,2733,CCDC140,-0.002799602208581568,7.0269430641226025,-0.004956589580501638,2.4567780269537404e-05,0.9689929058831824,0.07173187586008295,0.981686146287734
2734,2734,CCDC141,-0.3423793105327366,8.00477518282731,-0.11718098703060605,0.013731383721467065,0.3564483294025097,0.3685124148102021,0.49918441267615254
2735,2735,CCDC142,0.1521245780469255,6.426870438256552,0.1629448819025479,0.026551034538235287,0.19827401621298554,0.11698209964392735,0.32032406901612964
2736,2736,CCDC144A,0.24220846008117702,6.293454446405847,0.09705863858234164,0.00942037932345762,0.4454816006140745,0.3154307023379349,0.5856158575288931
2737,2737,CCDC144CP,0.10960962526625803,6.680242262984819,0.06067049471321101,0.003680908928745765,0.6339055877457639,0.2290205947075756,0.7472746580447754
2738,2738,CCDC146,-0.08862681307451524,7.467967610752926,-0.17213540525490914,0.0296305977422718,0.17379227217172138,0.06441212524004235,0.2883002645839303
2739,2739,CCDC147,0.10042591952461928,6.63124802384431,0.0930689190363511,0.008661823690594877,0.4644941573737565,0.13644455774159805,0.6027457441232441
2740,2740,CCDC148,-0.7468888747347071,9.533226417100154,-0.5197117737176986,0.27010032774079634,1.0780235178084874e-05,0.155929818886633,6.024412716940076e-05
2741,2741,CCDC148-AS1,0.13850755647880747,6.565246813098932,0.1067955112335132,0.011405281219627444,0.400947023950376,0.1637697804558054,0.5431659558114103
2742,2742,CCDC149,-0.6245900529468524,10.482113695508994,-0.5713535099925734,0.3264448333808337,8.196114497071139e-07,0.1139412304079408,6.221060618088872e-06
2743,2743,CCDC15,-0.33231461021487696,8.473410901717303,-0.5056800825263061,0.2557123458638118,2.0236738570940528e-05,0.07200259520993227,0.00010501475527287733
2744,2744,CCDC150,-0.3847143433249133,8.455569623934466,-0.24697123373926216,0.06099479029469326,0.04913457887613888,0.19170355354480711,0.10314165428099917
2745,2745,CCDC151,0.1265912107783544,6.30643742216146,0.1332435384205511,0.017753840530828874,0.2938890341608987,0.11958362694235325,0.4325540022262122
2746,2746,CCDC152,0.2395088806735709,5.719566247002747,0.2808304655490355,0.07886575038048803,0.024588424328096527,0.10395443485307056,0.05725401385214304
2747,2747,CCDC153,-0.03382412158919222,7.158315207179617,-0.036239866574854035,0.0013133279293632233,0.7761818266064558,0.11845645158908102,0.8549377700575003
2748,2748,CCDC154,0.20466103515744646,5.7941088226582185,0.2717199739151089,0.07383174422442745,0.029858658032724483,0.09205824754038468,0.06762071111677982
2749,2749,CCDC155,0.043572489125562115,6.852631305840032,0.059053662319280935,0.003487335033319661,0.6429895489653727,0.093542958310622,0.754439677223946
2750,2750,CCDC157,-0.014364188437360396,7.077440155897484,-0.009931557947719162,9.863584326890366e-05,0.9379168188780621,0.18367347749261848,0.9635004133208935
2751,2751,CCDC158,0.4181728295004509,5.642031725083106,0.22400748982851984,0.050179355499274415,0.07516958995258732,0.23105652081995026,0.1470192802044146
2752,2752,CCDC159,0.14625613209171925,6.116549578100141,0.21864777219683487,0.047806848286639,0.08260320863893786,0.08289640738416527,0.15883257708011006
2753,2753,CCDC160,0.032500102264102576,6.919352269814621,0.019311034026029825,0.00037291603515448153,0.8796148263105796,0.21369893652901426,0.9260116219618669
2754,2754,CCDC163P,0.03942566902904561,6.7971309863736025,0.03089485976432712,0.0009544923598574387,0.8085125399933717,0.16199053301471528,0.878095142863557
2755,2755,CCDC167,-0.3694045255305432,9.619764551416916,-0.6282054363477771,0.39464207025690107,2.7441313962737977e-08,0.058104637271935614,3.2958494390631774e-07
2756,2756,CCDC168,0.3481917896659129,5.895390748894025,0.145748131111883,0.02124251772260664,0.25049280344571456,0.3001630533203354,0.38286431808420024
2757,2757,CCDC169,0.392355971878128,5.703937848622666,0.1968688367558599,0.03875733888560541,0.11894624744049817,0.2481555346733905,0.21343892843254791
2758,2758,CCDC17,0.4209930583602777,5.429009122862236,0.4648398351079005,0.21607607230314008,0.0001089608966408074,0.10183866840043533,0.00046974879887650496
2759,2759,CCDC170,-0.07060989494068558,7.318593953363639,-0.14610336549202,0.02134619340809478,0.24932743559629966,0.06071892100221055,0.38156788818642184
2760,2760,CCDC171,-0.9389925153025998,9.984043037200404,-0.3104457918809686,0.09637658969660168,0.012537676481815056,0.3651524722107153,0.031840434409957194
2761,2761,CCDC172,-0.12499899123630348,7.472809709653148,-0.13478284078897548,0.018166414171146315,0.2882967350829233,0.1167064878882644,0.42687629389543275
2762,2762,CCDC173,0.13251533265417026,6.591919186360494,0.11536225994244595,0.013308451019028469,0.3640133852508452,0.14490962592138018,0.5068940812556784
2763,2763,CCDC174,-0.2728371445365834,8.654090717767076,-0.3111585473597896,0.09681964159505442,0.012325957337758695,0.10583106285500256,0.031387418408885766
2764,2764,CCDC176,0.4210362105810525,4.621180582025771,0.4964075731135898,0.24642047864452396,3.0226384761169518e-05,0.0935082112022857,0.00015071433617387195
2765,2765,CCDC177,0.18037932381219865,6.339337291843988,0.1583183333929019,0.02506469468830604,0.21148894562485426,0.1428721562616108,0.33641457617198334
2766,2766,CCDC178,-0.14277980137529075,7.644146233053367,-0.15988189041723433,0.025562218883388527,0.2069551997683262,0.11195634484394014,0.3310885675962695
2767,2767,CCDC18,-0.4123134879486279,8.589842028466544,-0.4223469510263576,0.17837694704126048,0.0005082553679647956,0.11238248786454086,0.0018485505531201961
2768,2768,CCDC181,0.6129669191170252,5.027953863831309,0.2627807307301614,0.06905371244307759,0.03591973719714639,0.2858314341813138,0.07908184123631823
2769,2769,CCDC182,0.2737381839589629,5.533351574700248,0.2524290638392045,0.06372043227073718,0.044183227084421114,0.13326096482369826,0.09445401480774017
2770,2770,CCDC184,0.1866049246236636,6.229058313650046,0.14803386298907348,0.021914024591467775,0.24305898826386466,0.15832689677488496,0.37462223422448326
2771,2771,CCDC185,0.08645396886338316,6.665929305410306,0.09923913582073586,0.00984840607844646,0.43527643156167817,0.11009230440486388,0.5760151017763468
2772,2772,CCDC186,-0.13286228321578794,7.903182542914712,-0.24961931411259686,0.062309801978043276,0.04667830397157365,0.06545719175613167,0.09882857572393698
2773,2773,CCDC19,-0.09622952382820556,7.538869640205432,-0.09282215402961004,0.008615952278696649,0.4656843709558509,0.1310936974689592,0.6039864312293708
2774,2774,CCDC22,-0.40105588513110496,9.536859983080053,-0.656683051928703,0.4312326306903957,3.811263949431075e-09,0.058495246742711775,6.473170260778818e-08
2775,2775,CCDC23,-0.29335019967275505,9.152317641724972,-0.3134933352838438,0.09827807126738852,0.011653913732441776,0.11284921611528093,0.02989758344698811
2776,2776,CCDC24,-0.14225769135981456,7.936574968529521,-0.2681986924193109,0.07193053861542817,0.03213503003365708,0.0648953376854301,0.07203023241681442
2777,2777,CCDC25,-0.1569374251521718,8.254071996124525,-0.19975898086536312,0.03990365043636851,0.11351917347990885,0.09776463287301893,0.20580639526744393
2778,2778,CCDC26,-0.3856902385050615,8.214388760405255,-0.22106489311795013,0.04886968696925072,0.07918188371076113,0.21609416271306625,0.15360420064109398
2779,2779,CCDC27,0.11641749657123003,6.438281402906183,0.14893679606326554,0.022182169221590758,0.2401645237141227,0.09816335213180763,0.3710854627919606
2780,2780,CCDC28A,0.0905086706807352,6.237583284194508,0.14187743926173882,0.020129207771468392,0.263431415101694,0.08019834507973937,0.39844990528931923
2781,2781,CCDC28B,-0.13732558173392456,7.680421822123918,-0.11275170864272015,0.012712947801852859,0.3750417492948709,0.1536930366853102,0.5179546607768131
2782,2782,CCDC3,0.04550349516901393,6.7229927864115595,0.06315455221659698,0.003988497465678873,0.6200538698348,0.09132221329181826,0.736022943116406
2783,2783,CCDC30,0.1425158973075848,6.4754460884890745,0.09756460604889762,0.009518852353476591,0.4431017912913596,0.18462830321901424,0.5835179573348572
2784,2784,CCDC33,0.2428406194338233,5.704538079693422,0.17941917358162435,0.03219123984871305,0.15601436201054272,0.1691030379109911,0.2649796870069257
2785,2785,CCDC34,-0.4556908809912175,9.565422440866305,-0.7263205483502078,0.5275415389557465,1.1021805901054091e-11,0.05476813819039863,5.92251133467311e-10
2786,2786,CCDC36,0.14711485326363033,6.422929149769546,0.11583395707181213,0.013417505610914414,0.3620420025771048,0.16021068894612892,0.50479811768767
2787,2787,CCDC37,0.004786882639215409,6.995046593220387,0.00327265179302584,1.0710249758395247e-05,0.9795243318745952,0.1857611154464771,0.9881324162723654
2788,2788,CCDC37-AS1,0.1300925880459977,6.482753900185272,0.08336022119839477,0.006948926478245305,0.5125454512593266,0.1975075232979895,0.6465034801386719
2789,2789,CCDC38,0.18149088861619064,6.342428400133008,0.14695977082432096,0.021597174240736938,0.24653316315180065,0.15513842047832593,0.37860262733509986
2790,2790,CCDC40,0.2093614167243044,6.032382394286108,0.1842217647470379,0.03393765860651298,0.14505237199977453,0.1418608121668585,0.25014805412559665
2791,2791,CCDC42,-0.05741309686811062,7.237397893404861,-0.05952833031755705,0.003543622110396183,0.6403172071809289,0.1222701859981113,0.7524048576430091
2792,2792,CCDC42B,-0.4622422163947028,9.587232221392416,-0.4744385843620633,0.22509197033147865,7.475989238396877e-05,0.10892281113939106,0.00033643505186509636
2793,2793,CCDC43,-0.1672653460146222,8.16600772674985,-0.3372465616789401,0.11373524336426714,0.006427612280277585,0.05929858600958458,0.017701887820095526
2794,2794,CCDC47,0.2315160216214853,4.761416117610652,0.34087378737776186,0.1161949389212596,0.005845609208168807,0.08109047460675219,0.01628543257466815
2795,2795,CCDC50,0.2421836881366977,5.598475314386445,0.4431090514104384,0.1963456314418585,0.00024559820908690537,0.06222617088746265,0.000963483553945097
2796,2796,CCDC51,-0.3057842150565114,9.470793737557775,-0.6028301541436338,0.3634041947448373,1.3563984235101432e-07,0.05139917359494205,1.2996817637660242e-06
2797,2797,CCDC53,-0.2664493248209247,9.384926535449226,-0.4845274810233274,0.2347668798668109,4.970386306970813e-05,0.0610938148699882,0.00023439397969828607
2798,2798,CCDC54,0.030847921438247036,6.916018578631962,0.026112388280447325,0.0006818568217088428,0.8377152959109476,0.14998069187404556,0.8982888061062153
2799,2799,CCDC57,-0.3490688872965707,8.747556729686698,-0.2397371770128279,0.057473914042079965,0.05638814338546935,0.17952568779177386,0.11581372508374763
2800,2800,CCDC58,-0.07323755536429477,7.498941085974143,-0.2431792249643168,0.059136135454245814,0.052835221393532174,0.037100086236874066,0.10963460322699686
2801,2801,CCDC59,-0.3694270947143933,9.993326269267037,-0.6973386056537463,0.4862811309351111,1.5351016461075518e-10,0.04822274737680583,4.748946592351291e-09
2802,2802,CCDC6,-0.17538865149919866,8.50930223555497,-0.2991779845093549,0.0895074664150798,0.01632630176939301,0.07104184085687291,0.04010732442611521
2803,2803,CCDC60,-0.18799800979749168,8.332505762004057,-0.2267833000230245,0.05143066516933314,0.07153477203090107,0.1025370637265124,0.14110816982411756
2804,2804,CCDC61,-0.2212067717051972,8.066840426282798,-0.19267949383221214,0.03712538734343749,0.12716227528791652,0.14307110923902136,0.22523303380989956
2805,2805,CCDC62,-0.19779299580514292,7.8889870452890305,-0.16761790186635664,0.02809576102607957,0.1855353207157106,0.14774282593383384,0.30353073465489655
2806,2806,CCDC63,0.0601568060496375,6.727878703510775,0.08631086431991243,0.0074495652996503315,0.4976796789478398,0.08818602180351318,0.6335318293991233
2807,2807,CCDC64,-0.4434471635783252,9.41273944275748,-0.4457946335126371,0.1987328552686664,0.000222779233358458,0.11308366310836435,0.0008847027871588865
2808,2808,CCDC64B,0.34906689544346325,4.527555487767948,0.6320295635848727,0.3994613692452847,2.129836676777456e-08,0.05435580103418542,2.6783747523586415e-07
2809,2809,CCDC65,0.3125970726390017,6.021161039360048,0.1866292110307269,0.0348304624099516,0.13977885106350282,0.20898313749834696,0.24275491376855832
2810,2810,CCDC66,-0.3717717098254907,8.601641632330857,-0.3560740935400726,0.12678876009038434,0.003880135403429087,0.12390812218192868,0.011316408371886449
2811,2811,CCDC67,-0.15127245990807708,7.447907771648469,-0.04568695501891348,0.002087297858900223,0.7199846596652177,0.4200665364995982,0.8156561760423903
2812,2812,CCDC68,0.1824552747372648,5.744238627352897,0.7476027894149644,0.5589099307410356,1.2748620847809748e-12,0.020585115373185296,1.2055518972022712e-10
2813,2813,CCDC69,0.19164726287469444,6.125276423467502,0.4505578757549324,0.20300239940479708,0.00018702231474160196,0.048226383753503736,0.0007564378456722807
2814,2814,CCDC7,0.06762897233817068,6.7412772826163065,0.04517940575958232,0.00204117870478898,0.7229696379197521,0.18991214528371508,0.817859890903341
2815,2815,CCDC70,0.09904506920650603,6.61156369684454,0.1297247566354883,0.01682851248413666,0.3069376399970436,0.09614546142459512,0.4469283270135493
2816,2816,CCDC71,0.38399119468237386,4.657261473809788,0.4054505149389256,0.16439012006423998,0.0008884501568968713,0.10994850986132963,0.003057268099094509
2817,2817,CCDC71L,0.2897639743722576,5.307989707115731,0.2080801820393377,0.043297362157523916,0.09895377663029993,0.1729841498706203,0.18434109792333894
2818,2818,CCDC77,-0.2574447300356432,8.2820127955688,-0.5751688283324302,0.33081918108530056,6.656366326116908e-07,0.04650124303629343,5.146148261051825e-06
2819,2819,CCDC78,0.052787187481450906,6.807499108583128,0.052328861294958486,0.002738309724427005,0.6813207059271981,0.12793694091746607,0.7851953983612334
2820,2820,CCDC79,-0.01637826500745201,7.0760265936448326,-0.017003981745919224,0.0002891353952155542,0.8939083830416554,0.1223090590475496,0.9346384636900598
2821,2821,CCDC8,0.5073225137404515,4.479437887191819,0.5282374861137268,0.2790348417357497,7.251442318326043e-06,0.10356576371866627,4.241760761840909e-05
2822,2822,CCDC80,0.28720979325990104,5.601754255736066,0.6408560295573029,0.4106964506199509,1.1708053734667532e-08,0.04369305920699107,1.6484909208337153e-07
2823,2823,CCDC81,-0.01676838252652414,7.07162004226064,-0.013744773605139964,0.00018891880145655224,0.9141574727549816,0.15492328958215593,0.948021694261847
2824,2824,CCDC82,0.017401321080879998,6.925087310712246,0.014422488959673924,0.0002080081877919163,0.9099419919254752,0.15321489484524098,0.9457998384921842
2825,2825,CCDC83,0.13310793616804545,6.613701386912473,0.08061561155099617,0.006498876825741105,0.5265730918362435,0.20901292036822045,0.6589390525116354
2826,2826,CCDC84,0.010552240315538296,6.944663264393929,0.021424447600752003,0.00045900695499736827,0.8665543659271387,0.0625373537761977,0.9174359437837191
2827,2827,CCDC85A,0.07795225613646355,6.651405785263108,0.1131464375894855,0.01280211633919134,0.37336140176438704,0.08693488172659629,0.5162595718796885
2828,2828,CCDC85B,-0.3513062411730889,8.838975404913247,-0.4580914982135213,0.20984782073550853,0.00014106528303334674,0.086575131529554,0.0005897236880477072
2829,2829,CCDC85C,0.2493188052638311,5.242130631177226,0.2517363808253664,0.06337120543105389,0.04478789736891742,0.12172981465079405,0.0955360438853336
2830,2830,CCDC86,-0.2443883676150069,8.72302865635338,-0.7155612394910048,0.5120278874619031,3.043279099605948e-11,0.030299494258040436,1.2747042340805957e-09
2831,2831,CCDC87,-0.03391124019571567,7.1792148590958025,-0.04050178477500006,0.0016403945699604268,0.7506680298653653,0.10624712011944752,0.837923514780128
2832,2832,CCDC88A,0.7639935788930626,4.168415069600517,0.5526478030583523,0.3054195942252233,2.1910606814329965e-06,0.14632100642707832,1.4549959845578516e-05
2833,2833,CCDC88B,-0.3742590980793525,9.6700480968076,-0.5270628278864282,0.2777952245396387,7.663512543107753e-06,0.07663802636451073,4.445576322555542e-05
2834,2834,CCDC88C,-0.18143219233862,7.986532506020103,-0.1909321152849628,0.036455072647190334,0.1307137822789,0.1184610299691988,0.2301680724710993
2835,2835,CCDC89,0.17545558701849615,6.517807851461753,0.09925002295878667,0.00985056705731968,0.4352258100587377,0.22340408645974494,0.5760151017763468
2836,2836,CCDC9,-0.06426292597946433,7.4406553417969645,-0.06389843822776094,0.0040830104079469815,0.6159309491869657,0.12746354065120433,0.7328302409502545
2837,2837,CCDC90B,-0.2148624527037085,8.333958250594472,-0.17853547035062842,0.03187491417332012,0.15809650322623447,0.1503854809295843,0.2678438254861608
2838,2838,CCDC91,0.04045073497154745,6.804068048217907,0.04800407408545596,0.002304391128801945,0.7064107540842965,0.1068935511737807,0.8047411689039634
2839,2839,CCDC92,-0.1375030496018403,8.084242911025841,-0.21473268349140287,0.04611012535941901,0.08839170508327704,0.07942687090529156,0.1682005600683976
2840,2840,CCDC93,0.12962164300543427,6.232956115549741,0.12097332704004743,0.014634545855138266,0.3409877233593136,0.1350798962873762,0.483346805612747
2841,2841,CCDC94,-0.3792276024412284,9.693856482997273,-0.374768775493618,0.14045163508498587,0.002280091376464577,0.11914500919772912,0.007053625536762916
2842,2842,CCDC96,0.23293843123931876,6.105962694684128,0.2106990789624722,0.044394101875634084,0.0946842617953154,0.13725307250465166,0.17781525359271141
2843,2843,CCDC97,-0.21317868274093096,8.36455646967898,-0.14667730549422864,0.021514231947047283,0.24745241269088386,0.1825838090132546,0.3796912064636215
2844,2844,CCER1,0.14378689447584098,6.4828727776551345,0.11544029566623193,0.013326461863507043,0.3636867962023505,0.1571277056892396,0.5065370190225046
2845,2845,CCHCR1,-0.5795547245316129,10.565256559138062,-0.5928609415894943,0.3514840960623818,2.4481103561228515e-07,0.09997837689062616,2.1506624649833813e-06
2846,2846,CCIN,0.06118826073379755,6.701754540216823,0.06417318336625198,0.0041181974633586,0.6144111749938488,0.1208433006484643,0.7317717519795289
2847,2847,CCK,-0.08036653588621875,7.350145251505303,-0.10069789095348776,0.01014006524248051,0.4285233044456387,0.10084303379288473,0.5695662325810809
2848,2848,CCKAR,0.12545051062267573,6.411122275953442,0.14198158351701642,0.02015877005799951,0.2630775090505504,0.11107656169980584,0.39803880480839254
2849,2849,CCKBR,0.1147099385904217,6.557952727684323,0.10406698017769556,0.01082993636330488,0.4131558717772208,0.13922836795259075,0.5545364077932141
2850,2850,CCL1,0.15669312243962255,6.3718614440142725,0.16791948991258154,0.028196955092501582,0.1847339650957373,0.1168267005856742,0.3024887723363472
2851,2851,CCL11,0.0782826095204434,6.470236854622983,0.3876689014097513,0.15028717712024348,0.0015509084102293346,0.02363984213672981,0.005002222464032803
2852,2852,CCL13,0.2393645537238753,5.843670484025132,0.5855571958078799,0.3428772295623878,3.726402429412762e-07,0.04208408892101033,3.0917718240970637e-06
2853,2853,CCL16,0.3189763947262466,5.896828433829937,0.3130659014102765,0.09801025862582892,0.011774519796692716,0.12289316573387875,0.03016054248845289
2854,2854,CCL17,0.04992935331309055,6.773129789601376,0.0528550322278537,0.002793654431807453,0.6782908300000319,0.11980260764203447,0.7828379216357026
2855,2855,CCL18,0.06531135721901628,6.547559939104342,0.419584743896233,0.17605135731046745,0.0005579593663642903,0.017944164691170116,0.002012426728617373
2856,2856,CCL19,0.06849188961956497,6.590943001835088,0.6035627774277986,0.3642880262963584,1.2977625584711962e-07,0.011490820770219005,1.250135596249722e-06
2857,2857,CCL2,0.17202896347570526,5.803710274808632,0.6334430340252746,0.4012500773551452,1.9376914419887928e-08,0.02668829923792437,2.487297461545187e-07
2858,2858,CCL20,-0.09705667166871823,7.949766206103388,-0.6877251861550174,0.4729659316719534,3.4380342016319635e-10,0.013011697695373395,9.11268428841373e-09
2859,2859,CCL21,0.08974627238674003,6.465487995860287,0.5882131081930064,0.3459946606500775,3.202281122170134e-07,0.015670271570630206,2.7123013137040104e-06
2860,2860,CCL22,0.09603358381740276,6.452119980414058,0.13306040288732587,0.01770507081653748,0.2945590593843176,0.09084466098575134,0.4332456993117841
2861,2861,CCL23,0.12206738581038748,6.515238348003455,0.551099918135645,0.3037111197691146,2.370499166023459e-06,0.02347297749288769,1.560752795385771e-05
2862,2862,CCL24,-0.10578481277119188,7.7407238985799,-0.5845147792700753,0.3416575271851449,3.9533707661905977e-07,0.018649101710131216,3.2588596856436006e-06
2863,2863,CCL25,0.12507172852265086,6.446123687923067,0.13609608763688566,0.018522145070066852,0.2835813941982215,0.115626643566796,0.42121922569191894
2864,2864,CCL26,-0.10068421723933116,7.494559781671133,-0.3369922009361107,0.113563743491764,0.006470270285651116,0.035724771423860664,0.0178125734853515
2865,2865,CCL27,0.042666145746426576,6.859539312066581,0.04840754623919771,0.002343290532900065,0.7040563198275815,0.1118059877298377,0.8026078967080584
2866,2866,CCL28,0.19166006745114808,5.5088051016578365,0.6354405373636602,0.4037846765250173,1.6939505258307722e-08,0.02957756667065348,2.2285843643296096e-07
2867,2867,CCL4,-0.09479216782280292,7.621149253731184,-0.2491827320527385,0.06209203395326686,0.047076178438136884,0.04678846309245162,0.09952503994621438
2868,2868,CCL5,0.10786875535659347,6.241961589136858,0.5967276963684168,0.3560839436131575,1.9516212190537157e-07,0.018422062638547797,1.768299476929214e-06
2869,2869,CCL7,0.3308815299797445,5.865165026160583,0.3155617346303442,0.09957920836291176,0.01108527307478563,0.1263615961686627,0.02860140455552041
2870,2870,CCL8,0.08823378780594891,6.560159730389762,0.5552306108735049,0.3082810312509654,1.919681217789409e-06,0.016785354581232544,1.2958446624448144e-05
2871,2871,CCM2,0.2696759131129564,5.051903755053507,0.3305247998781339,0.10924664333448043,0.007641659993120066,0.09779597841451194,0.02066693482590421
2872,2872,CCM2L,0.3907297464255923,4.97199418399555,0.3314819354947451,0.10988027355934234,0.007457388691584374,0.1412358596488643,0.020229206077447028
2873,2873,CCNA1,0.14222709109643542,6.548610047879912,0.1256988950387439,0.015800212213961155,0.32231870937424945,0.1425596618225244,0.4635625263862577
2874,2874,CCNA2,-0.12622579621920507,7.948373276086223,-0.6214062197812203,0.3861456899827863,4.270081800694154e-08,0.020212002019829173,4.828648636764068e-07
2875,2875,CCNB1,-0.12613205264335975,7.978190147842191,-0.6424468679952521,0.4127379781969087,1.0489642224882944e-08,0.01910769764039273,1.5063209706885952e-07
2876,2876,CCNB1IP1,-0.2874128810260973,9.646083037415083,-0.73300360838074,0.5372942898991852,5.7236412678854704e-12,0.03387323696284342,3.5719150333158463e-10
2877,2877,CCNB2,-0.4716334389845303,9.7864087689586,-0.5732979516041834,0.3286705413135526,7.373842771228809e-07,0.08560442349097631,5.652409387998579e-06
2878,2878,CCNB3,-0.0013641634741071778,7.0213859402063825,-0.0011097418039953824,1.2315268715349258e-06,0.9930561330230548,0.15611633909482026,0.9958613763366793
2879,2879,CCNC,-0.5821907563972721,10.905227317507029,-0.4792493006708772,0.2296798921935249,6.163508681568145e-05,0.13540777142275556,0.00028355806352104985
2880,2880,CCND1,-0.21867882994782145,8.591183081276718,-0.7076968452188962,0.5008348247327783,6.211441578924204e-11,0.02772590791751988,2.241812789860061e-09
2881,2881,CCND2,-0.11872279702498904,7.929010678491259,-0.4003035592683318,0.1602429395628948,0.0010472273149519915,0.034516412881833845,0.0035400729792827625
2882,2882,CCND3,0.4890914053111198,3.9210695473158057,0.5008899137018734,0.2508907056482702,2.4933693732596688e-05,0.1073308311899215,0.00012695488779200124
2883,2883,CCNDBP1,0.3931693340317838,3.3487424780245014,0.527206928121861,0.2779471450596891,7.611812548738158e-06,0.08047985367784212,4.419136749140076e-05
2884,2884,CCNE1,-0.4308404914337102,9.2881900844492,-0.5586801038429579,0.3121234584299782,1.606122295842878e-06,0.08122930028277793,1.1073090836191507e-05
2885,2885,CCNE2,-0.12257597991763985,7.709158694954961,-0.5109301585103571,0.2610496268754186,1.6040388319519893e-05,0.02619121388039939,8.557640035949822e-05
2886,2886,CCNF,-0.2970642445606469,8.660857806043872,-0.6019820372002778,0.3623823731117966,1.4273968916058085e-07,0.05004390169562417,1.3539325312187378e-06
2887,2887,CCNG1,0.2338949601132977,4.369657584123546,0.33218023993935153,0.11034371180616516,0.007325412473123497,0.08434558428410653,0.019906112072466977
2888,2888,CCNG2,0.3213520199846673,4.718511131303544,0.4643518997916005,0.2156226868400686,0.00011103455727086091,0.07783957834168942,0.00047679027120771226
2889,2889,CCNH,-0.3082374583672169,9.662086068426076,-0.506206232055095,0.2562447493714167,1.977428665607568e-05,0.06669251651108057,0.00010298513168285687
2890,2890,CCNI,-0.30933389112342524,9.85965455838184,-0.36578221601698296,0.13379662955429486,0.00295550057751308,0.09995833369568614,0.008902679789406837
2891,2891,CCNJ,-0.20104696291268115,8.078214067235175,-0.2628720563396532,0.06910171800423781,0.035852998113790016,0.09371483914203904,0.0789904033120483
2892,2892,CCNJL,0.20509786694282955,5.730820177420014,0.4047455500239249,0.1638189602641695,0.0009088262037411592,0.0588482258323267,0.0031204036532620594
2893,2893,CCNK,0.023236937744013867,6.861927798954897,0.014980498774643197,0.00022441534353708628,0.9064729462242712,0.19697360782191972,0.9434167179548514
2894,2894,CCNL1,-0.07966337439037811,7.472683403828329,-0.12141857580857085,0.014742470551381663,0.33920043515650505,0.08270896770032082,0.4816014570754076
2895,2895,CCNL2,-0.07240661751335911,7.509015777655264,-0.1364648273701183,0.018622649109156196,0.2822666137059736,0.0667543698019873,0.42015971403649016
2896,2896,CCNO,-0.22977531042342306,8.145798728774608,-0.7331821171940118,0.5375560169730937,5.622829774030771e-12,0.027066071180313653,3.529344311786561e-10
2897,2897,CCNT1,-0.2663887723618573,8.979955392560182,-0.3281648842247972,0.10769219123827456,0.008113103944068759,0.09738348484381087,0.021784161922976934
2898,2898,CCNT2,0.10072033458908093,6.446083006302655,0.13773735945504945,0.0189715801896495,0.2777602772988256,0.09198359021728672,0.41500554272748613
2899,2899,CCNT2-AS1,-0.03555707613418236,7.14946390797555,-0.025836302948917145,0.0006675145500682247,0.8394082101656781,0.17472491233156168,0.8992138952573298
2900,2900,CCNY,-0.44651137215531017,10.02757491652039,-0.2913992913089227,0.08491354697534241,0.019480964832347625,0.1861569485422133,0.046842137846378834
2901,2901,CCNYL1,0.21875284344161847,5.4181163650073145,0.6859877153461228,0.4705791456057932,3.964372954855689e-10,0.029467415441645488,1.0248952161434116e-08
2902,2902,CCNYL2,0.10915464821201186,6.6628752069481925,0.07386257950774115,0.005455680651537383,0.5618824573342619,0.18716903001019924,0.6892632761328635
2903,2903,CCP110,-0.3469121920441734,8.856099701037017,-0.2900085725749586,0.08410497216696503,0.02009650960810939,0.145390400662628,0.04813515270032174
2904,2904,CCPG1,0.18502064474538016,6.100136479764403,0.2622422893034441,0.06877101829911125,0.03631532433160795,0.08646689414273681,0.07984651725058078
2905,2905,CCR1,0.18811422932482527,5.974343636575923,0.3656181176774731,0.13367660797401856,0.0029693358602400372,0.06081883754869919,0.008941867341607287
2906,2906,CCR10,0.18670995490099745,6.155053803306201,0.4818236518481602,0.2321540314802971,5.5519597602063634e-05,0.04312415204505221,0.0002583874674559828
2907,2907,CCR2,0.22737032239220115,6.000044512689373,0.6872559944925536,0.4723208019659488,3.5732078194111964e-10,0.03052139526309734,9.443251741912927e-09
2908,2908,CCR3,0.03719268775293333,6.870547104864269,0.04946798267888432,0.0024470813103184,0.6978814452252333,0.09536861840001996,0.7978788182436211
2909,2909,CCR4,0.014403171153486369,6.959260833223648,0.015136815175914885,0.00022912317366980707,0.9055014647525244,0.12083089975398792,0.942541541012109
2910,2910,CCR5,0.2733988093138437,5.399108074521854,0.5369714642117818,0.2883383533777448,4.776462453800372e-06,0.05454894400722365,2.922643044274564e-05
2911,2911,CCR6,0.22012051259138468,6.150766422467657,0.2861324805022382,0.08187179639836373,0.0219001623267125,0.09361580479213033,0.05178929940045495
2912,2912,CCR7,0.07993218627276384,6.5823275340272405,0.3552341365424411,0.12619129176505367,0.003971061179169668,0.026712795428550973,0.011555137037747807
2913,2913,CCR8,-0.17322659800285647,7.708233121509442,-0.14521259886269094,0.02108669886845679,0.2522566523127186,0.14989479356806432,0.3850438997555453
2914,2914,CCR9,0.04318995615852786,6.858382327835723,0.0339780341929548,0.0011545068076176054,0.7898204425844754,0.16133843005190027,0.8649520422861745
2915,2915,CCRL2,0.08402031443244061,6.366999812143336,0.10552274843052302,0.011135050436331444,0.4066154980763549,0.10055666358105146,0.5486826153317214
2916,2916,CCRN4L,0.031802484840542884,6.89652120014116,0.021875508265129292,0.00047853786185773987,0.8637713787332704,0.18458785327919613,0.915698301584617
2917,2917,CCS,-0.13263694978517704,7.968987427202648,-0.1553884876887799,0.0241455821062061,0.2201720802505885,0.10708838217585462,0.3468519131257452
2918,2918,CCSAP,-0.6213794001075865,9.598878010709614,-0.4852866883060905,0.23550316984709266,4.817522522431231e-05,0.14218391646172338,0.00022812912797561406
2919,2919,CCSER1,-0.2266501636559307,7.779055585184136,-0.17008243486156202,0.028928034648437486,0.17905988275470894,0.16677326679412713,0.2953417443105508
2920,2920,CCSER2,-0.390486663616959,9.193339454438076,-0.5161793143603509,0.26644108457352195,1.266564541535424e-05,0.08228624881962933,6.926125037108487e-05
2921,2921,CCT2,-0.26557382719100153,9.859239020248332,-0.6960741990977227,0.4845192906495362,1.7099054654223397e-10,0.034788852177007216,5.164296074438043e-09
2922,2922,CCT4,-0.43325871918066944,10.743455023992553,-0.6721813245943535,0.4518277331334197,1.18863722291782e-09,0.06060710707105465,2.453251319164565e-08
2923,2923,CCT5,-0.28015633361474096,9.417461256917283,-0.5728378629278679,0.3281432172037669,7.56109366413536e-07,0.05091095428098112,5.78366242659312e-06
2924,2924,CCT6A,-0.2639028518836131,9.418389967130405,-0.7235105077213363,0.5234674547831858,1.4435749868872634e-11,0.031977880785490936,7.28685695595424e-10
2925,2925,CCT6B,-0.20550532629732424,7.999988161531061,-0.4703818678972094,0.22125910164646773,8.778182477191517e-05,0.04896357923632095,0.00038723068149028783
2926,2926,CCT7,-0.3256910178578476,10.230741175293486,-0.6859885339266143,0.4705802686787857,3.9641078219061967e-10,0.043872576676455034,1.0248952161434116e-08
2927,2927,CCT8,-0.6178578752778142,11.203732582016217,-0.7405672858246414,0.5484399048336761,2.661872942905463e-12,0.07120098412456148,2.0734841215330144e-10
2928,2928,CCT8L2,0.0859100042414854,6.630379713984581,0.08630726203530692,0.007448943480031132,0.4976976902210984,0.12594385551552426,0.6335318293991233
2929,2929,CCZ1,0.2149712611381556,5.995094725732278,0.1803587250701755,0.03252926970893915,0.15382296918692356,0.1488902709511469,0.2620254212778086
2930,2930,CCZ1B,0.09589461061057504,6.603674646216067,0.17729599443696245,0.03143386964339142,0.16105139250439995,0.06760270447765497,0.27187152359547717
2931,2931,CD101,0.3356530901597581,5.345891679702036,0.37176834831302025,0.13821170480739114,0.0024884310119401057,0.10644436824025387,0.007632715802204389
2932,2932,CD109,0.4816640438572738,4.983688619124333,0.3863451833371551,0.14926260068782,0.0016146210290217714,0.1460396028537154,0.005182246684966127
2933,2933,CD14,0.1584302162696545,5.653720787967483,0.7104658751749491,0.5047617597881063,4.844639051198227e-11,0.019929941928200298,1.8470186382693242e-09
2934,2934,CD151,-0.09642567762189767,7.868209302912613,-0.14780508095035194,0.021846341954740098,0.24379615995035406,0.08194284397164962,0.3754644650967155
2935,2935,CD160,0.17446591891021254,6.127791243759483,0.535352876523812,0.28660270240231994,5.165245571753002e-06,0.034957498432935566,3.1349045083046875e-05
2936,2936,CD163,0.23034522457853626,5.681709351988528,0.6022065791165087,0.3626527639312078,1.4082661486325585e-07,0.038781618142968426,1.34107315077564e-06
2937,2937,CD163L1,0.14246611827152394,5.910196648914647,0.6190358107566141,0.3832053349990985,4.969461921838969e-08,0.02295462898015752,5.518651175252455e-07
2938,2938,CD164,0.4240977769776896,2.301707679417832,0.5343864378104722,0.2855688649157657,5.411268665509283e-06,0.08519123419622496,3.262869974880034e-05
2939,2939,CD177,0.056253552761092014,6.512831593893282,0.7418719683992414,0.5503740174965649,2.326350007623333e-12,0.006457298302515465,1.8867831241604222e-10
2940,2940,CD180,0.2726684787201151,5.522651381362657,0.5504689700561134,0.3030160869946383,2.447515023979506e-06,0.0525191422745857,1.6075504350705552e-05
2941,2941,CD19,0.12312691682978555,6.3607634096280785,0.3728869697876232,0.13904469223739574,0.002408850755902305,0.03891080862446146,0.007418040830356145
2942,2942,CD1A,0.05863475056208235,6.722058267819705,0.06584439308047513,0.0043354841001361204,0.6052016960205561,0.1128488020490773,0.7238742741696214
2943,2943,CD1B,0.06552963018282146,6.733842170684077,0.08054841344731244,0.006488046908879183,0.5269189226675589,0.1029843968847136,0.6591052027706786
2944,2944,CD1C,0.14506742460806485,6.190560116612664,0.3785699650199184,0.14331521841518224,0.0020385981976345146,0.045044153251184285,0.00638776500792583
2945,2945,CD1D,0.1277095679705647,6.361944544725668,0.5238243633192792,0.2743919636068482,8.915430503641555e-06,0.026375028597857515,5.0792856499962606e-05
2946,2946,CD1E,0.28281057608358945,5.719848799383067,0.3603926526024465,0.1298828640498277,0.0034411555823798423,0.09296355736851117,0.010185651194154658
2947,2947,CD2,0.12629039484171756,6.14361696989901,0.5200858498558667,0.27048929122029913,1.0596677415847861e-05,0.026339969885107457,5.940229082065375e-05
2948,2948,CD200,-0.09192678350688613,7.574512998887907,-0.2413719526807423,0.0582604195409145,0.054677244805352784,0.0469380267174907,0.11284053523872244
2949,2949,CD200R1,0.4751771607966889,4.9662022624451545,0.5319411920171644,0.2829614317646418,6.083469916112447e-06,0.09606547831933844,3.632135126369315e-05
2950,2950,CD207,0.16627916542571486,6.316678130371299,0.22062614939854694,0.04867589779842997,0.07979440997162805,0.09335750917343333,0.15459854593679925
2951,2951,CD209,0.4341082117495199,4.756155348993065,0.594283357001125,0.3531727084085266,2.2530492836895137e-07,0.07461098206281093,2.006158809140478e-06
2952,2952,CD22,0.3070309729510767,5.558543179201155,0.4142438668361351,0.17159798121135364,0.0006667762594250138,0.08567435258314188,0.0023631816526757245
2953,2953,CD226,0.5297146563899495,5.279303285362336,0.4391124281155833,0.1928197245255633,0.00028353422284180864,0.13764349323181954,0.0010977889496941473
2954,2954,CD24,0.2592614449006724,3.838696344747898,0.3712354925718235,0.1378157909450444,0.00252715754857619,0.0823555048107939,0.007736160123610036
2955,2955,CD244,0.4738368778412307,4.937166667710602,0.3685932137127204,0.13586095719507113,0.002727247594356768,0.1517670498194255,0.008286592767755832
2956,2956,CD247,0.13164461124631938,6.239036478045173,0.3694660185145481,0.13650513883699242,0.002659644858803909,0.042049672700902666,0.008102786918598573
2957,2957,CD248,0.4263721817987442,4.4096585824174985,0.4777516715276006,0.22824665964741636,6.54730579327049e-05,0.0995703562195028,0.00029949705735799
2958,2958,CD27,0.1262803612226024,6.106145473888294,0.5815711815019603,0.33822503915358604,4.6665431498815355e-07,0.022433253212097642,3.7847937045200246e-06
2959,2959,CD274,0.07381851612422663,6.647577678222505,0.11802146051506428,0.01392906514210888,0.3529852564554665,0.07887921145108244,0.4955745845835064
2960,2960,CD276,-0.4807044499142147,9.607367783910638,-0.5076321139004301,0.2576903630630192,1.8569896544259115e-05,0.10361574606015196,9.739188899635048e-05
2961,2961,CD28,0.4213484192627304,5.482718772141848,0.36387140099308096,0.13240239646066754,0.0031202146540609296,0.13697987739724096,0.009341662979910056
2962,2962,CD2AP,0.6910771608110736,1.8592125469514256,0.527408759865337,0.2781599999826927,7.539946311447612e-06,0.1413851604264402,4.380937412782346e-05
2963,2963,CD2BP2,-0.5840213365231643,11.446576666022294,-0.4642903923712839,0.2155655684482808,0.00011129851688831347,0.1414886152935207,0.00047773426822922264
2964,2964,CD300A,0.34259624368221125,5.223095195054347,0.4794746658946964,0.2298959552348307,6.107586669478242e-05,0.07963349728854335,0.00028146369297201817
2965,2965,CD300C,0.2584051644881604,5.824171796682463,0.3166814160818497,0.1002871192916056,0.010787603229544382,0.0982957487630586,0.027946590254310753
2966,2966,CD300LB,0.18079731658574144,5.99871201381516,0.2165384750524985,0.046888911178061515,0.08568339837011256,0.10352204027783904,0.1638242973428207
2967,2967,CD300LF,0.2202601142495081,5.816120748654691,0.4763288244941969,0.22688914904402346,6.932257857759802e-05,0.05163617175220058,0.00031398879713404835
2968,2968,CD300LG,0.07434642730883094,6.699619800869629,0.045579390038560895,0.002077480796287264,0.7206169205718871,0.2069398649325512,0.8160309268934902
2969,2969,CD320,-0.2640933519519019,9.147121354849027,-0.5601872825646955,0.313809791547218,1.484787149711938e-06,0.049596455181619585,1.0378652591030347e-05
2970,2970,CD33,0.21643687285687488,5.887111639455009,0.37116542562051896,0.137763773176061,0.0025322896241735285,0.06876714974307369,0.007749679453289677
2971,2971,CD34,0.3516962758790788,5.068242280310379,0.39023069530304,0.152279995556694,0.0014339825428130821,0.10538449359949603,0.004668203843147518
2972,2972,CD36,0.20640250291668705,6.0200619882761375,0.6925048635342453,0.4795629860185838,2.311527739514752e-10,0.0273074014521972,6.580465365551947e-09
2973,2973,CD37,0.19079300632095814,6.138200100902168,0.5383911115806502,0.28986498902904817,4.458138859781814e-06,0.03792618746772989,2.7559519557115384e-05
2974,2974,CD38,0.10972877861210824,6.388919475788287,0.3617058479056712,0.13083112040916053,0.003316713456345727,0.035918753277330816,0.00985097104610708
2975,2975,CD3D,0.14722119982831153,5.836128123672072,0.4772064932056087,0.2277260371575947,6.692410256568739e-05,0.034431334866967714,0.0003051987374852828
2976,2976,CD3E,0.14458216048374414,6.143077017686051,0.3888125607555141,0.1511752074012603,0.0014976905708320755,0.04350985207799656,0.004852257527134738
2977,2977,CD3EAP,-0.24719916717958115,8.60194484809621,-0.6686971559694428,0.4471558864016213,1.5538773074339358e-09,0.03490784406742218,3.050699283089926e-08
2978,2978,CD3G,0.20596266665075533,5.931987713578723,0.5185988196318291,0.2689447357235264,1.1344015431424247e-05,0.04312570837729399,6.30854273671012e-05
2979,2979,CD4,0.4866446417984602,4.54047703448388,0.5553619816029044,0.3084269306099047,1.906757108894223e-06,0.09254628538320796,1.2899351825399687e-05
2980,2980,CD40,0.3081995284685277,5.361834183685504,0.4239931820698664,0.17977021844173088,0.00048058244470396193,0.08360745794915415,0.0017582383578415772
2981,2981,CD40LG,0.3567588025025228,5.074704725714347,0.4054179455026461,0.16436371053558652,0.0008893823543890673,0.1021608576601344,0.003059989654320822
2982,2982,CD44,-0.2434042125022696,8.656265722118992,-0.8246470948606005,0.6800428310620282,5.5262964558910076e-17,0.02120362108852401,6.461530438857753e-14
2983,2983,CD46,-0.2596471596098085,9.693376023296963,-0.5521185574402604,0.3048349014699141,2.250931135481448e-06,0.04979656278694439,1.4888183793173718e-05
2984,2984,CD47,-0.3981697474150434,9.797028960986319,-0.4280678297438304,0.18324206686159286,0.0004178828346386384,0.10675949351508092,0.001554587319034481
2985,2985,CD48,0.2402073813242989,5.5262458314951175,0.6745689993805166,0.4550433349252314,9.871863458655766e-10,0.03338451793025553,2.1144926132264156e-08
2986,2986,CD5,0.06635805249510804,6.6308664588767074,0.07569297293112487,0.005729426151152004,0.5522026037999719,0.1110182857648226,0.6807163711580456
2987,2987,CD52,0.11695480529234492,6.144160366840332,0.5445608972085267,0.2965465707685556,3.2914174900025408e-06,0.022876703737351612,2.0908080300969498e-05
2988,2988,CD53,0.3747513955648744,4.964328597331752,0.5881977256319922,0.34597656443864844,3.205106213706248e-07,0.06543660039441174,2.7133141148478813e-06
2989,2989,CD55,-0.13394433067853068,8.169456489357655,-0.7129252824347574,0.5082624583346786,3.875627986486416e-11,0.016732127226361592,1.5456118609090854e-09
2990,2990,CD58,-0.2504345106369785,8.679976927103018,-0.2944925958880431,0.08672588903287827,0.01816922541183508,0.10321065259646893,0.04407543907950424
2991,2991,CD59,-1.1601234144326745e-05,7.015823673257103,-1.6136198351055286e-05,2.6037689722459933e-10,0.9998990314737476,0.09130764120783584,0.9998990314737476
2992,2992,CD5L,0.11879710029641415,6.395981015910075,0.11319293738539045,0.012812641073932924,0.3731637535633429,0.13243124381388405,0.5160541677097534
2993,2993,CD6,0.26702012064191305,5.775839335738746,0.237988627193935,0.056638586673653776,0.05826597127109723,0.13839837575773514,0.11894321341210506
2994,2994,CD63,0.7002812973588599,-1.6648280317239619,0.5848521562137711,0.3420520446278973,3.878526583029456e-07,0.12334636583234615,3.2059822585618866e-06
2995,2995,CD69,0.10430081008365484,6.543455284911003,0.4979801525113438,0.2479842322952212,2.8261124897986243e-05,0.023067114757783683,0.00014215903824991687
2996,2996,CD7,0.2379364745951313,5.7578660581049785,0.4716320476337936,0.2224367883552449,8.356163741899364e-05,0.0564975639347339,0.0003711089537137628
2997,2997,CD70,-0.08676236572532171,7.5177299552090275,-0.10287945194375164,0.010584181632246704,0.4185358449778105,0.1065359844179719,0.5595723728464831
2998,2998,CD72,0.0963687528916878,6.57640885304825,0.2140024641817728,0.04579705467587096,0.08950580993697521,0.05586528211759801,0.16990255208495778
2999,2999,CD74,0.15185898842185155,5.7650876828531565,0.39019543779209065,0.1522524796737613,0.001435536434930641,0.0455088367473345,0.0046718577544969985
3000,3000,CD79A,0.13967454137669444,6.064183939356483,0.5482861927947988,0.3006177492094153,2.7324031906113806e-06,0.027056486732916045,1.7758160592043653e-05
3001,3001,CD79B,0.2705252859474725,5.6510708231079425,0.3648529810304045,0.13311769776677268,0.003034609098561587,0.08767467998661159,0.009114349518634003
3002,3002,CD80,0.1825670610360764,6.329808327379395,0.09949356109027953,0.009898968698425182,0.43409430688758543,0.2318843081886404,0.5750785471842299
3003,3003,CD81,-0.3741205402580308,10.545328790304787,-0.5580392730891148,0.3114078303098277,1.6604769706681924e-06,0.0706532239349024,1.1404259054811199e-05
3004,3004,CD81-AS1,0.04599488799648687,6.840382277041683,0.06502467353920698,0.004228208168880444,0.6097113631642344,0.0896428076038097,0.7278956706169852
3005,3005,CD82,-0.20499890328033224,8.431905726316018,-0.2235562435029499,0.049977394009150224,0.07577414087646889,0.11351045362555495,0.14800117440966298
3006,3006,CD83,0.10323759707820107,6.357861167604304,0.22021447526847251,0.048494415117768704,0.08037255529216071,0.0580766892452555,0.15549608548662022
3007,3007,CD84,0.44829652383322943,4.891143148757796,0.5575447429192424,0.3108561403568841,1.7035960083744396e-06,0.08477050039270352,1.1656041567566663e-05
3008,3008,CD86,0.264460998726619,5.680675370181952,0.5715462109291116,0.3266650712274245,8.110934949012576e-07,0.04822031142611232,6.162887590205871e-06
3009,3009,CD8A,0.1377252939670237,6.13426209634388,0.5535697609805981,0.3064394802721165,2.090311986698571e-06,0.02631404944522471,1.3966586261017451e-05
3010,3010,CD8B,-0.07883998964237994,7.323825609385215,-0.10841818945560493,0.01175450380483144,0.3937876985338926,0.091808096963114,0.5362178590046812
3011,3011,CD9,0.1466911866975325,5.8505360383663785,0.14657852518273265,0.02148526404474499,0.2477744331588425,0.12572496247257578,0.3799161191003848
3012,3012,CD93,0.21066318323636965,5.625706174028903,0.4276339951622477,0.18287083381842528,0.0004241847730585696,0.056554339049443125,0.0015753252033241852
3013,3013,CD96,0.30405652827158314,5.868087242264704,0.6043980950730227,0.3652970573278985,1.2338264469682126e-07,0.0509003368815549,1.1965298571024021e-06
3014,3014,CD97,-0.23105145009374786,8.951238844394226,-0.4132017879272115,0.17073571754624428,0.0006901279688413526,0.06466914837651884,0.002435580372434728
3015,3015,CD99,0.12395445069624793,5.739838158778527,0.19745431231021174,0.03898820544989864,0.11783112729591935,0.07815630451105167,0.21194725987151206
3016,3016,CD99L2,0.2938271551043218,5.487673120620714,0.19949399736586865,0.0397978549850132,0.1140086888690754,0.1832937214028048,0.20651260204599145
3017,3017,CD99P1,-0.15365927374174973,7.9235364877242445,-0.23400038153278854,0.05475617855749062,0.06273899943209843,0.08108084937732728,0.12651206189608824
3018,3018,CDA,0.1196917213806682,6.13795823016724,0.6981854413096932,0.48746291045681106,1.4276924792330102e-10,0.015586913627174553,4.460996498109676e-09
3019,3019,CDADC1,-0.4276062785968104,9.198603151812117,-0.5699466812889049,0.3248392195122365,8.843907926218771e-07,0.07829203881483537,6.629104400909224e-06
3020,3020,CDAN1,-0.2669597130310135,8.403226385710429,-0.2481290950037323,0.0615680477873712,0.04804787122972898,0.1323651279274176,0.10121368205056236
3021,3021,CDC123,-0.3235441497574608,10.071779125977883,-0.6185654236709278,0.3826231833611944,5.1205465600690276e-08,0.052194798450270516,5.65098814592168e-07
3022,3022,CDC14A,0.6071153204512756,4.581963567793112,0.648183582130852,0.42014195614398303,7.020140668996882e-09,0.09058121966280852,1.0766370126567101e-07
3023,3023,CDC14B,-0.2394171848158271,8.242586801414426,-0.22194471148359052,0.04925945495553425,0.07796482066116768,0.1335813048965048,0.1517461973231697
3024,3024,CDC14C,0.06284379314448807,6.837316166327244,0.032978286306530324,0.0010875673677154855,0.7958691633109852,0.2418812313609095,0.8686767505796061
3025,3025,CDC16,-0.3246609546972018,9.787707313508104,-0.5838729300205656,0.3409075984108003,4.099526007735051e-07,0.05733093550280305,3.3588814111805723e-06
3026,3026,CDC20,-0.13891887723492066,8.116604695766863,-0.6323016762655834,0.3998054098082667,2.091498192509277e-08,0.02161658699446193,2.64269185167152e-07
3027,3027,CDC20B,-0.2252887129026016,7.7814166790784585,-0.09142771805370124,0.008359027628507088,0.4724410709005319,0.3116326408713375,0.61042430730018
3028,3028,CDC23,-0.2938383582212833,8.6614409479072,-0.5640395020995782,0.3181405599287401,1.2125611188248958e-06,0.05463243431270165,8.712014276095924e-06
3029,3029,CDC25A,-0.3009697372701847,8.611670293947194,-0.6312422658880439,0.398466798243472,2.2445415510369707e-08,0.0469635281497363,2.804705556128425e-07
3030,3030,CDC25B,-0.17605325284705564,8.383735738434687,-0.7909482148589063,0.6255990785884906,7.504398364714042e-15,0.01729691348593984,2.5861892506017423e-12
3031,3031,CDC25C,-0.25055015219311744,8.280633167446506,-0.5804782064533089,0.3369549481672504,4.960892689889307e-07,0.044635913381666975,3.986201528740369e-06
3032,3032,CDC26,-0.28100693498199275,9.441431343578572,-0.3234531402247762,0.10462193392126876,0.009130857247636315,0.10440301656312384,0.024169259711228994
3033,3033,CDC27,-0.21242726665675707,8.50660759773136,-0.4246428926033294,0.18032158623852276,0.0004700434507344002,0.05751912962870252,0.0017237579891030373
3034,3034,CDC34,-0.1910021508102268,8.394020894782928,-0.17282461847202785,0.029868348750001987,0.17204943418875696,0.13824586275329345,0.2862423553593678
3035,3035,CDC37,-0.4786964794077878,11.309053258831668,-0.709740327302568,0.5037313321995563,5.172050336902928e-11,0.06034250492791252,1.9410875224546432e-09
3036,3036,CDC37L1,-0.24449851010071455,8.479504781321392,-0.3942486590210827,0.15543200513992192,0.0012664963403780974,0.0723814797189302,0.00417951512509718
3037,3037,CDC40,-0.09566619588128178,7.664445155985165,-0.1800037426235862,0.03240134735849826,0.1546482250260092,0.0663939875242619,0.263134070318082
3038,3038,CDC42,0.07547424742871535,6.46651022479141,0.06277974808929533,0.003941296770155379,0.6221356210745796,0.1523792547020136,0.7376817901054543
3039,3039,CDC42-IT1,0.2126704515388095,6.23950177060632,0.2292616349280264,0.05256089724987164,0.06840948913645163,0.11467152172070193,0.13587154794550674
3040,3040,CDC42BPA,0.3693967305198493,4.87562591187292,0.4388156715602505,0.1925591936068736,0.00028655421408441063,0.09606615756073426,0.0011080949117853417
3041,3041,CDC42BPB,-0.4051451005244757,9.045756057332637,-0.4687881700898433,0.2197623484161838,9.344630691024937e-05,0.09695083523029056,0.0004093829205222436
3042,3042,CDC42BPG,0.13074812809718694,6.454348271726848,0.14254965773936576,0.02032040492161032,0.2611527000019499,0.11529633106423175,0.3958262954799956
3043,3043,CDC42EP1,-0.28658601652845234,8.813134395314574,-0.6763868590890675,0.45749918314837396,8.560424256769257e-10,0.03963366077325175,1.87817616292136e-08
3044,3044,CDC42EP2,-0.446033988276288,9.948639057478609,-0.6131736797657892,0.37598196155751856,7.192664415435168e-08,0.07297719663735218,7.528136680340674e-07
3045,3045,CDC42EP3,0.04038597346425272,6.725511655640694,0.0633715288900995,0.004015950673868716,0.6188500845912712,0.08077309376291103,0.734996905710743
3046,3046,CDC42EP4,-0.193402181788815,8.363079198833141,-0.15323864355771,0.023482081879406896,0.22670021051809414,0.15839349202653122,0.3548564314011771
3047,3047,CDC42EP5,0.05061833899710252,6.4621662376251106,0.08807646366913942,0.007757463452461236,0.488892654790947,0.07270446727946933,0.6254487174040266
3048,3048,CDC42SE1,-0.12320802163431135,7.828435261037135,-0.11999747101875725,0.01439939305089748,0.3449254725140363,0.1294558042798482,0.4871746091371939
3049,3049,CDC42SE2,0.23016823936803024,4.881569955971656,0.5525665245793474,0.30532976408569856,2.200157278504613e-06,0.044091444330371786,1.4601411543370334e-05
3050,3050,CDC45,-0.1581988512795895,8.00665954524249,-0.6712835337329818,0.4506215826610393,1.2740409624084189e-09,0.02218386857057284,2.5904869361330432e-08
3051,3051,CDC5L,-0.5724202409157798,10.861995721463561,-0.6017471868285716,0.3620996768560999,1.447667962794216e-07,0.09648981635307301,1.3695609320362055e-06
3052,3052,CDC6,-0.12429725016651785,7.704815668554295,-0.6310568726564185,0.3982327765268992,2.272390153823275e-08,0.01940490137769953,2.8329653875096733e-07
3053,3053,CDC7,-0.14046817308568366,7.77819378452685,-0.5678745702255921,0.3224815275089009,9.886100312308243e-07,0.02585772060392412,7.299130660178487e-06
3054,3054,CDC73,-0.06743686468134523,7.5051609114362074,-0.08588984346083715,0.007377065209727111,0.4997870559129358,0.09934633894054336,0.6355563271944698
3055,3055,CDCA2,-0.18319942707356596,8.098397139169373,-0.6554355958617457,0.4295958203226417,4.17377396542295e-09,0.026809554194364503,6.971705151852966e-08
3056,3056,CDCA3,-0.1828135860388364,8.394726484113141,-0.6652132956013453,0.4425087286448029,2.0241187915073642e-09,0.026059779589027717,3.7869476924131295e-08
3057,3057,CDCA4,-0.29274345727681816,9.083712641595119,-0.7452016992650765,0.5553255725875575,1.6434153800502067e-12,0.03326891163239259,1.4705851262391416e-10
3058,3058,CDCA5,-0.19544016898493446,8.407023731135121,-0.7210427623335279,0.5199026651135644,1.824645350477296e-11,0.023851824788450084,8.646103952863423e-10
3059,3059,CDCA7,-0.2198397617716012,8.543468501888269,-0.5791196411922713,0.3353795588146651,5.351122246758066e-07,0.039303294238824116,4.25666782300538e-06
3060,3060,CDCA7L,-0.11645627164304913,7.951154863714738,-0.2935711761070078,0.08618403544085178,0.018551828763940813,0.048159613741840336,0.04487710588506907
3061,3061,CDCA8,-0.225319093913308,8.734371429707664,-0.6573476556778196,0.4321059404251253,3.630538105138476e-09,0.03280504938106951,6.234679037809175e-08
3062,3062,CDCP1,0.1721619960620301,5.9481093769522415,0.1591991639778035,0.025344373811231568,0.20892631968944708,0.13558956231280347,0.33347132785154504
3063,3063,CDH1,0.2360933954196488,4.580187035272098,0.4283009402592028,0.1834416954269172,0.00041453197478653864,0.0632604920433516,0.0015434473717335787
3064,3064,CDH10,0.0313185991877793,6.901716440281488,0.022871126099561014,0.0005230884090620211,0.8576344228517999,0.17386225924032167,0.9113338940505289
3065,3065,CDH11,0.05828022743130335,6.7137111073465965,0.1191971874638437,0.014207969499290696,0.34817578210975964,0.06165269088320732,0.49067724597076956
3066,3066,CDH12,-0.19050229718977396,7.590483390511488,-0.11118593579959184,0.01236231231963096,0.3817519817465419,0.2162486194651332,0.5248120343271563
3067,3067,CDH13,-0.08381258997221201,7.366999419311467,-0.1438326766351844,0.020687838868041517,0.2568404682372597,0.07323461925191732,0.3906089149292688
3068,3068,CDH15,0.18764669825885005,6.035917970337807,0.21361148796428064,0.04562986779031401,0.09010684512236604,0.10898805364879004,0.17083380591182248
3069,3069,CDH16,0.08629485618149882,6.624091450855764,0.1360526541574592,0.018510324703289203,0.28373652678373035,0.07980404662879925,0.4213918446952665
3070,3070,CDH17,0.4747743274846088,1.3661326377146432,0.5806926328064079,0.3372039337956377,4.901803237823568e-07,0.08453470226349348,3.94897876172133e-06
3071,3071,CDH18,0.20173303277953644,6.1922876569249246,0.1839129674152034,0.03382397958346567,0.14573940864284676,0.13692947667722846,0.25091325283517624
3072,3072,CDH19,0.2765534264084097,5.904980704361961,0.5891914886391868,0.34714661028486105,3.0273350933499103e-07,0.04816533287453431,2.5799662119831683e-06
3073,3073,CDH2,0.3952632760042572,5.421220161290231,0.28255522965458285,0.07983745780515407,0.023684872480660053,0.17041960184151894,0.05546619590880214
3074,3074,CDH20,0.11308590682979665,6.625127644568727,0.08786410152797976,0.007720100337319134,0.4899452043125284,0.16282394197472508,0.6265361638944019
3075,3075,CDH22,0.2760879975697725,5.32294725409729,0.17681929181116285,0.03126506195660116,0.1621986132601252,0.19517514778038456,0.2735096534922918
3076,3076,CDH24,-0.10172594042663624,7.5659678463386975,-0.06924751788963436,0.004795218733875231,0.5866375962114465,0.1861177889270358,0.7088292124739913
3077,3077,CDH26,0.143167515339413,6.491647092199368,0.08495269895381181,0.0072169610595369795,0.5044943740141521,0.21325471230999,0.6396378651907046
3078,3078,CDH3,-0.10279283382841244,7.666458144942049,-0.7559819005607075,0.5715086339753794,5.137297175523684e-13,0.011303856460102795,6.132701382632905e-11
3079,3079,CDH4,0.14094843953835876,6.416795183791067,0.13547053060091208,0.018352264661292656,0.2858211243933563,0.13091741758295286,0.4239063385205212
3080,3080,CDH5,0.0599484159013377,6.705453152798616,0.1172167263076138,0.013739760926274042,0.3563006460158682,0.06450420713015173,0.499009862208875
3081,3081,CDH6,0.5993311197783016,4.5384791655314185,0.32593002555140244,0.10623038155593784,0.008582779296041943,0.22077983636467924,0.022908922181164585
3082,3082,CDH7,-0.10508933646507307,7.3903751570965275,-0.09430271267873748,0.008893001618568512,0.458568081453443,0.1408960736730308,0.5974185900538027
3083,3083,CDH8,0.23259421346104764,6.232068245880952,0.07977461535623383,0.0063639892552350575,0.5309093583429161,0.36910676386877656,0.6624512909775769
3084,3084,CDH9,0.1625739811374768,6.5000065545313355,0.11270018495700528,0.012701331689343202,0.3752614197329439,0.18203497690021814,0.5181602394108421
3085,3085,CDHR1,0.09822177976435162,6.380480835375072,0.2962592614517636,0.0877695499959444,0.017454474123209857,0.04021539150612242,0.042555352075896134
3086,3086,CDHR2,0.1670241877180664,5.760071613686106,0.6010342322000608,0.3612421482763166,1.5108823414469635e-07,0.028206710503940937,1.4225285697406085e-06
3087,3087,CDHR3,0.15568846483241824,6.509449541884482,0.09749349607745757,0.009504981777405231,0.4434358270446771,0.2018417928072356,0.5837566030694858
3088,3088,CDHR5,0.14868504812792788,5.903114031106847,0.7264187278639962,0.5276841681915465,1.0917730207914065e-11,0.017864903406228996,5.881180289860175e-10
3089,3089,CDIP1,0.3086888107069725,5.368883272288951,0.5394539637654832,0.2910105790222912,4.232913858778137e-06,0.0611914200391288,2.6294822034377667e-05
3090,3090,CDIPT,0.3385705396285413,3.5046617261448176,0.3382881061527274,0.11443884276439895,0.006255502001412093,0.11961230836980455,0.01729166608297042
3091,3091,CDIPT-AS1,-0.02583414322488917,7.142009342554507,-0.033392709037225785,0.0011150730168448212,0.7933603293356553,0.09819837357580846,0.8670309327158019
3092,3092,CDK1,-0.1692221845823341,8.267917274717707,-0.6508771622184033,0.4236410802974817,5.796655430653616e-09,0.02506737906831168,9.202827958270091e-08
3093,3093,CDK10,-0.2658995144709612,8.690025933866384,-0.42075330172247466,0.1770333409103638,0.0005364167195143925,0.07280903707704572,0.0019402211560187355
3094,3094,CDK12,-0.6721614080197528,10.959328242018113,-0.489756653839957,0.2398615799805115,4.002181777623929e-05,0.15196505306673205,0.00019393463525075406
3095,3095,CDK13,0.17211840134021952,6.009809825596143,0.12172148935042032,0.014816120969684488,0.33798785719552904,0.17824725465125096,0.4801946626144326
3096,3096,CDK14,0.492276706894212,4.543643156701371,0.4442167655060096,0.19732853475662115,0.00023593883865864366,0.1260919637649591,0.0009313262032724988
3097,3097,CDK15,0.18202583239222792,6.2176680547857535,0.17786076173107998,0.031634450563560006,0.15969998935887467,0.12790181232307327,0.26999010614149666
3098,3098,CDK16,-0.35892077519463444,9.53018949068147,-0.3680617162649327,0.1354694269798878,0.002769160715950225,0.1151522116282874,0.008402154309079743
3099,3099,CDK17,0.03331599981651835,6.789607089658406,0.03203442482284498,0.0010262043737305066,0.8015907671207874,0.13201312864900935,0.8730735369681446
3100,3100,CDK18,0.14734004839560824,6.065471719938532,0.2091185460809519,0.0437305663150112,0.0972433709521818,0.08750292078995793,0.18176997824510116
3101,3101,CDK19,0.3761126808645509,4.771655865730954,0.3914489463524169,0.15323227760041735,0.0013812111886167449,0.11228691510195732,0.004520194693893851
3102,3102,CDK2,-0.3405340101037489,9.025646741457717,-0.6369214982327693,0.4056689949110756,1.5322977204938037e-08,0.05234713693536757,2.058430963851943e-07
3103,3103,CDK20,0.31931151611195113,5.032621684087441,0.3232949972233821,0.10451965522966662,0.009166863066814631,0.11869919721602573,0.02423494319519849
3104,3104,CDK2AP1,-0.4136089216929801,11.209990170763593,-0.6005067809380704,0.3606083939526037,1.559314395854031e-07,0.06994547160974947,1.4592460346680657e-06
3105,3105,CDK2AP2,0.1600492406176497,5.681924617124666,0.22940130295663705,0.052624957798202775,0.06823667447372142,0.08624280287742082,0.1355780517229505
3106,3106,CDK4,-0.25694618193761704,9.427311523319492,-0.7849246473680542,0.6161067020458643,1.6427002430712087e-14,0.02575868110543772,4.391688118976176e-12
3107,3107,CDK5,-0.2677140897124295,9.014775869509904,-0.5559865362126603,0.30912102844975176,1.8464213662830789e-06,0.0508290620918523,1.254211251156213e-05
3108,3108,CDK5R1,0.25546147225962235,6.008285904402531,0.169520387375196,0.028737161735836517,0.180521999370736,0.1886149079845102,0.29739093924482984
3109,3109,CDK5R2,0.26055184751529603,5.923603569106892,0.3330090444426187,0.110895023680586,0.007171428807021031,0.09369551523678024,0.019534250417112004
3110,3110,CDK5RAP1,-0.3816931988605606,9.850404121091088,-0.5821694953496156,0.3389213213156261,4.512448877616884e-07,0.06770109711704242,3.6680585752550156e-06
3111,3111,CDK5RAP2,-0.5116509362109778,10.126083108612528,-0.5673707105853764,0.3219095232301549,1.015639613837694e-06,0.09430936886911832,7.470677933986163e-06
3112,3112,CDK5RAP3,-0.2904420114829415,9.569249080174325,-0.5609816690045794,0.31470043295916345,1.424347417762614e-06,0.05443210749629596,1.0007866103714927e-05
3113,3113,CDK6,-0.3440437488030075,9.207824216507609,-0.627492505029107,0.3937468438677039,2.8757950699278802e-08,0.05421710073322997,3.433039814734743e-07
3114,3114,CDK7,-0.28335460708658816,9.458865249771144,-0.7194361137441474,0.5175883217592818,2.1224459883068248e-11,0.03474170317191498,9.635548821128783e-10
3115,3115,CDK8,-0.2914687063581249,9.061426895511024,-0.5576312027640478,0.3109525582960785,1.6959824997776443e-06,0.055102789361685126,1.1611287079571574e-05
3116,3116,CDK9,-0.23647176022739014,8.144976174894513,-0.14454438505057224,0.02089307924964809,0.2544693249341213,0.20558776904681794,0.3876289555042485
3117,3117,CDKAL1,-0.07048679266182263,7.331246604018961,-0.13950332822343034,0.019461178585414143,0.2715861614708153,0.06354183202605215,0.4082881608660302
3118,3118,CDKL1,0.4881649585777186,4.753803674977714,0.7298235131691102,0.5326423603745024,7.8367515546744e-12,0.05807344354579583,4.5014550375722583e-10
3119,3119,CDKL2,0.2968318856364898,5.701512352823912,0.4102187312990582,0.16827940750860892,0.0007611311366934043,0.08380847654899456,0.0026556592865732377
3120,3120,CDKL3,-0.13467619306090733,7.587845667820664,-0.07121573635819689,0.005071681105040206,0.5760198684294158,0.2395603361691069,0.7002588138347835
3121,3121,CDKL5,0.022177674121819663,6.919393660633693,0.020614000182161456,0.00042493700351015263,0.8715587591877436,0.13660468175542853,0.9206187469006676
3122,3122,CDKN1A,0.04955465796884948,6.542288567363817,0.101590845687961,0.010320699927595106,0.42441899533311894,0.061628458643945075,0.5653437500116067
3123,3123,CDKN1B,-0.027322519809727216,7.284194437326965,-0.042028882861396284,0.0017664269945769702,0.7415888907575832,0.08248845024149114,0.8319918883719544
3124,3124,CDKN1C,0.04946936056227357,6.745786910242495,0.08531622220037992,0.007278857770544598,0.5026656774785327,0.0733706676371461,0.6379058395333818
3125,3125,CDKN2A,0.023012489450706903,6.896946940716887,0.02134810853133297,0.00045574173786557177,0.8670255290062296,0.13687034754075375,0.9177161164181966
3126,3126,CDKN2AIP,-0.2203223816643027,8.75415168727099,-0.4036743407495784,0.16295297337960676,0.0009405973816819533,0.06341712612314163,0.0032183024648953546
3127,3127,CDKN2AIPNL,-0.4421528696911679,9.42355312343858,-0.4359196443007559,0.1900259362872975,0.00031760749555104033,0.11593263822821315,0.001212586445020765
3128,3128,CDKN2B,0.1137138016129074,6.253970049393273,0.8351615799800965,0.6974948646748512,9.594922391980537e-18,0.009510715766023355,2.079752277795322e-14
3129,3129,CDKN2B-AS1,0.16409011392376546,6.414390848514142,0.6795084011087084,0.4617316671773133,6.686091600475395e-10,0.022500447540738704,1.5492635757331395e-08
3130,3130,CDKN2C,-0.12192466490072346,7.851775049403657,-0.17665352964872974,0.03120646953735465,0.1625989387278447,0.08627580526890669,0.2740140091946675
3131,3131,CDKN2D,0.17012549094396825,6.218234487655928,0.1380475584157532,0.01905712838455079,0.2766690755734068,0.1550124836328594,0.41387599002087067
3132,3132,CDKN3,-0.13621346287025451,8.128092475173107,-0.6229930637157802,0.3881203574379742,3.855053256785376e-08,0.021720708134949626,4.4216725781614044e-07
3133,3133,CDNF,-0.253286656382314,7.835147711708532,-0.1554638931232661,0.02416902206504231,0.219945520913928,0.20439686362767676,0.3466463067970241
3134,3134,CDO1,0.3966370688223591,5.583093271939965,0.28477878305871324,0.08109895528040166,0.022561623171223903,0.16956030849145906,0.0532097527524345
3135,3135,CDON,-0.2156109687102018,7.843057831383954,-0.14048935877915114,0.019737259930177053,0.26817903681891025,0.1929757881878517,0.40404354706542833
3136,3136,CDPF1,-0.42093425957826097,9.408493228530213,-0.44719013476002784,0.19997901662669185,0.0002117042498708008,0.10692442025578026,0.0008452167276829262
3137,3137,CDR1,0.13248105020373546,6.598331384542822,0.10121317396199753,0.010244106583461574,0.4261521544336709,0.16538073641901696,0.5673034305195268
3138,3138,CDR2L,-0.28272227006230016,8.552236928973018,-0.4381591027878933,0.19198339935589168,0.00029334061738459457,0.07366182553070165,0.0011296978604772177
3139,3139,CDRT1,0.08739378928021516,6.6803089475544155,0.04972840329736033,0.002472914094504917,0.6963679887747591,0.22291667625437145,0.796611135600497
3140,3140,CDRT15,0.05687038526308168,6.7387622179238384,0.09360758262586016,0.008762379525057238,0.4619017852433792,0.07681891766533876,0.6006037553112067
3141,3141,CDRT15L2,0.050637300791195015,6.803799914222768,0.06595553927372723,0.004350133160888175,0.604591352323005,0.09729191401079232,0.7233384383731863
3142,3142,CDS1,0.4875614467490249,3.2562503090202304,0.6259460581841207,0.3918084677562387,3.182217869338265e-08,0.07714659954697081,3.7390628301964254e-07
3143,3143,CDS2,0.20126213910115875,5.7804418113085925,0.13181673515547615,0.017375651667048943,0.2991355848528744,0.1922159619147332,0.43840264121399924
3144,3144,CDSN,-0.06425852466529572,7.297826647610246,-0.05643977118775626,0.003185447771726282,0.6577856283324738,0.14436331487892134,0.7663195492543425
3145,3145,CDT1,-0.2774926334096939,8.793288512524798,-0.6966052849205827,0.4852589229792862,1.6342909500681434e-10,0.03629637574230374,5.005738405053133e-09
3146,3146,CDV3,-0.2616035857286659,9.271480385948431,-0.4478140374258536,0.20053741211564374,0.0002069179047710998,0.06633599033514638,0.0008287048692099438
3147,3147,CDX1,0.22031439599153774,4.7173933032220505,0.2757256213550983,0.07602461827165505,0.02743513493194556,0.09754389815878442,0.0628486032953857
3148,3148,CDX2,0.2452163904293731,5.076736474076488,0.28703086928112675,0.08238671992027928,0.021470327331143454,0.10393334130564104,0.050952322011606745
3149,3149,CDX4,0.08824263385471501,6.648347825425402,0.11906433619200572,0.014176316152842962,0.34871718282454744,0.09345457061422398,0.49121645703932704
3150,3150,CDY1,0.23168746328209594,6.324515799073701,0.12901860230041867,0.016645799739553598,0.3096006629647117,0.22615664125302065,0.449808947098345
3151,3151,CDYL,-0.07718189475164709,7.593898769160732,-0.08337421218749283,0.006951259257885078,0.5124744337450443,0.11715831865045365,0.6464515560522477
3152,3152,CDYL2,0.1222867968242434,6.3541118832219485,0.12214958427586448,0.014920520938766516,0.3362788102023041,0.1261907051816791,0.47845713764329145
3153,3153,CEACAM1,0.1338313731769384,5.775180116175384,0.5294189402816605,0.2802844143289564,6.857904994988015e-06,0.027235983895576087,4.0355416485452573e-05
3154,3154,CEACAM19,-0.20161264944822346,8.145285526258654,-0.21683286116860628,0.04701648968256408,0.085248150903349,0.11527616623621638,0.16310732530588645
3155,3155,CEACAM21,0.4000634945556127,5.283987607620229,0.3848654745723017,0.148121433517763,0.0016886149584243724,0.12184647563707188,0.005388587816781577
3156,3156,CEACAM3,0.3618315569846945,4.890200977976656,0.3797433660455621,0.1442050240556138,0.001968820717901524,0.11194514594100348,0.00619692044275545
3157,3157,CEACAM4,0.11762188740536865,6.444247071897577,0.09385780143630333,0.008809286890456541,0.4607002681949665,0.15845302493545493,0.5996552448014666
3158,3158,CEACAM5,0.3370523471908194,3.8482626018708013,0.2195098195842577,0.04818456089391336,0.08136985577891635,0.19024967819637031,0.15704672253943258
3159,3159,CEACAM6,-0.20771916052292014,9.52359726260288,-0.4738838686403168,0.22456592095751307,7.642863671227498e-05,0.04902089437378323,0.00034273392586546173
3160,3160,CEACAM7,0.07488009756852726,6.193067289759628,0.7080281696848503,0.5013038890672792,6.030366769960273e-11,0.009485014751192284,2.191066986635733e-09
3161,3161,CEACAM8,-0.17359607868610688,7.652819947001666,-0.3342479409891214,0.1117216860554672,0.006946538816107097,0.062165560711943714,0.018993345714999898
3162,3162,CEBPA,0.0919535638741386,6.186067354478179,0.14042443903887838,0.019719023079383672,0.2684024751288408,0.0823389474493907,0.4042409855850883
3163,3163,CEBPA-AS1,0.2747349235939253,5.125850368441966,0.3630663087901763,0.13181714457852367,0.0031920243639284147,0.08954424465735653,0.009527675754771855
3164,3164,CEBPB,-0.3131466284678447,9.981430726006419,-0.7429271769381868,0.5519407902333439,2.084947232804329e-12,0.035832190158072305,1.729867138941676e-10
3165,3165,CEBPD,-0.21247066187068767,8.326976723923652,-0.3856666047106491,0.14873872998904009,0.001648184643821836,0.06455390650451982,0.0052797985890476115
3166,3166,CEBPE,0.0963724782316665,6.4999205650048,0.1405698788773848,0.019759890847602633,0.2679020790336361,0.08620473996132882,0.4037664113651315
3167,3167,CEBPG,0.22616406141282044,5.1122277458884495,0.2628318819077664,0.06908059814717807,0.03588234413386725,0.10544008467441457,0.07903897489765997
3168,3168,CEBPZ,-0.4275458641149263,10.604265187761213,-0.7158948722413876,0.5125054681015127,2.950991809016336e-11,0.05295689184855596,1.2436579705158343e-09
3169,3169,CEBPZOS,-0.20258283211058892,8.082197114811933,-0.4980441511025261,0.24804797644743584,2.818371231996298e-05,0.044795461529050735,0.00014185488305141125
3170,3170,CECR1,0.14372931592335286,5.876730909086068,0.7303762551300509,0.5334494740577973,7.422579309046953e-12,0.01707073457889487,4.3325055239194546e-10
3171,3171,CECR2,-0.1904583223346605,7.7813948548894345,-0.13697184894519676,0.0187612874034658,0.2804653689843087,0.17492832132936562,0.41790941755695343
3172,3172,CECR3,0.19767372747035372,6.294043302663383,0.12232160417165128,0.014962574847126138,0.33559360031492946,0.20369309384554293,0.4776705281201392
3173,3173,CECR5,-0.24160562667453486,8.93492766089814,-0.5531099536079538,0.3059306207801928,2.140003183054808e-06,0.04621693788943222,1.4276576996011051e-05
3174,3174,CECR5-AS1,0.30223691436733924,5.859353198152951,0.2947490041887746,0.08687697547027426,0.018063962807027236,0.12444113465558065,0.04385371239755323
3175,3175,CECR6,0.1262030361112649,6.468140770695047,0.11509923066016793,0.013247832898562541,0.3651155120751172,0.1383265616566613,0.5081020766009038
3176,3176,CECR7,-0.0001765248994054089,7.016403875965736,-0.00016912657121010615,2.8603797089287113e-08,0.9989417299271072,0.13255566030900176,0.9992348181539403
3177,3177,CECR9,0.2805868166579513,6.038941929229285,0.16161113548241246,0.02611815911191467,0.20202165133998864,0.21759718339869105,0.32482765516538864
3178,3178,CEL,-0.042107664009493964,7.170753540956878,-0.0911642423879071,0.008310919090161078,0.4737236241565176,0.05841555977088834,0.611424787287483
3179,3179,CELA1,0.09415310887064927,6.5998096995153395,0.10275678125244267,0.010558956093362354,0.4190938745561647,0.1157506101145278,0.5600786802542099
3180,3180,CELA2B,0.24253899154898126,5.9369070174275,0.24887355136200975,0.06193804456753892,0.04735962686927035,0.1198733766858066,0.09996809824096398
3181,3181,CELA3A,0.053254221638009365,6.779373735637933,0.07341868855696901,0.00539030382942521,0.5642419250500961,0.0918708888959691,0.6910120378245562
3182,3182,CELA3B,0.1965395596496828,6.036891241451186,0.23660807016530064,0.05598337886734783,0.059784133359282315,0.10249776629410558,0.12159532336763958
3183,3183,CELF1,0.01846966445574005,6.896500391919765,0.009155662374614636,8.382615351793412e-05,0.9427585502657208,0.2561858793062991,0.9661825085662179
3184,3184,CELF2,-0.0625756911018918,7.387097866899247,-0.06813970014018199,0.004643018735193918,0.5926524629269074,0.1163587441766588,0.713731789181949
3185,3185,CELF2-AS1,-0.16768871338334987,7.68093087407315,-0.16670360094124298,0.027790090566777188,0.18798004752227265,0.12596300956051898,0.30689896932258853
3186,3186,CELF3,0.2810820488345819,5.31540381437651,0.3255515563337104,0.10598381583130102,0.008664622298907403,0.10367885212008918,0.023078008189546962
3187,3187,CELF4,0.33267365359633844,5.813388597620778,0.1722225246954942,0.02966059801249012,0.1735712624806111,0.2416542542010019,0.28808811903254644
3188,3188,CELF5,-0.05180286473097897,7.20345681768046,-0.03919809974056879,0.0015364910232715787,0.7584456965850896,0.16771002257470247,0.8433015793566501
3189,3189,CELF6,-0.2842836822661534,8.065363377886296,-0.2617347748922764,0.06850509238791061,0.036691499149640684,0.13313274962562607,0.0805754400248929
3190,3190,CELP,0.01967255577014052,6.916980935081968,0.04650149744953062,0.0021623892650487024,0.7152029153437593,0.05366954788743563,0.8121509770198798
3191,3191,CELSR1,-0.5708444946623366,9.410161109368676,-0.4996974993581064,0.2496975908647448,2.6250685308647793e-05,0.12567039108334993,0.00013319085997159512
3192,3192,CELSR2,-0.6158187904425587,9.995419228992317,-0.482022825725344,0.2323460045202453,5.507063236348377e-05,0.14215830763348364,0.000256628909797986
3193,3193,CELSR3,-0.3236069118950504,8.780157571398354,-0.5960192101178431,0.3552388988294976,2.03482997632532e-07,0.05536828872709229,1.8337179832428135e-06
3194,3194,CELSR3-AS1,0.09466069264772202,6.623131671667992,0.08285261631273058,0.0068645560298645466,0.5151254071488702,0.14460118332158198,0.6487751943590081
3195,3195,CEMIP,-0.0900233162723598,7.573978240809757,-0.7649629812587941,0.5851683626963422,1.8607685701874102e-13,0.00962619553250842,3.0296949915344635e-11
3196,3196,CEMP1,0.05774793977347392,6.7193115269936525,0.0924758689147979,0.008551786331546886,0.4673573803113116,0.07896729228929332,0.6055828547660005
3197,3197,CEND1,0.1766228655865695,5.879536137859813,0.2286650219026197,0.05228769224172557,0.0691516485004398,0.09549697283895882,0.13709315658661234
3198,3198,CENPA,-0.2374642469355559,8.477819187986588,-0.6483568529345672,0.420366608747216,6.9345869013908905e-09,0.035413184204845745,1.069418014326851e-07
3199,3199,CENPB,-0.2769570229782701,8.914502646824637,-0.5449259841495676,0.2969443282013748,3.2322391100817983e-06,0.05412200517145161,2.0562320190605564e-05
3200,3200,CENPBD1,-0.3521987885698603,8.972276656363707,-0.3481407558231421,0.12120198586510868,0.004817327801449704,0.12044303168506322,0.013744299544188847
3201,3201,CENPBD1P1,-0.3697427771413797,9.330920589441288,-0.4841783649722395,0.23442868910719114,5.042173914563479e-05,0.08485770847322198,0.00023731422760241716
3202,3202,CENPC,-0.1051447714957016,7.619608469604733,-0.15684539159071867,0.024600476863245884,0.2158235972661892,0.08408360887950944,0.34149203556914565
3203,3203,CENPE,-0.1413319489305573,7.906814759508111,-0.6243066865159015,0.3897588388284641,3.5406413193222604e-08,0.022459354262962184,4.1001383834183714e-07
3204,3204,CENPF,-0.2849047066117904,8.4586444592772,-0.5932951692563311,0.3519991578628985,2.3869377612583147e-07,0.04909313338664662,2.106321810107938e-06
3205,3205,CENPH,-0.16414059288654548,8.218565903291257,-0.6027143726840385,0.363264615039914,1.3658906056838114e-07,0.02759866644639756,1.306464711399423e-06
3206,3206,CENPI,-0.6102787384212277,9.251263637166668,-0.6755103927116874,0.4563142906614982,9.1705657033582e-10,0.08460077060354095,1.989865734531281e-08
3207,3207,CENPJ,-0.3927400734125622,8.903740342694302,-0.4785972927445129,0.229055368622377,6.327971080746816e-05,0.09150624385852893,0.0002901995208673704
3208,3208,CENPK,-0.13165929359302372,7.8382209919175825,-0.6702055941649481,0.4491755384499909,1.3842903065188564e-09,0.018516301194228132,2.7628393168355607e-08
3209,3209,CENPL,-0.25190564165956936,8.342706798350298,-0.5884248329564671,0.3462437840398461,3.163634103339281e-07,0.043960130414926565,2.6824000198830125e-06
3210,3210,CENPM,-0.1921651741321552,8.440087635370894,-0.5244529640256548,0.2750509114752948,8.658438822596506e-06,0.039621056227429764,4.9483428195445397e-05
3211,3211,CENPN,-0.2556513123586993,8.441097803833113,-0.6962182646306354,0.4847198720052935,1.689070884173299e-10,0.03347560743824931,5.1158107668270955e-09
3212,3212,CENPO,-0.3872741583629191,9.072251547060652,-0.5436858839572009,0.2955943404143229,3.4374018704946525e-06,0.07592521581816013,2.1739759785502833e-05
3213,3213,CENPQ,-0.253296602620893,7.982949407201444,-0.6278200241284895,0.3941579826966971,2.81458387724904e-08,0.03988210308697416,3.372983611611951e-07
3214,3214,CENPT,-0.2466044791568289,8.210707716645446,-0.3028695740769546,0.09172997890155588,0.014989382971626837,0.09855007495397447,0.03723358335294739
3215,3215,CENPU,-0.17327489208419944,8.236659551693236,-0.6033533038137304,0.3640352092229437,1.314279094647483e-07,0.029086042425612656,1.2632362980289056e-06
3216,3216,CENPV,-0.3805216647762325,9.667294988393284,-0.4935057240547299,0.24354789967478324,3.418910193179413e-05,0.08516910148825636,0.00016826477325750043
3217,3217,CENPW,-0.1460702989932863,8.287540270180413,-0.6568377259163003,0.4314357981868968,3.768456716703212e-09,0.02129598541258657,6.420608198285448e-08
3218,3218,CEP104,-0.1204283935054684,7.601886650841119,-0.10703984384095504,0.011457528169496044,0.3998641679889125,0.14206439558163556,0.5420720269062164
3219,3219,CEP112,-0.6884109790586126,9.98886227553164,-0.55834124139365,0.3117449418410022,1.6346530021770091e-06,0.12990532128492688,1.1248303388034042e-05
3220,3220,CEP120,-0.3478535764067974,8.933050706917376,-0.5183974927684224,0.26873596050858656,1.1448886199323656e-05,0.07287437519901188,6.361961268831248e-05
3221,3221,CEP128,-0.4415749280919894,8.766408850868885,-0.42774860483898863,0.18296886894170125,0.0004225115797446868,0.11850570621727168,0.0015693804904581806
3222,3222,CEP131,-0.21714416852688115,8.115629841264413,-0.3088827793498832,0.0954085713789086,0.013012981245515195,0.08491508793923593,0.03287018650083186
3223,3223,CEP135,-0.5368917886918649,9.330075858033137,-0.5212157176260518,0.2716658243004402,1.0059773119095385e-05,0.11164486626964826,5.664180626469333e-05
3224,3224,CEP152,-0.5424943953937237,9.253925679757236,-0.3705554138426841,0.13731131472812286,0.002577364469971845,0.17269242947838526,0.00787427025920433
3225,3225,CEP162,-0.2361462281335805,8.144910261935657,-0.2105520003377872,0.04433214484624353,0.09492015828377433,0.13924489621369388,0.17813736757625706
3226,3226,CEP164,-0.5045492364172179,9.778403956394088,-0.5658668402996052,0.3202052809506589,1.1004977190620098e-06,0.09336462487875616,8.010513649172376e-06
3227,3227,CEP170B,0.08671868448101111,6.339257426253072,0.10390159837932232,0.010795542145777992,0.4139027125570988,0.10542355088557187,0.5551947002244781
3228,3228,CEP19,-0.401450567722353,8.804172285734168,-0.3546895081414534,0.12580464718562615,0.004031021251201145,0.13439779278267835,0.011718588427273566
3229,3229,CEP192,-0.16867124804349856,8.113674379638907,-0.35931102904394524,0.12910441559261887,0.003546748525984629,0.0556362320575605,0.010455327978518532
3230,3230,CEP250,-0.10826844958660292,7.553773119069151,-0.07360441629740308,0.0054176100984814155,0.5632541376792677,0.18630417296798624,0.690242111450656
3231,3231,CEP290,-0.3818504548613936,9.003913271387196,-0.5599404081405058,0.31353326066855625,1.5040545957770192e-06,0.07175718741675109,1.0489630361208165e-05
3232,3232,CEP350,0.14715882211213102,5.930442121217675,0.19166559124825264,0.036735698868542256,0.1292139769561516,0.09570156455672156,0.2280835238820886
3233,3233,CEP41,-0.6806433603787285,10.23777944360268,-0.5361475214927061,0.2874541648027716,4.970822133301495e-06,0.1360961588517379,3.0313476005813538e-05
3234,3234,CEP44,-0.29631368524105856,8.671008805006393,-0.37229026160406997,0.1386000388852269,0.0024510140129378358,0.0938159353631842,0.007536093773983931
3235,3235,CEP55,-0.10637057291227282,7.7715649839133185,-0.7018503309074762,0.4925938869949338,1.0400111919404357e-10,0.01371067991790132,3.454208951145726e-09
3236,3236,CEP57,-0.23508856214562496,8.780928990798367,-0.4651655483488017,0.21637898737064135,0.00010759655541771535,0.0568173729489461,0.00046423658250062286
3237,3237,CEP57L1,-0.5710259465812026,9.018134401367645,-0.3257574966595633,0.1061179466299054,0.008620004240696606,0.2104775053509058,0.0229912787082504
3238,3238,CEP63,-0.049781921579743614,7.300456062208082,-0.05256004779810919,0.0027625586245395226,0.6799888321341359,0.1201211131136357,0.7842125025224856
3239,3239,CEP68,-0.26662003690389724,8.648036484338121,-0.4048584182240707,0.16391033880689654,0.0009055357622838746,0.07647512438344971,0.0031106245133656896
3240,3240,CEP70,-0.1534592376139109,7.939099249498496,-0.2381567933623973,0.0567186582246596,0.05808319748910301,0.07947944749701212,0.11864839558782432
3241,3241,CEP72,-0.2669733503594538,8.22629209808077,-0.6843312528309876,0.4683092636012291,4.536902145907025e-10,0.036127277871694896,1.1371136107594516e-08
3242,3242,CEP76,-0.1549907480248112,8.019854270101208,-0.5665890229155941,0.3210231208884476,1.0589497071241735e-06,0.028626566811176257,7.757630550667787e-06
3243,3243,CEP78,-0.22193525305435727,8.372848077643182,-0.5783887487326933,0.3345335446605706,5.572822442554779e-07,0.039753346682196974,4.405968236346248e-06
3244,3244,CEP83,-0.2431130931076996,8.063768553967488,-0.4668954780978843,0.21799138746825195,0.00010061005969109826,0.058478820489603976,0.0004374043048806932
3245,3245,CEP83-AS1,0.2855880919077024,5.809756377174997,0.27753701812532355,0.07702679642989617,0.026394810145366432,0.1255503357360576,0.06079340711528505
3246,3246,CEP85,-0.3723405151886376,9.413095589736017,-0.4925864948859894,0.24264145494406486,3.554142473775158e-05,0.08354350941702586,0.00017420768508284528
3247,3247,CEP85L,0.4327407267130519,5.160615938086333,0.5710645911835021,0.3261147673035802,8.325400562520772e-07,0.07900228678109163,6.301522166423883e-06
3248,3248,CEP89,-0.7665328532714465,10.508526928681963,-0.5974939597363496,0.3569990319214225,1.865241220109311e-07,0.1306493407653321,1.7007073103775634e-06
3249,3249,CEP95,-0.5130688025008927,9.522707375944004,-0.3819152035743254,0.1458592227212184,0.0018452894316912727,0.1576803385140698,0.005835242792534245
3250,3250,CEP97,-0.5183832764561583,9.080064260178453,-0.4857077896215651,0.2359120568990665,4.734621019097954e-05,0.1184818269886742,0.00022444881385412917
3251,3251,CEPT1,0.10672074749110473,6.4263500631482176,0.1387842899403774,0.019261079134254736,0.2740888783975569,0.09671401461467816,0.4108676908278482
3252,3252,CER1,0.0998480275657961,6.597090499672983,0.10834653564145266,0.011738971785504572,0.3941022355925935,0.11634948107359462,0.5364979617613495
3253,3253,CERCAM,0.2925341279104585,5.651905767415254,0.2640741079088839,0.06973513446787287,0.03498413366529245,0.1356932307340952,0.07753366231930282
3254,3254,CERK,0.1665182966525556,5.843135752725098,0.6866624901260739,0.4715053753461406,3.7514497204565133e-10,0.022389432106007755,9.799474511035681e-09
3255,3255,CERS2,-0.563770123839337,12.177792107590074,-0.4626859363710492,0.21407827571555452,0.00011839137349619934,0.13718592640562666,0.0005046539575963399
3256,3256,CERS3,0.06608340848041898,6.767614819694022,0.046972156316363166,0.0022063834690088566,0.7124448762694577,0.17847461487887126,0.8096559325959123
3257,3257,CERS4,0.14640838795973787,6.315711305617636,0.1628839163895804,0.026531170218407826,0.1984442311280383,0.1126297022843712,0.32050341774147295
3258,3258,CERS5,-0.1894625779846732,8.029925823193983,-0.10230987371553847,0.010467310259689432,0.4211304667575059,0.2339511164182463,0.5621043058206231
3259,3259,CERS6,-0.08936698568596296,7.7579967886037,-0.17639961254184147,0.0311168233049118,0.16321357293100433,0.06333143745911847,0.27470775080218396
3260,3260,CES1P1,0.18649390747901254,6.05656674577288,0.28703510637739565,0.08238915229308284,0.021468317189943225,0.0790429346547808,0.050952322011606745
3261,3261,CES2,0.1432407304940177,5.507013140660741,0.7625486767735253,0.5814804844490544,2.455582224773849e-13,0.015433377088568834,3.667285039826048e-11
3262,3262,CES3,0.3319497167327207,4.245161211701491,0.7457188440392204,0.5560965943551911,1.5563170094350762e-12,0.037665659707060116,1.4042518683048574e-10
3263,3263,CES4A,0.0608406585395609,6.683035239324725,0.06521343130338529,0.004252791622361352,0.6086716262529868,0.1182321421702542,0.726934925353432
3264,3264,CES5A,0.02071854598361793,6.94168195865705,0.014399483357120822,0.00020734512095199956,0.9100850499892338,0.182713858722209,0.9458939547891733
3265,3265,CETN1,0.015149574808682632,6.9457762927525115,0.0139352450411921,0.0001941910543580691,0.9129724716547181,0.13805362577779626,0.947582479299855
3266,3266,CETN2,-0.276714946187093,9.502427904866595,-0.6590956476093945,0.4344070726976472,3.1932257876958245e-09,0.0400996252356373,5.591207012134387e-08
3267,3267,CETN3,-0.20540928561570596,8.673103351679146,-0.4846838734856271,0.23491845721703136,4.9385352671481187e-05,0.04707816426242501,0.00023309498955992265
3268,3268,CETP,-0.05393568687172064,7.225764813436034,-0.09900999725202624,0.009802979555846242,0.4363426169687057,0.06884337104700718,0.5769324319487924
3269,3269,CFB,-0.1837328968001948,8.191557983878068,-0.5114029876414031,0.26153301576855315,1.5705197234899148e-05,0.03920968546205527,8.397433237573854e-05
3270,3270,CFC1,0.07476091313568763,6.656966497832752,0.06314785155217577,0.003987651155655629,0.6200910609170879,0.15005571295059794,0.7360267443630529
3271,3271,CFC1B,-0.09155074063984647,7.458941037644823,-0.09047006854163203,0.0081848333019276,0.4771116641374565,0.12799012716497174,0.6145157370425635
3272,3272,CFD,0.04326529071155201,6.654199708427892,0.17535739691019514,0.030750216651119718,0.16575427775621412,0.030848748351523392,0.2781193929033641
3273,3273,CFDP1,0.4226653380201634,4.089350484449168,0.6202215383669508,0.38467475665426704,4.6070907672477234e-08,0.06789007853674578,5.155894086033564e-07
3274,3274,CFH,0.1212890133371206,6.374896942824483,0.6888358444303206,0.4744948205720329,3.1371826171978323e-10,0.0162105735407596,8.491961196927381e-09
3275,3275,CFHR2,0.4756010872316496,4.455442213536582,0.4643875825054971,0.21565582678529988,0.00011088168870736978,0.11519131414378905,0.0004764172557456533
3276,3276,CFHR3,0.047669195523307104,6.870652704464682,0.026344427921750627,0.0006940288825243141,0.8362930296052019,0.2297219250876272,0.8974191493978994
3277,3277,CFHR4,0.08917941827924902,6.699500861932782,0.07895508936583177,0.006233906136766482,0.5351518574079828,0.14299825849586215,0.6661711584369894
3278,3278,CFHR5,0.2503971315546215,6.275319741730791,0.1463176988070399,0.021408868984187646,0.24862609314716225,0.21499941598687414,0.3808444540639314
3279,3279,CFI,-0.1074277932494462,7.614469113092764,-0.5796004717449056,0.3359367068469171,5.209823808563103e-07,0.019182129430123526,4.158449486709693e-06
3280,3280,CFL1,0.4502198182130193,3.1612295856381465,0.3712104851130679,0.1377972242578792,0.002528988161746689,0.14302542178416638,0.007740669772809124
3281,3281,CFL2,0.2026054308024532,5.925791169464342,0.5019443402164077,0.2519481206752848,2.382044410836634e-05,0.044336921526223004,0.0001219748680933254
3282,3282,CFLAR,0.3884079166653101,4.339160798071362,0.4881098968320074,0.2382512713853529,4.286409329539146e-05,0.0882024165736314,0.0002059968797851092
3283,3283,CFLAR-AS1,0.2293421179931797,6.217093864799132,0.15349174622006231,0.023559716157684013,0.22592473099736696,0.1875105861472116,0.35382946768988077
3284,3284,CFP,0.12661727781096213,6.443799059206194,0.1793593828727634,0.032169788224498536,0.1561545947343475,0.08820081821500865,0.26515547314140164
3285,3285,CFTR,-0.05440462608256902,7.338809113382434,-0.07681000049967246,0.005899776176759683,0.5463348309853224,0.08968861197156854,0.6757028251177769
3286,3286,CGA,0.15818570406297244,6.455194281902589,0.11567003402144575,0.013379556770522414,0.3627263515735897,0.17251449006099642,0.5055895432109992
3287,3287,CGGBP1,-0.054184530564469466,7.488981572612873,-0.05123931316124889,0.0026254672132365337,0.6876106268014478,0.13412363284220827,0.789847661966123
3288,3288,CGN,0.24056305882523726,5.195317451911433,0.6216962506387711,0.3865062280583057,4.1912017264712825e-08,0.03849106462808087,4.7568382278163324e-07
3289,3289,CGREF1,-0.18822015053770386,8.032909479277409,-0.43806968197572616,0.19190504626631386,0.0002942761604031132,0.049052175293073715,0.0011322939327522063
3290,3290,CGRRF1,0.3263707535151694,4.751329929760601,0.5130669349234878,0.2632376797117824,1.4576694435182532e-05,0.06934338945480928,7.84439160024547e-05
3291,3291,CH25H,0.11505648154541318,6.43411457677434,0.35988433559477895,0.12951673500649552,0.0034904270358036807,0.0378819663154904,0.010317389770724638
3292,3292,CHAC1,-0.1848273114035732,8.033596163228406,-0.3627201007028007,0.13156587145384988,0.0032233532586815232,0.06030691590046468,0.009600015791053278
3293,3293,CHAC2,-0.1479114079808717,8.023314275082031,-0.506480627130383,0.2565226256583861,1.9537023244244697e-05,0.03197988269765363,0.0001018719572246855
3294,3294,CHAD,0.27406610676985504,5.508418735640872,0.5858849915144716,0.34326122328191244,3.657603451066921e-07,0.04814414103801773,3.0428506620381936e-06
3295,3295,CHADL,-0.3668996023284495,8.667373792119797,-0.4367846672713631,0.1907808455633554,0.00030802478115044414,0.09596593271819057,0.001179953411606734
3296,3296,CHAF1A,-0.4952728218069349,9.81935484829137,-0.6477906487616053,0.4196327246229815,7.21787710721902e-09,0.07397167205817243,1.1007262588509004e-07
3297,3297,CHAF1B,-0.24792470281623954,8.435771888430716,-0.6078356108382518,0.36946412980311066,1.0006803466165806e-07,0.04113322066037193,9.981452282810711e-07
3298,3298,CHAMP1,-0.1915392231910427,8.466160618610221,-0.2720741219212213,0.07402432781920361,0.02963739306125457,0.08603485461776403,0.06720395253837358
3299,3299,CHAT,0.13608419728647295,6.4807686213950495,0.11786159769958506,0.013891356212298834,0.3536423484654194,0.14561359025556614,0.4961532268233662
3300,3300,CHCHD1,-0.3625888126768817,10.3690082307331,-0.4768061161303597,0.2273440723793181,6.800858294722153e-05,0.08489259479572539,0.0003092013150791691
3301,3301,CHCHD10,0.18473500672220464,5.038090897699772,0.23227715735161175,0.05395267782734542,0.06475549167752398,0.09824337734365182,0.12985278009785922
3302,3302,CHCHD2,-0.46784454993018,12.524230141495869,-0.5832613554661801,0.3401938087802455,4.2435040138895137e-07,0.08274670713614332,3.466499476789847e-06
3303,3303,CHCHD3,-0.023202929399071467,7.166086182397032,-0.02130342272424789,0.00045383581976800145,0.8673013502356145,0.13829262399235304,0.917867790995613
3304,3304,CHCHD4,-0.09498026625733644,7.788973699292565,-0.12182021008544873,0.014840163585262862,0.33759326078863994,0.0982814471844556,0.47977368179708746
3305,3305,CHCHD5,-0.42011219140238654,9.503038156240642,-0.34364754081061305,0.11809363230518195,0.0054323368547348535,0.14580332859077444,0.015263689449757785
3306,3306,CHCHD6,-0.3355817735595527,9.206551522074774,-0.6994945029635062,0.4892925596761626,1.2756249238678507e-10,0.043541592283673235,4.056337404751587e-09
3307,3307,CHCHD7,-0.02289348507663739,7.201174728700862,-0.03279479823217055,0.0010754987910887763,0.7969806236553334,0.0886089183360211,0.86953926870497
3308,3308,CHD1,-0.20398890368151812,8.616615968205537,-0.3434909298810131,0.11798601891052304,0.005454966429691937,0.07083259619859239,0.015321309732163281
3309,3309,CHD1L,-0.3192673020466605,9.187509282643301,-0.3107725737274878,0.09657959258120684,0.012440221418886566,0.124011186112229,0.03163746269242379
3310,3310,CHD2,-0.07094742474553528,7.3843047220393006,-0.07876320134851973,0.0062036418866674575,0.5361476213269103,0.1140423431548818,0.6669506399261399
3311,3311,CHD3,-0.2750028359200455,8.85553004107591,-0.2958366531169941,0.08751932532746469,0.017623225834819945,0.11277197459151225,0.04293672815794768
3312,3312,CHD4,-0.36570661916647534,9.901007638102623,-0.4361978247044424,0.19026854227688747,0.00031449653174737643,0.09581290030513967,0.001202192832301754
3313,3313,CHD5,0.19060358567755106,6.1144444481825575,0.1387309577665207,0.01924627864281615,0.27427511915202485,0.17279923658439852,0.41106150634902744
3314,3314,CHD6,-0.3496581899989823,8.558710602440993,-0.2812121314666293,0.07908026288400477,0.0243860105220959,0.1515390982550118,0.056831581775289144
3315,3315,CHD7,-0.4342621914530741,9.732302067419266,-0.4376980477727136,0.19157958102404465,0.00029819356741193,0.11329225012146993,0.0011457384141776693
3316,3316,CHD8,-0.07472013235504453,7.5659985439554225,-0.08101223442053795,0.006562982125808196,0.5245342033096866,0.11675119822156638,0.6570639907421779
3317,3317,CHD9,0.2092015935991975,5.830636913720274,0.2451893351447736,0.060117810068736115,0.0508462155615379,0.1050519885733372,0.10610674566345403
3318,3318,CHDC2,0.08283218146464348,6.682303521940116,0.09513917873057624,0.00905146332952853,0.4545740659756877,0.11007011152702696,0.5937414189474212
3319,3319,CHDH,-0.3936743272020853,9.242689608725307,-0.4287599746248609,0.18383511584031131,0.00040800501153500935,0.105345494287449,0.0015212376936622981
3320,3320,CHEK1,-0.1970584849529654,8.135475152953576,-0.6484447196081501,0.4204805543876924,6.891580726132383e-09,0.029380578533605456,1.0640598730278887e-07
3321,3321,CHEK2,-0.2261733211574189,8.498530852457103,-0.6183585775346544,0.3823673304106812,5.188348792720324e-08,0.03650650616622875,5.71193152548849e-07
3322,3322,CHERP,-0.4871948301339326,10.247875406882759,-0.38284305793035933,0.14656880700546854,0.001794666380525431,0.14930360912546675,0.005687618977063985
3323,3323,CHFR,0.21702048333394425,5.422791722804289,0.5113773509538995,0.2615067950686277,1.5723202956609233e-05,0.04631659712671146,8.404985436321228e-05
3324,3324,CHGA,0.0759635349815039,6.368194611119621,0.7567688279561624,0.5726990589661437,4.708160218584593e-13,0.008333223149788625,5.69932204322276e-11
3325,3325,CHGB,0.10845455570224348,6.4645583395408215,0.7081823342524775,0.5015222185472877,5.947839096908099e-11,0.013731872693544995,2.1683578391169173e-09
3326,3326,CHI3L1,-0.12275045914525155,7.64423617304217,-0.5166746855005931,0.2669527306371368,1.2383917825110715e-05,0.025833073933309785,6.802986821480784e-05
3327,3327,CHI3L2,0.1371302032762486,6.404284314429253,0.2458640234241511,0.06044911801431151,0.05019248762890948,0.0686597856090298,0.10500611724510046
3328,3328,CHIA,0.18625203691304065,6.202165755817548,0.201315391930464,0.040527887028116334,0.11067648311499816,0.11509180033428748,0.20162355866537268
3329,3329,CHIAP2,0.2585373169338517,6.2347600435896275,0.15875572345552258,0.025203379729886358,0.2102136770079185,0.20419965719253028,0.3349147959661055
3330,3330,CHIC1,-0.2105173607599881,8.116474512283514,-0.2374906890924247,0.05640182740559474,0.058809897257492125,0.1093550969279426,0.11990663074201977
3331,3331,CHIC2,-0.014009231014988478,7.124271726850889,-0.02009477495292956,0.0004037999804088853,0.8747675493451035,0.08852126339997175,0.9225252850635928
3332,3332,CHID1,-0.3790318041364525,9.762311001261695,-0.5014399358718953,0.25144200928721044,2.434710350146672e-05,0.08305649771235171,0.00012431891684137276
3333,3333,CHIT1,0.0594517677046862,6.763082278414742,0.20355115795832093,0.04143307390617332,0.10668935773440973,0.03631671603617601,0.195892660822337
3334,3334,CHKA,-0.10308489232122782,7.738639406655839,-0.1308686137396311,0.017126594062132763,0.30265546954649475,0.0991773424920756,0.44194229217999625
3335,3335,CHKB,0.07816166545991361,6.4519454632935656,0.12261626412347312,0.015034748227597318,0.3344219154952919,0.0803452737470714,0.47656663464402116
3336,3336,CHKB-AS1,-0.1939026203136939,7.960600551288691,-0.17266189630020018,0.029812130433981083,0.17245976049258518,0.14048153597825294,0.2866687447666626
3337,3337,CHL1,0.464437847462073,5.355782496902033,0.5609713532408543,0.3146888591568754,1.4251172745241992e-06,0.0870432244659824,1.0010027434259336e-05
3338,3338,CHL1-AS1,-0.052460453434944834,7.200198790817113,-0.037859048661366065,0.001433307565543683,0.7664592497197227,0.17585512783503635,0.8487254577971259
3339,3339,CHM,-0.15755896029960925,7.818635913843303,-0.17486706113086914,0.03057848906854713,0.1669596048968752,0.11266670063211864,0.27951374132522866
3340,3340,CHML,-0.5660083461308998,9.317143859080351,-0.5993157728176188,0.3591793955479797,1.6741143910894963e-07,0.09601509510417112,1.546627437672485e-06
3341,3341,CHMP1A,0.018614586395392943,6.861338100911282,0.017582253205696976,0.0003091356277892416,0.8903223084750576,0.13443609152851033,0.932659132644513
3342,3342,CHMP1B,0.4219653956388055,3.3973772995955054,0.6401572770118575,0.4098013393112361,1.2284566808852346e-08,0.06431220727113354,1.7162728661012748e-07
3343,3343,CHMP2A,0.5195214350434011,1.6677865145406985,0.6478725173199267,0.4197387986984587,7.17624779083578e-09,0.0775764380509424,1.0959213392845474e-07
3344,3344,CHMP2B,0.3153611554110013,4.050110347381576,0.3981056058243399,0.1584880733887647,0.0011225109456835462,0.09228777978792116,0.0037599341885192874
3345,3345,CHMP4B,0.18632335256155025,5.312344669093418,0.3780685462903743,0.1429358256941169,0.0020690845381701934,0.05794387945542472,0.006475795009983457
3346,3346,CHMP4C,-0.17761413615985244,8.660057330958209,-0.5165882211767681,0.2668633902585774,1.2432667905065018e-05,0.03738777643610753,6.822843980845995e-05
3347,3347,CHMP5,0.1966193116977316,5.1814148360707994,0.30580441452126034,0.09351633994069082,0.013994706997205971,0.07774394352379264,0.03501506412761356
3348,3348,CHMP6,0.4015668862881546,4.233277895156442,0.4343922635234846,0.18869663860905647,0.0003351948652759179,0.10574786407986664,0.001273223084993861
3349,3349,CHMP7,-0.3065232565634353,9.429798145779127,-0.29674392793090937,0.08805695876386473,0.017262645133282458,0.12527649726671572,0.04211136424030997
3350,3350,CHN1,0.01970982590947541,6.911291030632075,0.031815605281736485,0.001012232739443259,0.8029187271496959,0.0786369822403796,0.8741427410315216
3351,3351,CHN2,0.031940675715658826,6.799894404457469,0.0709669575347981,0.005036309061745839,0.5773570295306021,0.05701586063703079,0.7012544996626389
3352,3352,CHODL,0.27324108488316257,5.7343027976497885,0.6250170128022859,0.3906462662922929,3.380889474428749e-08,0.04334041401222875,3.942550434504823e-07
3353,3353,CHORDC1,-0.2416272002093555,8.415995026192128,-0.2721717184165289,0.07407744430580629,0.029576658946686613,0.10849115018384407,0.06710136715458341
3354,3354,CHP1,0.3840468612603045,3.4699164140498597,0.590318277879522,0.3484756691986445,2.837008977162038e-07,0.06669103606134819,2.442760612343695e-06
3355,3355,CHP2,0.08976048452895294,6.229162051412593,0.7500101971578602,0.5625152958407723,9.85471158455566e-13,0.010053183552756046,1.0113923192585441e-10
3356,3356,CHPF,-0.3694396371323148,9.761376813111754,-0.5244479605981297,0.27504566337553743,8.66045683956306e-06,0.07617291391476019,4.9483428195445397e-05
3357,3357,CHPF2,-0.1053779298995096,7.7401450110988845,-0.10290757476503272,0.0105899689440208,0.4184079742721969,0.129358398243852,0.5594955680997478
3358,3358,CHPT1,0.2290897541462572,5.322431458511245,0.4936221060312777,0.2436627835627539,3.4021327984686e-05,0.051259333650311066,0.00016751520179817536
3359,3359,CHRAC1,-0.2617317806677853,8.698105657961737,-0.3167956393990011,0.10035947714222193,0.010757629973911649,0.09952127350328503,0.027875610516340403
3360,3360,CHRD,0.16036917169426004,6.274777147632837,0.14174972775448685,0.02009298531847113,0.2638658453649458,0.14223132018734552,0.3989119576499512
3361,3361,CHRDL1,0.12292446771447033,6.440894803826442,0.6551100940964782,0.42916923538709656,4.2736127555771475e-09,0.018004534030243574,7.107702488221592e-08
3362,3362,CHRDL2,0.002247099382398425,7.006143084205512,0.0035121673788108773,1.233531969678327e-05,0.97802613609568,0.08125471141392883,0.9872811848383345
3363,3363,CHRM1,0.006625731996522295,6.990182004230253,0.006745559234231259,4.550256938252262e-05,0.9578104228043064,0.12474127512562315,0.9745059531022013
3364,3364,CHRM2,0.06318419600072385,6.748148985464401,0.08042224500320952,0.006467737491356258,0.5275685460478622,0.09945518135423696,0.6594606825598277
3365,3365,CHRM3,-0.2271011836815254,8.246677274226974,-0.6267504485285967,0.3928161247307972,3.019171661282298e-08,0.03585824370244918,3.578627934210014e-07
3366,3366,CHRM3-AS2,0.21237747166179466,6.2591396031198965,0.24221678917542944,0.05866897295845444,0.053809763070812484,0.10803874868106307,0.11125171083620818
3367,3367,CHRM4,-0.12807657271263348,7.659724219825712,-0.16447181773519712,0.0270509788291199,0.19404475539290825,0.09755002908770788,0.3147830682473165
3368,3368,CHRM5,0.06117940186423504,6.780176153902439,0.08752828128824057,0.007661200025273364,0.4916120848158533,0.0884282371780122,0.62806416566325
3369,3369,CHRNA1,0.3820855360600645,5.5180930331517954,0.6284495506467496,0.3949488377081015,2.7003743780466063e-08,0.06006069904860865,3.2559358105010725e-07
3370,3370,CHRNA10,0.2376730731303087,5.948637156952321,0.15798357237351218,0.024958809139896763,0.2124686646505318,0.18866167607533865,0.3375039254695437
3371,3371,CHRNA2,0.2853539713248524,5.234902076013744,0.29298173636920355,0.08583829784591349,0.018800172938572543,0.11826576335135673,0.04540684195681334
3372,3372,CHRNA3,0.3922194311429893,4.9439315827376396,0.6254544766978679,0.3911933024214038,3.28592193695453e-08,0.06214086096734964,3.848385048391041e-07
3373,3373,CHRNA4,0.19744327381089,6.175824702947273,0.2082231745701346,0.043356890428064745,0.09871685645321483,0.11778565710766087,0.1840476561768719
3374,3374,CHRNA5,-0.1334481036829094,7.655095578560138,-0.4219761166557556,0.17806384302787184,0.0005146856227851061,0.03641226826130065,0.0018678594203806725
3375,3375,CHRNA6,0.09860178484202602,6.575824977242174,0.09665360953748042,0.009341920236623726,0.4473917575723401,0.12895338513121654,0.5871677884987289
3376,3376,CHRNA9,-0.31105256678711696,7.980365945940794,-0.21259471772088825,0.045196514002824144,0.09168473279306208,0.18156932253714655,0.17329430816389624
3377,3377,CHRNB1,-0.11684591617040807,7.625416681155277,-0.1601541618012858,0.025649355542272437,0.20617280135387864,0.09146124376231596,0.33005633276545
3378,3378,CHRNB2,0.2668181672550888,5.243695028074766,0.2643119876297426,0.06986082680478521,0.034814285455447916,0.1236450284956589,0.07721255136601031
3379,3379,CHRNB3,-0.12843856005229148,7.456460609294328,-0.09783926371104926,0.00957252152352024,0.44181291821662216,0.16591962134889499,0.5822455418683637
3380,3380,CHRNB4,0.06222096674450117,6.817982570123986,0.0386251744350291,0.0014919041001364257,0.7618713258830475,0.20443076382509456,0.8458523742076086
3381,3381,CHRND,0.2369610589734092,5.862231947083736,0.3129079741194876,0.09791140026756194,0.011819353450865086,0.09134590937385934,0.03025391240880419
3382,3382,CHRNE,0.2642571845146067,5.662550761931951,0.21985237052848933,0.048335064826996184,0.08088382602442387,0.1489161638125126,0.15627580768726793
3383,3383,CHRNG,-0.04687911034087913,7.256625492507733,-0.051209100948801184,0.00262237201998451,0.6877853440502337,0.1161090779919393,0.7900064512495524
3384,3384,CHST1,0.13030107470473332,6.426720378966162,0.08855617059575574,0.007842195350584594,0.4865194220908314,0.18613313891433012,0.6233481677876458
3385,3385,CHST10,0.10996266587526107,6.406000422673183,0.1339468298768002,0.017941753234044455,0.2913252251991782,0.10332028589264856,0.4299787180812571
3386,3386,CHST11,0.2829717216119281,5.619672578437535,0.4930170252671995,0.2430657872033185,3.490199980764338e-05,0.06341826305599167,0.00017146161656862916
3387,3387,CHST12,0.19455207016114326,5.939980443294686,0.2565485428660634,0.06581715484670038,0.04072450785184023,0.09308643609101797,0.08819774152731275
3388,3388,CHST13,0.3749870460710104,5.0155666930006335,0.4829073273075206,0.23319948676729285,5.311707681994224e-05,0.0863570548991282,0.0002487027672509944
3389,3389,CHST14,-0.24413921583951445,8.503496245393398,-0.3015002375250142,0.09090239322764,0.015473885781989697,0.0980526417923562,0.0382746431826073
3390,3390,CHST15,0.300215877059808,5.389835502714252,0.5972276476355959,0.3566808631003475,1.894845305400803e-07,0.05120485521705904,1.7211776463277848e-06
3391,3391,CHST2,0.3734125845460547,5.2097246845784815,0.32316066618630146,0.10443281616997416,0.009197544441005658,0.1388748799153922,0.024310121429266144
3392,3392,CHST3,-0.4179274265911976,9.0743027707726,-0.5208859791607561,0.2713222032862596,1.021378420268362e-05,0.08698214809130453,5.74492199763932e-05
3393,3393,CHST4,-0.11373718961239578,7.528780375298426,-0.5149491559117846,0.26517263317425943,1.3391261671366127e-05,0.024045563472562426,7.275157338018903e-05
3394,3394,CHST5,0.11075686916992802,6.105830016379505,0.42194098450775097,0.17803419440737014,0.0005152986320952687,0.03022386422738832,0.0018694575101395616
3395,3395,CHST6,0.09974918400463613,6.5230512551941215,0.11410223739849322,0.013019320579342105,0.3693114710957941,0.11029953258896344,0.5124038125136318
3396,3396,CHST7,-0.0014984955849764927,7.022107860270062,-0.0024709698313200466,6.10569190729382e-06,0.9845394221605198,0.07701775481177332,0.9907617076484064
3397,3397,CHST8,0.17058173143446834,6.068060439864994,0.18033572901806705,0.0325209751604777,0.1538763308032989,0.11816141219449028,0.2620884020406983
3398,3398,CHST9,0.4281181332037882,5.710953631418271,0.20412394924931668,0.04166658665713762,0.10568596942350916,0.2607546917368677,0.19439647225567747
3399,3399,CHSY1,-0.14459361282574373,8.07769804355998,-0.3115194130713919,0.09704434472034452,0.012219947687247438,0.056014615560969455,0.03116144220058211
3400,3400,CHSY3,0.10700850352193116,6.450054659766022,0.0946674506546695,0.008961926213454284,0.4568241500864505,0.14291141974668142,0.5959353596459088
3401,3401,CHTF18,-0.26894931957924834,8.637329914519162,-0.7224559874147959,0.5219426537514877,1.596054158540007e-11,0.03268911843575558,7.927191009904554e-10
3402,3402,CHTF8,-0.488135154949177,11.318080131044605,-0.6247272583293246,0.3902841472996747,3.445213886493282e-08,0.07748498070462588,4.0089256696406244e-07
3403,3403,CHTOP,-0.3737276326880247,9.89175215476088,-0.4640729304775523,0.21536368480202311,0.00011223639204680928,0.09059564699186166,0.00048147366675389364
3404,3404,CHUK,-0.021261626512005586,7.156450984105227,-0.040240151657301694,0.0016192698054026402,0.7522269559714251,0.06704850927609703,0.8390149230780948
3405,3405,CHURC1,-0.16931573920392712,8.404499095161574,-0.347418566039718,0.1206996600290939,0.004911829086665736,0.05803862077858363,0.013984441082270116
3406,3406,CIAO1,-0.5114921250157904,10.59805872768938,-0.43121232932929626,0.18594407296559745,0.00037469440020961226,0.13591865192502608,0.001408612753992501
3407,3407,CIAPIN1,-0.40114961208286665,9.66016121683737,-0.5182276287646417,0.2685598752150233,1.1538069227385225e-05,0.08407741662373748,6.400022774565241e-05
3408,3408,CIART,0.2659368687916344,5.797713567097109,0.3147172452269589,0.09904694444324576,0.01131446638870755,0.10186224563743528,0.029109512848694546
3409,3409,CIB1,0.4249556287274669,2.5514259078958657,0.5690936685594447,0.32386760359444705,9.259782958998579e-07,0.07797939475840826,6.893111033933112e-06
3410,3410,CIB2,0.13381800049614054,6.2503729961867895,0.1724215175422321,0.02972917971156625,0.1730672143612755,0.09708982400204044,0.2874057152602317
3411,3411,CIB3,0.1207941777283583,6.516838707602875,0.10192785079521544,0.010389286767731702,0.42287585744677136,0.14972333223924808,0.5638084406483089
3412,3412,CIB4,0.08245148996445446,6.70194807172036,0.08267499907619216,0.006835155472248375,0.5160297170518118,0.12622318476123884,0.6496745738924181
3413,3413,CIC,-0.09380978861004936,7.662048570097919,-0.10442898361458187,0.010905412618774613,0.4115238358245331,0.11346193193450535,0.5531000909123799
3414,3414,CIDEA,0.02769271995765887,6.88574364265078,0.033073069945390166,0.0010938279556126703,0.7952951791370927,0.10628148358107813,0.868269075080098
3415,3415,CIDEB,0.2866178827881018,4.908323778716597,0.6061655625898459,0.3674366892698644,1.1082053260190131e-07,0.04776042454608419,1.0888469298975376e-06
3416,3416,CIDEC,0.19155806608962234,5.676887068213255,0.5757085544835269,0.33144033970551195,6.461906912624147e-07,0.03455190529629087,5.010117944607086e-06
3417,3417,CIDECP,-0.21572618790434134,7.785748586255138,-0.1542839732644937,0.02380354440627901,0.22350937772868307,0.1754505859333021,0.3508841216989004
3418,3418,CIITA,0.33491780696116336,5.436270546459972,0.2987539485829163,0.0892539217938838,0.01648621879447006,0.1358711949559372,0.04047262985990808
3419,3419,CILP,0.28102566769782583,5.649180687368762,0.5403388874780047,0.2919661133209679,4.053551377518102e-06,0.05557902721170637,2.5304022796239404e-05
3420,3420,CILP2,0.04821105192761438,6.8259101210651965,0.05267246479346732,0.0027743885474190546,0.6793415452723248,0.11608171965643115,0.7836746837242805
3421,3421,CINP,-0.5074740742444579,9.613219159458142,-0.5611602220831992,0.3149007948484654,1.4110837834300084e-06,0.09506220170641844,9.937242058594092e-06
3422,3422,CIPC,0.2493569417256717,5.1878280720471714,0.6638763451260173,0.4407318016178789,2.238188849351401e-09,0.0356737271332658,4.128448001082162e-08
3423,3423,CIR1,-0.15887739794508335,7.979232456624342,-0.18258352828746502,0.033336744801899534,0.14872502233190724,0.10865314051708047,0.25524174659989307
3424,3424,CIRBP,-0.08000526989577694,7.624487260906551,-0.13027637920586627,0.016971934978990664,0.30486770957492604,0.07732857884137614,0.4444533627874662
3425,3425,CIRBP-AS1,-0.046394913794621566,7.231681184375111,-0.04511932005181358,0.0020357530419379873,0.7233232849727405,0.13045762636918798,0.8180689265203267
3426,3426,CIRH1A,-0.2350317781379773,9.043724653914161,-0.7793049189667995,0.6073161567258499,3.3368306582808635e-14,0.0240018568057662,7.568969308174707e-12
3427,3427,CISD1,-0.14827311827177686,8.270726807882964,-0.2308718804337333,0.05330182517500803,0.06643826440194496,0.07935993547527621,0.13266211301282785
3428,3428,CISD2,-0.4795582634994196,9.863493572361312,-0.4655189739724712,0.21670791512838228,0.00010613392903973205,0.11578972332996484,0.0004589317558617008
3429,3429,CISD3,0.4262701313342176,3.834752316482773,0.44496213189619216,0.1979912988216043,0.00022963621287873287,0.1089571025613703,0.0009084348172979467
3430,3430,CISH,-0.21531906160887834,8.519419310865286,-0.1830329349273452,0.033501055268117766,0.1477107042782549,0.14687845044308448,0.2537422894768848
3431,3431,CITED1,-0.04095758138258535,7.2371202706677495,-0.053361645824401935,0.0028474652450889127,0.6753783583273507,0.09733970840433072,0.7808915772106776
3432,3432,CITED2,0.28447899446124,5.04166220730112,0.7348195206774938,0.5399597279687017,4.773943358694375e-12,0.03334813879115784,3.142241441718137e-10
3433,3433,CITED4,-0.19066673592942826,8.215903000985373,-0.2465001403447417,0.06076231918997735,0.04958244274394123,0.09520278868756464,0.10390050296303922
3434,3434,CIZ1,-0.5230313719400925,10.535730170933316,-0.6418405914215995,0.4119593447964287,1.0939087138122836e-08,0.07936123020543348,1.5594860564585255e-07
3435,3435,CKAP2,-0.34416201847597616,8.845871770551064,-0.4534423619657676,0.2056099756250942,0.00016801046171068554,0.08591359565644577,0.0006885440099063012
3436,3436,CKAP2L,-0.18994152304546724,8.093613257555335,-0.6293836317398885,0.3961237559020917,2.5389612653248617e-08,0.02978397096402021,3.101026858466434e-07
3437,3437,CKAP4,-0.1916541695210952,8.473840647329991,-0.228327845135725,0.05213360486432361,0.0695739259249743,0.10378560287968837,0.13772953340390515
3438,3438,CKAP5,-0.21700920601504547,8.787996889127342,-0.5144320538281801,0.2646403380058796,1.3707669965456704e-05,0.045941396603867375,7.426559747359643e-05
3439,3439,CKB,0.10139710624379844,5.881744590412057,0.27090625933084456,0.0733902013446308,0.030372304248845725,0.045757166262154834,0.06863323056545488
3440,3440,CKLF,-0.2886556558641731,9.314409650019183,-0.6279287543803103,0.394294520577608,2.7945368722323044e-08,0.04543647247792256,3.350813730243109e-07
3441,3441,CKM,0.0815167672834045,6.661502312634049,0.09237984559738388,0.008534035872596483,0.4678218733346631,0.11158678799920142,0.6059674137902948
3442,3442,CKMT2,-0.06995550359321838,7.2946950632111855,-0.19742501506792276,0.03897663657456952,0.11788673711703485,0.04411546240219464,0.21201206646203719
3443,3443,CKMT2-AS1,-0.4895837280403851,9.101162079251488,-0.5192219300340765,0.2695914126283114,1.1025077814649066e-05,0.10234368221337188,6.140639405252714e-05
3444,3444,CKS1B,-0.2530214119521065,9.335278400950374,-0.6518152205242626,0.42486308170709297,5.4202462811877546e-09,0.03738716681662185,8.681614883071067e-08
3445,3445,CKS2,-0.1799837446740567,8.780790736819979,-0.6944436867701924,0.4822520340949771,1.9634281787051855e-10,0.02368424828484141,5.737926748969068e-09
3446,3446,CLASP1,-0.1062312388832804,7.633618218688404,-0.09845717998165598,0.009693816289940205,0.4389209194667303,0.13636212313198282,0.5794752010151724
3447,3447,CLASP2,-0.2899778021750748,8.535170239172258,-0.2942331233382021,0.08657313086935363,0.018276278894077642,0.11962287569788302,0.04428970674253036
3448,3448,CLASRP,-0.07501381921103374,7.586651185797447,-0.12722884655107355,0.01618717939471662,0.31641661041863656,0.07427045451436269,0.45707435785575173
3449,3449,CLC,0.04611711014938938,6.748349292199809,0.27123956686673684,0.07357090263405501,0.03016102006909738,0.020783528995141458,0.0681867248555244
3450,3450,CLCA1,0.03970826768433515,6.49356123031584,0.15721161131007308,0.024715490730709496,0.21474008199173747,0.03167861168258725,0.34011138229839666
3451,3451,CLCA2,-0.031303620095728554,7.138781997433664,-0.06629660730308475,0.00439524013989943,0.6027201094482388,0.05983439408498663,0.7216742296302866
3452,3452,CLCA3P,-0.6379531702518254,8.757053723749586,-0.3781316959643387,0.14298357949286708,0.002065222707345498,0.1983555900318276,0.006465577233998375
3453,3453,CLCA4,0.04959123103918752,6.5201366982634426,0.7371098657967012,0.5433309542548309,3.7894533504840534e-12,0.005774011013616479,2.690511878843678e-10
3454,3454,CLCC1,-0.31220806404131896,9.107639726439047,-0.5597134255029775,0.3132791186882772,1.5219761747536232e-06,0.058704673100552225,1.060437389455911e-05
3455,3455,CLCF1,0.06497803013877053,6.608194622488768,0.06795593263812462,0.004618008780717333,0.5936528850350247,0.12115412596300025,0.7145546787523461
3456,3456,CLCN1,0.06446884014632992,6.659346429037196,0.06768058327929223,0.00458066135302521,0.5951532843160954,0.12069602192665005,0.7154857254130375
3457,3457,CLCN2,0.22023306336604576,5.625430861253205,0.7607098341228157,0.5786794517311618,3.0265936900348227e-13,0.023865688325346718,4.2559017115392265e-11
3458,3458,CLCN3,-0.007370012741977112,7.083264677101791,-0.01021679152065986,0.00010438282897662722,0.9361374622576221,0.09160837825468804,0.9624732413199044
3459,3459,CLCN4,-0.5188791259212199,9.011850985370874,-0.41241021830704266,0.1700821881640626,0.0007083588230960038,0.14556550805659024,0.002492559430370146
3460,3460,CLCN5,-0.08316411507187227,7.413788298164907,-0.1103400520593159,0.01217492708845254,0.3854067778896811,0.09513645486879832,0.5284944133232676
3461,3461,CLCN6,0.11613455343623776,6.411691514036836,0.12463355010463055,0.01553352181168346,0.3264696050147565,0.11741703518408185,0.468096675774593
3462,3462,CLCN7,0.16239460487251733,5.917135904814504,0.13538559172644882,0.018329258447120685,0.28612613438355994,0.150933703382005,0.42429995082070715
3463,3463,CLCNKB,0.3144718962903607,5.365309126992892,0.2795147453316689,0.07812849285782772,0.02529712587773386,0.13718810827687047,0.05861810984014396
3464,3464,CLDN1,-0.133629654026533,7.723660866077982,-0.7308715899718041,0.534173281027913,7.069255528219447e-12,0.01584813333220188,4.194102149687456e-10
3465,3465,CLDN10,-0.12073668910007035,7.479464003269608,-0.1750395739206569,0.030638852438325107,0.16653480916345903,0.0862481869705547,0.2791046584966106
3466,3466,CLDN10-AS1,-0.422942636779031,8.318869357236611,-0.2906999090087526,0.08450643709769702,0.01978847915300175,0.17679434744655628,0.04748994987492769
3467,3467,CLDN11,0.4829971993767182,5.152301197558164,0.2671939105198203,0.07139258581887373,0.03281057494712264,0.22122707897888155,0.07330166104198295
3468,3468,CLDN12,-0.23724165142061995,9.269348085177311,-0.5627369900772149,0.3166729200011634,1.2988797569429637e-06,0.04425923941260239,9.246298861472675e-06
3469,3469,CLDN14,-0.18525429710661312,7.7953778911044,-0.14347197789253194,0.020584208440395168,0.25804787513173194,0.16228893539852632,0.39200282161199757
3470,3470,CLDN15,0.2310267760107646,5.615461348747747,0.34373175737302153,0.11815152102674575,0.005420202152456631,0.08015743276811678,0.015233546737371623
3471,3471,CLDN16,-0.24411539610258515,7.985725827772367,-0.26070378384808723,0.06796646291271019,0.03746565489380165,0.11480683946238728,0.08210897244461844
3472,3472,CLDN17,-0.000906740225990811,7.0201316326987495,-0.0010400000588153707,1.0816001223359752e-06,0.9934925107214236,0.11072697602702944,0.9960222370218718
3473,3473,CLDN18,-0.2853356047385792,8.204184726248156,-0.23243352078406865,0.05402534158407808,0.06457039202874322,0.1516355786272017,0.1295415823033569
3474,3474,CLDN19,-0.100958264608025,7.5573410076790575,-0.08724390459387871,0.007611498888785809,0.493025938455325,0.14640361470846522,0.6294408757991967
3475,3475,CLDN2,-0.08439453724398847,7.517069399462446,-0.7186239325013948,0.5164203563637692,2.290106059498564e-11,0.010371720872133136,1.0204165991448847e-09
3476,3476,CLDN20,0.06915872831579657,6.786283913708264,0.05071040852119743,0.002571545532386733,0.6906716262702923,0.1729796132238894,0.7922711127705891
3477,3477,CLDN23,0.15786173922232669,6.071534841396173,0.7982773552391784,0.6372467358876575,2.7925901460778288e-15,0.015126306398621297,1.2682653181205454e-12
3478,3478,CLDN3,0.1610620370402347,5.2673528717831415,0.2264877893480048,0.05129671872374618,0.07191491832960066,0.08796658884866244,0.14169025169934515
3479,3479,CLDN4,0.3740541399487912,4.318757508647376,0.3377391311575876,0.11406772071508214,0.0063457063383674205,0.1323907071935495,0.017505257421318025
3480,3480,CLDN5,0.312101211920196,5.047955264921459,0.6135659175108356,0.3764631351309135,7.01855019785481e-08,0.05101165930911412,7.377995365754656e-07
3481,3481,CLDN6,0.2748920118222434,5.462183076753137,0.2653388566216181,0.0704047088332676,0.03408895486173903,0.1268563990000359,0.07579017633788078
3482,3482,CLDN7,0.3586700896483067,3.1048761608685838,0.6391983894099562,0.40857458102428207,1.3119600232731389e-08,0.054804174146579385,1.8130500513069447e-07
3483,3483,CLDN8,0.04872491027892406,6.646812306649068,0.7284342766989443,0.5306164954699142,8.977401572360178e-12,0.005820077147922728,4.984759770498966e-10
3484,3484,CLDN9,0.08131929707087845,6.594574656704482,0.1369918339325978,0.018766762564216458,0.28039452670183296,0.07467740479192707,0.4178613636864767
3485,3485,CLDND1,0.1446172097258403,6.16668899518799,0.11020992311677824,0.01214622715340617,0.3859708691461411,0.16563410493147154,0.5289329940108648
3486,3486,CLDND2,-0.04563803742296671,7.206088357702347,-0.05793972684718857,0.0033570119471268245,0.6492785896316154,0.0998675693361157,0.7595963186641077
3487,3487,CLEC10A,0.1801246992493243,5.902769916768965,0.7253155668289123,0.5260826714843463,1.2143064823196294e-11,0.02171209446488808,6.382477396755236e-10
3488,3488,CLEC11A,0.06479147995133454,6.682903749832027,0.07058170039020173,0.004981776429972203,0.5794305574182683,0.11629082619503915,0.7030064486321932
3489,3489,CLEC12A,0.5806066610074199,5.137143402482959,0.28488977586644143,0.08116218439323124,0.02250675836708449,0.2481011263997977,0.05309770698760373
3490,3490,CLEC12B,-0.05150040752245207,7.174357667946004,-0.02176631243775825,0.00047377235713810947,0.8644449532383993,0.30041876699122744,0.9161432712953329
3491,3491,CLEC14A,0.3940246779492305,4.673148541084287,0.41167328789136,0.16947489596328255,0.0007257224217873218,0.1107774266088222,0.0025458478930511018
3492,3492,CLEC16A,-0.07323125625364997,7.414017919200416,-0.058922204463175275,0.0034718261788002323,0.6437304452980925,0.15756742712833516,0.7551862393916352
3493,3493,CLEC1A,0.22740214118335506,6.0013979006641165,0.31830102717858283,0.10131554390294092,0.010369299132105188,0.08601303650896913,0.0270388882277102
3494,3494,CLEC1B,-0.08434372492737116,7.341256756095137,-0.0903948731491362,0.008171233091648423,0.4774794438120114,0.11801344353895515,0.6148431560771307
3495,3495,CLEC2B,0.2540781729522561,5.539649361392412,0.6371731300892296,0.4059895977077063,1.5063265054217152e-08,0.03903112643346367,2.0285759001807986e-07
3496,3496,CLEC2D,0.24900721004112206,6.147253891173039,0.41782474579596296,0.1745775181994611,0.0005918911878785186,0.06876383138064388,0.002122789611379483
3497,3497,CLEC2L,0.08658602308089479,6.621152628711733,0.07794356152758564,0.006075198783604528,0.5404111926241418,0.14065282698103407,0.6705163419304463
3498,3498,CLEC3A,0.39227830389731533,5.3492817476972965,0.33455503728301994,0.11192707297144286,0.006891758329677503,0.140331506076694,0.018865001469999535
3499,3499,CLEC4A,0.1106248057753101,6.49519316550573,0.19632894055949468,0.038545052901213586,0.11998169044960287,0.07016763237603695,0.21490517011465263
3500,3500,CLEC4C,0.028076811736926062,6.930755115422711,0.012348815037350505,0.00015249323282669392,0.9228478231219062,0.2887310853849266,0.9538120279546046
3501,3501,CLEC4D,-0.31751755254703057,8.151292211913201,-0.19051393699927816,0.03629556019096493,0.1315747454617934,0.20778637742651604,0.2313454947202936
3502,3502,CLEC4E,-0.25953635975948536,8.129774690220103,-0.15102629537206433,0.02280894189381002,0.2335575068013744,0.21574440258836372,0.3633740895208523
3503,3503,CLEC4F,-0.009013671203940057,7.053087720481644,-0.008576661493454334,7.355912237330233e-05,0.9463729770790462,0.13346630093759554,0.9680084463958597
3504,3504,CLEC4G,0.2637911848204796,6.023815289842683,0.2680558176527293,0.07185392137747325,0.03223037389578055,0.12040578781251188,0.07222899169130992
3505,3505,CLEC4GP1,-0.06293276634319135,7.26643391625562,-0.07682929792263697,0.00590274101928531,0.5462337266379675,0.10372144328545856,0.67562235924153
3506,3506,CLEC4M,0.09787922720674648,6.646842971266287,0.05731280844437683,0.0032847580117818308,0.6528288278045902,0.21653522051023985,0.7622213266490395
3507,3507,CLEC5A,-0.21002819509797452,7.695450679531626,-0.2400327015144949,0.057615697796346614,0.05607567922287046,0.10787613150931004,0.11533087981491688
3508,3508,CLEC7A,0.5284300626400836,4.869096462030838,0.5729410001158012,0.3282613896136945,7.518733667663903e-07,0.09600236370081834,5.757361300327504e-06
3509,3509,CLECL1,0.4421466565014969,5.198511228998345,0.5608216483083879,0.31452092121133723,1.4363336351727937e-06,0.08289776718801906,1.0082270622258299e-05
3510,3510,CLGN,0.14200478778171605,6.547085913101762,0.262780283598384,0.0690534774480471,0.035920064206900304,0.06621810259889574,0.07908184123631823
3511,3511,CLHC1,-0.16169164043995415,7.644721460412376,-0.3522445718207497,0.12407623837718333,0.004310183681838878,0.05456077959151412,0.01243996103294961
3512,3512,CLIC1,-0.6079685631189207,14.09933503187298,-0.6000663383692189,0.36007961044384185,1.600874802881584e-07,0.10293166256542784,1.4929777715934843e-06
3513,3513,CLIC2,0.18135657494120191,5.94771176364393,0.6779542202285324,0.4596219247256774,7.564325375105272e-10,0.024973876054195456,1.7080861939301842e-08
3514,3514,CLIC3,-0.10914677625804513,7.666343297405727,-0.635963189759032,0.4044491787284825,1.6351407176976873e-08,0.016820639504447347,2.1749982949473844e-07
3515,3515,CLIC4,0.11359448359059272,6.101642241983686,0.31464833420090416,0.09900357421540387,0.011333348563905214,0.04352086253535525,0.029148039857555805
3516,3516,CLIC5,0.25008077267857576,5.3536491968595525,0.7458621989371552,0.5563104198033685,1.5329653868247983e-12,0.028363869293634412,1.38896926576113e-10
3517,3517,CLIC6,0.1218327906464915,6.384812102404113,0.5116405139576249,0.2617760155228225,1.553928168417839e-05,0.025983490775233355,8.314878795920016e-05
3518,3518,CLINT1,0.034300380984758544,6.742284288910711,0.0395804235055646,0.0015666099248798507,0.7561622764384308,0.1099720220806904,0.8418865859266951
3519,3519,CLIP1,-0.21373221424106875,8.060259568225861,-0.12788697912191466,0.016355079428929033,0.31389915311899835,0.21050721630377006,0.4543526971349741
3520,3520,CLIP1-AS1,0.22403338006671744,6.132283203193923,0.22203704934452825,0.04930045128162446,0.07783795496724846,0.12494333185245388,0.15156738735866968
3521,3521,CLIP2,0.11898406123041964,6.173002354488244,0.23714170790038824,0.056236189625913056,0.05919355484955152,0.06190370749273226,0.12059802712080517
3522,3522,CLIP3,0.28021175188809744,5.567770639513316,0.35641310122295183,0.1270302987233621,0.003843963341197269,0.09329028637108876,0.01122068312611406
3523,3523,CLIP4,0.3786929958595392,5.439005694640123,0.6721716932304167,0.4518147851802454,1.1895238444344462e-09,0.05297547598818522,2.453251319164565e-08
3524,3524,CLK1,-0.03258508839209076,7.262011351882228,-0.10775876266889377,0.011611950931930973,0.3966879632315434,0.03817984891397868,0.538879483330975
3525,3525,CLK2,-0.23153233456854735,8.738467280843425,-0.3357074181530444,0.112699470602983,0.0066895552309687994,0.08250689402880268,0.018369555988667175
3526,3526,CLK3,0.21829374073922447,5.641824196952454,0.2228286691561305,0.04965261579789226,0.07675704297056983,0.12128736576682715,0.14963919638501405
3527,3527,CLK4,0.001645404892281766,7.007930646465138,0.0028877450720905386,8.33907160138319e-06,0.9819321102804104,0.07236295232929926,0.9895174204533617
3528,3528,CLMN,0.32936536744034217,4.656562744224537,0.6768757140982113,0.4581607323359636,8.237087731995109e-10,0.04548920976417952,1.822003420187478e-08
3529,3529,CLMP,0.25878379433954485,5.691140141652504,0.6469116281370398,0.4184946546189157,7.679516465188305e-09,0.038741205424898735,1.1556631622908461e-07
3530,3530,CLN3,-0.0017675106432140386,7.031429133688768,-0.001900215556088996,3.6108191596026122e-06,0.9881102702746236,0.11813063532453515,0.9927404612970666
3531,3531,CLN5,0.19902525067567814,5.533640003522804,0.28502339394711484,0.08123833509713223,0.022440859782499618,0.08500280568511097,0.05296532082725114
3532,3532,CLN6,-0.667557732059668,10.395890725699157,-0.5859545564902043,0.3433427422716321,3.643157476636063e-07,0.11724610508412435,3.0319975079382765e-06
3533,3533,CLN8,0.180106483578492,6.013577229264593,0.18174719763813954,0.033032043849316954,0.15062643112717208,0.12375758340617915,0.25778988113956464
3534,3534,CLNK,0.04923468504113608,6.813228059182137,0.029233858786146236,0.0008546184995283397,0.8186276404486632,0.2137979403803735,0.8857087116797302
3535,3535,CLNS1A,-0.3227739537333993,9.484709495472103,-0.38320782215753696,0.14684823496272248,0.0017751085208853547,0.09880556789150527,0.00563258947755351
3536,3536,CLOCK,-0.3206694879718135,9.293869072962998,-0.38602486299746136,0.14901519485220882,0.0016303873732419016,0.09732119183879316,0.005227426498009088
3537,3537,CLP1,-0.2620956896489013,8.778920883427304,-0.17742571302618282,0.03147988364284938,0.16074025243491222,0.1846297992688761,0.2714097595694366
3538,3538,CLPB,-0.22835620849982416,8.239703598747804,-0.30209010301998424,0.0912584303426247,0.01526355398841424,0.09151676902138033,0.03780968446798334
3539,3539,CLPP,-0.3170706745212953,9.765305695120084,-0.5196565984418827,0.27004298030418816,1.080755867584142e-05,0.06620525006005779,6.036566497945472e-05
3540,3540,CLPS,0.2160298632560525,6.062791740802228,0.23339624378093846,0.05447380661105124,0.06344010647989086,0.11430385189895945,0.1276642975394514
3541,3541,CLPTM1,0.0272715792554478,6.799005962985711,0.037621079989615565,0.0014153456595850519,0.7678859546611841,0.09199741584765553,0.8492695550997408
3542,3542,CLPTM1L,-0.2934463350855431,9.208256985695572,-0.1987432143718897,0.0394988652588709,0.11540444804370215,0.1837762886267664,0.20841325347230172
3543,3543,CLPX,-0.28418625069368475,9.06735394295188,-0.5390192677269372,0.29054177098088363,4.323712098304229e-06,0.056398342826061564,2.6805034494353874e-05
3544,3544,CLRN1,-0.034435012273551856,7.1447427367885314,-0.021653739868748717,0.0004688844503034375,0.8651394577837666,0.20191549190136235,0.9166550033421795
3545,3545,CLRN1-AS1,-0.1322305491418826,7.466845607498997,-0.09580403621632476,0.009178413355338866,0.4514131495083791,0.17448169857333892,0.5907149632482156
3546,3546,CLRN3,0.132871011082867,5.47059046753922,0.21202595002584693,0.04495500348436294,0.092576782401422,0.07777809359567238,0.17455378518962067
3547,3547,CLSPN,-0.6693270731416954,9.424486657779498,-0.4305454977177857,0.18536942560505584,0.0003834974881024223,0.1781984195297613,0.0014395281859694842
3548,3548,CLSTN1,0.3139936224223936,3.9253203362169033,0.541041721016716,0.2927261438807299,3.916184016328366e-06,0.061985203164506814,2.455268236062269e-05
3549,3549,CLSTN2,0.5510325546204498,4.919565351976897,0.4579694409983852,0.20973600888837335,0.00014171870341373228,0.1358410436944765,0.000591769865488695
3550,3550,CLSTN2-AS1,-0.13519835988170167,7.5276177787050536,-0.10560679079519457,0.011152794262059987,0.4062397682322444,0.16167703212827478,0.5483143520995565
3551,3551,CLSTN3,0.10707456794534607,6.408011297065383,0.17715813510800432,0.03138500483494591,0.1613825450028868,0.07554487031695065,0.2723031799935728
3552,3552,CLTA,-0.905057173721222,14.459928992218034,-0.5684905122051537,0.323181462467278,9.56484881279475e-07,0.16633861151273202,7.093578245051491e-06
3553,3553,CLTB,0.19398735958261945,5.52016348380756,0.22851240965963265,0.052217921368451777,0.0693425237052884,0.10495957011776333,0.13738447857621414
3554,3554,CLTC,0.6898507099429025,2.929760998847016,0.261557829237191,0.06841249803527158,0.03682341197408981,0.323298264458202,0.08084052983565641
3555,3555,CLTC-IT1,0.2177907148654116,6.247290328734566,0.27894826784232696,0.07781213613223463,0.02560752263305002,0.09522030055907676,0.059251084797382
3556,3556,CLTCL1,0.1244278517051082,6.3384627080663165,0.13642120917887482,0.01861074631382632,0.2824219283430308,0.11475206581111515,0.4203290140618747
3557,3557,CLU,0.16618566660788125,6.066264294265504,0.4599474263189811,0.21155163497745452,0.0001314647277879681,0.04074517187592618,0.0005541889585844752
3558,3558,CLUAP1,-0.5364330299787327,9.676631224646128,-0.5972776002667269,0.3567405317803801,1.8892588904573187e-07,0.09148218569173593,1.7189874484392115e-06
3559,3559,CLUH,-0.3602484593817779,10.09978667402366,-0.38066854618485824,0.14490854205449355,0.0019153200102143574,0.11113876793931704,0.006039058651891659
3560,3560,CLUHP3,0.08445775532951136,6.559814478388772,0.05946777129650078,0.003536415822972922,0.6406578972689311,0.18004984155755432,0.7527408800800122
3561,3561,CLUL1,-0.0025834121159834986,7.0250112905731825,-0.0018247080419148915,3.329559438228877e-06,0.9885826918976708,0.17980581719543992,0.9930768749382595
3562,3562,CLVS1,-0.21734377997072174,7.7997595167090825,-0.1827201658861884,0.033386659021476195,0.14841608169693493,0.14852216891497874,0.25483271877157676
3563,3563,CLVS2,0.1401537698702398,6.579077007226214,0.105770178743099,0.01118733071134711,0.4055098855050972,0.16734113567686745,0.5476041039277023
3564,3564,CLYBL,0.4824747794021326,4.35727774947419,0.6134583704648404,0.37633117229337737,7.065890027277835e-08,0.07888068868064252,7.420555215358948e-07
3565,3565,CLYBL-AS1,0.1041498628777821,6.644490669959887,0.10718691497343256,0.01148903474152186,0.3992131924633692,0.12269075302489715,0.5414267979454037
3566,3566,CLYBL-AS2,0.17229530506459645,6.437431175199512,0.1528205455606758,0.023354119145462596,0.22798527126425824,0.1415025981940612,0.35628354255809425
3567,3567,CMA1,0.19440548724735826,6.219879327989744,0.3800189331307552,0.14441438953783742,0.0019527471815718829,0.06009511572897892,0.006149009774165933
3568,3568,CMAHP,0.18743844064133205,6.185839262458139,0.6118432291187195,0.37435213701842185,7.814126368013647e-08,0.030774261670709745,8.073230271914863e-07
3569,3569,CMAS,0.398385416062219,4.0888687371962815,0.3946212570888883,0.15572593654641448,0.0012518947935313144,0.11780638649118405,0.004138266181334241
3570,3570,CMBL,0.3104428756428409,4.459999179504626,0.6018775916451085,0.3622566353245159,1.4363788165142866e-07,0.052311919106066716,1.361855659878147e-06
3571,3571,CMC1,-0.22453109330128845,8.936813942363575,-0.35320802300946275,0.12475590751825315,0.004198198716289711,0.07552916448685272,0.012162139558696147
3572,3572,CMC2,-0.282531618765135,9.556998037265014,-0.4531737466629397,0.20536644466452625,0.00016970295753422908,0.07058134350765519,0.00069431480092715
3573,3573,CMC4,-0.3274681985809375,9.526761235992067,-0.4018618823406473,0.16149297247836825,0.0009966457001644887,0.0947654054823616,0.003388657974102999
3574,3574,CMIP,-0.18370493579595912,8.351569731289494,-0.23224708740563774,0.05393870960840195,0.06479113674611296,0.09770894872329657,0.12991222835528485
3575,3575,CMKLR1,0.5608548218860859,4.209739522412627,0.5792554399516837,0.33553686471361865,5.310855141212421e-07,0.10023512533485546,4.231028606237949e-06
3576,3576,CMPK1,-0.5080222801400708,11.144323464666718,-0.39676908148401135,0.15742570402166606,0.0011706415318552689,0.1492633538256575,0.003900637386109532
3577,3577,CMPK2,0.05787067553730307,6.532179966439098,0.21534550693404786,0.046373687356682056,0.08746515411353781,0.033328518204580375,0.16667176278851295
3578,3578,CMSS1,-0.17001723537534338,8.20603439058666,-0.7114712879818542,0.5061913936225585,4.4234556783472924e-11,0.02132647382956869,1.719695728647209e-09
3579,3579,CMTM1,-0.3132141124058476,8.38061939923529,-0.23932010295444026,0.05727411167812387,0.05683152873478864,0.16138345641831608,0.11656438290886986
3580,3580,CMTM2,-0.23974243728977626,8.009063655842725,-0.2418520906943382,0.058492433773222385,0.0541828521085174,0.1221549675465027,0.11193757512020075
3581,3581,CMTM3,0.2926405811892253,5.345302015752172,0.3795272455369779,0.14404093010488553,0.0019815095746249295,0.0905987584989526,0.006231424606230445
3582,3582,CMTM4,0.38859771283486416,3.6487673531855216,0.4574108975377306,0.2092247291862723,0.00014474442515235872,0.09594545969328896,0.0006019962869220367
3583,3583,CMTM5,0.062688916359388,6.699335990143646,0.06341668484335945,0.004021675916521976,0.6185996848561144,0.12528997602438902,0.7347398077862636
3584,3584,CMTM6,-0.41575585778527135,9.97711985841563,-0.30811094450614396,0.09493235412446817,0.013253372156525795,0.1630331527027621,0.03336841925933799
3585,3585,CMTM7,-0.03188576135421661,7.1935462743555405,-0.05112742127393787,0.002614013206122715,0.6882577790654794,0.07910040169647779,0.7903814077352153
3586,3586,CMTM8,-0.25019254800718754,8.80173881478404,-0.7141559611959826,0.5100187369117578,3.463102156020605e-11,0.0311440577553745,1.4149712677099283e-09
3587,3587,CMTR1,-0.3095575118230383,9.13506222604747,-0.5161293503909644,0.2663895063349989,1.2694389589887575e-05,0.06524086543205927,6.940091051982213e-05
3588,3588,CMTR2,-0.07129629159048242,7.535240661167005,-0.13967597967089718,0.01950937929702488,0.2709875036315904,0.06419054927531391,0.4076011940780781
3589,3589,CMYA5,0.03440136635523186,6.858791405430495,0.0254562144250835,0.0006480188528558293,0.8417400414166643,0.17157154648894415,0.9008098944007198
3590,3590,CNBD1,-0.04635676248058713,7.165543399725423,-0.022987514252762426,0.0005284258115209555,0.8569175505544627,0.2560415601077233,0.9108403061530894
3591,3591,CNBD2,0.2595560942320125,5.942057871027492,0.2266864140398461,0.05138673031024455,0.07165922920848175,0.14162975077226556,0.1412893206327663
3592,3592,CNBP,-0.353447359397888,10.218868240800811,-0.36536685371897054,0.13349293779649962,0.002990631865639597,0.11436306984670268,0.008998490072311445
3593,3593,CNDP1,-0.15157889487509602,7.586336534791367,-0.205285452876383,0.04214211716266167,0.10367373615135166,0.0917772954322678,0.19144322984203294
3594,3594,CNDP2,-0.24008710855985999,8.565666298967509,-0.2187700625490037,0.04786034026769498,0.08242735040238194,0.13599891176358428,0.1586382985512673
3595,3595,CNEP1R1,0.2090849514892525,5.415034572534899,0.2473604757595731,0.06118720496800235,0.048767033791826085,0.10401264107650264,0.10252913754970815
3596,3596,CNFN,-0.039280259926703615,7.2225616854497465,-0.0589798179412087,0.0034786189243781233,0.6434056932202017,0.08443419967238233,0.7548461527079569
3597,3597,CNGA1,0.12609066969891236,6.277432619945536,0.36233355298958825,0.13128560362205874,0.003258655201138375,0.04119239689585607,0.00969448803141249
3598,3598,CNGA3,0.2362515453897721,6.245468338896919,0.2182478677176032,0.047632131763280405,0.08318035881635565,0.13416250889028564,0.15977210130993272
3599,3599,CNGA4,0.07154613414265709,6.755044073004494,0.09892278827003187,0.009785718039117557,0.4367487871623694,0.09140260462532494,0.5771996214898599
3600,3600,CNGB1,0.2036309209444419,6.147870251318103,0.14359717924038054,0.020620149885793984,0.2576283404618701,0.17822866498195405,0.39165721216652233
3601,3601,CNGB3,0.08296156090898585,6.672239504507853,0.06313419193068852,0.003985926190741015,0.6201668796341256,0.1665517426954482,0.7360763923528085
3602,3602,CNIH1,-0.3096909587189395,9.84625354075098,-0.3720355533687364,0.1384104529703819,0.002469211349375038,0.09812924275449704,0.0075823556112757295
3603,3603,CNIH2,0.17907904530639604,5.969510442097517,0.23003260127165806,0.052914997647805606,0.06745991698515083,0.09621748809437616,0.13425645642068204
3604,3604,CNIH3,0.3865004603587087,5.597312794916085,0.20486809631205385,0.04197093688652497,0.10439333327876893,0.2345142196147317,0.19252577347570612
3605,3605,CNIH4,0.03944631508355224,6.743624563466139,0.0422162740446084,0.0017822137942094766,0.7404771688378868,0.11856140744566865,0.8312614355201887
3606,3606,CNKSR1,-0.13289547631876467,7.924985646018108,-0.2054671860401842,0.042216764539271666,0.10336160019904717,0.08039064177814857,0.19099713732488832
3607,3607,CNKSR2,0.5073968152477398,5.309812936524477,0.4019850830265213,0.16159200697583914,0.0009927424179366061,0.1467809383598905,0.0033759166238092344
3608,3608,CNKSR3,0.4054688070407307,5.181460638168756,0.6822893832742646,0.4655188025287763,5.351191089943369e-10,0.055177142667179914,1.2991036216673056e-08
3609,3609,CNN1,0.137213204977301,6.042193246725854,0.6638544456933818,0.4407027250668672,2.241868106382006e-09,0.019631276838448328,4.131715220740625e-08
3610,3610,CNN2,-0.4078389960744591,10.159385638489812,-0.7100647715991812,0.5041919798661975,5.023115448520065e-11,0.05136315724628107,1.891748957177426e-09
3611,3611,CNN3,0.02014431517897677,6.849757642146199,0.07035370960764269,0.004949644455556515,0.5806592511039378,0.036273727894138665,0.7041200628657057
3612,3612,CNNM1,0.2005882982249635,6.041056425099428,0.21160188654883025,0.044775358391024034,0.09324629222239196,0.11766382774453835,0.17563263965172637
3613,3613,CNNM2,0.22227017163145715,5.75518936417783,0.7360229014495572,0.5417297114582246,4.22967120492797e-12,0.02596299938162353,2.880299683733182e-10
3614,3614,CNNM3,-0.3046192629890673,9.248330676982732,-0.5158870412003761,0.2661394392784785,1.283465258961423e-05,0.06424120427717625,7.01146321463411e-05
3615,3615,CNNM4,0.2374112737040752,5.128971861820702,0.7574751670582355,0.5737686287099018,4.3523662354173384e-13,0.025987218581135386,5.5160893627546903e-11
3616,3616,CNOT1,-0.12158631268422684,8.070723542601769,-0.165356207074357,0.027342675218017632,0.19162494794727464,0.09209759133978686,0.3116520474616432
3617,3617,CNOT10,-0.2704878457563301,8.948354589826506,-0.5265515301913755,0.277256513946879,7.849608613683682e-06,0.055462970279861926,4.538939239768228e-05
3618,3618,CNOT11,-0.437134265196414,10.854814470109844,-0.5331436452527498,0.28424214647339,5.743733217399952e-06,0.08809633264785605,3.4483100311282496e-05
3619,3619,CNOT2,-0.07175112086718463,7.454230585471798,-0.03855798146656153,0.0014867179347757026,0.7622733852481197,0.236154093427924,0.846167221526965
3620,3620,CNOT3,-0.35664070373692297,8.663602019285802,-0.3917070085313108,0.15343438053254838,0.001370259422890589,0.10639079024384374,0.004492500802830539
3621,3621,CNOT4,-0.10639779240331623,7.510888627608327,-0.06689232602680613,0.004474583281276525,0.5994578636524162,0.2015517859360029,0.7188647711481377
3622,3622,CNOT6,-0.02785665829372317,7.226983247887944,-0.044203184310766384,0.0019539215032115835,0.7287224946161741,0.07995670934849942,0.8225429043999609
3623,3623,CNOT6L,0.21753302443827432,5.77246235213995,0.23631683706174345,0.0558456474788666,0.060108447365433214,0.11359420797042108,0.1221287697221295
3624,3624,CNOT7,-0.4025049320495183,10.061839080443542,-0.46346194675611496,0.214796976090968,0.00011491050682259887,0.09773548259564158,0.000491581790842232
3625,3625,CNOT8,-0.2183378740469907,8.839629459972727,-0.27153549950114564,0.07373152748933666,0.029974461836111757,0.0982822426814308,0.06783843395481429
3626,3626,CNP,0.15436822874081985,5.930540635728692,0.1337599051330185,0.01789171222119411,0.29200521289579656,0.14524988999158714,0.4308061646858206
3627,3627,CNPPD1,0.18690318862307384,5.666726103944825,0.21462009689578926,0.04606178599155796,0.08856276522899316,0.10802159922727844,0.16848165519053385
3628,3628,CNPY1,0.24133046809028266,6.26636684039712,0.1649761760493836,0.027217138663877212,0.1926620966832373,0.18323272180414432,0.3130090557187714
3629,3629,CNPY2,-0.528279423524269,10.92307088020073,-0.7030924749934979,0.4943390283924826,9.331065622341876e-11,0.06785550985848224,3.162194460904747e-09
3630,3630,CNPY3,-0.4789032847476474,9.74377648543886,-0.5813728955280315,0.3379944436546474,4.718693653986582e-07,0.08511929303962963,3.821365410511572e-06
3631,3631,CNPY4,0.5235968778221409,3.8388389625333796,0.5894060352768886,0.3473994744208209,2.99019392966651e-07,0.09114027497502096,2.5523314760318594e-06
3632,3632,CNR1,0.3507716589687046,5.715689427036804,0.20697494978428688,0.04283862983820808,0.10079996972144846,0.21057336993036,0.1871579648733573
3633,3633,CNR2,-0.06309153349452361,7.315840114446899,-0.07945710196067142,0.006313431051988536,0.5325510751610577,0.10052341349248207,0.6639259373985438
3634,3634,CNRIP1,0.1873339187936841,5.827804097181236,0.7216085457434483,0.5207188932899743,1.7296109548687212e-11,0.02282517207680605,8.3596520796878e-10
3635,3635,CNST,0.4019242517085632,4.714639361150914,0.6524870927921503,0.4257394062603522,5.1650246192967545e-09,0.059283106062763866,8.359387752680958e-08
3636,3636,CNTD1,0.0020235704561187592,7.005165325357568,0.002491348322176333,6.206816462410832e-06,0.9844119320183502,0.10315414551860064,0.9906794491986883
3637,3637,CNTD2,0.014527443206441962,6.9183299848186515,0.015776550473333453,0.00024889954483763797,0.9015270645916672,0.11693034626336532,0.9394883822777937
3638,3638,CNTF,0.09122569558204444,6.693274229602079,0.08828226273787469,0.007793757914119137,0.4878737695926258,0.1307220531204134,0.6246249545068175
3639,3639,CNTFR,0.22958101952164645,5.761221355798629,0.3006870774830495,0.09041271856529742,0.01576791524034291,0.09247994461083436,0.03889908256644871
3640,3640,CNTFR-AS1,0.07221808087112618,6.7518881829073445,0.04919778262488712,0.002420421815205645,0.6994529756796858,0.1861994287342735,0.7990848951909045
3641,3641,CNTLN,-0.4463189633957239,8.563594076022646,-0.24275198071308104,0.05892852414012406,0.05326604875338554,0.22651554827012915,0.11038050581383385
3642,3642,CNTN1,0.636242897640854,4.812519706425797,0.4831940418932856,0.23347648212117025,5.2497699545389534e-05,0.14640916849591026,0.00024585590044450917
3643,3643,CNTN2,0.31871860544965835,5.512788199744467,0.2924049836590513,0.08550067446865008,0.01904591176804985,0.1323788171418556,0.04591841675986635
3644,3644,CNTN3,0.07842506170473086,6.488777692526594,0.4662086213550775,0.217350478625802,0.00010333242768782848,0.018900025315003118,0.00044807042883058184
3645,3645,CNTN4,0.2169423884894625,6.116769963012213,0.6366492981601845,0.40532232884785546,1.5608689872484402e-08,0.033372529369722286,2.089036954194374e-07
3646,3646,CNTN5,-0.4139135148659368,8.265576102887838,-0.20639971915394534,0.04260084406682752,0.10177137769825634,0.24920180309720746,0.188621977409769
3647,3647,CNTN6,0.07067173564333552,6.805858769564653,0.05169883344965024,0.0026727693800546745,0.6849552310322847,0.17337561215906475,0.7878840713908491
3648,3648,CNTNAP1,0.4501958506574375,4.8109836447018886,0.4271671982184713,0.18247181523381886,0.000431062092766648,0.12102054767914434,0.0015970315857761783
3649,3649,CNTNAP2,0.21320239498219767,6.020944664334895,0.32208408896647744,0.10373816036536576,0.009446682106460408,0.0795874181087141,0.02490781699931817
3650,3650,CNTNAP3,0.1262712729387306,6.647278111354699,0.0666058705767994,0.004436341995293352,0.6010255634314343,0.2402319254120064,0.7202661082516719
3651,3651,CNTNAP3P2,-0.11354414307312895,7.395871912698825,-0.07312803623907851,0.005347709684183979,0.5657893815071533,0.19666207837872307,0.6921738351809166
3652,3652,CNTNAP4,-0.09864014216262362,7.352607088297104,-0.057052882180211976,0.0032550313650691488,0.654303048142963,0.21921601663802354,0.7633818158647016
3653,3653,CNTNAP5,0.20818698124021115,6.222426403907615,0.16860444177462355,0.028427457786132426,0.1829232538739683,0.1545703989258641,0.30031865524190926
3654,3654,CNTRL,-0.26705369910224364,8.373857705139617,-0.3481675772220561,0.1212206618286764,0.004813849239105714,0.09131757005447376,0.013736184645254215
3655,3655,CNTROB,0.15452044025127815,6.120317242935447,0.13343152331837188,0.01780397141506122,0.2932023048621689,0.14575744094472634,0.4319682345533214
3656,3656,COA1,-0.7365710989302107,10.650320527475037,-0.5402440170587763,0.2918635979678034,4.072434789191461e-06,0.14570931737464252,2.5399935299522203e-05
3657,3657,COA3,0.3648378261405201,4.232992993488399,0.3246879857942812,0.10542228811914736,0.008853919019121147,0.13497297871024616,0.02352934791014629
3658,3658,COA4,-0.3588683533084871,10.257351026793641,-0.5082043920540342,0.2582717041030105,1.810596620942843e-05,0.07723663183646855,9.516618889931377e-05
3659,3659,COA5,-0.22140628708803767,8.61062359227392,-0.3086601182279299,0.09527106858447963,0.013081940714536937,0.08665084959896763,0.033005128321455184
3660,3660,COA6,-0.3505294752797465,10.020662702906806,-0.4787093862923376,0.2291626765243865,6.299411315677319e-05,0.08164660342302198,0.00028895096810208076
3661,3661,COA7,-0.4459089302348692,10.075325575374636,-0.5671060837557099,0.3216093102327384,1.0301118339222392e-06,0.0822481159770021,7.559156815854317e-06
3662,3662,COASY,-0.15753004701186055,8.367591336607248,-0.19238188386602945,0.03701078923984243,0.1277619283749584,0.1020502552622266,0.22608382393255913
3663,3663,COBL,0.21606284222699354,5.507857909282152,0.5379781176858307,0.2894204551087895,4.548637102002124e-06,0.04299579462231887,2.804690673230524e-05
3664,3664,COBLL1,0.17734926017954514,6.180792805527357,0.13470047026626772,0.018144216689953675,0.288594203210118,0.16568693942683346,0.42717070885270714
3665,3665,COCH,-0.0895110519252619,7.542613815773902,-0.1404407981980904,0.019723617798516755,0.2683461590396474,0.08014229901387145,0.4042178682528913
3666,3666,COG1,0.17225304774049402,6.095907983510776,0.08388817280607226,0.007037225536741442,0.5098690702017757,0.2598584350914824,0.6443213885062754
3667,3667,COG2,0.5092767655744872,3.907401082356944,0.4517626963689666,0.2040895338305592,0.00017885344536549083,0.12772613168301222,0.0007267913978963602
3668,3668,COG3,0.0025113391127699865,6.99952457063466,0.006568273201899263,4.3142212854788e-05,0.9589182752014628,0.04855667486530417,0.9752207415341979
3669,3669,COG4,-0.28539311424112274,9.163037335606935,-0.3915015340297028,0.1532734511476105,0.0013789730812648606,0.08518944056976445,0.004514234629597968
3670,3670,COG5,-0.1005719931740526,7.808655264768193,-0.18061855562830856,0.032623062637256395,0.1532209937101573,0.06955313536585593,0.2612187544318577
3671,3671,COG6,-0.11160134309596237,7.5949569389664635,-0.11450674934221905,0.013111795644921785,0.36760552306224026,0.12296357173118536,0.5108236532181174
3672,3672,COG7,0.11548055061864335,6.152875362058553,0.18808031997826136,0.03537420676312518,0.13667048455080974,0.07658594604163141,0.23825465649233496
3673,3673,COG8,-0.04941270050339162,7.332234205647639,-0.04004120694353303,0.0016032982534948381,0.7534130174600959,0.15659833995020686,0.8397323018734045
3674,3674,COIL,-0.4168342519353211,9.811417590271262,-0.5919576356575432,0.3504138424132687,2.5801275541336315e-07,0.07207676857381122,2.2511145118760592e-06
3675,3675,COL10A1,-0.2757733052053006,8.058452528398764,-0.1750706759232218,0.030649741568213762,0.1664583079641762,0.19696240394715708,0.2790101707080954
3676,3676,COL11A1,-0.4760590271885405,8.553159998865642,-0.5162819356944242,0.2665470371243815,1.2606797396054974e-05,0.100291508585857,6.904405604743816e-05
3677,3677,COL11A2,0.07090586589337879,6.644684197913783,0.0869407067532779,0.007558686490759463,0.4945357040463115,0.1031847630742578,0.6307675033056235
3678,3678,COL12A1,-0.13181930598095187,7.610138870365348,-0.2919617439074844,0.08524165990549948,0.019236621065399667,0.054841637761774316,0.04631117611686823
3679,3679,COL13A1,0.5142202004960628,4.242449971360603,0.5602774438444235,0.3139108140808411,1.4778083356933682e-06,0.09654736759221827,1.0337652106945683e-05
3680,3680,COL14A1,0.37713358791054347,5.367515297738285,0.7107365625000828,0.5051464612744341,4.72762815469046e-11,0.0474055348412378,1.8133007155072413e-09
3681,3681,COL15A1,0.09349531967905088,6.382401114568676,0.45421419800909996,0.2063105376730499,0.00016323306899039924,0.023289417578586286,0.0006711243799102137
3682,3682,COL16A1,-0.10052964862984046,7.636615764910505,-0.274030717733884,0.0750928342617476,0.02843959427464652,0.04480723487537522,0.06482048352988846
3683,3683,COL17A1,-0.05969297415230493,7.444062350275416,-0.1529105762049386,0.023381644315326338,0.2277081274020391,0.048995059512446745,0.35605599674280863
3684,3684,COL18A1,0.19891888705536784,5.825015698417348,0.3174306320197663,0.10076220614446828,0.010592315324323998,0.07546900390271763,0.027522988762687325
3685,3685,COL18A1-AS1,0.2081060865466196,6.270713933436447,0.1574131772266828,0.024778908364599048,0.21414535420276945,0.16580567672902,0.3394318288143004
3686,3686,COL19A1,-0.05474217514393048,7.224309396042519,-0.04215895679383946,0.0017773776379448227,0.7408171546779322,0.16475934362334807,0.8315999940153762
3687,3687,COL1A1,0.07928705238242065,6.4605470417477635,0.13492597889406582,0.018205019780521896,0.2877802943363389,0.07394711822968418,0.42634482273061636
3688,3688,COL1A2,0.16155007222574175,5.778266281024788,0.3876077258618937,0.15023974914782892,0.0015538023633556595,0.04879407540606123,0.005010064052779453
3689,3689,COL20A1,-0.028022160748894142,7.132321965086678,-0.01769298834647129,0.0003130418366283688,0.8896358464304585,0.20111135728981447,0.9321203916417447
3690,3690,COL21A1,0.11321556817086145,6.562333225156594,0.20761464004729946,0.043103838761969715,0.0997281878100662,0.06774616835972905,0.185613571725568
3691,3691,COL22A1,0.053768036942413416,6.816988352015778,0.03885314760522407,0.0015095670788333286,0.7605076814961474,0.17562004416544313,0.8450735756772924
3692,3692,COL23A1,0.3421046130665503,5.240525634865079,0.3312728946404349,0.1097417307234527,0.007497298820068996,0.12374714593397812,0.020327282577763128
3693,3693,COL24A1,0.1675785153929539,6.5172876803959925,0.09438789506639636,0.008909074735065048,0.4581604710496711,0.2244723962140485,0.5970932371074926
3694,3694,COL25A1,0.21443258410631752,6.3241221337668225,0.10104988291840036,0.010211078837822421,0.42690275261708777,0.2681207428975417,0.5681280179402062
3695,3695,COL26A1,0.1307240421930956,6.295693300667668,0.13242983925644766,0.01753766232548856,0.2968736931861313,0.12426010814164427,0.43564408930986476
3696,3696,COL27A1,-0.03681929497842327,7.191758265536275,-0.02884555889329019,0.0008320662678662728,0.8209966128270323,0.1620391325018925,0.8873149276070718
3697,3697,COL28A1,0.2100905829740686,6.262712551193456,0.25326736421502205,0.06414435777642462,0.043460447655623034,0.10191449159322426,0.09315085627474869
3698,3698,COL2A1,0.4444740342252975,5.4149746755037125,0.4117812830506285,0.16956382507082174,0.0007231539507761986,0.12492146750161512,0.0025376598288864983
3699,3699,COL3A1,0.20471989872335555,5.220714556689146,0.6931955811439497,0.4805201137174982,2.1812710981564651e-10,0.02703290984815988,6.264645309095259e-09
3700,3700,COL4A1,-0.06648676724895604,7.540769525848254,-0.1855431592541087,0.03442626394599554,0.14213974666748766,0.04471849174136217,0.24618381301163283
3701,3701,COL4A2,0.013516494123933926,6.909636014196884,0.02162513770636493,0.00046764658081924627,0.8653159320081013,0.07936111512759571,0.9166625823126618
3702,3702,COL4A3,0.6498397073958521,4.793353547130785,0.3521474315246261,0.12400781352939125,0.00432161990051608,0.21934916779452213,0.0124696440966923
3703,3703,COL4A3BP,0.10618077475104193,6.217901024666205,0.13100146890696482,0.017161384855782467,0.3021606347393379,0.10205046439657688,0.4415472397112061
3704,3704,COL4A4,0.8370683453868728,3.9145107359312368,0.5558715656714069,0.3089931975219813,1.857392119856205e-06,0.15897607716061468,1.2600822793072092e-05
3705,3705,COL4A5,-0.08480295736181592,7.428096726285246,-0.12741262201816508,0.016233976249543806,0.31571234413061683,0.08383948648132239,0.45642237880689684
3706,3706,COL4A6,0.19986624337066106,6.1626994985143435,0.1949900835834318,0.038021132695873726,0.12257912870996092,0.12767734563231795,0.21863584711478895
3707,3707,COL5A1,0.1828716258649956,5.86915542367473,0.4682112147764111,0.21922174164240252,9.557864204962557e-05,0.043830106426504256,0.0004175419595692237
3708,3708,COL5A2,0.09558627296405048,6.366542690189692,0.2556063079387245,0.06533458465806602,0.04149518344448452,0.0459151706484465,0.08958012137277561
3709,3709,COL5A3,-0.06165145826427205,7.329433384223583,-0.061101862259873435,0.0037334375716245455,0.6314910009823839,0.12790303182954954,0.7453500641125809
3710,3710,COL6A1,0.3985485012166437,4.8630765312171755,0.4720286190517721,0.22281101720392296,8.226252786505258e-05,0.09453232134724976,0.0003659398194161285
3711,3711,COL6A2,0.22865922745553874,5.425476097011316,0.6198927361620671,0.3842670043464941,4.7049912667256934e-08,0.036759750349397095,5.257305773010572e-07
3712,3712,COL6A3,0.018118730157935217,6.866883294590063,0.057597816738743465,0.003317508493069876,0.6512138690995589,0.03988451407270046,0.7611613502105548
3713,3713,COL6A5,0.22373895169855867,6.31584685298786,0.20241752131686905,0.04097285293606513,0.10869690462974044,0.13747163633998122,0.1987318028284079
3714,3714,COL6A6,-0.16153571137093414,7.545363692499395,-0.06541071193167966,0.004278561235409179,0.6075857666761643,0.31296282747530363,0.7259984427176702
3715,3715,COL7A1,0.03742670612557263,6.806315031823501,0.03866571780420342,0.0014950377333142935,0.7616287587783562,0.12283858332047312,0.8457749525237312
3716,3716,COL8A1,0.052010422648635216,6.847512291925192,0.04604300994624709,0.0021199587649102084,0.7178931234242556,0.14330785630287504,0.8140532852150733
3717,3717,COL8A2,0.3752135331740799,5.151414134498585,0.3536979270813153,0.1251022236216194,0.004142249156541811,0.12601689980836145,0.012018008970545946
3718,3718,COL9A1,0.0030770829355606603,7.004229936428174,0.0022002292799778366,4.841008884471788e-06,0.9862332409700764,0.17761284301260113,0.9917288522501511
3719,3719,COL9A2,-0.4603966298233058,9.596467502463119,-0.6503604375997414,0.4229686987949271,6.0144537033185055e-09,0.06829389187186348,9.472217814208163e-08
3720,3720,COL9A3,-0.1838005108761401,8.075051654142928,-0.4668614232887215,0.2179595885551708,0.00010074346535005792,0.04421579901699956,0.00043780849732199563
3721,3721,COLCA1,-0.16771821132640066,8.362532620720511,-0.28193840427236033,0.07948926380364489,0.024004726299142014,0.07248440346386965,0.05606971718346676
3722,3722,COLCA2,-0.07649963388324323,7.519777558358385,-0.3539370436076093,0.12527143083769476,0.004115181258200311,0.02567285385263569,0.011953621750010426
3723,3723,COLEC10,-0.05977275987257495,7.2286496370111,-0.046989354258018916,0.002207999413585601,0.7123441663260941,0.16137193111534653,0.8096217288421715
3724,3724,COLEC11,0.27353062357416863,5.650305149852555,0.4631134715478494,0.21447408752910074,0.00011646181164613406,0.06648182829427536,0.0004975301896226145
3725,3725,COLEC12,0.16020545828669855,6.129994456186267,0.7640987844932646,0.5838469524640845,2.055776053969475e-13,0.017177442156318258,3.249476675088247e-11
3726,3726,COLGALT1,-0.3875124007999596,9.857067358651053,-0.5814776948583502,0.33811630961778066,4.691062842441177e-07,0.06885691164504433,3.8025773756866265e-06
3727,3727,COLGALT2,0.1928899821498693,6.301489261115674,0.1200410443916288,0.014409852338632997,0.3447490452434647,0.20259664054988985,0.48700804419977284
3728,3728,COLQ,0.14598700834374256,6.351224053900858,0.1508213926325258,0.02274709247561451,0.2341997944266938,0.12152311775124018,0.364129562629958
3729,3729,COMMD1,0.05122708967024292,6.5640911830141615,0.04691342984690797,0.002200869900000756,0.7127888112331902,0.13852501747122664,0.8099192836213
3730,3730,COMMD10,-0.26317924341823584,8.783074295519695,-0.3336149004789137,0.11129890182155552,0.007060666986775484,0.09444700881651348,0.019276190569670084
3731,3731,COMMD2,-0.15337695407173335,7.99220838331002,-0.2561408064041689,0.06560811270537795,0.04105653974773304,0.07351060907816813,0.08881911770600989
3732,3732,COMMD3,-0.4140503391258479,10.938980437114834,-0.3666688020807784,0.13444601041935306,0.002881739387712585,0.13342291397942482,0.008702282309429094
3733,3733,COMMD4,-0.6372032709403463,11.607303699798534,-0.6077171755795856,0.3693201654944289,1.0079690101992962e-07,0.10575115356458688,1.0044900559533253e-06
3734,3734,COMMD5,-0.35671462209539656,9.149664289000137,-0.3330574110670758,0.11092723906670313,0.007162530942529286,0.12825509231931298,0.019514922944196236
3735,3735,COMMD6,-0.3431940510404466,9.851680947755842,-0.3515268312757372,0.1235711131067606,0.00439531790808929,0.11607635678112975,0.012655313030138752
3736,3736,COMMD7,-0.2426650610262469,8.675246497762297,-0.16961960627398165,0.028770810832540555,0.18026326345500368,0.17905902631217094,0.2970098889232371
3737,3737,COMMD8,-0.017709227245808947,7.183127169426856,-0.02616519890250421,0.0006846176336076077,0.8373915522624114,0.08592726957513833,0.8980642860658934
3738,3738,COMMD9,-0.184481442510712,8.487005124395484,-0.26348641133710626,0.06942508895930675,0.03540671475637007,0.08577767852119916,0.07824598510554076
3739,3739,COMP,-0.003349827678935943,7.030334115737432,-0.0042788952413679495,1.830894448660128e-05,0.9732307046544242,0.0994239452158258,0.9845055780488418
3740,3740,COMT,-0.5395176345435989,11.177170529702812,-0.6921945766943044,0.4791333320050072,2.372422724055549e-10,0.07144056665192794,6.715661972473583e-09
3741,3741,COMTD1,0.07411931071682475,6.467507001396415,0.09046255225970484,0.008183473361339828,0.4771484193674022,0.1036292514105988,0.6145265267872663
3742,3742,COPA,0.034125510633447195,6.813752589778676,0.03763698977699727,0.0014165429994737971,0.7677905459578154,0.11506960341618105,0.8492695550997408
3743,3743,COPB1,0.4268453691689028,3.3369437310216425,0.2433401716478779,0.05921443913761869,0.052673663384913416,0.21607585539690516,0.10934127498085698
3744,3744,COPB2,0.3891799404842795,4.276869985924292,0.28651377309999665,0.08209014217599636,0.02171684862284471,0.16527574201369427,0.05140777841360977
3745,3745,COPE,-0.16277888796192372,8.133465245978266,-0.12037618679312392,0.014490426346853063,0.3433939414815207,0.17048731627903768,0.48593058895525915
3746,3746,COPG1,0.16045608313141252,5.662726646958491,0.31595391869299805,0.09982687873746164,0.010980210084552272,0.061192700015231,0.028364123748178392
3747,3747,COPG2,-0.2544055419651776,8.144477717559749,-0.4884520329896007,0.23858538853167394,4.225863864998889e-05,0.05771908061697417,0.0002035388834442859
3748,3748,COPG2IT1,0.07853358882928763,6.625718191440245,0.10096765870285793,0.010194468103936802,0.4272809961658356,0.09827708179230224,0.5684916424165132
3749,3749,COPRS,-0.26851145095716683,9.283610338114473,-0.5312654199800873,0.2822429464666185,6.2825388992370415e-06,0.05438061972591143,3.7386199467704904e-05
3750,3750,COPS2,-0.3120076800314732,9.448398398181993,-0.5777920202159378,0.3338436186252147,5.760199673944257e-07,0.055973955241738066,4.534246599028095e-06
3751,3751,COPS3,-0.2423770453774034,9.052519933539314,-0.5039395909455129,0.25395511132233084,2.1839056770904667e-05,0.05275937507900652,0.00011260113675570014
3752,3752,COPS4,-0.14459327325537905,7.886428697336839,-0.10244901554510978,0.010495800786162144,0.4204957800922348,0.1783007934295982,0.5614439999032778
3753,3753,COPS5,-0.3554493299816289,10.414018539533096,-0.4873059813727408,0.23746711948165006,4.431844721358291e-05,0.08089271291856218,0.00021209192804643934
3754,3754,COPS6,-0.3506851916947912,9.969507829165703,-0.5132524075203918,0.2634280338254784,1.4455689050214931e-05,0.07447288534545951,7.787013591602098e-05
3755,3755,COPS7A,-0.4587184374534565,10.521571440790767,-0.66526675326812,0.4425798530039057,2.01597726032017e-09,0.06538014239904344,3.776469513168969e-08
3756,3756,COPS7B,-0.8447250950624219,11.72512292758515,-0.6071225493911859,0.36859778997925297,1.0453265654762133e-07,0.1404094172846424,1.0364719219499725e-06
3757,3757,COPS8,-0.6025088394696447,10.667253561398256,-0.5680982456642302,0.32273561672677603,9.768286458224116e-07,0.11084682255796584,7.2244618597282525e-06
3758,3758,COPZ1,-0.4728386096106606,11.745266350563929,-0.5298816864454363,0.2807746016302597,6.709268595232866e-06,0.0961104663886538,3.963138778931969e-05
3759,3759,COPZ2,0.3425616936720145,5.1440853391381465,0.37909151981867895,0.14371038039843584,0.002007314714788173,0.1061962601173662,0.00630159468668279
3760,3760,COQ10A,-0.16879017107897282,7.9614358060276285,-0.2360812738193088,0.05573436784814747,0.06037180773867901,0.08823418131369767,0.12258335645392349
3761,3761,COQ10B,0.4774759071394002,4.335278339034241,0.433708309409072,0.1881028976504753,0.00034335479298885067,0.12598196286032412,0.0013007956686797693
3762,3762,COQ2,-0.2933550832444515,8.829609907080892,-0.38304415551276816,0.1467228250724897,0.0017838602073097618,0.08984501742932445,0.005657512124969668
3763,3763,COQ3,-0.21604838634661375,8.647034853269746,-0.3901300458938588,0.15220145270914434,0.00143842243778364,0.0647578046586814,0.004679843433023546
3764,3764,COQ4,-0.3804929176472177,9.70824321623038,-0.6046917409246911,0.3656521015425338,1.2120651559180365e-07,0.06364736791065685,1.1780642258260809e-06
3765,3765,COQ5,-0.1017857348955522,7.899995876594866,-0.12110319853842998,0.014665984696238388,0.3404657950913061,0.10595640042104452,0.48282821170283124
3766,3766,COQ6,-0.13343934679210825,7.860915903105612,-0.20126661404967008,0.040508249931018855,0.11076473251405897,0.08247777654791136,0.20176098485683588
3767,3767,COQ7,-0.028150556879972283,7.2108430064132945,-0.03846426499659749,0.001479499681728475,0.7628342565431279,0.09287786007702972,0.8463668974597134
3768,3768,COQ9,0.4276335498070777,3.746853266711673,0.4818922010517095,0.2322200934344612,5.5364698069523593e-05,0.09875165864482488,0.0002577219554375609
3769,3769,CORIN,0.06521918820741496,6.783491855750964,0.033613510604553164,0.0011298680951624075,0.7920244895961714,0.24627491900026405,0.8660793059126386
3770,3770,CORO1A,0.11704832889735255,6.159620440186259,0.43729702413287264,0.1912286873154662,0.00030247415770537605,0.03057072371713487,0.0011603326634384268
3771,3771,CORO1B,-0.004537237321638691,7.052967629890704,-0.006245840993843186,3.9010529720372026e-05,0.9609333364438304,0.09225634738752936,0.9766737726786421
3772,3772,CORO1C,-0.029545037280655575,7.2824505254152765,-0.05855669234197244,0.0034288862180324137,0.6457922857043502,0.06396852075138236,0.7567851045471997
3773,3773,CORO2A,0.18866809793076425,5.584131626260373,0.3449735786916918,0.11900676999535288,0.00524401989141899,0.06519331694367496,0.014823032338947686
3774,3774,CORO2B,0.4536663257131521,5.273654744304364,0.4529821665377362,0.20519284320122144,0.00017091960909042516,0.11339410544520614,0.0006980882940122892
3775,3775,CORO6,0.22170343879311386,6.0534962044377485,0.2269220408617251,0.05149361262885042,0.07135685015879946,0.12084259247733625,0.14080851013202134
3776,3776,CORO7,0.010056571448034485,6.956076870690013,0.011593443381065105,0.00013440792942996232,0.9275541013228588,0.11015709261456294,0.9570524548003094
3777,3777,CORT,0.14062148783123685,6.287539361418875,0.14627214845995334,0.02139554141509064,0.2487750304469987,0.12078077126383001,0.38096480336113125
3778,3778,COTL1,-0.005038567967042507,7.049619497761779,-0.007725144299222059,5.96778544438031e-05,0.9516905297953914,0.08283077347825979,0.9706038939412114
3779,3779,COX1,0.4565283732214874,0.7086549378640248,0.4719131529673339,0.22270202394357036,8.263884344465123e-05,0.1083187440627382,0.00036753833534481874
3780,3780,COX10,-0.3751700551092378,9.990613892943836,-0.3797269635245608,0.1441925668275831,0.0019697811843623204,0.11607773173004073,0.006199042515239943
3781,3781,COX10-AS1,-0.2843641152264701,8.50079085872199,-0.40454029352177423,0.16365284908268324,0.0009148377469989633,0.08164140150724014,0.0031390922850994376
3782,3782,COX11,-0.11645951815042925,7.79933435538992,-0.1479864490081905,0.02189998909005376,0.24321163785839295,0.09884366196023124,0.3748041572604255
3783,3783,COX14,0.35011692417455403,3.9108354360429787,0.3372276370796021,0.1137224792102918,0.006430777542514529,0.12413063221558468,0.017708352960726367
3784,3784,COX15,-0.25688024749907434,8.817049736100953,-0.3454633429398824,0.1193449213151988,0.005175934921201627,0.08862083077472972,0.01465544857722558
3785,3785,COX16,-0.3011776456696433,10.05285528044859,-0.5397388397725618,0.2913180151590311,4.174379427574926e-06,0.059658030877317074,2.596845346283684e-05
3786,3786,COX17,0.031357720955112606,6.8970746436749995,0.03952482530254653,0.0015622118151968224,0.7564942069281015,0.10067906927564653,0.8421695481712954
3787,3787,COX18,-0.2363839685666365,8.403237024016375,-0.23005592596528485,0.05292572907174462,0.06743135451841986,0.12699328848068567,0.13424896406144912
3788,3788,COX19,0.112905185111564,6.418814815450332,0.12401456412030855,0.015379612113950124,0.3288968478765757,0.11473073169215033,0.4707065785980601
3789,3789,COX2,0.7602479808013993,-3.7997706226786767,0.3605320506496748,0.12998335954565968,0.0034277519971885988,0.24979246369812935,0.010152916085230352
3790,3790,COX20,-0.29964131933437066,9.31791583673042,-0.5059642346528808,0.25599980674787537,1.998575431087578e-05,0.06487428155373719,0.00010396144837905718
3791,3791,COX4I1,0.7427554956850579,0.7458423389310821,0.4927594606235449,0.2428118860340069,3.5283242946288264e-05,0.1665777347475555,0.00017309891844174724
3792,3792,COX4I2,0.0027163145773272924,7.000248112855952,0.0033728170015185337,1.1375894525732475e-05,0.9788977788415291,0.10227958823378527,0.9877006523536161
3793,3793,COX5A,0.4539972230221239,2.7531859707404545,0.4345154179054671,0.18880364839756264,0.00033374451143983197,0.11951300185945647,0.0012688267898928302
3794,3794,COX5B,0.6886981242318144,-0.3402756528712647,0.6338711282715562,0.4017926072562557,1.8828134998010894e-08,0.10672298712008857,2.426924186797178e-07
3795,3795,COX6A1,0.9273154348541632,-0.8164828661495491,0.6026131260715752,0.36314257971375613,1.374242479979164e-07,0.15596033638501794,1.3132930672528155e-06
3796,3796,COX6A2,0.20318297386017325,6.124143393239057,0.20891474110163252,0.04364536904956216,0.09757724941664693,0.120790245884614,0.18228393168715404
3797,3797,COX6B1,0.4474609059671737,1.916624485312826,0.3692467556665177,0.13634316657024906,0.002676485752776468,0.1430254001615039,0.008149507730086391
3798,3798,COX6B2,0.10313133624050798,6.448337873210586,0.18982965061362853,0.03603529625209228,0.13299282273093968,0.06774251524546263,0.2331007346206798
3799,3799,COX6C,0.7631233427104638,-2.3293657794126155,0.6679550261675139,0.4461639169824442,1.6443842113154329e-09,0.10797974431677028,3.1993836564272864e-08
3800,3800,COX7A1,0.2745126557436363,5.2804491250942265,0.7122588422750054,0.5073126583989309,4.118168418692764e-11,0.034356932312756175,1.615560454833185e-09
3801,3801,COX7A2,0.7515152795576939,-2.113108951669231,0.5772036012051667,0.3331639972442131,5.950754153114176e-07,0.13502757183998668,4.662213501652948e-06
3802,3802,COX7A2L,-0.2316621163283525,9.347145254814262,-0.257705327543684,0.06641203584439744,0.03979456885000285,0.11030962291449176,0.08643444217119475
3803,3803,COX7B,0.1214068059865781,5.944459992170037,0.1612399479423079,0.02599832081243816,0.2030735365738648,0.09437444105454984,0.3261315213962505
3804,3804,COX7B2,-0.04434258664533074,7.170793827976133,-0.030291808853475762,0.0009175936836155123,0.8121814606802242,0.18582349600936912,0.8810193623719007
3805,3805,COX7C,0.3041264255296653,3.5313559134036483,0.30800769531550337,0.09486874037356796,0.013285818116137502,0.1193033195140831,0.033442333058811766
3806,3806,COX8A,0.6524886229105187,-0.3763934971673537,0.6421678260328862,0.4123795167918032,1.0694283718665915e-08,0.09891838542218906,1.5326585964772362e-07
3807,3807,COX8C,-0.2804943860213073,7.848855633675238,-0.14167968827578895,0.020073134069924732,0.26410429995401696,0.24889580010656376,0.39921671195757624
3808,3808,CP,0.20001268006422795,6.118090804491831,0.6982191173598847,0.4875099358468165,1.4235727628397138e-10,0.02604429906857109,4.454836442094509e-09
3809,3809,CPA1,-0.09135371850066573,7.300556813321262,-0.08091432397411162,0.006547127824187497,0.5250371569764172,0.142915262005768,0.6575109665928934
3810,3810,CPA2,0.20309226532189228,6.160822654505871,0.20373346521447214,0.04150732484829653,0.106369204784786,0.12394515823230735,0.19538766049830697
3811,3811,CPA3,0.10686143277163078,6.096856612060251,0.5931119431357775,0.3517817770902978,2.412572349169553e-07,0.01842252254813677,2.1254782026552754e-06
3812,3812,CPA4,-0.03464677032606952,7.174464899639959,-0.04071014511355378,0.001657315915166607,0.7494272362340291,0.10799510767589973,0.8370994378009955
3813,3813,CPA5,0.06418367101799068,6.680239170769219,0.07933566509637821,0.006294147756284684,0.5331796317557964,0.10242103618892108,0.6645182691034113
3814,3814,CPA6,0.18555240153125646,6.204613436708461,0.35316310142897633,0.12472417621093344,0.004203362305274384,0.062426340841017086,0.012172213254976838
3815,3815,CPAMD8,0.19753799236969294,5.9715012689051195,0.2732010934962262,0.07463883748753372,0.028942415046440725,0.08833401927234534,0.06578926892771694
3816,3816,CPB1,0.05349273731850528,6.750881161957864,0.3552637651964583,0.12621234286156427,0.003967822030790261,0.017875204372082357,0.011549977569998955
3817,3817,CPB2,-0.34411251919683633,8.090863100798726,-0.2377955384885352,0.05654671812505242,0.05847640702567231,0.17850941465394748,0.11927160159564226
3818,3818,CPD,-0.025745869504617724,7.207363865508762,-0.03946426553511526,0.0015574282542260866,0.7568558086570859,0.0827883523597864,0.8424854804394569
3819,3819,CPE,0.02915597138713358,6.795394751010712,0.13094588418107805,0.017146824583964302,0.3023676026999378,0.02803394007707926,0.4416918924862372
3820,3820,CPEB1,0.4562599519843102,5.251903215427734,0.2616768092464831,0.06847475249742029,0.036734669167500365,0.2137216828799237,0.08066206254534784
3821,3821,CPEB2,0.4017334170738371,4.750789030233727,0.34463348128337673,0.11877223642149955,0.005291761909194596,0.13897245600784486,0.014942378946878209
3822,3822,CPEB2-AS1,0.14228530894550545,6.512441204450549,0.10940249590818824,0.011968906110941143,0.38948193758302585,0.1641807716399832,0.5321716475595815
3823,3823,CPEB3,0.37344737762151503,5.230913747948699,0.5776237215520961,0.33364916369969344,5.81410778687695e-07,0.06702549385693628,4.568378233846892e-06
3824,3824,CPEB4,0.2299511262213399,5.787273687407653,0.36776477004747293,0.13525092608807074,0.002792826497378596,0.07384389995603284,0.008464472750277608
3825,3825,CPED1,0.2883035572172369,5.126584341467958,0.6210737321744535,0.3857325807971048,4.3622349890412926e-08,0.04620508091853743,4.917449176870859e-07
3826,3826,CPLX1,-0.14757236568304813,7.5846040408812145,-0.30668192664942523,0.09405380413340343,0.013708564960202495,0.05816640388313722,0.03438653703384513
3827,3827,CPLX2,0.2054225585980229,6.160612458628798,0.18210349311095275,0.033161682203210814,0.14981419043348293,0.1408675430676679,0.256602570104965
3828,3828,CPLX3,0.32049585724917434,5.517312849697782,0.27701425954513764,0.07673689999134088,0.02669157118557857,0.14118455501152558,0.061385511259951564
3829,3829,CPM,0.1748390703160217,5.937779714075768,0.7102579753991645,0.5044663916181201,4.9363781518585533e-11,0.0220071134399066,1.8721062850875128e-09
3830,3830,CPN1,-0.05059681967109378,7.232356475449992,-0.059653919585769336,0.003558590121945435,0.639610908744744,0.1075261940882976,0.7518605053125302
3831,3831,CPN2,0.16663128839547406,6.3436381358132286,0.1557945894480766,0.024271954101294745,0.21895385488467628,0.13417534808505074,0.3455864232891884
3832,3832,CPNE1,-0.2705511339820552,9.123338517008351,-0.5547542826502071,0.30775231411874576,1.96723334311486e-06,0.051532784134551285,1.3258773123296701e-05
3833,3833,CPNE2,0.3058219697694601,4.278567809018576,0.48598883875400395,0.2361851513934653,4.680027493357506e-05,0.069845847204198,0.00022220126149672612
3834,3834,CPNE3,0.06884159626925078,6.367306775018427,0.09047269724473844,0.008185308946738103,0.4770988099223207,0.09623938025760648,0.6145157370425635
3835,3835,CPNE4,0.5528000717654528,5.278312481384127,0.2500227805118149,0.06251139077485915,0.04631306762940935,0.2718790007918789,0.0982281566615925
3836,3836,CPNE5,0.19368802837499727,5.828064798430173,0.6141972764009738,0.3772382943383742,6.746624731977863e-08,0.03160530582091592,7.134582588515263e-07
3837,3837,CPNE6,0.13679263161106356,6.306984964417237,0.1526408994890324,0.02329924419682089,0.2285389812344963,0.11248036193125513,0.35704578591970404
3838,3838,CPNE7,0.014575552513945962,6.925200270067228,0.020428864059785497,0.0004173384867731956,0.8727026588815023,0.09059293300052464,0.9212351401931413
3839,3839,CPNE8,0.1660171443524707,6.210231426145494,0.7281957850135445,0.5302691013114924,9.188518029455706e-12,0.0198441955568685,5.063037097401103e-10
3840,3840,CPNE9,0.11558500027389665,6.449082829060387,0.14554010439168336,0.021181921986342087,0.2511769674696828,0.09978699454695042,0.3836569257495649
3841,3841,CPO,-0.04553105979333817,7.192096140100197,-0.056557329111270226,0.0031987314762005354,0.6571173136432631,0.10207686265229292,0.7657469422022742
3842,3842,CPOX,-0.227290826226434,8.763743603885775,-0.5443714819110189,0.2963403103179988,3.3225183073230664e-06,0.04448074301425288,2.1080906517750075e-05
3843,3843,CPPED1,0.10145486703078324,6.421981345042258,0.19606460284318186,0.038441328488054635,0.12049115643789572,0.06444151494943264,0.2156571611424607
3844,3844,CPQ,0.2581184086108855,5.398162998735913,0.7166178510621101,0.5135411444608766,2.7600815761121625e-11,0.031904986755911795,1.1832805914164136e-09
3845,3845,CPS1,-0.06507956321043543,7.292235501058516,-0.3764594155269231,0.14172169153887254,0.002169694196803156,0.020339706854234342,0.00674970950032644
3846,3846,CPS1-IT1,0.011281279671951385,6.967812058989751,0.00826576867514936,6.83229317910804e-05,0.9483141819983536,0.1733262885257536,0.9690785527428789
3847,3847,CPSF1,-0.2876601691251244,8.52913570602187,-0.38395300269517335,0.1474199082786398,0.0017357464687748274,0.08785640170031415,0.00552433712247485
3848,3848,CPSF2,-0.1962911447654144,8.374364857958229,-0.4088815876110671,0.16718415268734674,0.0007950541283505344,0.0556393181477884,0.0027612966887346256
3849,3849,CPSF3,-0.26239640027629463,9.154935335750084,-0.6524734671514338,0.4257216253366132,5.170085358045916e-09,0.038704405722086485,8.361329232896515e-08
3850,3850,CPSF3L,-0.4316958004395317,9.5538789576694,-0.5275796828013143,0.2783403217047354,7.479581050472948e-06,0.08827955531545996,4.352870939209667e-05
3851,3851,CPSF4,-0.5310529622059512,11.176014970904026,-0.5525185919951848,0.3052767945003415,2.205538404998544e-06,0.10174217026260376,1.462367855488165e-05
3852,3852,CPSF6,-0.3116925122889439,9.310765786671896,-0.4773736946551166,0.2278856443486765,6.647595508944921e-05,0.0728639740858233,0.00030331580435356565
3853,3853,CPSF7,-0.016848866333241546,7.106508284274723,-0.010442687371470069,0.00010904971953826044,0.934728489172764,0.2048985488214092,0.9615479280336423
3854,3854,CPT1A,0.3603529834873153,4.7543001940111065,0.5655444299633515,0.3198405022625722,1.11953598475059e-06,0.06673765329158445,8.135645031085367e-06
3855,3855,CPT1C,0.20813239262711436,6.018143199385596,0.20315588058232426,0.0412723118151796,0.10738606966760672,0.12739784127252732,0.1969499980898404
3856,3856,CPT2,0.3311487439872607,4.5111069326944016,0.613231293926981,0.3760526198513593,7.166836407274543e-08,0.0541722583352486,7.508361993204172e-07
3857,3857,CPTP,0.4243191879581424,3.8357052397380715,0.7253210689227771,0.5260906530232801,1.2136639710610087e-11,0.05114629401075263,6.382477396755236e-10
3858,3858,CPVL,0.1598963916053424,5.842008879649796,0.6305866693466272,0.39763954755767256,2.3444947320933795e-08,0.024993452858173254,2.904464154661449e-07
3859,3859,CPXCR1,-0.5849404523343984,8.724563878702597,-0.2084981977538202,0.04347149846659111,0.09826242072921924,0.3484676480470368,0.18338992185005334
3860,3860,CPXM1,-0.017801680648142595,7.092655229182498,-0.023573146062537215,0.000555693215285714,0.8533122133402479,0.0958797544405382,0.908283947256686
3861,3861,CPXM2,0.4005435243423793,5.092063227368999,0.3972542759214541,0.1578109597378788,0.0011529578894956714,0.11751412799716715,0.003850601958209248
3862,3862,CR1,0.3217658278298298,5.747833857051757,0.3022601707249232,0.09136121080665974,0.015203369863424122,0.12887206499062906,0.037686466848952535
3863,3863,CR1L,0.20010383097878734,6.3315392848062375,0.1361867664976434,0.018546835369083643,0.2832576946071293,0.18486701970280808,0.4209864358251888
3864,3864,CR2,0.13921786022216998,6.494651855156285,0.4360445491675226,0.19013484885870804,0.0003162071930294214,0.036490062183828866,0.0012076660961291216
3865,3865,CR936796,-0.2559041570929442,7.958106156989106,-0.29777088652328776,0.08866750086086471,0.0168621321428803,0.10419279572294457,0.04126915365665381
3866,3866,CRABP1,-0.4723059684393953,8.862369725186786,-0.3869891919897475,0.14976063471687767,0.0015833361471246418,0.14292208960081293,0.00509391535670541
3867,3867,CRABP2,0.02127014897486301,6.892883020578555,0.02863340516621685,0.000819871891412734,0.8222916126214932,0.09430258167495087,0.8882323593507584
3868,3868,CRADD,0.3978132642543897,4.075652530724758,0.44376998905623494,0.19693180318697093,0.0002397921457452492,0.10202384803941762,0.0009441270756569767
3869,3869,CRAMP1L,-0.6366791325049401,10.050753983179936,-0.4629086370780877,0.21428440628149276,0.000117382637045989,0.15483251680226565,0.0005010685994935721
3870,3870,CRAT,0.2544314082310451,5.1609736715895265,0.3970793582834735,0.15767201677481513,0.0011593050746008136,0.07468582452928615,0.0038682205532327607
3871,3871,CRB1,0.3537357792239732,5.7961328949391415,0.2138095803687328,0.0457145366574536,0.08980192923235902,0.20525565808643495,0.1703750462175166
3872,3872,CRB2,-0.16703984678544567,7.6800860661972195,-0.21487040700733687,0.0461692918074986,0.0881828062123304,0.0964235866641074,0.16789156572252636
3873,3873,CRB3,-0.2274881831624575,8.856793168541927,-0.3197154003880441,0.10221793724528737,0.010015592259224229,0.08562190835327796,0.026200489293730454
3874,3874,CRBN,0.2309913792781535,4.9455083424659065,0.2982313226716573,0.08894192182248617,0.016685161957107474,0.09389007897075832,0.040891487345084014
3875,3875,CRCP,-0.4174603177994282,9.578803883158427,-0.4952914788671808,0.24531364903843905,3.1697207795014714e-05,0.0929911773049438,0.0001573236385058546
3876,3876,CRCT1,0.0991768617237496,6.650280392867263,0.08323001496550238,0.00692723539115775,0.5132066110951579,0.15080824289527306,0.6470268617250234
3877,3877,CREB1,-0.056812054788480726,7.448152765538299,-0.06037333827841573,0.0036449399748800172,0.6355711424156221,0.1192906836331422,0.7486046501989887
3878,3878,CREB3,-0.2108455402743806,8.700469613037328,-0.2036523345047356,0.04147427334922872,0.1065115879642683,0.1287303851699344,0.19561601538175133
3879,3879,CREB3L1,0.03277559285250987,6.755588921972341,0.06859753331914135,0.004705621577470709,0.590163325625737,0.06053715228581313,0.7116598071291533
3880,3880,CREB3L2,-0.034250839445225216,7.226925016628468,-0.024278492079109537,0.0005894451776353847,0.8489738485585986,0.1791123910818296,0.9053742091271768
3881,3881,CREB3L3,0.25663237665200583,6.051132736387367,0.3980646904872543,0.15845549781271356,0.0011239574888500317,0.07511047156998127,0.003764197250393974
3882,3882,CREB3L4,-0.18034695218986155,8.270708158372452,-0.34357319933360553,0.11804254330032946,0.0054430685362098965,0.06260622269281793,0.015291858997356682
3883,3883,CREB5,-0.020491617593121757,7.104328789804135,-0.017862202402558185,0.0003190582746699554,0.8885870217981728,0.14567200507018416,0.9313819921122668
3884,3884,CREBBP,0.05809193122859819,6.662177127626169,0.040908651640519225,0.0016735177790453562,0.7482457106046253,0.1801943212891943,0.8361529313983856
3885,3885,CREBL2,0.23548453930510035,4.98628562089646,0.31471203363136224,0.09904366411238767,0.011315893454834108,0.09019969658855352,0.029109725916421077
3886,3886,CREBRF,0.19381397499643985,5.7850055074444615,0.5058891776450083,0.2559238600583428,2.005176779279202e-05,0.041970345507303344,0.00010425474947248769
3887,3887,CREBZF,-0.2560552645770701,8.400661597816256,-0.3649112631200496,0.13316022995187005,0.003029592556771276,0.08296979377635008,0.009104333446694696
3888,3888,CREG1,0.01360204677685632,6.873247104621848,0.012984065847663076,0.00016858596593645063,0.9188919797192772,0.13303352504174296,0.9510852605305872
3889,3889,CREG2,-0.10151381679816733,7.3326528435942,-0.053182253473942696,0.0028283520845666897,0.6764091278849316,0.2420736606450009,0.7816243150666058
3890,3890,CRELD1,-0.3633374115654894,9.135695788600568,-0.3949576175259605,0.15599151964178293,0.001238843739609958,0.10733396773063568,0.004100758358491844
3891,3891,CRELD2,-0.13834780548875855,8.284979646037424,-0.2617658066829951,0.06852133754839916,0.036668405499714334,0.06478134630228984,0.08053289260611703
3892,3892,CREM,-0.031055205193091993,7.175945965288646,-0.039889149318207404,0.0015911442333302462,0.7543199322476295,0.09879568938888808,0.8404403237714765
3893,3893,CRH,0.1153832668448977,6.511434367400045,0.07849702716371566,0.006161783273541115,0.53753038295892,0.1861022497355252,0.6680922640740489
3894,3894,CRHBP,0.4407469964242988,5.2762736209902625,0.4259750848432752,0.18145477290723552,0.0004490887084097113,0.11888598456540485,0.0016558855747679717
3895,3895,CRHR1,0.08852709415564236,6.588109989276477,0.06235561696853705,0.0038882229675269047,0.6244949066714782,0.1799528880571465,0.7391183431720073
3896,3896,CRHR2,0.0541755201863455,6.8099332575666605,0.044724706057145465,0.0020002993318980642,0.7256472979141898,0.15368269078996089,0.8201833204411388
3897,3897,CRIM1,0.05887069106133608,6.482035213863566,0.11484006942166212,0.013188241544772172,0.3662034174476385,0.06467359469478308,0.5094196058860803
3898,3898,CRIP1,0.0057298318274130655,6.962806882224957,0.018213341333809557,0.0003317258025418556,0.8864111972156388,0.03994701739539123,0.9301368646462498
3899,3899,CRIP2,0.04609056919492671,6.754583313409301,0.0954822654814691,0.009116863021473746,0.4529414195223405,0.06102457038714361,0.5921902094883948
3900,3900,CRIP3,0.03408544978269083,6.864486944429988,0.036803224270832297,0.0013544773167291793,0.7727951093142711,0.11754197830870028,0.8526891925099633
3901,3901,CRIPAK,0.00043604681776685715,7.012864059551588,0.0009267351976468273,8.588381265575041e-07,0.9942012187925212,0.05975598811252818,0.9962980032106941
3902,3902,CRIPT,0.013300292707425596,6.925052886682219,0.017035344190991494,0.00029020295170554763,0.8937138380243369,0.09914057090489617,0.9345392419922264
3903,3903,CRISP1,-0.05056954689983007,7.176870570171793,-0.03367697969366313,0.0011341389612873989,0.7916406144201572,0.19059594985773676,0.8658069447105305
3904,3904,CRISP2,-0.2372308699755525,7.744960600166722,-0.2036994920992001,0.041493483081472084,0.106428809168055,0.1448047958303423,0.19548056510044368
3905,3905,CRISP3,-0.0415068532195926,7.1377321688191095,-0.02054504667032104,0.0004220989426856695,0.8719847714311668,0.25652231783033885,0.9209788921300257
3906,3906,CRISPLD1,0.1643997860065615,6.494403927642883,0.104396634159531,0.010898657223838957,0.41166952625209774,0.1989020695947609,0.553158574769743
3907,3907,CRISPLD2,0.3604171801504983,4.790813461211707,0.6020565175636232,0.36247205034083735,1.4210242410865399e-07,0.060704654570319524,1.3496614009091676e-06
3908,3908,CRK,0.6197495593058002,1.5197031264395982,0.5027801148150723,0.2527878438534573,2.2971004297569696e-05,0.1353207055206405,0.00011793198152296628
3909,3909,CRKL,-0.09075953446107714,7.640250653181226,-0.14663089578274893,0.021500619598051374,0.24760367115822865,0.07775909628469017,0.3798377638603962
3910,3910,CRLF1,0.09801164518789557,6.503627707520947,0.14857280156427574,0.022073877364657657,0.24132848924255426,0.08285057852670502,0.37252332331956417
3911,3911,CRLF2,0.12043048048612577,6.405854726737671,0.18689626715782445,0.03493021467752888,0.13920285095513862,0.08039319824704824,0.24196803158079364
3912,3912,CRLF3,0.2680666367290194,4.8063045591223625,0.44316799376006855,0.19639787069332412,0.0002450752494729071,0.0688650826007154,0.0009617804507676338
3913,3913,CRLS1,-0.3465534463963106,9.327098662282383,-0.4828847174536261,0.23317765035026825,5.3166206046064487e-05,0.07981385683350506,0.00024887898658182585
3914,3914,CRMP1,0.15641405044410578,6.035794233354339,0.22672608289328736,0.051404716664133814,0.07160825073830338,0.08533337317256823,0.14120166360753594
3915,3915,CRNDE,-0.08121283969506783,7.4164526561268245,-0.6449999594093992,0.4160249476381267,8.781926366917876e-09,0.012219862281741729,1.2989932751066027e-07
3916,3916,CRNKL1,0.035511908483110026,6.7263100431982465,0.04745479774933127,0.0022519578294299364,0.7096204254225178,0.09493109348105327,0.8073358365306621
3917,3917,CRNN,0.08597043057189589,6.580340972568071,0.0882531558859068,0.007788619523822167,0.4880178060455641,0.12323245902249726,0.6247354924282744
3918,3918,CROCC,0.010222333691769841,6.962280516387743,0.014063636236245469,0.0001977858641854366,0.912173803587624,0.09230253558949557,0.9472103057777884
3919,3919,CROCCP2,0.04726655136262705,6.723458143629025,0.0697879857592886,0.0048703629563386685,0.5837131938310527,0.08580591730519264,0.7063993077238988
3920,3920,CROCCP3,0.09898841677045354,6.5760541348791826,0.08929650632058249,0.007973866041061829,0.4828687485076566,0.14022182733374527,0.619925926363187
3921,3921,CROT,0.19690436049513205,6.000529792339068,0.19706755861217046,0.03883562265736123,0.11856685280146137,0.12440653266618938,0.21289927010079984
3922,3922,CRP,-0.1601338092311234,7.594553774531096,-0.08754265675299325,0.007663716751372394,0.4915406698324389,0.23141787583869736,0.6280571869967821
3923,3923,CRTAC1,0.3432223368448442,5.407614317209684,0.2346079830968027,0.05504090573274965,0.0620401896955886,0.1806106758300101,0.12534804141238767
3924,3924,CRTAM,0.3128658061181307,5.95133400298896,0.4383324905157451,0.1921353722417357,0.0002915343294034543,0.08147566040089163,0.0011243412116174183
3925,3925,CRTAP,-0.4791180737971292,10.570858894219082,-0.6232480757419568,0.388438163916052,3.7920234350253285e-08,0.07634945669605582,4.3586129238574035e-07
3926,3926,CRTC1,0.2338945559512238,5.465738166696387,0.24629586631110106,0.06066165376193575,0.049777679527301125,0.11689021881074907,0.10427935089133268
3927,3927,CRTC2,-0.12860465989103584,7.848094457218928,-0.15812393222837448,0.02500317794336357,0.2120574957755116,0.10199170563652002,0.33706909962226494
3928,3928,CRTC3,-0.9056526040314016,12.183437335602925,-0.6298564010458012,0.3967190859383692,2.460786832874932e-08,0.14183520509781616,3.0225943769657774e-07
3929,3929,CRX,0.3522326133627565,5.504041823361457,0.31642626513395095,0.10012558126662144,0.010854818872884857,0.13410721638120246,0.02808711945182478
3930,3930,CRY1,-0.1363191655679542,8.022996053179691,-0.29471138386840223,0.08685479978162873,0.01807937428584593,0.056135046002340316,0.04388620672121887
3931,3931,CRY2,0.2850955296896385,5.10702936369907,0.3397423599162893,0.11542487112148947,0.006021967530828828,0.10023334545309527,0.016722968309835634
3932,3932,CRYAA,0.11648330825746027,6.49095933624643,0.1808126753238765,0.03269322355777758,0.1527723991870164,0.08046760860827712,0.2606386436929678
3933,3933,CRYAB,0.17407999566616172,5.943644758565062,0.6667590482630897,0.4445676284407013,1.8008588504325453e-09,0.024711533580381875,3.445017527042117e-08
3934,3934,CRYBA1,0.11871396207447975,6.627527406246167,0.12245772190896236,0.014995893655132757,0.3350520221324962,0.12219088198387255,0.47727611756868865
3935,3935,CRYBA2,0.17785541658389406,6.220086438652119,0.6214203562208884,0.3861632591256959,4.266204783867427e-08,0.02847817900219908,4.826784984046453e-07
3936,3936,CRYBA4,-0.05109003256505907,7.213924266688834,-0.05311132699968149,0.002820813055667096,0.676816827299394,0.12199436897069114,0.7818034029534526
3937,3937,CRYBB1,0.27598821664120865,5.660759307802405,0.3739393362449814,0.13983062719133724,0.002336066437796343,0.08693317275436416,0.0072103076839338375
3938,3938,CRYBB2,0.15932389584542356,6.185914151727901,0.1816059821505978,0.03298073275288325,0.15094926222520624,0.10956516221347108,0.25819954766878683
3939,3939,CRYBB2P1,0.33338544241270696,5.651190704437157,0.17556126572938524,0.03082175802450382,0.16525501828299075,0.2374236142308897,0.27745366885704487
3940,3940,CRYBB3,0.1890682040476285,5.900985941773822,0.24478342850337406,0.059918926869866426,0.051242852399677866,0.09510936788836552,0.10674978054016587
3941,3941,CRYBG3,0.21265695862467085,5.354805630782191,0.3175375197239245,0.10083007643242176,0.01056470588941783,0.08065096929922869,0.027467727942771417
3942,3942,CRYGA,0.013687351902484213,6.966285036013602,0.01579555404584487,0.0002494995276152062,0.9014090399029416,0.11003593539011672,0.9394883822777937
3943,3943,CRYGB,0.4836859613320208,4.884531674268833,0.3675633001530511,0.1351027796194019,0.002808985504396451,0.1554238799081923,0.008506304166928422
3944,3944,CRYGC,0.10117601000637434,6.501715059938205,0.1240665048823626,0.0153924976337253,0.3286927339709582,0.10276819442755136,0.47050774419229907
3945,3945,CRYGD,0.24311034927162506,5.613449053562694,0.1964423525159676,0.03858959786200767,0.11976361336590788,0.1541086033161671,0.21463322511630675
3946,3946,CRYGEP,0.10775976561473354,6.529866838168237,0.11824362463219387,0.013981554766159171,0.35207333627922704,0.11492792849710112,0.49468907975127574
3947,3947,CRYGN,0.1869611089081824,6.060204718368052,0.19609586508305912,0.038453588302673335,0.120430817800982,0.11873318563034613,0.21558480280071632
3948,3948,CRYGS,0.10591676491835876,6.5609021960189216,0.1220677237522204,0.014900529182048391,0.33660519483487505,0.10937247988938067,0.47870135247581397
3949,3949,CRYL1,0.2050645578750709,5.191989651475604,0.3321854294028478,0.11034715950755436,0.007324439390778089,0.07394766531876196,0.019905965738867912
3950,3950,CRYM,-0.10504920558339237,7.856447641970518,-0.25482499272222336,0.06493577691588119,0.04214333991705477,0.05062623462710025,0.0907622104330006
3951,3951,CRYZ,-0.2141200297312322,8.796649162743641,-0.6713279217812463,0.4506811785631272,1.2696849193986326e-09,0.030021955673009287,2.5869772544489113e-08
3952,3952,CRYZL1,0.19586183394062925,5.7723662569452285,0.19024643796769247,0.036193707159395065,0.13212772826309302,0.1283607708723556,0.23199756389664147
3953,3953,CS,0.16412092851743554,5.234858260069959,0.1329375930779941,0.017672403653370347,0.2950089341235489,0.15539909370455854,0.43367324063248053
3954,3954,CSAD,-0.0941046652134772,7.433146362106163,-0.1074433273762724,0.011544068597684849,0.3980797328081532,0.11058965819355768,0.5402956198032314
3955,3955,CSDC2,-0.021910175737643967,7.145289101530508,-0.02535715537609494,0.0006429853287674202,0.8423479889703435,0.10970080564081484,0.9012374358277069
3956,3956,CSDE1,-0.07369902448028344,7.745278800966163,-0.05263449340383165,0.002770389895877997,0.6795601553233841,0.17757958222289805,0.7838851096536452
3957,3957,CSE1L,-0.27552346121750354,9.075465773172834,-0.6885109759165976,0.4740473639576256,3.222484769716747e-10,0.03685744200930896,8.650125611698432e-09
3958,3958,CSF1,0.3500710893273823,5.101737301718738,0.3024599036755008,0.09148199333139323,0.015132948067790903,0.14010684754437258,0.037533385684115454
3959,3959,CSF1R,0.20241593840288533,5.560870562327516,0.6061503343556996,0.3674182278395265,1.1092341579673138e-07,0.033730816127678205,1.0893635233914821e-06
3960,3960,CSF2,-0.23996598082838305,8.326539822764843,-0.2055449950182788,0.04224874497706425,0.10322818234462663,0.14510196422890226,0.1907932002186567
3961,3961,CSF2RA,0.3562300183690294,5.449710870088788,0.4838305576433447,0.2340920085094699,5.114644370548698e-05,0.08183322655763929,0.00024021850926691618
3962,3962,CSF2RB,0.10132580915638156,6.397864331397692,0.4659008751735686,0.21706362548749716,0.0001045740427712448,0.02443959162722683,0.0004528196153191974
3963,3963,CSF3,0.1213241623959398,6.285959216512278,0.10159679647068268,0.010321909053105323,0.42439171902851824,0.15087539528749735,0.5653421921482875
3964,3964,CSF3R,-0.005203223741282895,7.040615934889892,-0.004755667413449314,2.2616372547343687e-05,0.9702492405831687,0.13895055013285054,0.9824074112698611
3965,3965,CSGALNACT1,-0.0996310847169728,7.532611925161109,-0.4637775534261178,0.2150896190619156,0.00011352194825334253,0.02417126196263438,0.0004865065880518766
3966,3966,CSGALNACT2,-0.05554788877769716,7.289231752097721,-0.07810420171060753,0.006100266324851266,0.5395742791115961,0.09004686590077683,0.6697129027432575
3967,3967,CSH1,-0.002269264880388733,7.026214134963803,-0.0027641256341243967,7.640390521223601e-06,0.9827054449762732,0.1042629262135882,0.9899160694536966
3968,3968,CSHL1,0.035048647225026576,6.880852312542356,0.031919501676369554,0.0010188545872677588,0.8022881369416222,0.13937919714627814,0.8736573270376561
3969,3969,CSK,0.13328094345970054,5.930061629635143,0.15390917843933416,0.023688035207870804,0.2246498021485539,0.10866808141732412,0.3522846004662775
3970,3970,CSMD1,0.06981794653425454,6.775656257975893,0.05202969333138651,0.0027070889881581264,0.6830456622831949,0.17018893729316836,0.7863970017722425
3971,3971,CSMD2,0.06772842994671928,6.7256525469159065,0.04862689861161023,0.0023645752685838213,0.7027774625263853,0.1766788333520511,0.801740909862442
3972,3972,CSMD2-AS1,0.07509826331291379,6.632229977608713,0.07761111242200537,0.006023484771381159,0.5421452162771421,0.1225175214680462,0.6718257315297002
3973,3973,CSMD3,-0.0759905431576267,7.266323105685326,-0.06384616714209937,0.004076333058736891,0.6162202730360491,0.15084881397781635,0.7330363035602592
3974,3974,CSN1S1,0.052269061403000805,6.827608266376838,0.036069167578205004,0.001300984849784635,0.7772088349314421,0.1839204614990374,0.8556409415577213
3975,3975,CSN1S2AP,0.17305576807678946,6.4604454030759175,0.11764142165018288,0.01383950408787612,0.35454858283628765,0.1855255684832596,0.49713478123023885
3976,3976,CSN2,-0.035536365343262,7.140360892187035,-0.03630688851854815,0.0013181901538982836,0.7757786941834052,0.12422291024501805,0.8548487493660513
3977,3977,CSN3,0.12867421024159442,6.476632304770902,0.14409261487287062,0.02076268166090141,0.2559727239381568,0.11222714683566762,0.3894815802791306
3978,3978,CSNK1A1,-0.3052577922841195,9.10952160179692,-0.26687213982909186,0.07122073901695836,0.03302940247643545,0.13999867680569958,0.07369170725604882
3979,3979,CSNK1A1P1,-0.21074267272590586,7.649402392495332,-0.15397601633617305,0.023708613606757432,0.22444613141499348,0.17174863271533455,0.3520229576150999
3980,3980,CSNK1D,-0.21515736506344804,8.49747512767461,-0.1754795574931322,0.030793075097985494,0.1654549828849953,0.15329997920588054,0.27774012160569245
3981,3981,CSNK1E,-0.3323555147203482,9.351162341942473,-0.7095472930362331,0.503457361055046,5.262649821793374e-11,0.04191832988206072,1.968267390171598e-09
3982,3982,CSNK1G1,-0.10672123332107453,7.622235141299944,-0.06390224451970099,0.004083496854655655,0.6159098833876147,0.2116656295288435,0.7328302409502545
3983,3983,CSNK1G2,-0.4704802331224462,10.354013151407562,-0.5104385781349695,0.2605475420484494,1.6395914019814372e-05,0.10066005770774518,8.727962588472965e-05
3984,3984,CSNK1G2-AS1,0.07588400236002102,6.603953695112003,0.09103485746211626,0.008287345273147824,0.4743541302957053,0.10542402546586674,0.6119103289184189
3985,3985,CSNK1G3,0.07254131939466348,6.510146803946774,0.0635991102205448,0.004044846820845007,0.6175885358091545,0.14456343445418104,0.7340622286046019
3986,3986,CSNK2A1,-0.4283779558029821,10.497126128040989,-0.4567337067983062,0.2086056789257211,0.00014849241009784112,0.10596554362768984,0.0006164883321834258
3987,3987,CSNK2A2,-0.402077557325558,10.118701476670957,-0.6828133169349013,0.46623402578364204,5.129910602499081e-10,0.05463707587779101,1.2566540056235022e-08
3988,3988,CSNK2B,-0.5164812867398172,12.332147040295446,-0.487951068103782,0.2380962448636217,4.314788024889182e-05,0.11733633799120095,0.00020726871046800188
3989,3989,CSPG4,0.20035590862790956,6.295160070736406,0.14645641916321134,0.021449482714110263,0.24817288995858944,0.1718658236712564,0.3802847390357525
3990,3990,CSPG4P1Y,0.02687844703661716,6.886403810079568,0.025452869974446745,0.0006478485899360926,0.8417605655594682,0.13406976401789245,0.9008098944007198
3991,3991,CSPG4P5,0.2322569251486914,6.018268875494638,0.2236083126931916,0.05000067750549614,0.07570418500651871,0.128572038785453,0.14787787536678357
3992,3992,CSPG5,0.15230388868351352,6.369786720213202,0.101429007939897,0.010287843651671687,0.42516118613608667,0.18971751256422725,0.5662975449487611
3993,3993,CSPP1,-0.4184589989376604,9.138209957940056,-0.4764846360881448,0.22703760842805176,6.889107215472214e-05,0.09805897454341483,0.0003124264225152896
3994,3994,CSRNP1,0.1101975799439044,6.321277614906836,0.1840385597650147,0.03387019148038089,0.1454596882683135,0.07474551306163317,0.25055152747503096
3995,3995,CSRNP2,-0.3880322222574677,9.38986258314299,-0.3620450228978683,0.131076598605118,0.003285229071153481,0.12688202799241813,0.009766836289927049
3996,3996,CSRNP3,0.390061794178115,5.545150430745054,0.2913723672012851,0.08489785636848053,0.019492727385563957,0.16263873710613194,0.04686521722375791
3997,3997,CSRP1,0.3692097105115176,3.305774046414973,0.4167431990895976,0.17367489398743194,0.0006136613930383293,0.10227847002486246,0.002193963590266637
3998,3998,CSRP2,0.1992488579335538,5.886390397676972,0.5774851854159886,0.33348913937493874,5.858838064545178e-07,0.035773609649330664,4.6001863048486515e-06
3999,3999,CSRP3,-0.08786072002342804,7.318988728725543,-0.07762326837874063,0.006025371793797995,0.5420817642829859,0.1433159865769506,0.671785544554656
4000,4000,CST1,-0.08653104523909695,7.3876540077410695,-0.38030551701282783,0.1446322862703943,0.0019361557915423687,0.026725134902291583,0.006101201057312281
4001,4001,CST11,0.05089497780696915,6.824231871574948,0.043500663091813316,0.0018923076894274496,0.7328717035976069,0.14844716529231566,0.8254192927344972
4002,4002,CST13P,0.3067031718052388,6.0328914808159295,0.19331466654357093,0.03737056030085202,0.12588961704131335,0.19769113171099104,0.22338793275429955
4003,4003,CST2,-0.15207526248515213,7.74010982390404,-0.18047794861401967,0.032572289935924745,0.1535465346821367,0.10525623841399312,0.2616295702684452
4004,4004,CST3,0.3329863743213085,4.6471868020462095,0.4384287866764688,0.19221980098660066,0.00029053554690254595,0.0866918274492062,0.0011216878709528672
4005,4005,CST4,-0.09240747510446357,7.496543485464585,-0.11127957203197747,0.012383143151620065,0.3813486884792714,0.104806944385619,0.5243907701942229
4006,4006,CST5,-0.007732369297638516,7.053373047698286,-0.00791243247210978,6.260658762569732e-05,0.9505207648903328,0.12410610082122862,0.9702354515969646
4007,4007,CST6,-0.0615168005635104,7.276396028634852,-0.08836424174170149,0.007808239218585859,0.4874682134179655,0.08806820575475592,0.6242533507726814
4008,4008,CST7,0.20253882342753396,5.778933290200051,0.4497209872198951,0.20224896634603698,0.0001928963381494257,0.051086126032731966,0.0007778715461128144
4009,4009,CST8,-0.318355948462614,8.738406641755635,-0.27775397997049056,0.07714727338944767,0.02627246381449792,0.13983730112094875,0.060576043856787956
4010,4010,CST9,0.06935591333730036,6.702675952982472,0.10457321035678156,0.010935556324323687,0.4108746532230768,0.08376826189344773,0.5524675948802067
4011,4011,CST9L,-0.08632423610079021,7.312067310765438,-0.06735145237974026,0.00453621813766042,0.5969489553788192,0.16240622273201566,0.7168087850021254
4012,4012,CSTA,-0.015375785060582426,7.108604934434919,-0.06582613588647815,0.0043330801657450865,0.6053019785885841,0.029600573931729563,0.7239486549395664
4013,4013,CSTB,-0.2564162629239921,9.216937278311981,-0.4528946184679613,0.2051135354372402,0.00017147825243201165,0.06410694959893416,0.0006998754745040889
4014,4014,CSTF1,-0.22551317320602235,8.369053948667425,-0.4549815328683655,0.20700819525124756,0.00015860740087890582,0.056055296132902666,0.0006545793888918732
4015,4015,CSTF2,-0.2668974867776217,8.653594773931871,-0.4133313710436517,0.17084282228882486,0.0006871843544325374,0.0746738775393562,0.002426378150209783
4016,4016,CSTF2T,-0.22419025465008144,8.596885856184912,-0.3521608377557728,0.12401725564884772,0.004320040005403418,0.07567067409509086,0.012466746577426841
4017,4017,CSTF3,-0.21425939660117893,8.408072681503002,-0.47896755827354,0.22940992187851694,6.234085010950576e-05,0.04987117960140406,0.00028642292347405676
4018,4018,CSTF3-AS1,0.09195795494780272,6.756589172309389,0.041566419445686814,0.0017277672255347706,0.7443347616892613,0.2807212826531194,0.8336472337409336
4019,4019,CSTL1,0.1057751974350708,6.617404981830092,0.0916109009644634,0.00839255717552072,0.4715504693448985,0.1460194588134546,0.6094554111407805
4020,4020,CT55,0.03855763364185258,6.864060696377988,0.03524236224095617,0.0012420240963227733,0.7821886457586248,0.1388607949750937,0.8596467790500898
4021,4021,CT62,0.04503550656433193,6.855228918216258,0.03340602002166325,0.0011159621736877658,0.7932797816689655,0.17111654658032274,0.8669866595357549
4022,4022,CT83,0.27006738250126755,6.074541913997848,0.1842069253835772,0.033932191359270766,0.1450853323277048,0.18300971391998355,0.2501849714569555
4023,4023,CTA-246H3.12,-0.19606230344917516,8.020803384347055,-0.21405528180129735,0.04581966366703283,0.08942485713933437,0.11362856933372638,0.1697810294075233
4024,4024,CTA-250D10.23,0.156470753741998,6.27668416764134,0.34215456877469524,0.11706974893339765,0.005651465155250004,0.05457304476928421,0.015819865296915567
4025,4025,CTA-254O6.1,0.2700077560077825,6.153280454403625,0.1955656996403803,0.03824594287583145,0.12145720643367247,0.17195694557414992,0.21702575503386393
4026,4026,CTA-268H5.14,0.3203905583307093,5.773749349539965,0.3006525208045327,0.09039193826611996,0.015780516007813543,0.1290761982457716,0.038925512489942166
4027,4027,CTA-280A3__B.2,0.2736582805288956,5.567739494481063,0.24134412640242825,0.058246987348951264,0.0547060093533754,0.13974765348117482,0.11287838328226243
4028,4028,CTA-292E10.6,0.23525407759537545,6.232114467566053,0.19363701786589016,0.03749529468799506,0.1252474547685308,0.15137507103791534,0.22251486036693205
4029,4029,CTA-29F11.1,-0.1897660167672044,7.908759690970182,-0.3865453068296993,0.14941727423206635,0.0016048404447030092,0.05750167180001469,0.005156204722558407
4030,4030,CTA-331P3.1,-0.020986658196414237,7.084535174739047,-0.018082974705584558,0.0003269939742028108,0.8872189145119113,0.1473691410922704,0.9305335203058769
4031,4031,CTA-384D8.35,-0.1361615171031659,7.599789616279327,-0.13870560532246254,0.01923924494787076,0.2743636817381852,0.12346562652508646,0.4111373280769774
4032,4032,CTA-390C10.10,-0.2312120033975909,7.942260898665848,-0.2430494038226668,0.05907301269855375,0.05296582977455507,0.1171919914719452,0.10982143276215915
4033,4033,CTA-445C9.15,-0.08151023758826483,7.3893237088360895,-0.10930109475283233,0.011946729314167629,0.3899242125059733,0.09414168829935128,0.5325980081882712
4034,4034,CTAG2,0.20484083415992926,6.138105742925347,0.2578220852128957,0.06647222762352567,0.03970169196996216,0.0974909260610518,0.08628463866012953
4035,4035,CTAGE1,-0.11417884276047208,7.367873092995048,-0.06811059378633494,0.004639052985927128,0.5928108663500447,0.21240533676520196,0.7138586059506321
4036,4036,CTAGE11P,0.24860625651226806,6.050086265274425,0.2804017846428608,0.07862516083090129,0.0248174634852703,0.10808205913441953,0.05768189028373172
4037,4037,CTAGE5,0.7812883629060726,3.2336164765567688,0.4682129099040257,0.21922332900079528,9.55723120265696e-05,0.18725591324962668,0.0004175419595692237
4038,4038,CTB-102L5.7,0.1353713084351529,6.424271086199282,0.1806210800015648,0.03262397454093168,0.1532151538276819,0.09361813973924504,0.2612187544318577
4039,4039,CTB-113P19.1,0.10160855879552984,6.566175996953333,0.10639258130567074,0.011319381356883759,0.4027365145004057,0.1206010561470904,0.5448743734540975
4040,4040,CTB-119C2.1,-0.3097762935425831,7.985556013426012,-0.2531622318634189,0.06409111564206747,0.04355055449368333,0.15033849684178488,0.0932733911146981
4041,4041,CTB-12A17.3,0.030302188879459256,6.806109747994197,0.05557175285121619,0.003088219714956655,0.6627285299142079,0.06914366957500086,0.7703787812170365
4042,4042,CTB-12O2.1,0.3071089246437643,6.03836995639403,0.18592027417210832,0.034566348348231926,0.1413165997649432,0.20612518468431346,0.244973660575556
4043,4043,CTB-167B5.2,0.7315308141766312,4.904499467409782,0.469306326389237,0.22024842798896105,9.156871797904151e-05,0.17480687161734654,0.00040188905306772274
4044,4044,CTB-174D11.1,-0.009062006569848421,7.0546708442614925,-0.012317903030590731,0.00015173073507103633,0.9230403671281509,0.09342407286756317,0.9539199747141408
4045,4045,CTB-176F20.3,-0.01650250591166189,7.084583870263868,-0.013262399159342816,0.00017589123146173703,0.917159349481917,0.15801334246599116,0.9498331108991696
4046,4046,CTB-181H17.1,0.04557722544991467,6.86251524419287,0.055636702469723485,0.003095442661704536,0.6623581767582747,0.10387653337141277,0.7701136277959967
4047,4047,CTB-25B13.12,0.2520027764503358,5.560715967548889,0.3075587049869008,0.09459235701321947,0.013427710696666723,0.09901557993064174,0.03378378937333774
4048,4048,CTB-31O20.2,-0.11589267290265247,7.563402908425336,-0.3332376900930595,0.11104735809855797,0.00712945065016148,0.041643318609673935,0.019437020499716334
4049,4049,CTB-31O20.9,0.10614138323195857,6.627398990772782,0.10001919695740163,0.0100038397600035,0.4316578095946945,0.13409799673409611,0.5725911097563927
4050,4050,CTB-43E15.1,0.12761512004801254,6.439441378990701,0.10010657121238033,0.01002132559989937,0.431253551667095,0.1610855639361169,0.5721600086601484
4051,4051,CTB-50L17.7,-0.13437165144205745,7.9274704929629065,-0.2306153244226821,0.05318342785857892,0.06674924140298084,0.07200399159143801,0.13308671600971828
4052,4052,CTB-78F1.1,-0.11141483928090652,7.398513452517433,-0.10940567169541868,0.01196960099912574,0.3894680907651521,0.1285560470725164,0.5321716475595815
4053,4053,CTB-92J24.2,0.3989720467339291,5.553821325878498,0.4064131519842991,0.16517165010581294,0.0008612934996321878,0.11391409509704625,0.0029718468346932804
4054,4054,CTBP1,0.03886167859195961,6.695070040163385,0.04341447932013975,0.0018848170146388414,0.7333812471114995,0.11357465991147032,0.825664855102558
4055,4055,CTBP1-AS,0.06036288036993076,6.785812862871818,0.09626296065641238,0.009266557594337995,0.4492383920852093,0.07926716157668631,0.5887706458031355
4056,4056,CTBP1-AS2,-0.17264312028277232,8.068962209870174,-0.1456421908096101,0.021211647743822882,0.2508410640581337,0.14893975154825306,0.38323431932968005
4057,4057,CTBP2,-0.34638230086862204,10.246805140830583,-0.2309338642913633,0.05333044967654178,0.0663633073250759,0.1853409690048232,0.13256195813177138
4058,4058,CTBS,0.15286227239327504,5.911385264131111,0.2366751803203599,0.05601514097967487,0.05970960130211043,0.07969558523959236,0.12148937481886699
4059,4059,CTC-338M12.4,-0.3794169781847786,8.962013421390415,-0.5959560035150496,0.35516355812562983,2.0424135430623152e-07,0.0649279219732448,1.8390214251565255e-06
4060,4060,CTC-360P9.3,-0.032451958471929464,7.180414577165406,-0.04196245536781094,0.0017608476604955247,0.7419831067564764,0.09812992665022184,0.8321754804646517
4061,4061,CTC-384G19.1,0.0576564877052959,6.8546763136345845,0.03564290272196348,0.0012704165144473516,0.7797751074532214,0.20530675076633287,0.8578120371805695
4062,4062,CTC-425F1.4,-0.0347706276754731,7.320857220442683,-0.06482686560970835,0.0042025225047791865,0.6108017766335359,0.06797468016955603,0.72883582064135
4063,4063,CTC-428G20.3,0.2449767777028901,5.308430314147151,0.6088818854160651,0.3707371503878223,9.384168435596024e-08,0.04053330957871594,9.457589296025743e-07
4064,4064,CTC-428G20.6,0.5839327191492606,5.025139148404493,0.4554087713146317,0.20739714899030245,0.00015608435735879695,0.1449750909322971,0.0006455322304439932
4065,4065,CTC-429P9.3,0.17819844516759656,5.785213045004115,0.25855600953301217,0.06685121006563507,0.0391219799701069,0.08455297207467864,0.08518308864128127
4066,4066,CTC-436K13.5,-0.028296284235448707,7.116769081929912,-0.025130770776010145,0.0006315556397963655,0.8437377055865523,0.14295211058773322,0.9019222042885177
4067,4067,CTC-444N24.11,-0.14036936530862282,7.771530785706968,-0.2420396175121885,0.058583176445446535,0.053990748746823566,0.0714629616966497,0.11158328537053486
4068,4068,CTC-459F4.3,0.20852671632737624,5.665433789428594,0.2468342689419508,0.060927156324107286,0.04926444717138253,0.10397047934353064,0.10332638594203147
4069,4069,CTC-462L7.1,-0.7000526416296656,9.068928534987949,-0.4385872624933903,0.19235878682144605,0.0002888986417694972,0.18217470525588805,0.0011161641547758182
4070,4070,CTC-471C19.1,0.1900653286596227,6.399906804526432,0.1500403076167583,0.022512093909731457,0.23665937424860525,0.15905773975088902,0.3670576385441589
4071,4071,CTC-471F3.6,-0.2945543076581409,7.907679480538846,-0.1357148663703462,0.018418524953920924,0.2849449261176165,0.2730896790220019,0.4228964687188668
4072,4072,CTC-471J1.2,0.2536217431883357,6.225837295393935,0.16040358265939753,0.02572930932997017,0.20545790754464707,0.1982058156469181,0.32913086165700045
4073,4073,CTC-510F12.4,0.08490148143869193,6.5980633774185975,0.10361189515882832,0.010735424818404034,0.41521284802140507,0.10350612139247103,0.5562973596426113
4074,4074,CTC-523E23.1,-0.15733070909277927,7.523367830277178,-0.14226857173458934,0.020240346503399998,0.2621039146203943,0.13901717515775608,0.39688555143728677
4075,4075,CTC-527H23.4,-0.05642833648966974,7.3017042133298835,-0.06018007752444035,0.0036216417308476507,0.6366553309365756,0.11886686336440196,0.7495573928219249
4076,4076,CTC-550B14.7,0.02737576981228926,6.880192474393376,0.033348748725416544,0.0011121390415509717,0.7936263580343077,0.10419558563288908,0.8672363096521591
4077,4077,CTC1,-0.12704261178227266,7.682207013635478,-0.0830786792814381,0.006902066951148052,0.5139756059612882,0.19353522598992667,0.6477037795095261
4078,4078,CTCF,0.05007414839235292,6.5822057656889985,0.045646886038281535,0.0020836382049918625,0.7202201610704153,0.1391725686727758,0.8157522667492988
4079,4079,CTCFL,0.22437895958107065,6.2598985079142055,0.1786840082666517,0.03192797481023685,0.1577450970571099,0.15691137722143614,0.26741585069451346
4080,4080,CTD-2002J20.1,0.08180859146588516,6.760225999779358,0.05054549097552078,0.002554846657956453,0.6916270882077885,0.20528875614161832,0.7930310597871258
4081,4081,CTD-2008P7.1,-0.11821206899528612,7.668753769197588,-0.09902453842379626,0.0098058592100459,0.4362749130649625,0.15086320270564535,0.5769041645430586
4082,4082,CTD-2012K14.6,0.16706061074656514,6.1827017583814206,0.20455045946584435,0.04184089046768803,0.10494358444998447,0.10153051220705957,0.19334297441419207
4083,4083,CTD-2021H9.3,0.000781474094697613,7.01307567741592,0.0006294973655595299,3.962669332463886e-07,0.9960610815385984,0.1576611675277214,0.9974890270402492
4084,4084,CTD-2033C11.1,0.011631203986429771,6.969750055760303,0.010071420633154856,0.00010143351356993737,0.9370442829886751,0.1466614808731676,0.96301275728218
4085,4085,CTD-2035E11.5,0.16016182587551467,6.4664131316330495,0.10739937477872022,0.011534625702860004,0.3982738888611074,0.1882964549528532,0.5404575174387317
4086,4086,CTD-2076M15.1,-0.10398689079209386,7.322240518967214,-0.05935108537226477,0.003522551334865861,0.6413145517275606,0.2221200794302458,0.7532672915339105
4087,4087,CTD-2083E4.4,0.03914764402963336,6.8818111748014745,0.026878342947790432,0.0007224453196190355,0.8330224343888181,0.18490572643766195,0.8951518864971146
4088,4088,CTD-2083E4.7,-0.06997636352623167,7.292302606572942,-0.06735629959159123,0.0045368710946721924,0.596922492539966,0.13164061251134013,0.7168087850021254
4089,4089,CTD-2118P12.1,-0.096268389164513,7.3172512153837905,-0.07088656296676507,0.005024904809241151,0.5777894469260206,0.1720402424067957,0.70158295801183
4090,4090,CTD-2124B8.2,-0.4322535572812081,8.576661034609051,-0.5977180195969914,0.3572668309509495,1.840672239698465e-07,0.07363117633525684,1.6811369612260759e-06
4091,4091,CTD-2130O13.1,0.2481970312490117,6.0053473564760935,0.2472871778311399,0.06115094831968981,0.04883607336724456,0.12350855068374555,0.10258465115604627
4092,4092,CTD-2165H16.3,0.2301020293120178,6.026998602446115,0.5055772107556585,0.2556083160354716,2.0328321873158873e-05,0.049869828055690436,0.00010546473650293612
4093,4093,CTD-2194D22.4,-0.04359421282851236,7.152329393571558,-0.028178187491338193,0.0007940102502970082,0.8250718803965549,0.1964027006251708,0.890097721814746
4094,4094,CTD-2196E14.6,-0.4836993668324355,8.50727823033298,-0.2336679625507077,0.05460071672259894,0.06312399707786483,0.2556160601563887,0.12715110346642272
4095,4095,CTD-2251F13.1,0.09461047344129588,6.682867911270077,0.0917556718586853,0.008419103318238733,0.470847259330806,0.1303990799117246,0.6087645471854203
4096,4096,CTD-2256P15.2,-0.225462853438898,8.046158560203864,-0.21423691583562773,0.04589745610676184,0.08914690824058152,0.1305516525710282,0.1693846010309549
4097,4097,CTD-2269F5.1,0.16938169900033034,6.253520411611634,0.2287238077894103,0.052314580249687104,0.06907823622471809,0.09155696059137483,0.13699873664678727
4098,4098,CTD-2281E23.2,-0.0008183270650775543,7.0188649659401285,-0.0008938793455880725,7.990202844689606e-07,0.9944068015710448,0.11626580274546433,0.9964254655191173
4099,4099,CTD-2286N8.2,-0.16562971807590932,7.5565989395000575,-0.11102455385118838,0.012326451557855429,0.3824476560810149,0.18829123007818335,0.5254681804729635
4100,4100,CTD-2287O16.5,0.06257245401888695,6.752509210346215,0.06306303232474025,0.0039769460459912346,0.6205619198674042,0.1257613494786421,0.7363434725878706
4101,4101,CTD-2292M16.8,-0.12059949579429652,7.6236105621129955,-0.2603750644560267,0.06779517419048006,0.037715317935133455,0.05679445420200565,0.08256421450518751
4102,4102,CTD-2293H3.1,0.1064243810962628,6.633582897240506,0.08593583113787627,0.0073849670733575875,0.4995566447170437,0.15669727026890204,0.6353379421711154
4103,4103,CTD-2297D10.2,0.08073311462309456,6.732832931119487,0.08157970854998403,0.006655248847100335,0.5216239096192763,0.1252632611320154,0.6547131375879806
4104,4104,CTD-2302E22.4,0.3067860716401637,5.961078043671211,0.2446372732749105,0.05984739547538324,0.051386287102794574,0.15442454945574186,0.10697654751115328
4105,4105,CTD-2310F14.1,-0.290409410533198,7.836273460477725,-0.1377979315248187,0.018988269932518623,0.27754697572552817,0.26509970365267765,0.41481674093010645
4106,4106,CTD-2313J17.5,-0.39002159270409387,8.43388648553821,-0.2776762309856696,0.07710408925440693,0.026316251944092102,0.17136828943709115,0.06066408727371881
4107,4107,CTD-2325A15.5,0.18997989855208705,5.783615623229339,0.7314877618335802,0.5350743457123006,6.6521248382553695e-12,0.022490364681835705,3.99195437679065e-10
4108,4108,CTD-2350J17.1,0.18911955893789692,6.43398258254795,0.1479246453852913,0.021881700712364185,0.2434107136540989,0.16058159111711726,0.3750308789882256
4109,4109,CTD-2366F13.2,-0.3356821232138185,8.392641354145193,-0.2725992820091074,0.07431036855188085,0.02931181625944009,0.15046668769858915,0.06656327402455696
4110,4110,CTD-2373J6.1,-0.013669030419609802,7.055234780598612,-0.00569282222920251,3.240822493330223e-05,0.9643900235317064,0.3049349512965137,0.9789333593150712
4111,4111,CTD-2377D24.6,-0.1596741597771331,8.163400551692014,-0.41297818162223104,0.17055097849600445,0.0006952343087634358,0.04472048827050852,0.0024524025014289303
4112,4112,CTD-2520I13.1,0.2968871207334726,5.708705357946572,0.22198300360230244,0.04927645388829982,0.07791219007861695,0.1656162377452159,0.1516710244653407
4113,4113,CTD-2528L19.6,-0.09564384785174004,7.320666516844237,-0.1092164743201153,0.011928238262916405,0.3902935239585269,0.11055217372861548,0.5329343755168611
4114,4114,CTD-2534I21.8,0.13964427828901424,6.480739468768999,0.12239764356229298,0.01498118314960212,0.33529099098498216,0.14380583490179258,0.4774990552926708
4115,4115,CTD-2537I9.16,0.1166331915971961,6.383751020733793,0.102104738634452,0.010425377651609755,0.4220671770316635,0.14431274644786654,0.5630422422608682
4116,4116,CTD-2537I9.5,-0.21649903688756175,7.75097730595402,-0.17160082228845225,0.02944684221007297,0.17515292549272787,0.15785212140270918,0.2901795273158153
4117,4117,CTD-2540F13.2,0.21077868530378616,6.405663204435978,0.11322052947761255,0.012818888295190931,0.3730465027752884,0.23491139486370205,0.5159888871741741
4118,4118,CTD-2541J13.1,-0.11860326252861983,7.349531573866103,-0.06349933684512779,0.004032165779771004,0.6181414731503863,0.23673052298856626,0.7345178666084072
4119,4119,CTD-2541M15.1,0.2386881820741405,5.979813939542832,0.21070422828793653,0.04439627181841487,0.09467601120556657,0.14063737084695102,0.17781517976205935
4120,4120,CTD-2542L18.1,-0.1112491333258465,7.4479824780235875,-0.09652625266427048,0.009317317453406585,0.4479933226138273,0.1456876140853748,0.5877435721072598
4121,4121,CTD-2547L24.4,0.12129298447575157,6.555600821657213,0.10640114050829312,0.01132120270146553,0.4026984529284097,0.1439531473503457,0.5448743734540975
4122,4122,CTD-2553C6.1,0.26766747657817125,5.712715895892464,0.22724816014148144,0.051641726287688386,0.07094002646725371,0.14567519324602907,0.14010089130400172
4123,4123,CTD-2554C21.3,0.013694977808592471,6.970736717628963,0.010087510845641036,0.00010175787506092553,0.9369439086183282,0.17240877887688952,0.9629577760384385
4124,4124,CTD-2561B21.11,-0.008367492659853927,7.047857009873417,-0.009146568059309638,8.365970726358328e-05,0.9428153130491952,0.11617780256089695,0.9661924046808711
4125,4125,CTD-2587H24.10,0.15809370211887022,6.181514531758865,0.1977984724597652,0.039124235707416494,0.11717937082403065,0.09950145036866967,0.2110092568465459
4126,4126,CTD-2587M23.1,0.1865251804413648,6.356803922398606,0.19943502262919674,0.03977432825110822,0.11411785567186823,0.1163929977063934,0.2066316668143546
4127,4127,CTD-2611O12.6,0.1790929674706942,6.3147349269781445,0.14552943781283906,0.02117881727012099,0.2512120822585269,0.15462635408210515,0.38366581855620285
4128,4128,CTD-2616J11.10,0.07449078042850918,6.690764453603183,0.06472108753922272,0.0041888191722597315,0.6113852227624412,0.14586442096698726,0.7291302455623232
4129,4129,CTD-2619J13.13,0.059399781921000885,6.7145664214964045,0.050159879933935135,0.002516013554986789,0.6938630220839628,0.15020537837520426,0.7945850736767961
4130,4130,CTD-2619J13.17,0.4463347527834415,5.0907279220243815,0.5077294399365246,0.25778918417825697,1.8490225624790946e-05,0.09618252012426863,9.706808143147829e-05
4131,4131,CTD-2639E6.4,-0.1183010591510541,7.448222542737759,-0.10191817302974197,0.01038731399372043,0.4229201269369429,0.14664720335462994,0.5638327494194113
4132,4132,CTD-3025N20.3,-0.3181458057693611,7.992891250341795,-0.30448090409141965,0.09270862095632827,0.014436004634875156,0.12639901484244415,0.036023470888248615
4133,4133,CTD-3028N15.1,0.14652665147737884,6.271303554332618,0.19086797239821054,0.03643058288740407,0.13084556484754076,0.09570380920087818,0.2303025791767462
4134,4134,CTD-3064M3.3,0.08822387791303267,6.4566501519149995,0.12224798541023868,0.014944569936861931,0.33588673980502903,0.0909659632112599,0.47799351715041755
4135,4135,CTD-3080P12.3,0.18420275233989825,6.439756120985327,0.15983472539068772,0.025547139440716557,0.2070909464188134,0.144480604000201,0.33125426179356476
4136,4136,CTD-3092A11.2,-0.048792841218058686,7.235431020763023,-0.14523636045976224,0.021093600399597998,0.2521782116266253,0.04221390124468263,0.38497844009690313
4137,4137,CTD-3126B10.1,0.20020534161475045,5.975557041056928,0.24820420212514316,0.061605325952578914,0.047978065549639216,0.09923467531284114,0.10109613792716135
4138,4138,CTD-3193O13.1,0.06387850387271339,6.763048631932665,0.0662067481614405,0.004383333502112404,0.6032128677102983,0.12226515777772458,0.7220482367070095
4139,4139,CTDNEP1,-0.1452364382681011,8.194668836852532,-0.1775682442763818,0.0315304813753968,0.1603988913492757,0.10222507144063243,0.27098127571918906
4140,4140,CTDP1,0.10934460632260554,6.268069772021742,0.14650103710678986,0.02146255387336501,0.24802724184644184,0.0937668974264979,0.3801691621025409
4141,4141,CTDSP1,0.31412648778750085,4.4396622674322845,0.3875934359239382,0.15022867157132394,0.0015544790575210685,0.09488189222273363,0.005011499775289376
4142,4142,CTDSP2,0.34444730795275097,4.00363629631355,0.5642047639773673,0.31832701569475674,1.20200211454106e-06,0.06401448302496991,8.649587132515085e-06
4143,4143,CTDSPL,0.5450021026901185,3.640161711333119,0.4812767090592912,0.2316272706829416,5.6769932859933395e-05,0.12606468980968988,0.000263639909088968
4144,4144,CTDSPL2,-0.1635583260278907,8.073552247147424,-0.3122116443039845,0.09747611083899776,0.012018798612242405,0.06320581982572601,0.030699113464037427
4145,4145,CTF1,0.08427306444301319,6.569399737894767,0.12016385692888668,0.014439352512025947,0.3442520832658905,0.08842208662627772,0.486604364433607
4146,4146,CTGF,0.06248560929494459,6.563289724255551,0.2006308539003188,0.040252739536771054,0.11191991909060486,0.03874939116731998,0.20349503340949188
4147,4147,CTH,0.04092744896037268,6.7651179830051325,0.09939740651021116,0.00987984442095617,0.434540852689938,0.05203406182742063,0.5754988786618926
4148,4148,CTHRC1,-0.10316475332194584,7.5867838125127784,-0.4888961396365982,0.2390194353515681,4.148453368192742e-05,0.023377909539810598,0.0002000328605838651
4149,4149,CTIF,-0.3000699103665371,8.757905433609421,-0.23003978954252244,0.052918304772768016,0.06745111348731833,0.16121942341973272,0.13425645642068204
4150,4150,CTLA4,0.09692845331009783,6.6001064033918295,0.0624677332065385,0.0039022176919632735,0.6238708786924858,0.19667568787418035,0.7387316206302373
4151,4151,CTNNA1,0.1408895084084499,5.764212243071365,0.14159962484645094,0.020050453756655654,0.2643770593481447,0.1250899918947246,0.39954534302352385
4152,4152,CTNNA2,-0.10789743554042742,7.409632556340867,-0.29432050715788904,0.08662456093367701,0.01824016597725677,0.044495840967982765,0.044221987711318335
4153,4153,CTNNA3,0.6046228804853893,4.748640256387844,0.3334668466211715,0.1112001377954679,0.007087594746427919,0.21708912082293336,0.019335079898450062
4154,4154,CTNNAL1,-0.18174571029080253,8.409681321320836,-0.4401696695331657,0.19374933797693636,0.00027300989386693577,0.04708507351592345,0.0010610246323920483
4155,4155,CTNNAP1,-0.10660970353366073,7.414969714171902,-0.0790299374704108,0.006245731016577041,0.5347636951087058,0.1707846194037536,0.6658410658681592
4156,4156,CTNNB1,-0.0009280761846442537,7.0227636314336,-0.0015427669116491968,2.380129743679601e-06,0.9903467228795528,0.07639887280292526,0.9942130678116733
4157,4157,CTNNBIP1,-0.2296743136942094,8.774376041712163,-0.377842023409444,0.1427645946541428,0.0020829904451165047,0.07147536374378645,0.0065080303114987605
4158,4158,CTNNBL1,-0.34387655969297826,9.722833400655595,-0.4406013747146752,0.1941295714004616,0.0002688161106066568,0.08898022311899093,0.0010453734819075406
4159,4159,CTNND2,0.8774991889483355,3.9984328067767416,0.455593104864641,0.20756507720020376,0.00015500720134953408,0.2177486843688073,0.0006416901061411127
4160,4160,CTNS,0.07696528333327719,6.60845063635042,0.051327270055203066,0.002634488651319745,0.6871020646773155,0.19018577685401827,0.789598557131568
4161,4161,CTPS1,-0.1305245424421954,7.8249731310720145,-0.6725783990174262,0.4523617028248442,1.1526260802437636e-09,0.01823897068447,2.4000113238152597e-08
4162,4162,CTPS2,-0.25376709521167945,8.820097070623175,-0.5981362739749571,0.3577670022446449,1.7956231170066255e-07,0.0431802975423581,1.6434580980041622e-06
4163,4163,CTR9,-0.14399652764037948,8.205927756007345,-0.14628081381727154,0.021398076491043267,0.24874669238813416,0.12367212966730227,0.3809483467938505
4164,4164,CTRB2,0.3012692008419048,5.179661541079458,0.3445048469764493,0.11868358959026674,0.005309918831975712,0.10426282371107967,0.014981927336343197
4165,4165,CTRC,0.01487544209649646,6.937240324315691,0.025731179012143786,0.0006620935733549888,0.8400530055694382,0.07339568556188067,0.8995375481187847
4166,4166,CTRL,0.18029581018470636,6.1987384848462606,0.19737892399947252,0.03895843963918956,0.11797426437198535,0.11372608717430875,0.2121166302702875
4167,4167,CTSA,0.2769490315579999,4.2049174605184865,0.7503695699960492,0.5630544915760558,9.480765149968672e-13,0.03098435302062803,9.924762885736259e-11
4168,4168,CTSB,-0.04942632786087814,7.488630525302389,-0.069224973371975,0.004792096938350648,0.5867597254905708,0.09046000587643667,0.7088976710275781
4169,4169,CTSC,0.27467660726848137,4.757034475485419,0.4896485245891456,0.23975567763232705,4.0202958624967335e-05,0.06211807263435104,0.00019472043592566935
4170,4170,CTSD,0.29125115207847835,4.490667111263222,0.635496810714366,0.4038561964281308,1.687523643471968e-08,0.04494009114773815,2.2241828666698398e-07
4171,4171,CTSE,-0.05277611096852962,7.500466221718524,-0.25527247231969424,0.06516403512420907,0.04177110910056276,0.02538664213645976,0.09004295428685218
4172,4172,CTSF,0.2924221512248462,5.191466279464188,0.4546312675026829,0.206689589391096,0.00016070374666469456,0.07275732082946106,0.0006614787367466186
4173,4173,CTSG,0.23782282811789365,5.688222349621941,0.5583126242518188,0.3117129863989526,1.6370840634233304e-06,0.044881259326267325,1.1261453428663348e-05
4174,4174,CTSH,-0.1716558689603304,8.627158048718064,-0.5659219020822828,0.32026759925642884,1.0972768609469485e-06,0.03175961986843618,7.99244212035189e-06
4175,4175,CTSK,0.07816818573658492,6.3804486317382505,0.1947976279931197,0.03794611587174585,0.12295599687081768,0.04998621143382812,0.21919915306146018
4176,4176,CTSL,0.2941046761742189,4.505460282527412,0.5596525628730513,0.31321099113037465,1.5268155526370683e-06,0.05530943934456202,1.0631251058635277e-05
4177,4177,CTSLP8,0.12707883218503474,6.370412459455223,0.3144568408832095,0.09888310477824816,0.01138596262515764,0.048719956239844785,0.029269114511845763
4178,4178,CTSO,0.212685570092339,5.313045239622569,0.3952400000413344,0.15621465763267406,0.0012279818390001332,0.0627765260211269,0.004068535300420423
4179,4179,CTSS,0.31359313604940603,3.8845487178842975,0.6570395903729299,0.4317010233174276,3.7132751051802077e-09,0.045694886343587364,6.349720479311156e-08
4180,4180,CTSV,-0.16616914506438285,8.169043412061113,-0.538241294224966,0.2897036908089665,4.490771719009416e-06,0.033044357011372545,2.7721682319027624e-05
4181,4181,CTSW,0.23962699795295994,5.559573578088988,0.4505060358729689,0.20295568835797675,0.0001873813532858825,0.060308776997409115,0.0007576933106863867
4182,4182,CTSZ,0.2262166119164233,5.587052810292749,0.4539266140204953,0.20604937091611172,0.0001649983476695215,0.056394889620269874,0.0006777388503003581
4183,4183,CTTN,-0.4217391450585679,9.364412697609248,-0.3677493621019701,0.1352395933264059,0.002794059369613705,0.13543909371000926,0.008467024300165795
4184,4184,CTTNBP2,-0.1616494938130804,7.999840865466628,-0.4380235976049052,0.19186467205874388,0.0002947593702943393,0.042133063965910884,0.0011335489546659418
4185,4185,CTTNBP2NL,0.0838334602603202,6.357065003889778,0.10372811441452943,0.01075952171999371,0.414686978537326,0.10208830743894734,0.5557199708931784
4186,4186,CTU2,-0.2323800437467308,8.157127494998232,-0.2053952144829767,0.042187194132507995,0.10348512773467544,0.1406219070256271,0.1911832625853608
4187,4187,CTXN1,0.0693453100471325,6.668157699593504,0.0794907238439137,0.0063187751772293506,0.5323771131613702,0.1104404938188013,0.6638404037606427
4188,4188,CTXN3,0.14001042810946948,6.529094266504076,0.0780295198483307,0.006088605967761035,0.5399632826944827,0.22718488777264456,0.670042111440549
4189,4189,CUBN,0.27784337524112035,5.8949119796482465,0.2530030856893128,0.06401056136831375,0.043687248338483184,0.13493165822318207,0.09351990537463951
4190,4190,CUEDC1,-0.4709289256136823,9.835950050164602,-0.564200481558083,0.3183221833903728,1.202274637214057e-06,0.08752168093231341,8.649587132515085e-06
4191,4191,CUEDC2,-0.4084346641172475,10.434283317231586,-0.7203236249657549,0.5188661246838054,1.9526448421320788e-11,0.04994960497184996,9.081673920784514e-10
4192,4192,CUL1,-0.18731156551845934,8.270749240143301,-0.17671987693370206,0.0312299149034628,0.16243861890863742,0.13249323627604753,0.27382907461206163
4193,4193,CUL2,-0.17140074897979982,8.077097170831298,-0.27837095625558644,0.07749038928664963,0.025927156283937026,0.07510665129284003,0.05988827406172334
4194,4194,CUL3,-0.18280983649432686,8.274946755609918,-0.15623424899810662,0.024409140560002374,0.2176402954012147,0.14677812401827134,0.3438138748842504
4195,4195,CUL4A,-0.3623719230389373,9.58215958175409,-0.4696407851608913,0.22056246708653848,9.037529574694874e-05,0.08651343341155929,0.0003972147411000964
4196,4196,CUL4B,-0.14955734178016655,8.103479094646199,-0.2725643214840979,0.07429130934608666,0.029333396627834792,0.06704710908826929,0.06659831243193148
4197,4197,CUL5,-0.11152871695598354,7.758495212287973,-0.11577478980023675,0.013403801953289,0.3622889241243412,0.1215196692739368,0.5050773612253016
4198,4198,CUL7,-0.531878813758087,10.022981374807252,-0.5120267618143824,0.2621714048141223,1.5272957375478762e-05,0.11331878972149514,8.18248124606612e-05
4199,4199,CUL9,-0.21563079783243455,8.237709966423381,-0.16384512153012015,0.02684522384921984,0.19577267515627106,0.16488167451487987,0.3169401931245498
4200,4200,CUTA,-0.4596838106770234,11.704335223272498,-0.44298437067126295,0.1962351526590149,0.00024670779084085795,0.11815156119623026,0.0009674859128320861
4201,4201,CUTC,-0.07706505771473694,7.514210175959761,-0.1547250369941317,0.023939837072835424,0.22217249249823248,0.06249414948892858,0.34916505733719605
4202,4202,CUX1,-0.322797393332491,9.226605528870763,-0.5034275117528522,0.2534392595896681,2.2332437966809167e-05,0.07036064348039216,0.00011492607988860564
4203,4203,CUX2,0.442905897803094,5.431879162316064,0.2977121310892103,0.08863251299767913,0.016884830200994606,0.18037064268548114,0.041310699130328574
4204,4204,CUZD1,-0.2361942729728194,7.90000920570078,-0.2493316862222905,0.06216628975445075,0.046940119030122886,0.11650886292810395,0.09929552384461376
4205,4205,CWC15,-0.33685515600653104,10.369456210536981,-0.3283573986059673,0.10781858121927808,0.008073715717616501,0.1230628971752,0.02169185035545724
4206,4206,CWC22,-0.4107352393046615,9.838061991853332,-0.6164435398049066,0.3800026377672035,5.8576631846087513e-08,0.06662968123645767,6.332885484907764e-07
4207,4207,CWC25,-0.04234919555524226,7.2768063016044175,-0.03885518102817506,0.0015097250927322552,0.7604955216319328,0.13831596252439893,0.8450735756772924
4208,4208,CWC27,-0.45974609086653395,10.471023912113287,-0.6340929281001357,0.4020738414666039,1.8549625530318005e-08,0.07120214344285375,2.3981620349793216e-07
4209,4209,CWF19L1,-0.4927411393887735,10.141872008807688,-0.6754585951186961,0.4562443137197226,9.2078881935804e-10,0.068316585518373,1.995964152472308e-08
4210,4210,CWF19L2,-0.08142928345578629,7.382023945628389,-0.057417945193671535,0.0032968204302634683,0.6522329001819904,0.17981256816991506,0.7617147877800731
4211,4211,CWH43,0.1287445196927029,6.0549223157082475,0.7409284798385111,0.5489750122358069,2.5646222332120424e-12,0.014820297435176728,2.01952343491661e-10
4212,4212,CX3CL1,-0.2971955211574756,8.7131732194796,-0.5760989451066333,0.3318899945529757,6.324592952091875e-07,0.05355170754546816,4.921274178136887e-06
4213,4213,CX3CR1,0.3049377549553279,5.597732809585849,0.52598153328296,0.2766565733546936,8.062031404589012e-06,0.06262058589238985,4.6394709026408464e-05
4214,4214,CXADR,-0.142713051851766,8.31459471253039,-0.1932378958499688,0.03734088439252338,0.12604292167925704,0.09202626852259392,0.2235795764223715
4215,4215,CXCL1,-0.09170750359798167,7.657561584637723,-0.7429400745506278,0.5519599543732925,2.0821503274480804e-12,0.010493337903892778,1.729867138941676e-10
4216,4216,CXCL10,-0.0598909729778225,7.404460900369721,-0.3121599593026665,0.0974438401918424,0.012033717741141332,0.023148638120082117,0.030730131888887794
4217,4217,CXCL11,-0.07426734195448863,7.336007299878436,-0.5264148112362682,0.2771125534889159,7.900079078811611e-06,0.015233836050182184,4.5608161144139015e-05
4218,4218,CXCL12,0.13048429138508474,6.090200792553902,0.7568921835187964,0.5728857774718513,4.644081300979801e-13,0.01430870674719981,5.6817842131478864e-11
4219,4219,CXCL13,0.052954138748657766,6.731747056870551,0.5913188972772572,0.34965803827719144,2.677494318077136e-07,0.00917177082094772,2.321102460286645e-06
4220,4220,CXCL14,0.18071124894588528,5.4929389520718015,0.4474712380749841,0.20023050890435912,0.00020953531825331696,0.04586766517966005,0.0008376676830009681
4221,4221,CXCL16,-0.2398576549044941,8.839369640752823,-0.6884907785788803,0.4740195521881528,3.227860314958477e-10,0.032088130182275146,8.650905336686364e-09
4222,4222,CXCL17,-0.2136411381225372,8.023860154340284,-0.3085137173413509,0.09518071378777894,0.013127453523188191,0.08365568967303287,0.03309756735878918
4223,4223,CXCL2,-0.22260860355801865,8.085737761088504,-0.6972084069596051,0.4860995627351503,1.552283152548034e-10,0.029068523906083308,4.7884176165851396e-09
4224,4224,CXCL3,-0.08734104450113589,7.618258952283715,-0.7332142944063236,0.5376032015217629,5.604839297368755e-12,0.010287243567676414,3.528278923968616e-10
4225,4225,CXCL5,-0.06391800335822365,7.238433427439954,-0.3174752497020309,0.1007905341733669,0.010580782832771965,0.024246436370201824,0.027499622208794632
4226,4226,CXCL6,-0.10778580562299804,7.390644513902818,-0.36079359292049584,0.13017201669248046,0.0034027288638065344,0.0353853583747833,0.01008845749530812
4227,4227,CXCL8,-0.08414097872180637,7.513828633645445,-0.6871417415379673,0.4721637729638306,3.6068815585510863e-10,0.0112983488591962,9.487323267437118e-09
4228,4228,CXCL9,0.04277548828203322,6.769072352821093,0.18406939996355934,0.033881544002944776,0.14539106208098268,0.029008997705514177,0.25050926350044905
4229,4229,CXCR1,-0.3912607918449664,9.547527267427164,-0.39144276715452825,0.15322743995759422,0.0013814743868472976,0.11681149977560072,0.004520372899241195
4230,4230,CXCR2,-0.23983384255196585,7.976942947676648,-0.4353698473159325,0.1895469039518984,0.00032383880047584746,0.06298254653180578,0.0012342008490504183
4231,4231,CXCR3,0.3482094981246248,4.974088714574156,0.3977544487841934,0.15820860152761754,0.0011349807545705806,0.10200746723771753,0.0037985630299207903
4232,4232,CXCR4,0.08586579370759871,6.402440316910116,0.3654583358230455,0.1335597952225499,0.002982862570700196,0.02777510886700819,0.008977607917791904
4233,4233,CXCR5,0.2367670243467521,5.810804573257338,0.36383660732353706,0.1323770768287017,0.003123288099237789,0.07698116635088106,0.009348279722044828
4234,4234,CXCR6,0.1262362307284628,6.3008375173574995,0.1924051724977655,0.0370197504038949,0.1277149269753085,0.08176738721892822,0.22604550418065433
4235,4235,CXXC1,-0.11351635233898555,7.938727253213571,-0.10587446318928002,0.011209401955618209,0.4050444284432797,0.13540151552459526,0.5472257956835953
4236,4236,CXXC1P1,0.16217141593319476,6.360326603361484,0.1405658492995656,0.019758757989308186,0.2679159346527626,0.1450658303642273,0.4037664113651315
4237,4237,CXXC4,-0.25996566603259025,8.377367895423449,-0.4329502723004122,0.18744593828500108,0.00035261001874971695,0.06873980010636564,0.001332827710948703
4238,4238,CXXC5,-0.299011941500948,9.599599879600646,-0.6241182392942,0.3895235766196922,3.584205860983293e-08,0.04754011868014462,4.146152666644936e-07
4239,4239,CXorf21,0.3873578268895833,5.037600473100682,0.4602897626706157,0.21186666561937176,0.00012976086267036673,0.09488226060252816,0.0005475392597674965
4240,4240,CXorf22,-0.15953050566457605,7.6089045478598205,-0.15254449260830558,0.023269822225125397,0.2288365140092659,0.13126189428910187,0.3574590428385381
4241,4241,CXorf23,0.10899993309519848,6.3617069434690405,0.2585329688726236,0.06683929599409294,0.03914007210474856,0.051724068026433916,0.0852094361544516
4242,4242,CXorf24,0.10915334370639848,6.5437094529614726,0.16125420272264404,0.026002917895715585,0.2030330691324839,0.08484162631700808,0.3261062536818146
4243,4243,CXorf30,0.4119396920234837,5.53347919274591,0.412310582990779,0.17000001684619606,0.0007106842132640664,0.11559854153772925,0.0024987606166964374
4244,4244,CXorf31,0.07457787140039522,6.736128335799978,0.07594498860380197,0.005767641294031611,0.5508761268403414,0.12435377236103573,0.6796890505798868
4245,4245,CXorf36,0.04816129075034956,6.792173811445651,0.04619043072997424,0.0021335558910205487,0.7170277473489295,0.13227764981838738,0.8133306467616243
4246,4246,CXorf38,-0.1919725442014544,8.143179508457491,-0.3903978107298043,0.15241045062262412,0.0014266378743675774,0.05749481738959032,0.004647787448387225
4247,4247,CXorf40A,0.59658486710264,1.9343925289113448,0.5083214719631773,0.2583907188588113,1.8012389512939958e-05,0.1283587594828299,9.474333128557562e-05
4248,4248,CXorf40B,0.4521415847494069,3.1816693297688596,0.3800932620818246,0.1444708878800026,0.0019484318233564128,0.13973520380607826,0.006137205983241182
4249,4249,CXorf56,-0.18324472467862332,7.7360631994237865,-0.1165185841579994,0.013576580454184792,0.3591923490901245,0.1983682329413714,0.5016646449240016
4250,4250,CXorf57,0.6146000870438061,5.095634587236273,0.3443928683554719,0.1186064477741094,0.005325769441382253,0.21277840922271196,0.015016067586981489
4251,4251,CXorf58,-0.417270731407382,8.403054815037843,-0.2461613929153555,0.06059543136202805,0.049906546637661926,0.20865484406429824,0.10449616412065854
4252,4252,CXorf65,0.11489627662032352,6.578705123057692,0.17064558421501405,0.02911991541208345,0.17760353561902278,0.08425542080626555,0.2932630625224703
4253,4253,CXorf67,0.2751287386442781,6.03076286686041,0.24587293948777736,0.06045350237236024,0.05018389478956257,0.1377490200487563,0.10499828421912825
4254,4254,CYAT1,0.23583025941305105,5.46962676110081,0.4550633089531922,0.2070826151554285,0.00015812159712609767,0.058606506418713664,0.000652711243950752
4255,4255,CYB561,-0.4772311552401232,10.728439954616778,-0.4649481881801808,0.2161768176920328,0.00010850527251401676,0.1154084041428238,0.0004679708576560511
4256,4256,CYB561A3,0.34496308511658325,4.25986956690164,0.5962250897454568,0.35548435764197805,2.0103119680640455e-07,0.05899066091476062,1.8138877361844544e-06
4257,4257,CYB561D1,0.4715529796454835,3.4433225933011333,0.5126623957079869,0.2628227319730525,1.4843897561774587e-05,0.100297279518786,7.978272566399323e-05
4258,4258,CYB561D2,0.14924339905140058,6.0903799404676775,0.11690036673841345,0.013665695743575559,0.357609228287209,0.1610258062142618,0.500260196289374
4259,4259,CYB5A,0.10021800862862558,6.2044514202735055,0.10502718131655588,0.011030708815300704,0.4088351498947709,0.12051458709693814,0.5504266231877522
4260,4260,CYB5B,-0.002361628363091632,7.032955410574732,-0.003267933172694932,1.0679387221199963e-05,0.979553848077528,0.09177834572101932,0.9881324162723654
4261,4261,CYB5D1,-0.13816519798976468,7.917017867140548,-0.2415747177242041,0.05835834424352888,0.05446801408312462,0.0704845886221827,0.11246232312834323
4262,4262,CYB5D2,-0.014813060217522447,7.1212064642481625,-0.020423163495625632,0.00041710560716905535,0.8727378850640635,0.0920948483917069,0.9212351401931413
4263,4263,CYB5R1,0.040257893716865736,6.768548838277176,0.029141998209810126,0.0008492560596605768,0.8191879260977178,0.17536841834527722,0.8861338997775154
4264,4264,CYB5R2,-0.18361944261427213,8.142986091685762,-0.6237984228686245,0.3891244723733833,3.659302014482667e-08,0.02921829779663673,4.2194986753792414e-07
4265,4265,CYB5R3,0.2772009320535757,4.394945121811012,0.3326400262883276,0.11064938708909927,0.007239635176080705,0.09980696271033318,0.01969526378618438
4266,4266,CYB5R4,0.09425562027299092,6.468336554013628,0.08817835243143733,0.007775421837522766,0.4883880766491224,0.13522420016972578,0.6250986346614307
4267,4267,CYB5RL,-0.5040358757378585,9.192896478142037,-0.3770389351071521,0.14215835858673526,0.0021329670520918395,0.1572472164404681,0.006641179225456331
4268,4268,CYBA,0.21950847326248132,5.18686507915439,0.17417943426005852,0.03033847531915405,0.1686607133179725,0.15760451343302126,0.28188220629008987
4269,4269,CYBB,0.34985519812309823,5.264270557878801,0.5557456318466382,0.3088532073166191,1.869479084357156e-06,0.06646631124539776,1.267091379397628e-05
4270,4270,CYBRD1,0.14854924031152733,6.055214074149219,0.6838704444012375,0.467678784725546,4.709654313337749e-10,0.020127398403816964,1.169582157744598e-08
4271,4271,CYC1,0.07206341555562723,6.2352877243993445,0.0933160293286865,0.00870788132967228,0.4633039351175877,0.09764804961770966,0.6017060522352982
4272,4272,CYCS,0.2813968093528288,4.70674653198809,0.5929564903230236,0.35159739941619794,2.4345243759579575e-07,0.04853140573229097,2.1404638798769616e-06
4273,4273,CYFIP1,0.21110910593644366,4.817678625900652,0.2487238440899991,0.06186355061890617,0.04749737662709125,0.10440630004096238,0.10023022658148034
4274,4274,CYFIP2,-0.15185667725630025,8.08248477686746,-0.31686166108884817,0.10040131226798407,0.0107403382291248,0.0577288306061989,0.027837465511872835
4275,4275,CYGB,0.32491664836938744,5.110259214973005,0.5707068253814335,0.325706280536954,8.488148773086284e-07,0.05937281095100457,6.39787196941119e-06
4276,4276,CYHR1,-0.1514592729558363,7.913261635012199,-0.11068227236029778,0.012250565414839137,0.3839256469735271,0.17272108244290327,0.5267969766323488
4277,4277,CYLC1,-0.1280967438181323,7.473139986312772,-0.058438362698620176,0.003415042234895482,0.6464603491684067,0.2779082054328361,0.7571172991477473
4278,4278,CYLC2,-0.04284139364093807,7.152877900310433,-0.02802445064400401,0.0007853698338982168,0.8260113224834269,0.19407072552753016,0.8907118408713579
4279,4279,CYLD,0.4118119378795752,4.846136177308238,0.6378412375175976,0.4068414442779804,1.4393779445163304e-08,0.06315036908759357,1.9566685115192175e-07
4280,4280,CYMP,0.10769452603027133,6.51461137383926,0.10503121262753567,0.01103155562601061,0.40881706526136186,0.12950025456690462,0.5504266231877522
4281,4281,CYP11A1,0.1226238119166409,6.527904219860402,0.13790646342453666,0.019018192654263067,0.2771650582365792,0.11184712451161677,0.4144175472010718
4282,4282,CYP11B1,0.11851913759348355,6.592580396819158,0.07293863822784008,0.005320044946531734,0.5667988205460981,0.2058148326305479,0.6930955140846888
4283,4283,CYP11B2,0.18649818132403967,5.891669474237357,0.3324626274493656,0.11053139865053564,0.0072726257909116205,0.06718947296125352,0.019777560153483757
4284,4284,CYP17A1,0.027693848999986843,6.906557555723269,0.022050448292284912,0.00048622226989073066,0.8626924626046414,0.15946465749575278,0.9150153396480781
4285,4285,CYP19A1,0.1724420684275102,6.3881440031212815,0.07171769374193812,0.0051434275956624325,0.5733262487877306,0.3045799423791071,0.6981207780869493
4286,4286,CYP1A1,-0.06101503665167868,7.309426727401326,-0.2734316838010328,0.07476488570626796,0.028801914857744818,0.027259522756347517,0.06552904667413995
4287,4287,CYP1A2,0.3574546059793204,5.013116202733966,0.3265852346749505,0.10665791550769252,0.00844268499374234,0.13138246437193027,0.022573940429619754
4288,4288,CYP1B1,-0.07447917687094614,7.3379412144756575,-0.28701684558901186,0.08237866965186667,0.02147698151847029,0.03156918619371725,0.05096252846619265
4289,4289,CYP1B1-AS1,-0.1594712794808344,7.681932749576932,-0.11427999833735344,0.01305991801998551,0.36856120934940095,0.1760604477864242,0.5117461521198562
4290,4290,CYP20A1,-0.08619936367291993,7.57853056878773,-0.13792928776762153,0.01902448842408335,0.2770847851662997,0.07861054451283862,0.4143382174160806
4291,4291,CYP24A1,-0.37906074229447,8.169163209299132,-0.3715604049752004,0.13805713454533491,0.0025034803199137003,0.12028813073251254,0.007673745789078064
4292,4292,CYP26A1,-0.06137669747063618,7.304396849548831,-0.06476124591674312,0.004194018972688879,0.6111636905496542,0.12011018654398885,0.7290266453042175
4293,4293,CYP26B1,0.04942455357620106,6.796007647386777,0.053006879078521515,0.0028097292296450013,0.6774173828573209,0.11825069232353187,0.782121637117471
4294,4294,CYP27A1,0.21864817692597505,5.326570533026208,0.5193465607570489,0.26972085017017505,1.0962296258207e-05,0.04569168841125687,6.113534006476245e-05
4295,4295,CYP27B1,-0.3967052431269051,8.48221673326747,-0.5889321072317739,0.34684102692845764,3.0728177767050003e-07,0.0691379204803618,2.613152503005207e-06
4296,4296,CYP27C1,0.34283625058258177,5.972578133362153,0.1653547334472765,0.027342187873419858,0.1916289618930652,0.2596894461553245,0.3116520474616432
4297,4297,CYP2A13,0.3945835038551304,4.832350999476404,0.4806518335667007,0.23102618511103135,5.8230234002081665e-05,0.09142569123829217,0.0002696697427962101
4298,4298,CYP2A6,0.17903916157470395,6.061966794632572,0.13766219743648786,0.018950880603042564,0.2780251080220049,0.16359983793154256,0.4152447557911937
4299,4299,CYP2A7,0.14387881801201646,6.4429820416204775,0.14742957536584794,0.02173547969255424,0.2450094161651077,0.12258703850747606,0.3767702675085504
4300,4300,CYP2A7P1,0.05274810067556257,6.79137240611691,0.048907380908509095,0.00239193190733,0.7011434038168877,0.13680959334612822,0.8005093272343915
4301,4301,CYP2B6,-0.10438854671711134,7.456884639072378,-0.2671396517440362,0.07136359353392495,0.032847389760171736,0.04782351618939999,0.07335363774946055
4302,4302,CYP2B7P,0.1548263916645422,6.314793236202547,0.124469666187744,0.015492697800888425,0.3271111385074694,0.15674550437052748,0.4686464905312107
4303,4303,CYP2C18,-0.0020606688997828197,7.0275383135308,-0.007795459227521549,6.0769184567950855e-05,0.951251344614283,0.03357047383775354,0.9706038939412114
4304,4304,CYP2C19,-0.25396159819797504,8.029474087786255,-0.2170154212693451,0.047095693068711315,0.08497911453268624,0.14507956856925314,0.16265005525944146
4305,4305,CYP2C8,0.4112152279986673,5.641341381005873,0.24743986036364835,0.06122648449678179,0.048692351342135065,0.20449566060577146,0.10240194894764833
4306,4306,CYP2C9,-0.04235955841447405,7.208277354845121,-0.0445074859926552,0.001980916309386398,0.7269276331389741,0.12075133429254205,0.8210305062131374
4307,4307,CYP2D6,0.1103699101273308,6.399119578175965,0.11323424594982502,0.012821994455825464,0.3729882238089017,0.12299141190519094,0.515952999526913
4308,4308,CYP2E1,0.2790760166307445,5.965462915673252,0.2068254495453949,0.042776766579654686,0.1010517389865426,0.1676599411328815,0.18751288841076094
4309,4309,CYP2F1,0.004700007102029534,6.999285878602658,0.0038640545816249626,1.4930917809776865e-05,0.9758251823695024,0.1544742782717861,0.9860058263450511
4310,4310,CYP2J2,0.313446734803758,4.243838868615581,0.457940225253327,0.2097092499050678,0.00014187551861771617,0.07727741059486899,0.0005921912571976775
4311,4311,CYP2R1,-0.3180883344437014,8.642384755567866,-0.3267836669991773,0.1067875650174292,0.008400652419505982,0.1168339166059517,0.02246987748819195
4312,4312,CYP2S1,-0.11703611177509368,7.990526357870654,-0.3508216815047082,0.12307585221379093,0.0044804030310482395,0.03967515473075703,0.01287291065906191
4313,4313,CYP2U1,-0.06862110045073541,7.321058856156503,-0.05613351866186985,0.003150971917362491,0.6595279209175595,0.15500805333796291,0.7677297816196179
4314,4314,CYP2W1,0.19179856671399345,6.092807207067291,0.206664697109169,0.042710297031224566,0.10132300274800184,0.1153200735026421,0.18791963210928228
4315,4315,CYP39A1,-0.18585240848408094,8.097752238821307,-0.7013954687190377,0.4919556035395986,1.0820019177195779e-10,0.023986132353783,3.5609044875710424e-09
4316,4316,CYP3A4,0.2839538151060242,5.460888372742223,0.4226280175708208,0.17861444123584205,0.000503430440411986,0.07733340100250707,0.001832849056341889
4317,4317,CYP3A43,-0.2518312098998441,8.405539716747718,-0.2831368357461282,0.08016646775632998,0.02338659286353849,0.10833578931265478,0.054910188491805914
4318,4318,CYP3A5,-0.10841577749159548,7.775206599086093,-0.2685856890240663,0.07213827234853246,0.031877961260941806,0.0493804912419264,0.07157255065896266
4319,4319,CYP3A7-CYP3AP1,-0.09644782648003257,7.709503978715441,-0.18253050520908248,0.03331738533188288,0.14884503760700116,0.0659786003635075,0.25538699701922274
4320,4320,CYP46A1,0.2606141998791292,6.004229737168747,0.2748487548855772,0.07554183806215209,0.02795100427955073,0.1157849432243241,0.06386820699310658
4321,4321,CYP4A11,0.2646864627040322,5.844449268562657,0.22714937654846026,0.05159683926635419,0.07106607886941227,0.14411886475568464,0.14033703610406006
4322,4322,CYP4B1,0.02011515044122239,6.934680758756123,0.013543603399339865,0.00018342919303861036,0.9154092374177142,0.1886050763631379,0.9488787936686851
4323,4323,CYP4F11,-0.012348289140358548,7.06737233658864,-0.03426054809989254,0.0011737851561050507,0.7881133836910693,0.04574689316655794,0.8637256656999011
4324,4324,CYP4F12,0.2699452414644959,4.887870930863244,0.6442053631114486,0.4150005498615533,9.282921285047858e-09,0.04070363772985234,1.363092118183514e-07
4325,4325,CYP4F2,0.16765675862697024,6.053934887439757,0.6084974061424797,0.3702690932821259,9.608595051770072e-08,0.027767961199241284,9.659894421823626e-07
4326,4326,CYP4F22,0.38778741650934334,5.443144009179484,0.3795555234376299,0.14406239537201326,0.0019798451713960124,0.12004486990199666,0.006227627450850569
4327,4327,CYP4F3,0.07299842187801005,6.6449100503149605,0.2219523083116059,0.04926282716485016,0.07795437695999136,0.04072754178611721,0.1517395085904371
4328,4328,CYP4F30P,0.1973473763873365,6.452834835745182,0.0898945394556627,0.008081028223945698,0.4799304177553539,0.2776772495739805,0.6171185319453827
4329,4329,CYP4F62P,0.062109616828025585,6.799322328884113,0.05235526512399963,0.0027410737862042923,0.6811685433932184,0.15045499416385294,0.7851548840783598
4330,4330,CYP4F8,-0.07280292526465472,7.279482165947955,-0.08058263932105612,0.00649356175994742,0.5267427672204019,0.11436597592471995,0.6590198762361068
4331,4331,CYP4V2,0.43062576000497,4.473864580663326,0.5693675311688103,0.32417938554926623,9.124304834415292e-07,0.07896364384805833,6.813338661698729e-06
4332,4332,CYP4X1,-0.06559973814078816,7.360416236180821,-0.5970314886385789,0.3564465984259977,1.9169335585552198e-07,0.011194412828409977,1.739323571491168e-06
4333,4333,CYP4Z1,-0.41332445622545066,8.283501847491168,-0.21938918438022104,0.04813161422301862,0.08154156897220471,0.2334363565545652,0.1572800103405267
4334,4334,CYP4Z2P,-0.043899347335938435,7.151117925955512,-0.0289718334091444,0.0008393671310872157,0.8202260508496164,0.19235518469447707,0.886813876436589
4335,4335,CYP51A1-AS1,-0.09888358859728674,7.3370271853836915,-0.05889677743427892,0.003468830392142987,0.6438737919137218,0.21285422993513503,0.755231663085887
4336,4336,CYP7A1,-0.39043358431136455,8.139526533351082,-0.22242461359550206,0.049472708733108384,0.07730725678976941,0.21734556043098274,0.15064236891770505
4337,4337,CYP7B1,0.19724212307916908,6.344534673049027,0.13602377397273524,0.01850246708578577,0.2838397099808675,0.18244569063726654,0.42151617882565395
4338,4338,CYP8B1,0.2485191971554018,6.158840260327772,0.16567684556576615,0.027448817156622736,0.19075300953855748,0.18787046628060208,0.310629900854073
4339,4339,CYR61,0.009879073878773771,6.9604244991095126,0.04243961951833028,0.0018011213048606406,0.7391528340486699,0.0295363921627987,0.8303343166117106
4340,4340,CYS1,0.3152818384031251,5.7121270788271525,0.669679508635218,0.44847064428590705,1.4413327905999814e-09,0.044403828415762514,2.8596933916407563e-08
4341,4341,CYSLTR1,0.3186599923048985,5.68440856862708,0.6509763187043179,0.42377016751382585,5.755725765489576e-09,0.047191564559300084,9.14455183064393e-08
4342,4342,CYSLTR2,0.0867942255495237,6.634148694526668,0.08351708388398081,0.0069751033004838885,0.511749511239854,0.13152240273613022,0.6458380829826352
4343,4343,CYSRT1,-0.1123490422831601,7.602919146592741,-0.17927091761006345,0.032138061900754154,0.15636225164789333,0.07830155629869104,0.26548726355928576
4344,4344,CYSTM1,0.2098157694382055,4.609793019583678,0.2844370277248759,0.08090442274096181,0.022731268721837426,0.08981243840488698,0.05357483937433494
4345,4345,CYTH1,0.3708960282643885,4.445532990594533,0.4978139356282064,0.24781871450564405,2.846310235847637e-05,0.08206359718406417,0.0001429902126070134
4346,4346,CYTH2,-0.5374117933059424,10.329174617132423,-0.5027703398927366,0.25277801467585786,2.298077445736347e-05,0.11734552150157675,0.00011795417655231238
4347,4347,CYTH3,0.6734118236248879,3.4291919057064866,0.5780768255647294,0.33417281625499456,5.670041903171562e-07,0.12072024115554165,4.473033056946455e-06
4348,4348,CYTH4,0.6002637316184071,3.953871856559093,0.5476091426334021,0.2998757730956897,2.8268902389389745e-06,0.11648315407783193,1.8350212267453084e-05
4349,4349,CYTIP,0.017749068777831414,6.896139344680077,0.06342032450055413,0.004022137559755586,0.6185795040337431,0.035471218740169085,0.7347398077862636
4350,4350,CYTL1,0.28021202975145904,5.8712999531675445,0.5596207949099231,0.3131754340956142,1.5293472486823653e-06,0.05270113850284817,1.0636402733506284e-05
4351,4351,CYYR1,0.2559252066992087,5.782012839081794,0.5236162883732935,0.2741740174498241,9.002051904441502e-06,0.05288351643722281,5.125938311614008e-05
4352,4352,D21S2088E,0.1298351184142222,6.5010683140215075,0.08708225645060752,0.007583319388529375,0.4938305611308782,0.18863126944194086,0.6301650442716068
4353,4353,D21S2090E,0.05440615380509723,6.747838710558884,0.07050842974989152,0.004971438665795388,0.5798252995859505,0.09775273353841336,0.703345107692906
4354,4354,D2HGDH,-0.10199368180181667,7.649411136085269,-0.1761700887340005,0.03103590016454561,0.16377062950116364,0.07237675286876616,0.27545265878428726
4355,4355,DAAM1,0.061151877259179525,6.624992501918965,0.0906207913280813,0.008212127820927655,0.4763749366909618,0.08534842189364482,0.6138954566795274
4356,4356,DAAM2,0.22681909880175075,5.817825895433838,0.6469543232300541,0.4185498963460573,7.65646198283826e-09,0.033952079770787714,1.1537973850964685e-07
4357,4357,DAB1,0.00890593949028139,6.981300888128503,0.009455834845412448,8.941281262371626e-05,0.9408851643488009,0.11960920407950733,0.9652971524747176
4358,4358,DAB1-AS1,0.2782019852588203,6.057308203732492,0.2254531350444603,0.05082911610137565,0.07325863865270926,0.15267935096122526,0.14386649315538397
4359,4359,DAB2,-0.0330419106423686,7.192335434824574,-0.08675463948810214,0.00752636747271057,0.4954634136418998,0.04818768769065464,0.6317205590464918
4360,4360,DAB2IP,0.2912495247408307,5.231202522708659,0.2750755447273726,0.07566655530706078,0.02781680575079209,0.12928011582899238,0.0635951149211785
4361,4361,DACH1,-0.16167243906549067,7.974987992383768,-0.7629291128479878,0.5820608312310177,2.351078320664793e-13,0.017398527554991976,3.560321750629098e-11
4362,4362,DACH2,-0.2769004227405417,7.799942411058001,-0.15282264005330076,0.02335475931286073,0.2279788210663309,0.22740944332059815,0.35628354255809425
4363,4363,DACT1,-0.06202064910986772,7.344513894260182,-0.19830812957974164,0.039326114257415605,0.11621927934101628,0.03893031670874842,0.20955274722145775
4364,4364,DACT2,0.09293866943185093,6.531066820336852,0.12184133720410074,0.01484531145168339,0.3375088511646928,0.0961519648438274,0.4797659296292125
4365,4365,DACT3,0.4265061001361921,4.980548418973191,0.4978680313767259,0.2478725766669365,2.8397221804700237e-05,0.09435412109533683,0.00014274415928059044
4366,4366,DACT3-AS1,0.01844524637219166,6.934379912208733,0.017125538283765233,0.0002932840615087085,0.8931543880289159,0.13676680123738766,0.9342249081179623
4367,4367,DAD1,-0.4695032976618511,11.969815871118573,-0.5166164304751466,0.266892536236882,1.2416743422547895e-05,0.09882308524877816,6.817560314788911e-05
4368,4368,DAG1,-0.36453353867407823,9.939632524968763,-0.5091626971679178,0.2592466521873088,1.7353133650918313e-05,0.07825676299188837,9.176608283532016e-05
4369,4369,DAGLA,-0.1846042800609924,8.039801272013058,-0.21296385589727293,0.04535360391863443,0.09110939548468078,0.107562599250263,0.17231213617648578
4370,4370,DAGLB,-0.2923968455207108,8.715509069828881,-0.2814893096649549,0.07923623145565288,0.024239895596646938,0.12658698121706727,0.05653973924444091
4371,4371,DAK,-0.39217314598160175,9.244321302570704,-0.4263540019206299,0.18177773495373648,0.0004432858541382454,0.10566893007381788,0.0016369978123062252
4372,4372,DALRD3,-0.372059873981646,9.347553529791636,-0.5714648504524698,0.32657207530266363,8.146796791984748e-07,0.06785362079596365,6.187965083494554e-06
4373,4373,DANCR,-0.27868217616110463,9.702753551992616,-0.5150006888683999,0.2652257095349264,1.336010442512588e-05,0.0589091171952847,7.263697246449936e-05
4374,4374,DAND5,0.06647177018676435,6.7550689922992895,0.052877203462782976,0.002795998646044548,0.6781632712168026,0.15942812099687467,0.7827324186227407
4375,4375,DAO,0.27793877817193235,5.700345852045942,0.5683231673370241,0.32299122253198714,9.65114603641818e-07,0.051104022869016434,7.150036517914324e-06
4376,4376,DAOA,-0.02119458615952409,7.092051248496981,-0.013819695039944405,0.000190983970997064,0.9136913333552336,0.19475524435962213,0.9478316562303034
4377,4377,DAOA-AS1,-0.3812804192939688,8.110533223189503,-0.23802353997561795,0.0566552055825246,0.058227987530016886,0.1975895520165128,0.11887688035849116
4378,4378,DAP,-0.2780216872751905,9.55074898098337,-0.3860428807027607,0.14902910574128594,0.0016294968772779257,0.08437322224551977,0.005225710164801874
4379,4379,DAP3,-0.6883697213049265,12.216586310883587,-0.4417375496587474,0.19513206277851436,0.0002580586912127636,0.17755132195906406,0.001007075321357433
4380,4380,DAPK1,-0.05993459689798258,7.356729526068577,-0.08838108277436625,0.00781121579236938,0.4873849215772969,0.08578662511427174,0.6241835990748338
4381,4381,DAPK2,-0.18052214966240546,8.278772669090369,-0.2654533447584831,0.07046547824346608,0.034008872482381235,0.08326820669965225,0.07564319367357905
4382,4382,DAPK3,0.026676544333778116,6.925740245821696,0.02260076034777737,0.0005107943682976659,0.8593001342124801,0.14986483150534854,0.9125665443760118
4383,4383,DAPL1,-0.17538813362635178,7.8399421675595775,-0.3629401083034146,0.13172552221529432,0.0032034129463582505,0.057187079117331625,0.009556399966026714
4384,4384,DAPP1,-0.38718748603204656,9.134889619851368,-0.6919667678956949,0.4788180078720145,2.418100125192319e-10,0.05130207493607827,6.827113195702695e-09
4385,4385,DARS,-0.2659092855441572,9.230526124523092,-0.7591922341901819,0.5763728484546802,3.5915541604053364e-13,0.028951948339048295,4.8915160593445e-11
4386,4386,DARS2,-0.3648536156098827,9.672778630170818,-0.5797734949989488,0.3361373055032961,5.159842566952825e-07,0.0651183795243789,4.124636057119359e-06
4387,4387,DAW1,-0.2184224420523113,7.7233264740544305,-0.13917258310676575,0.019369007888609617,0.2727354650118953,0.19737881303731075,0.4094056907550667
4388,4388,DAXX,-0.5893262802078302,11.119153329229746,-0.4780310240023717,0.22851365990875605,6.474083892444896e-05,0.13752067676798807,0.0002963354189196665
4389,4389,DAZAP1,-0.4056915228745897,10.435093334560657,-0.5560159898056168,0.3091537809195198,1.8436206216921616e-06,0.0770199974086407,1.2527017434183797e-05
4390,4390,DAZAP2,0.7719990147486613,-0.2508602030172735,0.7307339255046801,0.5339720698834792,7.165806154576266e-12,0.09159412191326102,4.239768641457624e-10
4391,4391,DAZL,0.22462614488008067,6.36656740719738,0.10931731278412668,0.011950274874342585,0.3898534553519517,0.2593969780697237,0.532534950838738
4392,4392,DBF4,-0.20010013278850286,8.47726801825687,-0.6648854027514429,0.4420725987919485,2.0747436977230048e-09,0.02854917609394263,3.856530023535766e-08
4393,4393,DBF4B,-0.3362417720042244,8.47307386737992,-0.2285429410199516,0.05223187589004909,0.06930430378166261,0.1819026635040267,0.13732131927824173
4394,4394,DBH,0.14174703147552944,6.368941648637677,0.13010835975790008,0.016928185278891155,0.305497232964473,0.13718465906034635,0.44519129070293834
4395,4395,DBH-AS1,-0.08565059536182941,7.4491043249223985,-0.0870655426264566,0.007580408712839331,0.4939137952503828,0.12446174763049428,0.630234119153087
4396,4396,DBI,0.02451389769021628,6.733949706408197,0.027835667450381504,0.0007748243824082284,0.8271652551824293,0.11180122674361724,0.8911429672501121
4397,4397,DBIL5P,0.018544413586963116,6.9458078517925035,0.01453863752696631,0.00021137198114051296,0.9092197771363943,0.16197487264937455,0.9454020857107631
4398,4398,DBIL5P2,0.0865389582149753,6.635646502516438,0.12375986540235502,0.015316504284409031,0.3298989085361513,0.08812199466886989,0.47187413104894543
4399,4399,DBN1,-0.05000755270798608,7.324793910140363,-0.076660789905923,0.005876876709000065,0.5471168903463756,0.08260123764172286,0.6765541491806054
4400,4400,DBNDD1,-0.33614221371156894,8.664510652674391,-0.5453153294302708,0.2973688085116448,3.170225982351996e-06,0.06562105636576808,2.0260909770896953e-05
4401,4401,DBP,0.4048827485631825,4.821522568755085,0.4616530068956129,0.2131234987757608,0.0001231751630115695,0.09880320832862298,0.0005226015193995958
4402,4402,DBR1,-0.24928413725277895,8.573966302369035,-0.5387316390845717,0.2902317789507492,4.3847881857795055e-06,0.04950904993471605,2.716812250731193e-05
4403,4403,DBT,-0.007313472526268143,7.057718817758532,-0.0077443117012566814,5.9974363726221145e-05,0.9515708092849158,0.1199311343095309,0.9706038939412114
4404,4404,DCAF10,-0.3020931433536307,8.924950876315126,-0.4522662693267058,0.2045447783706964,0.00017553715259435205,0.07565866837838643,0.0007148286411014927
4405,4405,DCAF11,0.0595331401487408,6.550996019685877,0.05516266149031949,0.003042919222695577,0.6650630808656599,0.1368535177023613,0.7723876979591261
4406,4406,DCAF12,-0.33772008695268363,9.905515335684386,-0.3130057221456342,0.09797258209590996,0.011791586583394164,0.13014234857698878,0.030191825915802013
4407,4407,DCAF12L1,-0.6445279820210095,9.120857418885107,-0.35796792936863864,0.12814103845647065,0.003681863547522979,0.21351329879362746,0.010800698336712287
4408,4408,DCAF12L2,0.05645818331569798,6.826495845279786,0.03642270022605678,0.0013266130917571964,0.7750822336103097,0.19673002798192765,0.8544726247941382
4409,4409,DCAF13,-0.4194198924533571,9.42394185402733,-0.6815449615097544,0.4645035345593326,5.681259736495037e-10,0.057192222362025,1.3594218739646412e-08
4410,4410,DCAF15,-0.4975809211248878,9.89706272028157,-0.6885068775537919,0.4740417204388722,3.2235748642995305e-10,0.06656336060838748,8.650125611698432e-09
4411,4411,DCAF16,-0.2829836645234116,8.516842184721433,-0.36471169967178496,0.13301462387748228,0.0030468003583260625,0.09175330403448853,0.009145891566336413
4412,4412,DCAF17,-0.20712802680348127,8.12365673836595,-0.4671786886130613,0.21825592709421973,9.95069000134468e-05,0.049784287784666495,0.000433217112945555
4413,4413,DCAF4,-0.2351170837160921,8.298572000284771,-0.2483407800803461,0.061673143050914835,0.047851341001092784,0.1164708846252606,0.10088801376483927
4414,4414,DCAF4L1,-0.2656017405506295,7.834399153364225,-0.15308892754261358,0.023436219736147592,0.2271597952383033,0.2177416941841487,0.35534399891367524
4415,4415,DCAF4L2,0.16078735448283316,6.5162157094613,0.065549477000302,0.004296733935013121,0.606822490262686,0.31085064994721506,0.7252865121226661
4416,4416,DCAF5,0.5740167999444089,3.8623376920434667,0.457699234965951,0.20948858968841685,0.00014317512391867005,0.1416128435656161,0.0005963564740255434
4417,4417,DCAF6,0.4895114616746916,3.904501739094984,0.3662140770156703,0.13411275020443933,0.002919363770948452,0.1579656498244086,0.008806076397811495
4418,4418,DCAF7,-0.270140674391534,8.8897483243245,-0.1666937293000423,0.027786799387955783,0.1880065689873688,0.2029343799847429,0.3069191293947585
4419,4419,DCAF8,-0.027793202457307358,7.159599091789964,-0.0156087732838042,0.00024363380342519976,0.9025691631823768,0.22611067310902944,0.9401219446231058
4420,4420,DCAKD,0.008758325695476297,6.972967576965908,0.008855315670229302,7.841661561940863e-05,0.9446333328134388,0.1256042025453423,0.9670055224579284
4421,4421,DCBLD1,-0.1779271152579168,8.179293432119564,-0.3348984242893188,0.1121569545914686,0.0068309528773305385,0.06357718389196737,0.01871274946977771
4422,4422,DCBLD2,0.057673876435504715,6.707389278035394,0.06911895255279282,0.004777429601995225,0.5873342207791066,0.10571734754933043,0.7094730044609556
4423,4423,DCC,0.21283378679234732,6.307756417120562,0.11579808907114895,0.01340919743252975,0.3621916774792712,0.23185254426434415,0.5049742966658266
4424,4424,DCD,0.17945573702139894,6.300497527980324,0.2457194943797649,0.06037806991824734,0.05033194510694427,0.08990802574698893,0.1052565565975924
4425,4425,DCDC2,-0.17220262791475052,7.629735902605801,-0.24881983369474595,0.06191130963988103,0.047409016218583636,0.08512965720328554,0.1000625970968254
4426,4426,DCDC2B,0.14622594117833373,6.093445806739342,0.14734042050860624,0.021709199515652915,0.2452980810256077,0.12466388597138425,0.3771606038490155
4427,4427,DCHS1,0.24070698602257895,5.706628875544991,0.31221932258886465,0.09748090539784952,0.012016583602732148,0.09301677385883887,0.030697076550332037
4428,4428,DCHS2,0.1705401260867425,6.269206138515488,0.13956109490994326,0.01947729921246219,0.27138576090231353,0.15367215917631089,0.40804958314727785
4429,4429,DCK,-0.0941429385693106,7.743642257364014,-0.17435525260142554,0.030399754109706908,0.16822455684789092,0.06752323307523116,0.2812617957490023
4430,4430,DCLK1,0.5046780004863758,5.278141903214966,0.656714397611711,0.4312738000305125,3.802551680935422e-09,0.0736026767917856,6.463442437257187e-08
4431,4431,DCLK2,0.5627854603069524,4.594896905619542,0.33267724042275243,0.11067414629529784,0.007232731162562281,0.2026069751309682,0.01967895380390579
4432,4432,DCLK3,-0.07047770127235081,7.240528080236932,-0.04249702414419378,0.001805997061112189,0.7388125730258067,0.21042863804344503,0.830081263301538
4433,4433,DCLRE1A,-0.2947086165076166,8.825208454494225,-0.617378257758798,0.3811559131532888,5.5213878833907975e-08,0.0476909837359853,6.041720799132274e-07
4434,4434,DCLRE1B,-0.29064549746592183,8.729502697344026,-0.6634704728669736,0.4401930683663256,2.3073188965694098e-09,0.04162605855436043,4.234321246204286e-08
4435,4435,DCLRE1C,-0.1218649624469814,7.646300734023012,-0.16189693816769934,0.026210618588075874,0.20121437731981026,0.0943358780643558,0.32392837123968693
4436,4436,DCN,0.2559391377812097,5.3488168181686415,0.7097201583952696,0.5037027032326066,5.1814464604603705e-11,0.03226448013182997,1.9412495346240367e-09
4437,4437,DCP1A,-0.3420876951983298,9.56225781396256,-0.43508031384644985,0.1892948794967253,0.00032716499388989645,0.08990909644110966,0.0012457812454168644
4438,4438,DCP1B,-0.23739836232539716,8.572317751936515,-0.4949881108844647,0.24501322991697114,3.210830555343355e-05,0.05292450160079888,0.00015918162929478102
4439,4439,DCP2,0.08897232444989937,6.5138482562938975,0.09947426462633804,0.009895129322950728,0.4341838997012221,0.11302875745808486,0.5750964797865291
4440,4440,DCPS,-0.23495290779850875,8.722921489520747,-0.6038959845129213,0.3646903601108305,1.2718927082721697e-07,0.039383613453984855,1.2273991353669267e-06
4441,4441,DCST1,-0.025786102774048685,7.142127524435478,-0.03727108204821168,0.0013891335570445265,0.7699857075770781,0.08780434489468457,0.8509768550363186
4442,4442,DCST2,0.041664919257430585,6.861870540972589,0.05753760290933181,0.0033105757485519484,0.6515549294543939,0.09181272134562828,0.76134033163826
4443,4443,DCSTAMP,-0.19336159905302788,7.754806517042142,-0.17452241437587884,0.03045807311958596,0.16781064146785116,0.13854998048086875,0.2806347548834904
4444,4444,DCT,-0.03816142435507139,7.150489901112486,-0.01923989147373141,0.0003701734239209625,0.8800550491324601,0.25185218115066954,0.9263849936303433
4445,4445,DCTD,-0.2961938636854493,9.476643985334329,-0.6886237458104802,0.4742026632940569,3.1926271759316044e-10,0.0396102340638476,8.609756101469351e-09
4446,4446,DCTN1,0.08343343957347231,6.339599456585089,0.07333624125022968,0.00537820428071189,0.5646806791579874,0.1440969014255171,0.6912913398525434
4447,4447,DCTN1-AS1,-0.3719490756274378,8.127865878177616,-0.1937550995541776,0.03754103860324928,0.12501284632038534,0.23918041080645736,0.22219974972686335
4448,4448,DCTN2,0.1533445174898218,6.076205293929206,0.08574829888028919,0.007352770760863405,0.500496579270109,0.22627905839709164,0.6362717755133387
4449,4449,DCTN3,-0.23256308335309084,9.125483026935537,-0.25875926501806745,0.06695635723269047,0.03896267834110558,0.1102554337641883,0.08490860415383328
4450,4450,DCTN4,-0.4376247677877843,9.863622037227303,-0.4921650602440794,0.2422264465250584,3.617783233978371e-05,0.0983025970601008,0.0001768467176790104
4451,4451,DCTN5,-0.19150054098579575,8.273704778438704,-0.17094221528269973,0.029221240965756862,0.17683989383485793,0.14017964805209182,0.2922588644580515
4452,4452,DCTN6,-0.38781700006398906,10.665245964383569,-0.6047418422173277,0.3657126957284073,1.2083886374186554e-07,0.06486403907444514,1.1760744244180218e-06
4453,4453,DCTPP1,-0.3035737507619772,10.044886876991557,-0.3518344754727824,0.12378749813120793,0.004358646570760287,0.10257338829238437,0.012561417552543787
4454,4454,DCUN1D1,-0.21717553037178686,8.307903570721223,-0.2607169478911114,0.06797332691765649,0.037455685418427566,0.10213155712618067,0.08209543195708997
4455,4455,DCUN1D2,-0.0057244306830154645,7.048317069437267,-0.008462373376821746,7.161176316874149e-05,0.9470865529579068,0.08590703339483652,0.9685551104795221
4456,4456,DCUN1D3,-0.24903251035902116,8.531783370194791,-0.26490726979265955,0.07017586158900091,0.03439225697584082,0.11512422860523333,0.07637825092932346
4457,4457,DCUN1D4,0.025736095182015167,6.849700523868639,0.04413167064403852,0.001947604353833891,0.7291445144505416,0.0739900143729069,0.8228477094536437
4458,4458,DCUN1D5,-0.5436254556718223,9.977749918229238,-0.6650457763609423,0.4422858846555285,2.049834470666458e-09,0.07752793536053935,3.8233561983016496e-08
4459,4459,DCX,0.3138879187408584,5.952242516977803,0.16209999094537514,0.026276407064490703,0.2006422340254861,0.242668615045002,0.3231856276273357
4460,4460,DCXR,-0.14683936341762233,8.355071272184592,-0.19786346781781675,0.0391499518968922,0.11705659580973478,0.0923865692580078,0.21083428281292577
4461,4461,DDA1,0.265978956595074,5.285012101607462,0.20642816821998192,0.04261258863465715,0.10172316470373176,0.16011290264162584,0.1885648974199034
4462,4462,DDAH1,-0.10329328687907137,7.7119866921387015,-0.08070518961273987,0.0065133276304282966,0.5261122598722894,0.16201521931246374,0.6586215460753571
4463,4463,DDAH2,0.2393643513466272,5.021735352155909,0.4224921087248649,0.17849958193478307,0.000505758294125025,0.06521521331849002,0.0018407051864331792
4464,4464,DDB1,-0.3800377726095217,10.400976097574288,-0.4506942826501261,0.20312533641351174,0.00018608058329402303,0.09559691554049853,0.000753332404418035
4465,4465,DDB2,-0.20407935810971972,8.422436488386934,-0.6959943750764747,0.4844081701380925,1.7215546599004652e-10,0.026739329846457625,5.178722860642147e-09
4466,4466,DDC,0.13575359661054787,5.783954061714867,0.29035848986297713,0.0843080526355086,0.019940094829518508,0.05681927242103019,0.04780280676776523
4467,4467,DDC-AS1,0.1714584861633228,6.426701047110722,0.1505766391886742,0.02267332426935617,0.234968596770654,0.14296358066711953,0.3651151666955017
4468,4468,DDHD1,-0.12418081398384448,7.626145273643588,-0.12140854441040667,0.01474003465585369,0.3392406378586125,0.1289391560529117,0.4816105658305511
4469,4469,DDHD2,-0.010439481726978679,7.0917729691599565,-0.02072802088360586,0.0004296508497512005,0.8708543902426118,0.06394873215859714,0.9200542430942947
4470,4470,DDI1,-0.09727900034931923,7.329025626720827,-0.07399650106494762,0.005475482169854794,0.5611715223910372,0.16650213891029336,0.6886012032662262
4471,4471,DDIAS,-0.17439384760553275,7.985191448689281,-0.6117609914145403,0.3742515106165013,7.854157961263758e-08,0.028638709138905413,8.110719630480052e-07
4472,4472,DDIT3,-0.13663230547444158,7.973376467225418,-0.187171939541464,0.03503333495171345,0.13861013875027745,0.09106950299852612,0.24111194109063042
4473,4473,DDIT4,-0.16429204037724252,8.405722681830675,-0.7086098788608959,0.5021279604192536,5.7245611423280594e-11,0.020776497898386728,2.1154500262306166e-09
4474,4474,DDIT4L,-0.13760617175010434,7.522924684870176,-0.19976403794837488,0.03990567085743976,0.11350984704375035,0.08571991115167897,0.20580639526744393
4475,4475,DDN,0.16256573292550736,5.905526938368482,0.16779304350963134,0.028154505450225038,0.18506964362186729,0.121299168244876,0.3029696955421482
4476,4476,DDO,-0.10198576179307972,7.599542824366332,-0.21184633078260326,0.044878867866052136,0.09285990344810452,0.05975193584645085,0.17504315767000422
4477,4477,DDOST,-0.2485492639054234,9.654824634829057,-0.3408283326709898,0.11616395235128688,0.0058526058010191255,0.08706965061714535,0.01630282719591834
4478,4478,DDR1-AS1,0.09972628962441574,6.579373458502079,0.07901058518074291,0.006242672570603432,0.5348640428081494,0.15979703250281288,0.6659277207503291
4479,4479,DDR2,0.2302325507144058,5.628302741238484,0.7327551861155007,0.5369301627791621,5.866812788885968e-12,0.027154088313594192,3.650742268486369e-10
4480,4480,DDRGK1,-0.41926161868940504,10.343307550231533,-0.5710042325583073,0.3260458335995015,8.352650709985516e-07,0.07655351136521753,6.3177314399139484e-06
4481,4481,DDX1,-0.4554653140229389,11.615969307862755,-0.6020259294258395,0.3624352197010459,1.4236381539500196e-07,0.07671961704948073,1.3511853626294223e-06
4482,4482,DDX10,-0.5533876654945287,10.008624241565613,-0.7260719767733925,0.5271805154556218,1.1289557223315498e-11,0.06655821059856833,6.006765643019586e-10
4483,4483,DDX11,-0.3499280595767826,9.09709003066934,-0.6158014722199124,0.3792114531882116,6.099765141617853e-08,0.05686094181492065,6.545610215150376e-07
4484,4484,DDX11-AS1,-0.1606667864750332,7.500162335932695,-0.09231415218983334,0.008521902694527711,0.4681397953596019,0.22009163640673315,0.6063138318488146
4485,4485,DDX11L2,0.0128147190662607,6.956627228202658,0.015840255648085482,0.0002509136989967039,0.9011314219289532,0.10272982929390537,0.9393845575491484
4486,4486,DDX17,-0.0348210210814736,7.280121042462873,-0.11748743602896547,0.013803297624660251,0.3551832298640533,0.037379716584924616,0.4977990319530176
4487,4487,DDX18,-0.3296966192455409,9.866544861285409,-0.5747401907470886,0.33032628685999976,6.814704669213517e-07,0.05961817907977662,5.253557479950825e-06
4488,4488,DDX19A,-0.37563482053669467,9.103701114669283,-0.5840217104407912,0.3410813582661873,4.0652015766918134e-07,0.06630662214667027,3.3383367517353515e-06
4489,4489,DDX19B,0.2783536430475224,5.528059996129247,0.269167248180236,0.07245100749292077,0.03149488675595919,0.12648740402338335,0.07080055773905287
4490,4490,DDX20,-0.2912947168079985,8.715568146470313,-0.6571892739946285,0.4318977418535868,3.672853636521256e-09,0.04242868328681902,6.29237701731549e-08
4491,4491,DDX21,-0.20518798683889827,8.869526087352591,-0.6686166719180513,0.4470482539667711,1.5634590425683126e-09,0.02898160954586232,3.066730576704421e-08
4492,4492,DDX23,-0.356481298949314,9.732777796406944,-0.5013908872245708,0.2513928217918423,2.4398888441728026e-05,0.07812525791150679,0.00012452461211539487
4493,4493,DDX24,-0.2952491600478029,9.328736422551696,-0.3648801918895543,0.13313755443335795,0.003032266046480132,0.0956792214487324,0.009110666547959886
4494,4494,DDX25,0.12749086576396293,6.584999058821308,0.16807270755066947,0.028248435023412868,0.1843278059637544,0.09496501771589784,0.3019378697537898
4495,4495,DDX26B,0.1536189515782755,6.236052330118415,0.4574907657791179,0.2092978007731637,0.00014430816105211482,0.037920415990475236,0.0006003997475677542
4496,4496,DDX27,-0.6087512525309839,11.837342886702551,-0.752231474358133,0.5658521910150105,7.750752157653355e-13,0.06771912359511961,8.696504558237482e-11
4497,4497,DDX28,-0.7328311477938735,10.920707640337119,-0.6713168282048158,0.4506662838309741,1.2707722645231744e-09,0.1027539838865458,2.5869772544489113e-08
4498,4498,DDX31,-0.4417435159277463,9.641820204567964,-0.6355004338976311,0.40386080148407744,1.687110638004983e-08,0.06816043085244511,2.2241828666698398e-07
4499,4499,DDX39A,-0.22341579505878575,9.10758836037864,-0.5866536751240591,0.34416253453656503,3.500928210928893e-07,0.039168265908555294,2.93847288401803e-06
4500,4500,DDX3X,-0.002870239597110452,7.035679290303434,-0.003003319983362657,9.01993092246547e-06,0.9812091152566342,0.12137206537878635,0.9891330686563368
4501,4501,DDX3Y,-0.011653956871600172,7.069798282730372,-0.03921207813989788,0.0015375870720494573,0.7583621745620936,0.03771582071719297,0.8433015793566501
4502,4502,DDX4,-0.07601334410308523,7.270642028724046,-0.061759774107459225,0.0038142696978043906,0.6278157109012099,0.15601216145040436,0.7418497226155217
4503,4503,DDX41,-0.4298997935300168,10.753729902432204,-0.5612090088313132,0.314955551593425,1.4074799060447746e-06,0.08052043889125103,9.921542111132679e-06
4504,4504,DDX42,-0.4133244140961643,9.653816556214927,-0.44346935550761096,0.19666506927433586,0.0002424173347621959,0.1060913376025385,0.0009529038635460795
4505,4505,DDX43,-0.037462695847875115,7.1568080141494965,-0.1151677413532598,0.013263608648411343,0.3648282477558941,0.04103674491968428,0.507865499174202
4506,4506,DDX46,-0.2423186736438702,8.871444372433606,-0.4053573158814827,0.16431455353864016,0.0008911200419125291,0.06940239253977877,0.003065130591158416
4507,4507,DDX49,-0.5731165613278604,10.739392899521544,-0.5542867429585098,0.3072337934195531,2.0149793231050798e-06,0.10929642816984478,1.3538435383754421e-05
4508,4508,DDX5,0.045859044069531715,6.68273509164474,0.08106358359000658,0.006571304584453984,0.5242705253583395,0.07160967528215095,0.6569308081607941
4509,4509,DDX50,-0.6488739084722218,10.691227851866588,-0.4401136701129096,0.193700042620255,0.00027355825822008136,0.16813105063772765,0.0010627743239605063
4510,4510,DDX51,-0.3759200426103131,8.756047747298316,-0.4272279275948483,0.18252370211698893,0.0004301616580103506,0.10103633559274264,0.0015945139856580182
4511,4511,DDX52,-0.2487894233250233,8.350679492662204,-0.3783018380072997,0.1431122806397012,0.0020548499831467204,0.07731425523407666,0.006435658770084157
4512,4512,DDX53,-0.06954483225460396,7.216900190961617,-0.047867713278032034,0.002291317974467885,0.7072070996858262,0.18430122162219628,0.8053517955246406
4513,4513,DDX54,-0.4714410798809376,9.823094093419003,-0.4883160920733002,0.23845260577773986,4.249825018124949e-05,0.10699882536034044,0.00020447290237312737
4514,4514,DDX55,-0.3260607911848233,8.874371154982697,-0.7367578137894533,0.5428120761798146,3.927003000685473e-12,0.038003654219615435,2.75207928737359e-10
4515,4515,DDX56,-0.6280686226977796,11.257074223757137,-0.6898258311176906,0.4758596772772126,2.8902921766974063e-10,0.08371351652268473,7.96301235195704e-09
4516,4516,DDX58,0.1495790258477615,6.050031174846442,0.3639111160836264,0.13243130040923054,0.0031167097700002372,0.048621849134136925,0.009332459910032514
4517,4517,DDX59,-0.31753004484248565,8.974806631308182,-0.3182069566450376,0.10125566725729686,0.01039320416932744,0.1201427012969098,0.027076073954707482
4518,4518,DDX6,0.17215192870313464,5.949621308013652,0.21272778015497296,0.045253108449662516,0.0914770148108821,0.10042364169414836,0.17296208467036164
4519,4519,DDX60,0.16807157005923945,5.602908665226924,0.6348672890408881,0.4030564746941265,1.7607542020741915e-08,0.025976586685424102,2.3066625678110476e-07
4520,4520,DDX60L,0.09666640652427977,6.558276493545559,0.15938776895059886,0.02540446089104948,0.2083804709913777,0.0760390964634146,0.33268389542945975
4521,4521,DEAF1,-0.5098334032520746,9.649990336590168,-0.5214894357023427,0.27195123154914785,9.93357334646878e-06,0.10594175480397697,5.6002069948153454e-05
4522,4522,DEC1,0.0680325968663716,6.793745722320875,0.060200486526238176,0.003624098577995785,0.6365408009857831,0.14326259394527754,0.7494721099036067
4523,4523,DECR1,0.37601370945918655,3.1620472006787788,0.4677402226555416,0.2187809158898556,9.73524758191824e-05,0.09023801611597493,0.00042452031088691
4524,4524,DECR2,-0.07711986512929438,7.655604997067248,-0.14881413768816973,0.022145647575873537,0.2405563232740073,0.06508236273108005,0.37150529029372614
4525,4525,DEDD,-0.3384886188800829,9.426777314230543,-0.32408166765571145,0.10502892731050698,0.008988969359671757,0.12548686229848988,0.023846151106663226
4526,4526,DEDD2,0.1008932562451812,6.185949620025713,0.12508858295187633,0.015647153584908445,0.3246925362106967,0.10163049059488727,0.4661992356214452
4527,4527,DEF6,-0.5050011938124246,10.092914936141453,-0.5660481307175041,0.32041048628878066,1.0899264247430627e-06,0.09340422771543423,7.944246626661402e-06
4528,4528,DEF8,-0.3876988570716282,9.76453850800315,-0.595378746610345,0.3544758519153053,2.112916248343887e-07,0.06644489127389815,1.8954101639555457e-06
4529,4529,DEFA4,0.32991590215774896,5.6976355406941535,0.21018201950267054,0.04417648132222099,0.095515594376431,0.1948950012133514,0.17908140227026956
4530,4530,DEFA5,-0.02693702929966792,7.214168312256317,-0.3825334750381007,0.14633185952472522,0.0018114168551914426,0.008262832422087729,0.005735667787566997
4531,4531,DEFA6,-0.038410299524108,7.312875468270036,-0.4989678045941956,0.2489688700215513,2.7088133849885838e-05,0.008472435949765645,0.00013695856607968198
4532,4532,DEFB1,0.052202073031048485,6.65535642819232,0.2829114952208785,0.08003891412811319,0.0235017802627528,0.02247636311740102,0.055126847009305875
4533,4533,DEFB108B,0.22853665940808945,6.268167367674908,0.23833803960625025,0.0568050211233505,0.05788672810008987,0.11826804213236335,0.11829169548055546
4534,4534,DEFB114,-0.4846617483613622,8.364535650577054,-0.22449359518733786,0.050397374280136326,0.07452264201397743,0.26718366215805833,0.14592529277626198
4535,4535,DEFB118,0.06960090668576256,6.664162131016887,0.08874031395436556,0.007874843320719367,0.4856100341897842,0.09921591055886678,0.6224627258422977
4536,4536,DEFB119,0.05660706986850154,6.813331655113781,0.049030453923229515,0.002403985411917933,0.7004268190969438,0.14644895236318428,0.7998176949770259
4537,4537,DEFB121,0.3453014129059838,5.901641286761937,0.2742399699468653,0.0752075611164576,0.028313935899015,0.15377788841820947,0.06456125954440033
4538,4538,DEFB122,0.01106668030276292,6.979720731724461,0.008991648371857284,8.084974044312375e-05,0.9437822980370132,0.15630204037307582,0.9666091834258674
4539,4539,DEFB123,-0.02178288011836045,7.101164679107296,-0.018275876484856842,0.0003340076612897432,0.8860237866873448,0.1513452173418463,0.9299105850198445
4540,4540,DEFB124,-0.013636833030421637,7.080639521134197,-0.009671717679789455,9.354212287755188e-05,0.9395380293842834,0.17905801020481515,0.9643372012475133
4541,4541,DEFB125,-0.07948327352644471,7.288474085580603,-0.09646895735319758,0.009306259732813052,0.448264100841276,0.10415065973920763,0.5880631915985843
4542,4542,DEFB126,-0.01974157963878244,7.079288917961588,-0.009075120104896636,8.235780491829915e-05,0.9432612701186088,0.2762585891047327,0.9663112226409996
4543,4543,DEFB127,0.07867357441914319,6.763686454837299,0.05877464772763887,0.003454459215508045,0.6445624865562001,0.16970380411981514,0.755671086913243
4544,4544,DEFB129,-0.058225994849772575,7.200804632985804,-0.037442911130091565,0.0014019715938959345,0.7689546417134844,0.1973544020408823,0.8500976499032828
4545,4545,DEFB132,-0.009052243825441848,7.042261403114422,-0.006300743306573638,3.96993662153325e-05,0.9605902032905319,0.18245677365229754,0.9764625100810435
4546,4546,DEGS1,0.07037351287773458,6.492426429600138,0.1435876034268576,0.020617399857868524,0.2576604115506116,0.06159885376570249,0.39166335898697835
4547,4547,DEGS2,-0.3032191953611089,8.88694259035355,-0.5989134637528412,0.3586973370644258,1.7146603561972152e-07,0.05149064019803955,1.5793692051659165e-06
4548,4548,DEK,-0.3465662743771465,10.771226929782578,-0.7128220524312245,0.5081152784322635,3.9122837966734027e-11,0.04330529411896247,1.557362235605929e-09
4549,4549,DENND1A,0.16298240557831714,5.884480820352604,0.20000442263628826,0.040001769074075016,0.11306720062135835,0.10140059328372256,0.20520125870519304
4550,4550,DENND1B,0.27510358363593984,5.384787128471099,0.524699955072341,0.27531004285291666,8.55936368743396e-06,0.056684653654621824,4.900925982321058e-05
4551,4551,DENND1C,0.21930345531654924,5.776832023568421,0.4341929341658405,0.18852350407954194,0.00033755450265506563,0.05778363393633086,0.0012808380506387673
4552,4552,DENND2A,0.3945143630840589,4.5841010941194105,0.6702681461805607,0.4492593877843256,1.377652396740318e-09,0.055474314646097096,2.7546687582097494e-08
4553,4553,DENND2C,0.4945688304501233,5.020423331865072,0.3694889815221437,0.13652210746627105,0.0026578866183203233,0.15796287039799978,0.008098569680558125
4554,4554,DENND2D,-0.05984093838305756,7.431565090643732,-0.07220656505975766,0.005213788037729016,0.5707084671320037,0.1049761747573935,0.695924088094603
4555,4555,DENND3,0.19841728153133148,5.883270643437702,0.18893852313405105,0.035697765524076316,0.1348568107991052,0.13096936464126302,0.2357191248571009
4556,4556,DENND4A,-0.0414669433349226,7.249054657743076,-0.0704021263359567,0.0049564593926240096,0.5803982229209799,0.07461762893593983,0.7038823654432023
4557,4557,DENND4B,-0.19159709683826776,8.3267089792231,-0.28762442208807554,0.08272780818149944,0.021190289851901016,0.08102451388910968,0.05040374854381772
4558,4558,DENND4C,-0.3102068065831929,9.101591759249759,-0.3531036165564833,0.12468216402526801,0.004210208544043717,0.10438454474081073,0.012188778879848488
4559,4559,DENND5A,-0.10489573790457296,7.680249471845987,-0.17122667810836495,0.029318575296025624,0.17610982227228553,0.076652959267193,0.29138586501423774
4560,4560,DENND5B,0.5301736372475255,4.871984912115746,0.6231822383385963,0.38835610218070304,3.8082021179547784e-08,0.08449996729528561,4.372567172020717e-07
4561,4561,DENND6A,-0.20117139082347868,8.644629843908398,-0.3671035298633979,0.13476500163816668,0.0028461739109546065,0.06473644587721983,0.008608086039346648
4562,4562,DENND6B,-0.15450766999073365,7.757801843301668,-0.11871564418069265,0.01409340417323682,0.3501406664600817,0.1641209911922859,0.4927728687978858
4563,4563,DENR,-0.5119888865042692,10.436712866058883,-0.6184714004841133,0.3825068732167805,5.1512620243333e-08,0.08261542314229038,5.673986731278618e-07
4564,4564,DEPDC1,-0.1317073045542353,7.771903910783997,-0.5164184039391886,0.2666879679270989,1.252893401286841e-05,0.02773682276361683,6.866972058938634e-05
4565,4565,DEPDC1-AS1,-0.3918873494124495,8.190740341162117,-0.2634619726964896,0.06941221105712582,0.035424378883369384,0.182232626572712,0.07826336780748404
4566,4566,DEPDC1B,-0.16846724663467913,7.865682258954089,-0.5875311409813874,0.3451928416228909,3.3298064940252745e-07,0.02946764654271409,2.8079034123098645e-06
4567,4567,DEPDC4,-0.3852972984426759,8.207623976161429,-0.18811852305217003,0.03538857871532981,0.13658936002650054,0.2554728533951193,0.23815249538036384
4568,4568,DEPDC5,0.18207607550376576,5.982994860769576,0.1764232871147412,0.031125176236370414,0.16315619389608116,0.12901344288616676,0.2746538696221733
4569,4569,DEPDC7,0.03997762944110029,6.798434597927612,0.18122494544772,0.03284248085252908,0.15182291202787224,0.027551917032248813,0.25935232394757746
4570,4570,DEPTOR,-0.3503274388356915,8.966174387765633,-0.3984873443718545,0.15879216362453294,0.0011090954341723823,0.10240364870172414,0.0037207531567781476
4571,4571,DERA,0.3767293013034729,3.4515492373601124,0.5600330193283188,0.3136369827379931,1.4967993974487731e-06,0.07077776739021154,1.0445759249678757e-05
4572,4572,DERL1,0.21428457547036786,5.2788915769208185,0.1734413156550627,0.030081889976159105,0.1705008151691816,0.15452901673476208,0.2842555356446707
4573,4573,DERL2,-0.0009743904259203176,7.023704669920447,-0.0008322316372944473,6.926094981137964e-07,0.9947925392141111,0.14869377639562292,0.9965873629108797
4574,4574,DERL3,0.2555036091130475,5.4474687366801815,0.33904088407683697,0.1149487210756032,0.006133641287510985,0.09003955492115907,0.017009092339742654
4575,4575,DES,0.3369547941768392,5.462320610321696,0.553854036835061,0.3067542941184931,2.0601331930955208e-06,0.06433155716007348,1.3803274844209005e-05
4576,4576,DESI1,-0.331336677971211,9.349998215367943,-0.7066319469283653,0.4993287084197721,6.82918771977079e-11,0.0421363337892953,2.416438890059419e-09
4577,4577,DESI2,-0.351185054612011,9.1511932265066,-0.2199675335876398,0.04838571583262944,0.08072094392141428,0.19779352553244925,0.15600285949292514
4578,4578,DET1,0.28984994328589936,5.329249339916757,0.31429306220445263,0.09878012894985193,0.011431129580909631,0.11118801066668033,0.029374761015141575
4579,4579,DEXI,-0.3497353742394813,9.46069253859945,-0.4490678935828304,0.20166197304692027,0.00019759726707921227,0.08837412340557327,0.0007953473640521082
4580,4580,DFFA,-0.3034534537814275,9.13448652760435,-0.4987447984823388,0.2487463740131888,2.7348971949283586e-05,0.06697475772839759,0.0001380839327492973
4581,4581,DFFB,-0.14080281711405832,7.753086560721893,-0.3591173092539063,0.12896524180576574,0.00356596098417466,0.04647259284458054,0.010501956359622231
4582,4582,DFNA5,0.16597127210606968,6.358445163238031,0.325231865495209,0.10577576633349373,0.008734283893848506,0.06128683660979418,0.02324169546833244
4583,4583,DFNB31,-0.36867132566970906,8.889209854917029,-0.27282682033179023,0.07443447389235494,0.029171687161743707,0.16510492926900572,0.06626590637654044
4584,4584,DFNB59,-0.3303690402231272,8.325649128106022,-0.34223001855217194,0.11712138559821995,0.0056402073496889926,0.11519560094074514,0.015792434724271415
4585,4585,DGAT1,0.3478464306001225,4.001976490446257,0.5933636469551326,0.3520804175278952,2.3774232959572768e-07,0.05992821252890958,2.0996370911074565e-06
4586,4586,DGAT2,-0.21988275370667404,8.446660413775188,-0.7336651437601099,0.5382645431685428,5.3584774530737165e-12,0.025863902168060532,3.4128773307738623e-10
4587,4587,DGCR10,0.09760489972984444,6.61575897067052,0.10845993147259836,0.011763556735040731,0.3936045329530317,0.11361531629823625,0.5360358569333943
4588,4588,DGCR11,0.00140930399266638,7.008421163044952,0.0013908367870252005,1.9344269681425832e-06,0.9912973290567016,0.12868628052299444,0.9948347233628174
4589,4589,DGCR12,0.011728232906688691,6.962242755309181,0.011460059026006723,0.0001313329528795582,0.9283854026325457,0.12996348907786978,0.9574789681386758
4590,4590,DGCR14,0.2589309902512429,5.4403260394702215,0.2697656261102752,0.07277349303066878,0.03110476178592741,0.11738010569501944,0.0700544582916545
4591,4591,DGCR2,0.4641570217179322,3.742625645760668,0.4233413486217691,0.17921789745289826,0.0004913714550818432,0.12615147420036268,0.0017931663059988733
4592,4592,DGCR5,0.23464877373484014,5.9324438153850885,0.1826687667441112,0.033367878343814515,0.1485322401429545,0.16039423662147462,0.25499172826190575
4593,4593,DGCR6L,0.1965613419878592,6.056141286475247,0.1994632369997797,0.03978558291443028,0.11406561867618248,0.1226375631223615,0.20657077151504455
4594,4594,DGCR7,-0.05162020614822935,7.222208892604831,-0.04529901922043255,0.002052001142333117,0.7222657996459054,0.14457361701495672,0.8174706471192223
4595,4595,DGCR9,0.2298615248051232,5.840096594126856,0.21769525823302716,0.047391225457144366,0.08398313525097426,0.13088164891403173,0.1611282709187426
4596,4596,DGKA,0.19228629789092008,5.7371629177263,0.4003422469104166,0.16027391466128094,0.001045944019342758,0.05589717932262712,0.0035362869225398007
4597,4597,DGKB,0.2681965657150601,6.210397454254029,0.12912878459873428,0.016674243011946317,0.3091841701176117,0.2615670364394197,0.44941490159060815
4598,4598,DGKD,0.3772848054101336,4.274506895211436,0.4874440630366241,0.2376017145896524,4.406544245197084e-05,0.08583010435450401,0.0002110162707660569
4599,4599,DGKE,0.08127721638652866,6.71306895230501,0.03333673217414943,0.0011113377120509696,0.7936990810576828,0.3094628297862243,0.8672363096521591
4600,4600,DGKG,-0.06927908537847825,7.249542707241344,-0.04379817586687372,0.0019182802092655997,0.7311136051963814,0.2006935098964095,0.8243395355892762
4601,4601,DGKH,-0.10215055902461694,7.573865106794047,-0.13216490981144294,0.017467563385466844,0.2978497101862981,0.09729761333811912,0.43683951737787236
4602,4602,DGKI,0.24531678711520746,6.153362903203711,0.2502704105074752,0.06263527837558014,0.04609006624856453,0.12052474455353553,0.09786304137119552
4603,4603,DGKK,-0.17685217187781324,7.8659765640575765,-0.19449293412438184,0.037827501424311134,0.12355445536462413,0.11327581472495694,0.22008141019155114
4604,4604,DGKQ,0.05462669785056713,6.653673957457024,0.050776388310336235,0.002578241609842051,0.6902895020190811,0.1364541398437809,0.7921264991904616
4605,4605,DGKZ,-0.5853679144527889,10.340522800656595,-0.6676741887450715,0.4457888223163893,1.67992245502241e-09,0.08289076010394622,3.2597420038987714e-08
4606,4606,DGUOK,0.15207673828239968,6.011285855601617,0.13834468264991862,0.01913925121750669,0.27562654390572794,0.13826369244844905,0.41265851827146977
4607,4607,DHCR24,0.028990966930995312,6.741303536929282,0.057186123771431015,0.0032702527520014264,0.6535471788053125,0.06427837749765168,0.7627769837786484
4608,4608,DHCR7,-0.16983000443036608,8.241654622183347,-0.4866545499611396,0.2368326509978793,4.5530278235537216e-05,0.038717533139732384,0.00021712357964997982
4609,4609,DHDDS,0.4254023786983886,3.918551070557476,0.7190703709963772,0.5170621984448674,2.1964434736589348e-11,0.052212955308790165,9.876505484900421e-10
4610,4610,DHDH,-0.16801221079634573,7.790211706570621,-0.22018543898916024,0.048481627542849216,0.080413458141808,0.09452898518298088,0.15554742617783407
4611,4611,DHFR,-0.20476612147447606,8.486219974058406,-0.6148110198144716,0.3779925900853106,6.491847663009164e-08,0.033359412655614734,6.894603292911401e-07
4612,4612,DHFRL1,0.06524453822626843,6.662306035407518,0.07206929251804557,0.005193982924051621,0.5714429656554777,0.11467460686792405,0.696532557765922
4613,4613,DHH,0.10117454922383874,6.634620737138334,0.10026594998269224,0.010053260725931741,0.4305166994869716,0.12750519363884166,0.5716342057935232
4614,4614,DHODH,-0.6703196350104716,9.989735244109678,-0.6907497302435824,0.4771351898315819,2.6766579662589e-10,0.0891169017134591,7.479100420559545e-09
4615,4615,DHPS,-0.592893687155718,11.748464736433695,-0.6089357891954199,0.3708027953630489,9.353102290456617e-08,0.09808506268382006,9.442490913745364e-07
4616,4616,DHRS1,0.12543985386632242,5.9384116217084015,0.2506172979514628,0.06280903003249226,0.045779163365100184,0.061537903873702386,0.09733409746403972
4617,4617,DHRS11,0.13219099305376622,5.814647379220111,0.8449080373807322,0.7138695916305607,1.6903947590540547e-18,0.0106286617531533,6.100916417885925e-15
4618,4618,DHRS12,-0.12825514299393892,7.746887342793027,-0.09551813951520584,0.009123714976446326,0.4527708925464071,0.16974727334178435,0.5920387463373254
4619,4619,DHRS13,-0.08837857022418773,7.620307495373691,-0.16606145142982678,0.02757640565098072,0.1897108825620389,0.06665151738605236,0.30912084538598095
4620,4620,DHRS2,-0.17532971919725746,7.771547633881184,-0.21206359315437734,0.04497096754154529,0.09251753400092896,0.1026128769022762,0.17447245482801677
4621,4621,DHRS3,0.3116091522403216,4.477293860675345,0.41469126065767903,0.17196884166585508,0.0006569724196744522,0.08683860070635609,0.0023323918372048008
4622,4622,DHRS4-AS1,-0.3735705803705719,9.188763405732443,-0.4394690435833079,0.19313304026802733,0.00027994355672905473,0.09697270267768852,0.0010858279994568655
4623,4623,DHRS7,0.2147753875676908,5.600373729053905,0.17489059052480962,0.03058671865411663,0.16690161934386247,0.15355950560402587,0.2794598752718891
4624,4624,DHRS7B,0.14759425513320376,5.844010876546247,0.2553350283286523,0.06519597669159367,0.04171928955108283,0.0709779574502687,0.08996526739979074
4625,4625,DHRS7C,0.19573723202117735,6.2170831094612895,0.2696027825780674,0.07268566037383667,0.031210528189645027,0.0887905436956468,0.07026343569464218
4626,4626,DHRS9,0.10238540293413474,6.068595941991142,0.7030392786925515,0.49426422738454295,9.374618138810535e-11,0.013152988681044477,3.1719899343115956e-09
4627,4627,DHRSX,-0.09201645944175857,7.6471420272638735,-0.09081767689206616,0.00824785043607173,0.4754134839698403,0.12814476255401613,0.612984757092402
4628,4628,DHTKD1,0.10981100897256306,6.286661579041433,0.14596098258585888,0.0213046084374294,0.2497940866162257,0.0945228984982942,0.38198509608603687
4629,4629,DHX15,-0.20648663935489164,9.15408537161025,-0.3455697950109968,0.11941848322394236,0.005161239900535543,0.07121067765758167,0.01461766283626696
4630,4630,DHX16,-0.2438917087141397,8.920377999197806,-0.19025224946364824,0.03619591842597823,0.13211569591146052,0.15983275002031389,0.23199756389664147
4631,4631,DHX29,-0.16521441767917713,8.292945174143762,-0.3210726134415269,0.10308762310217216,0.009686082929340985,0.06189047910912791,0.02543683311119076
4632,4632,DHX30,-0.7654622227175224,11.42773341496699,-0.6109793072551539,0.3732957138939878,8.244455500631112e-08,0.12596002788802418,8.457303830704251e-07
4633,4633,DHX32,0.19802039660391932,5.101779842930768,0.21869411452026505,0.0478271157258028,0.08253653171437261,0.11221085991663582,0.1587810124684254
4634,4634,DHX33,-0.2983785915664328,9.205330809636585,-0.6681747911823691,0.44645755157160255,1.6170736209283912e-09,0.04219463102096194,3.160444879170064e-08
4635,4635,DHX34,-0.4016381095128068,8.923055265070742,-0.3434198179745331,0.11793717137766145,0.005465269152907762,0.13949655297070962,0.015346266014810372
4636,4636,DHX35,-0.12093942649463467,7.602090828710754,-0.11360960264751516,0.012907141813726285,0.37139553250405105,0.13431855902689638,0.5144543232071929
4637,4637,DHX36,-0.36305910152200505,9.43900689576467,-0.3089754234197875,0.09546581227743696,0.01298438135792023,0.14192863984159845,0.03281708430272673
4638,4638,DHX37,-0.28999648019293384,8.621635156014888,-0.40959002773445213,0.16776399081950935,0.0007769144353313062,0.08202963121492085,0.002705706352058449
4639,4639,DHX38,-0.37566022962561263,9.698357300888006,-0.4328105167424346,0.18732494340285324,0.0003543409995726817,0.0993710857280325,0.0013386696346382454
4640,4640,DHX40,-0.2918481549923793,9.377888950953011,-0.5314009931369448,0.28238701550693124,6.242120824842118e-06,0.05908590471448748,3.71558896267059e-05
4641,4641,DHX57,-0.5704028092547917,9.729192263382316,-0.4858278981173205,0.2360287465890935,4.7112184018021726e-05,0.13032924206887725,0.00022343721964745083
4642,4642,DHX58,-0.047859908211554884,7.28665903620188,-0.0603070863608432,0.0036369446653342,0.6359427285115196,0.10060428474130813,0.7488900856988937
4643,4643,DHX8,-0.1527285146424982,7.949181872558182,-0.12556531429340234,0.01576664815360091,0.3228373289254328,0.15325111184148932,0.4641509997264804
4644,4644,DHX9,-0.12926371220108673,7.954973878750337,-0.3198577470234957,0.10230897833094656,0.009980581678469977,0.04862810502575984,0.026134159159282633
4645,4645,DIABLO,-0.3468666141443106,10.14641251643157,-0.3441785871708516,0.11845889986692347,0.005356217243525717,0.12017222201018175,0.015087003695180722
4646,4646,DIAPH1,-0.6551979348871361,11.406850923572545,-0.5030036862252307,0.25301270835617035,2.274859142999712e-05,0.14297566133217174,0.00011684552832461756
4647,4647,DIAPH2,-0.20752523072909004,8.459013042083619,-0.2888393972243674,0.0834281973889359,0.020626734449295726,0.08735783792944192,0.049241752232333694
4648,4648,DIAPH2-AS1,0.07223409398993062,6.771615898774625,0.0592826037934607,0.0035144271125324405,0.6417000619689353,0.15447372614345656,0.7535391162050481
4649,4649,DIAPH3,-0.2612109318681147,8.256970501002714,-0.5910819474593141,0.34937786861229536,2.714485969097013e-07,0.045270180307402236,2.346977543640745e-06
4650,4650,DIAPH3-AS1,0.14197944458598785,6.485346522613819,0.08406545312919939,0.007067000409817619,0.5089719738479109,0.2137332266316839,0.6436080638643218
4651,4651,DICER1,0.2579822967095393,5.412911311481502,0.2309138419613669,0.053321202409359135,0.0663875128939151,0.1380528631466144,0.132597453580311
4652,4652,DICER1-AS1,0.019878789651955588,6.942549019779937,0.01265467127042976,0.0001601407049626404,0.92094295222254,0.19948417481979866,0.9527071910561842
4653,4653,DIDO1,-0.10761377156318644,7.650702469219402,-0.108935798073747,0.01186700810196418,0.3915199715849284,0.12471224240798565,0.5342384993491887
4654,4654,DIEXF,-0.31892532709504623,9.031300685332502,-0.7157919169619607,0.5123580683880784,2.9791819290469795e-11,0.03951453689933925,1.2527026150196571e-09
4655,4655,DIMT1,-0.358824466159103,9.603451607782263,-0.7306445917423835,0.5338415194423942,7.229132561594082e-12,0.042584036305707784,4.2613512919093625e-10
4656,4656,DIO1,0.08805525256839936,6.7305705816884975,0.07822421387294656,0.006119027636040486,0.5389494455485604,0.14252314695071494,0.6693593853724522
4657,4657,DIO2,-0.12781138426836675,7.612915415435129,-0.17762894065511106,0.031552040558256965,0.16025368645175822,0.08992865794004108,0.2707993429662758
4658,4658,DIO2-AS1,-0.0733006328416713,7.310336676018723,-0.0933026075348504,0.008705376572802322,0.4633685394165741,0.09933892902549912,0.6017538663307893
4659,4659,DIO3,0.28110050106026874,5.403301817557884,0.3953694350884734,0.15631699020217854,0.0012230318277931381,0.08293776626293999,0.004054504408859558
4660,4660,DIO3OS,0.20142774421789889,5.922058817052772,0.22975358009630065,0.052786707567067236,0.06780234840416513,0.1083640053160186,0.13481405331853788
4661,4661,DIP2A,-0.5810864801045987,9.973642183499527,-0.23338796940446585,0.054469944262739885,0.06344975262106042,0.307470978545033,0.12767184473230472
4662,4662,DIP2B,0.14975577502222367,6.2332523250406275,0.11128845206636613,0.012385119563327877,0.3813104552285762,0.16983666177367554,0.5243714934892245
4663,4663,DIP2C,0.20970186884341535,5.807852048880375,0.35236069123455843,0.12415805672729582,0.004296548198981696,0.0707345952020923,0.012407221129343731
4664,4664,DIRAS1,0.3739727313579314,5.3902852450189185,0.3201592931038843,0.1025019729607789,0.009906766569145608,0.14053831118370905,0.025959436718633395
4665,4665,DIRAS2,0.5456668639090148,5.381872872042623,0.2340244455781615,0.05476744112816587,0.06271120286039936,0.28789879570837185,0.12647956579509623
4666,4666,DIRAS3,0.2372830430702288,6.2324974145352146,0.19567636954601114,0.03828924159870711,0.12124240265399963,0.15102704105073364,0.21671516545376493
4667,4667,DIRC1,0.08533734919236796,6.7629171685974105,0.05467873848201015,0.002989764441984057,0.6678287664927139,0.19791313849806494,0.7745611878528048
4668,4668,DIRC2,0.2652909406029717,5.339345272553963,0.3825969121442069,0.14638039718228196,0.0018079731178135762,0.08136119226505151,0.005728113806328162
4669,4669,DIRC3,0.2050465722429284,5.93733091592366,0.176732696538409,0.03123444602573737,0.16240765537272014,0.14502708209715665,0.27379819206666056
4670,4670,DIS3,-0.3637908864396107,9.068342685396878,-0.4176485496138344,0.17443031099453946,0.000595389289442545,0.10051291365593404,0.002133215596108258
4671,4671,DIS3L,-0.3362524720868982,9.461598011083154,-0.5013608048611338,0.2513626566510039,2.4430699556375885e-05,0.07369788178634375,0.00012463786538421408
4672,4672,DIS3L2,-0.1442510497550041,7.73176297922403,-0.14888657849840434,0.02216721325696152,0.24032487729653024,0.12167458829627277,0.371273887280304
4673,4673,DISC1,-0.24063083998389145,8.01133812778072,-0.17297506039374627,0.02992037151822017,0.17167070860292435,0.17401057564215558,0.2858098865838646
4674,4674,DISP1,0.06590008196532171,6.7092867483468215,0.07248390416477275,0.005253916362967961,0.5692258601938105,0.11516079425630388,0.6950635202494674
4675,4675,DISP2,0.20815987622286894,5.778028307638503,0.4986095067389982,0.2486114402105071,2.750834837964271e-05,0.045959247653334034,0.00013879153871415725
4676,4676,DIXDC1,-0.12731400151491426,7.698197823402068,-0.08576382096148552,0.007355432985913745,0.5004187459931817,0.18783351558079991,0.6362101769789438
4677,4677,DKFZP434A062,0.2568406614096258,5.5848387515681255,0.2532312313933799,0.0641260565530075,0.04349139903188266,0.12461185066175155,0.09318356050612635
4678,4678,DKFZP434F142,0.0434945794561705,6.867123116875845,0.034010221169761184,0.0011566951440160713,0.7896259065117479,0.16232242291594534,0.8647827343100137
4679,4679,DKFZP434H168,0.090410553314361,6.6282070040478756,0.11791440474501755,0.013903806846371821,0.35342520968679225,0.09669768135303862,0.49597711851257126
4680,4680,DKFZP434K028,0.18334233134015096,6.0411918234523885,0.14723466346949338,0.021678046126974968,0.2456408019768171,0.1564219646651853,0.3775267258202962
4681,4681,DKFZP434L187,0.2879444796379248,5.889087150172509,0.1844562130462513,0.03402409453136404,0.1445323713979901,0.1948510591510456,0.24946983123094818
4682,4682,DKFZP586I1420,0.23894252973777624,5.0533247792911045,0.5452967850709708,0.2973485838087365,3.1731542239850917e-06,0.046648172925919384,2.026980965203456e-05
4683,4683,DKFZP761C1711,0.4505297724835838,5.6082058690815755,0.21431211804020134,0.04592968393887719,0.08903202756926266,0.26077809870274404,0.169240568557969
4684,4684,DKFZp434E1119,0.2457225072033128,5.880041924724558,0.24518563262803056,0.06011599444720756,0.05084982215352779,0.12339319369617625,0.10610674566345403
4685,4685,DKFZp434J0226,0.1847777100085365,6.327742510570209,0.16212108112183393,0.026283244944112258,0.20058287455058696,0.14283366042652498,0.3231140480839813
4686,4686,DKFZp434L192,-0.059780252317939125,7.196677835752294,-0.036041637494630636,0.001298999633294365,0.7773745049510816,0.21051116137233108,0.8556928228900357
4687,4687,DKFZp451B082,-0.24516880704778626,8.163328891097771,-0.2258586296826415,0.051012120602120584,0.07272964917770082,0.1342959800844947,0.14304818827821175
4688,4688,DKFZp547J222,0.0443429679151213,6.82853908024352,0.02588664093615882,0.0006701181789576135,0.8390994908281129,0.2174741538783832,0.8991315788919829
4689,4689,DKFZp564H213,0.18164016137961053,6.285303511054764,0.1470715587993161,0.02163004340766069,0.2461700081522952,0.1551453962233882,0.3781718004092077
4690,4690,DKFZp667F0711,-0.1057895298717298,7.324193754627137,-0.05475882918593487,0.002998529373814392,0.6673707320274153,0.2449856171035897,0.7743202530033046
4691,4691,DKFZp779M0652,0.2523452643519812,5.54591934349628,0.3574784607254152,0.12779084988261225,0.0037322270798216257,0.08372588641879718,0.010936586930113302
4692,4692,DKK1,-0.1075563623596111,7.429914001049214,-0.22515576288585254,0.05069511756071027,0.07364852450925964,0.059109876352452566,0.14447493416505278
4693,4693,DKK2,-1.123412609916857,10.425750451802047,-0.5305954305449524,0.2815315109151834,6.4858911922777026e-06,0.2279207192723439,3.850108930065067e-05
4694,4694,DKK3,0.32185033295664345,5.5069978795125945,0.42556626571694817,0.18110664651626807,0.0004554269674551825,0.08691697371629176,0.0016769717701482704
4695,4695,DKK4,-0.1083737038865692,7.434237149805377,-0.2117402372292762,0.04483392806191017,0.09302744941514976,0.06352784454246199,0.1752966774351782
4696,4696,DKKL1,0.2200351205712818,5.681253994800133,0.3149376331609734,0.09918571278103586,0.011254261111592159,0.08421495760252788,0.028969068498007934
4697,4697,DLAT,0.04913768947701122,6.604593893917996,0.07439294344253529,0.005534310034044254,0.5590694641466408,0.08365310131039486,0.6866293810172134
4698,4698,DLC1,0.3685800627981893,5.366747818159452,0.4339213487227657,0.18828773687738395,0.0003407938963474505,0.09719099557093852,0.0012919978685931445
4699,4699,DLD,0.2006741900695083,5.229170546967782,0.2286725912065175,0.052291153969103055,0.06914219238937543,0.10849732436868063,0.13709315658661234
4700,4700,DLEC1,0.16304990958756566,6.0695987817727985,0.1925630139259949,0.037080514332262914,0.12739671519772458,0.10552292730211013,0.2255375954550953
4701,4701,DLEU1,-0.3661483146201844,9.94235420481672,-0.4904928111988559,0.2405831978377565,3.880852404148202e-05,0.0826168531677255,0.00018855700877682145
4702,4702,DLEU2,0.12256715050897644,6.516934797633003,0.13335125192160496,0.017782556389059345,0.29349541637974275,0.11568710916424195,0.43215089696765685
4703,4703,DLEU2L,-0.17380619708467587,7.606110624544902,-0.1215940152420432,0.014785104542682238,0.3384978109818194,0.1801866857876192,0.4807930012338515
4704,4704,DLEU7,-0.2254655147177409,7.745847169826074,-0.14684212291331986,0.02156260906169053,0.2469157501046944,0.19288575108131364,0.3790288912254312
4705,4705,DLEU7-AS1,-0.2368186198624761,7.877602668302161,-0.19972317109983825,0.039889345074175256,0.11358523185635748,0.1475544096158351,0.20588333438096773
4706,4706,DLG1,0.3604145368786837,4.705504585387841,0.4114161840739847,0.16926327651799888,0.0007318704694160617,0.10140439715801998,0.0025653374903212714
4707,4707,DLG1-AS1,0.08780265853313872,6.693057102714723,0.06595784710640593,0.00435043759491202,0.6045786820398273,0.16869359873103873,0.7233384383731863
4708,4708,DLG2,0.7499508914174456,4.149286119008966,0.4933128000636378,0.24335751870662675,3.446890633742136e-05,0.1679422460248342,0.00016956478117602445
4709,4709,DLG3,-0.17634412586507514,8.359427584177864,-0.2072415493322692,0.04294905976963937,0.10035220708556786,0.10571968235886854,0.1864704860509672
4710,4710,DLG3-AS1,-0.06821654036758361,7.364515881507487,-0.08519617169766071,0.0072583876719372825,0.5032692108398671,0.10131922951379244,0.6384846658115485
4711,4711,DLG4,0.22789282216753046,5.908774304450858,0.23949560644302084,0.05735814550551033,0.056644609908447274,0.11733041607033605,0.11622503577481767
4712,4712,DLG5,-0.4446014357510014,9.70484245207059,-0.4352080479947183,0.18940604503937306,0.00032569374437570767,0.11680993399875607,0.0012406153094909323
4713,4713,DLG5-AS1,0.1533741580552433,6.333302830195812,0.12889130185200487,0.01661296769310464,0.3100823129999359,0.14986319083685784,0.4503274420235807
4714,4714,DLGAP1,-0.3006387507988035,8.07128892221907,-0.1603679727607827,0.025717886687403147,0.20555986548295385,0.2350032340438649,0.3292244847057101
4715,4715,DLGAP1-AS1,-0.4517758871134226,9.351318082632492,-0.6438437283505143,0.4145347465362909,9.519794090167591e-09,0.06818632681437213,1.391972592995133e-07
4716,4716,DLGAP1-AS2,-0.14346136169993556,7.710364918334348,-0.6599687289324754,0.4355587231687472,2.993995379460841e-09,0.02074078209578506,5.296974668482395e-08
4717,4717,DLGAP1-AS3,0.08614254038008227,6.732329213716482,0.06818880134238173,0.0046497126285108,0.5923852858943974,0.1600651357269231,0.7135094108553356
4718,4718,DLGAP2,0.1547376029023864,6.456411443796375,0.1154675034900923,0.013332744362234477,0.3635729701821163,0.16905405862900852,0.5065370190225046
4719,4719,DLGAP2-AS1,0.2586602379583465,5.844029860856966,0.20457994065135268,0.04185295211691099,0.10489241900863212,0.157176228193547,0.19328159748399665
4720,4720,DLGAP3,0.14463169909153634,6.236952285288089,0.16427025811882867,0.0269847177024266,0.19459929770953446,0.11029822781657954,0.3154463501684235
4721,4721,DLGAP4,-0.5236217296395931,10.157656154903416,-0.4406804476569891,0.1941992569471643,0.0002680543717877669,0.13546024788579758,0.001042701171378497
4722,4722,DLGAP5,-0.1098132502457648,7.784040953185888,-0.6291269227497978,0.39580068492863,2.5823876511775653e-08,0.017231010409982032,3.141663179002819e-07
4723,4723,DLK1,-0.05794769859762281,7.260728070721668,-0.04733925828624395,0.0022410053750917163,0.7102962176745857,0.15528579310100354,0.8078076043140147
4724,4724,DLK2,0.05694449274911501,6.760642053587676,0.057269391352742775,0.003279783185913609,0.6530749841476683,0.12607237956454326,0.7623491338320174
4725,4725,DLL1,0.12696148164569965,6.292447499179066,0.1594300275652238,0.025417933689448016,0.20825830717886815,0.09984244869972554,0.3325836019143355
4726,4726,DLL3,0.11020925374846592,6.492831434498415,0.09550292497936884,0.009120808679614956,0.4528432104191246,0.14588676636162115,0.5920975559489279
4727,4727,DLL4,0.225171166145502,5.4629253296179465,0.2307834966028688,0.05326102230424635,0.06654526461137046,0.12056668275413368,0.13280229519484169
4728,4728,DLST,-0.1213950164438264,7.9741241856671,-0.236338841193337,0.055856047856609366,0.06008389421311437,0.06338536850145733,0.1220958453004656
4729,4729,DLX1,0.1396241368422895,6.408438882095848,0.1423734728708984,0.020270205777320447,0.26174864912622897,0.12327889572228486,0.39645848757281166
4730,4730,DLX2,0.14861958507724565,6.337742937987852,0.11016723196446264,0.012136818998711718,0.3861560365789373,0.17028490901942125,0.5290311666330307
4731,4731,DLX3,-0.22913235561461784,8.113218684363147,-0.2735037390612794,0.07480429528050041,0.028758128759500626,0.10233969331586901,0.06545581197425594
4732,4732,DLX4,0.4168112404902781,5.457763237959229,0.3263804906769934,0.10652422469455496,0.008486246721889796,0.15330657374719325,0.022679214212331673
4733,4733,DLX5,0.02438247939931468,6.911552438504045,0.0450097655164053,0.002025878991841788,0.7239682395285527,0.06872819061452247,0.8186273420182135
4734,4734,DLX6,-0.2009179987573564,7.746702604625879,-0.2790063584788239,0.07784454807161398,0.025575545165234102,0.0878235457703032,0.05918341852459334
4735,4735,DLX6-AS1,-0.1956152742983893,7.6756735576764274,-0.33638704547574216,0.11315624436389905,0.006572758911306588,0.06954905157569027,0.01807633911916995
4736,4736,DMAP1,-0.13442457527855586,7.942981682108081,-0.20341986852914956,0.041379642912416484,0.10692037846963327,0.0821699045730697,0.19621701658982277
4737,4737,DMBT1,-0.05156138991354221,7.479311570196247,-0.4364157154259346,0.19045867667073035,0.00031207926193184404,0.01350043931741638,0.0011942174266008276
4738,4738,DMBX1,-0.006967423608207207,7.038119267987469,-0.00877657950772616,7.702834785543876e-05,0.9451248586822668,0.10081713518089996,0.9673257781815148
4739,4739,DMC1,-0.11900430423072142,7.43767489143846,-0.08044143785966114,0.006470824924929724,0.5274696990698355,0.1872739247968139,0.6593751852079482
4740,4740,DMD,0.3729007205979738,5.554745936644913,0.40072775038635255,0.16058272992970687,0.0010332339185528036,0.10827717331202083,0.0034976833681821104
4741,4741,DMGDH,0.07838476937280994,6.761882482243098,0.03442478169530553,0.0011850655947694426,0.7871214760198916,0.28900619949808826,0.8631749411662912
4742,4742,DMKN,-0.17529929342019776,7.984132180542429,-0.7447049594143375,0.5545854765763101,1.731451514589617e-12,0.019951808220241767,1.5118783285660548e-10
4743,4743,DMP1,0.13749401220329568,6.589099508851398,0.086575210295476,0.007495267037705896,0.4963588844746801,0.20093735379400265,0.6323912298442811
4744,4744,DMPK,-0.5341330790877546,9.969853996884217,-0.6113818316126894,0.3737877440260869,8.041242420017154e-08,0.0878014893974255,8.27235651332406e-07
4745,4745,DMRT1,-0.15377114281635676,7.52138450447945,-0.10909936016301454,0.011902670387979163,0.3908049907403356,0.1779330636466819,0.533528669519542
4746,4746,DMRT2,-0.004271873628944147,7.035695137694103,-0.0077791098299368235,6.05145497462197e-05,0.9513534612347868,0.06973960897618221,0.9706038939412114
4747,4747,DMRT3,0.2335905804003619,6.200221818594088,0.186152958243168,0.03465292386268265,0.14081049493292744,0.15657819474081186,0.24417450895039589
4748,4748,DMRTA1,0.06878177451892424,6.718978272705742,0.07342128703636028,0.0053906853900756065,0.5642280995059171,0.1186538403710754,0.6910120378245562
4749,4749,DMRTA2,-0.2727221976928721,8.291795195547735,-0.4100241448323467,0.16811979934549726,0.0007659848240452637,0.0770452033283753,0.00267150931948787
4750,4750,DMRTB1,0.034481565920314775,6.876170481623236,0.040551002834033234,0.0016443838308457714,0.7503748775865388,0.10790266457670447,0.8378907423197836
4751,4751,DMRTC2,-0.3827876645096856,8.236785052775486,-0.2350730804354093,0.0552593531453924,0.06150953229533295,0.2010089945986536,0.12454314369849791
4752,4752,DMTF1,0.010116631640248829,6.945563701937318,0.02671528696620784,0.0007137065576868344,0.8340209676497174,0.04807565544787202,0.8959581334683318
4753,4753,DMTN,-0.3188710256217272,9.310016586130901,-0.3839870045467261,0.1474460196607674,0.0017339692393840206,0.09737862332520264,0.00551949197102175
4754,4754,DMWD,0.0038317234848514524,6.992408373673007,0.003663600747450289,1.3421970436718315e-05,0.977078942761514,0.13282727485274048,0.9866929913029558
4755,4755,DMXL1,0.20019754545564675,5.694196137939572,0.515714132511757,0.2659610664723541,1.2935622596422787e-05,0.04223897965412796,7.063058681934833e-05
4756,4756,DMXL2,0.23199422884568324,5.7009495041333675,0.5037507444856216,0.25376481256981803,2.201981793077744e-05,0.05052467137680355,0.00011346622041053377
4757,4757,DNA2,-0.18441600157454469,8.152134528217703,-0.5181157275955902,0.26844390718190786,1.159717311945588e-05,0.03866337814406665,6.431159638970988e-05
4758,4758,DNAAF1,0.07840693687224785,6.632040164711015,0.0813492410947778,0.006617699026696285,0.5228048849631197,0.12200098752184955,0.655777327611003
4759,4759,DNAAF2,-0.17964203901653572,8.232077053158072,-0.3731992263814775,0.13927766257173327,0.002387045903241355,0.0567156525449526,0.00735821765618385
4760,4760,DNAAF3,-0.19138423879518124,7.917296825043559,-0.23284204839504435,0.054215419500800166,0.06408879558957438,0.10151846156946427,0.1287662709679192
4761,4761,DNAH1,0.3094094000667477,5.8002890512254925,0.17254817788250776,0.029772873690573538,0.17274694066761734,0.22431792960573704,0.2870059076382732
4762,4762,DNAH10,-0.2410638996495411,8.038174103241271,-0.1871314899357444,0.03501819452557161,0.1386969889119131,0.16071226432333002,0.24120819527734028
4763,4763,DNAH11,0.08404290753726146,6.7070336385454485,0.04016504628275151,0.0016132309428955704,0.7526746496163235,0.26552557670850035,0.8392981224223216
4764,4764,DNAH12,-0.2971997582293648,7.9987456863140824,-0.1950752391894194,0.03805434894480919,0.12241265752056042,0.1897691999789707,0.21841032368853389
4765,4765,DNAH14,-0.8173695794425586,9.68412844244361,-0.6452855019098671,0.4163933789750691,8.608234155584342e-09,0.12289404047446435,1.276789798898486e-07
4766,4766,DNAH17,0.09664838177355227,6.605609174705433,0.0713763869168378,0.005094588609302135,0.5751571464093008,0.17152802159456645,0.699522550992049
4767,4767,DNAH17-AS1,-0.10542430873414016,7.428143242019324,-0.1121362792197612,0.012574545117252244,0.3776706890122835,0.11864540821349773,0.5205893552234881
4768,4768,DNAH2,-0.14252493493529292,7.657260221350744,-0.1187660255207386,0.014105368817992731,0.34993477012168817,0.15132756165330932,0.4926163159513575
4769,4769,DNAH3,-0.06400269888881661,7.3485805600093475,-0.041711679161884736,0.0017398641785040096,0.7434719404429789,0.1947003059760174,0.8331979956679971
4770,4770,DNAH5,-0.6700781337613471,9.53197486529166,-0.5108148447012572,0.26093180556716944,1.6123137438635147e-05,0.14322154293726516,8.5964646515097e-05
4771,4771,DNAH6,-0.14507851542867575,7.559555736758995,-0.07143248692812594,0.0051026001887368826,0.5748560198343775,0.25727680607949543,0.6993543319951374
4772,4772,DNAH7,0.17786309669352518,6.253953769927584,0.10173914658726707,0.010350853948305415,0.423739533981478,0.22087295492882855,0.5646982078437754
4773,4773,DNAH8,0.13813912970783526,6.5197977678923715,0.13377922937800302,0.017896882212972337,0.2919348677204511,0.12996030616204388,0.4307552649586635
4774,4774,DNAH9,0.2169444371608891,6.110408984821462,0.1345918691241102,0.018114971234321608,0.2889867074388161,0.20284493527511174,0.42754711686736097
4775,4775,DNAI1,-0.08492073398315976,7.365474691789894,-0.08843957482175688,0.00782155839465313,0.4870956917200887,0.1214691917072804,0.6239238852595836
4776,4776,DNAI2,0.011208697435164174,6.974139675040438,0.015512663719375278,0.00024064273567042202,0.903166193330947,0.09175308219313694,0.9405628506579619
4777,4777,DNAJA1,-0.3035594380411915,10.02774788526925,-0.546171132130858,0.2983029055731031,3.037807682591667e-06,0.059128109392098976,1.9549398325861084e-05
4778,4778,DNAJA2,-0.12712850351669286,8.120313922762834,-0.1676167051924865,0.02809535985958493,0.18553850540876773,0.09496019947385324,0.30353073465489655
4779,4779,DNAJA3,-0.3229113923707312,9.944308021840529,-0.5792174886594711,0.3354928991689845,5.322079697999817e-07,0.05771592618172686,4.235561773619479e-06
4780,4780,DNAJA4,-0.34887264737248197,9.28427396979048,-0.4815440008815148,0.23188462478497635,5.615567795331867e-05,0.08063959325455275,0.0002610672404635285
4781,4781,DNAJB1,-0.3905706565413723,10.706486330460942,-0.6328198328025575,0.4004609407882568,2.0202931296674948e-08,0.060692136570535724,2.5674558522857744e-07
4782,4782,DNAJB11,-0.1945470828620566,8.795120956539918,-0.295544633363535,0.08734663030998631,0.017740645518076806,0.07986541111749873,0.043180136978077245
4783,4783,DNAJB12,0.2528050969751825,5.317636830768817,0.12825128569503155,0.016448392282428604,0.3125111678869201,0.2482714780982179,0.45291322049198607
4784,4784,DNAJB13,0.09673832872405584,6.480428154945656,0.11411665895488345,0.013022611851025177,0.3692505686489107,0.10695652609092314,0.5124038125136318
4785,4785,DNAJB14,0.1875259578189808,5.482557804932793,0.35000633344177673,0.1225044334493562,0.004580596926005273,0.06374000746541088,0.013122480014901995
4786,4786,DNAJB2,-0.02898581818927645,7.211321399688796,-0.037685191228296576,0.0014201736379132813,0.7675015097563024,0.09761361344264108,0.8492695550997408
4787,4787,DNAJB4,0.21360187211351805,5.6690853907862655,0.4066400952600866,0.1653561670731323,0.0008550016438266187,0.06094661727717506,0.0029524893313770417
4788,4788,DNAJB5,0.35888475095717703,5.209630326176337,0.3858549682393117,0.14888405651496026,0.001638805650663257,0.10897563973523858,0.0052513075414490715
4789,4789,DNAJB6,-0.19842349897931275,8.602641876369406,-0.33093092731585194,0.10951527865412967,0.0075629901637736235,0.07185767129635852,0.020479748905404254
4790,4790,DNAJB7,0.16814886742153126,6.51710568332672,0.0911024737979643,0.008299660732108772,0.474024572800661,0.2334308022560237,0.6116309434545858
4791,4791,DNAJB8,0.2505640078931426,6.022950162519972,0.2734690286685355,0.07478530964091229,0.02877921437327629,0.11192728112660688,0.0654911609135454
4792,4792,DNAJB8-AS1,0.2553832045290054,6.089338110319004,0.23411666038006865,0.054810610667516406,0.06260477676178812,0.13468635066477025,0.12630020875503276
4793,4793,DNAJB9,0.1089605442349925,6.199349985647695,0.21467111531041905,0.04608368774861922,0.08848521740794164,0.0629585828897363,0.1683489178500243
4794,4794,DNAJC1,0.2266029814147791,5.054526280356082,0.18430257966292932,0.03396744087041042,0.1448729688319636,0.15347379876242356,0.24989837024503517
4795,4795,DNAJC10,-0.23601829140284195,8.53340412095876,-0.5177600012618276,0.26807541890664777,1.1786937658622328e-05,0.049528421511365536,6.514704823825076e-05
4796,4796,DNAJC11,0.2698774171651139,4.799469668641947,0.302537466523723,0.0915289186505928,0.015105676613106297,0.10798093614389494,0.037482918191453746
4797,4797,DNAJC12,-0.03043083944980089,7.221557498487276,-0.09918793783411484,0.00983824701178423,0.43551452928945866,0.03877147293545266,0.5762597538655277
4798,4798,DNAJC13,0.5192017641899126,4.29055488177104,0.36921922888584224,0.13632283897905598,0.002678606700491343,0.16597081303109898,0.008154819077624073
4799,4799,DNAJC14,-0.28661103819211603,9.039244429957991,-0.3036191989674817,0.09218461798165524,0.014729712691401237,0.1142264305973345,0.036676086964734254
4800,4800,DNAJC15,-0.09341433079864872,7.710189015434444,-0.17090801373998085,0.02920954916054548,0.17692781975280233,0.06839399671132887,0.2923595525941957
4801,4801,DNAJC16,0.02816149291859598,6.834523106597947,0.02500526722247991,0.000625263388867628,0.8445083443228141,0.14298566934534848,0.9023005820165058
4802,4802,DNAJC17,-0.08899402771237047,7.51741999718943,-0.12363386675178525,0.015285333007998184,0.33039533705409063,0.09071576531551796,0.4723205059351949
4803,4803,DNAJC18,-0.01555900755843816,7.083161797915592,-0.013530709193533195,0.00018308009127996367,0.9154894775395908,0.1460245000184438,0.9488787936686851
4804,4804,DNAJC19,-0.3556753919521937,9.927612875907093,-0.4193226283562229,0.17583146665157104,0.0005628981677359785,0.0977952337974305,0.002029225873534645
4805,4805,DNAJC2,-0.5968402038118654,10.597464521292208,-0.7550479663168994,0.5700974314392857,5.695221154352038e-13,0.06582224687443207,6.702718157472467e-11
4806,4806,DNAJC21,-0.4755723370462516,9.349656734964976,-0.3266135677090617,0.10667642261164187,0.008436672193997208,0.1747796706421423,0.022560649093728024
4807,4807,DNAJC22,0.4792242905297076,3.746760064942456,0.4973639910772725,0.24737093962031326,2.9016583889944127e-05,0.10615956507664112,0.00014545234355017132
4808,4808,DNAJC24,-0.36788662513833503,8.95872743102185,-0.3245816734608756,0.10535326274666246,0.00887747023954121,0.136150722512965,0.023585034724238115
4809,4809,DNAJC27,0.1221013627247319,6.490956863681519,0.08866814630076049,0.007862040168413065,0.485966325571819,0.17419796217978956,0.6227719718462387
4810,4810,DNAJC27-AS1,0.04192821692502092,6.85722440140896,0.04228299531245424,0.0017878516925930274,0.7400814639479453,0.12582189719034054,0.8309464458854542
4811,4811,DNAJC28,-0.005883690823496662,7.0391216509578625,-0.005439138239744729,2.9584224791053386e-05,0.9659759174822204,0.1373780911045146,0.9797755734462521
4812,4812,DNAJC3,0.03544824784905673,6.737995534957867,0.07282021003708958,0.0053027829898458405,0.5674304377618944,0.06165842870007361,0.6936527489379546
4813,4813,DNAJC3-AS1,-0.2755098954841038,8.131416121966348,-0.2485793928670549,0.061791714558153625,0.04763060148807057,0.13634080889094327,0.10046602833648381
4814,4814,DNAJC30,-0.5534763031789298,10.09125794159478,-0.4124058730952958,0.17007860416349324,0.0007084600920770375,0.1552733152780531,0.002492559430370146
4815,4815,DNAJC4,0.2683190779328184,5.442226507992972,0.2073390172822073,0.042989468087551455,0.10018889314762637,0.16078037264262005,0.18626291905149805
4816,4816,DNAJC5,0.5094532722913037,3.2251366997259665,0.4678189162338658,0.2188545383862288,9.705400929504528e-05,0.12223531324929175,0.00042338931734170135
4817,4817,DNAJC5B,0.3216444875469849,5.424285988157044,0.3913062306471923,0.15312056614331365,0.0013873015790755664,0.09606701534170096,0.004536698232389216
4818,4818,DNAJC5G,0.08125657732635902,6.587667870689845,0.09186417210960827,0.008439026117383733,0.4703206006833924,0.11186036383146374,0.6082288807285078
4819,4819,DNAJC6,-0.2467981557317579,8.032531231664949,-0.4141887356127113,0.17155230870845647,0.0006679934990854652,0.06887796822007203,0.002367108365684135
4820,4820,DNAJC7,-0.033703310099532965,7.2454430098724805,-0.0440380879293349,0.001939353188471832,0.7296968901358478,0.0971016753701452,0.8231278926859293
4821,4821,DNAJC8,-0.12836090181279766,7.958360085678061,-0.13991616037670224,0.01957653193455906,0.27015616062339703,0.11536548213330045,0.40666145268314075
4822,4822,DNAJC9,-0.353589339086657,9.451225202586912,-0.6575921923406285,0.43242749142735415,3.566111575946817e-09,0.05144667898125618,6.137234923349379e-08
4823,4823,DNAJC9-AS1,-0.01297667314586868,7.071943358493392,-0.011091864992675893,0.00012302946901574899,0.9306805189902476,0.14857174666704834,0.9589709102636615
4824,4824,DNAL1,-0.5535755673397553,9.560940362855476,-0.5095345748255895,0.2596254829426943,1.7068906139682613e-05,0.11872252962054855,9.037338935325844e-05
4825,4825,DNAL4,-0.3412879627226955,9.317087176368695,-0.3764410317064734,0.14170785035223413,0.0021708684715544533,0.10667084644898438,0.006751422770574707
4826,4826,DNALI1,0.12029578392226432,6.427643071019106,0.2763740464402078,0.07638261354573414,0.02705883365232049,0.05312553963444056,0.062124580443278225
4827,4827,DNASE1,0.09297881215958602,6.6047686651804565,0.06327067124443203,0.0040031778397209995,0.6194095183707156,0.18625789192340814,0.73545965129498
4828,4828,DNASE1L1,-0.25083379620547064,9.009337993993109,-0.3753960755787503,0.14092221355992682,0.0022385569264170343,0.0786532590792568,0.006935042953013002
4829,4829,DNASE1L2,0.10548972910179773,6.4903815627406205,0.14181043620025244,0.02011019981530587,0.2636592762079251,0.09351790259012016,0.39865532930335273
4830,4830,DNASE1L3,0.22016500217231055,5.577032926724762,0.5110624513490735,0.2611848291789241,1.5945941372354414e-05,0.047026901796511325,8.515643906740686e-05
4831,4831,DNASE2,-0.4350586945344465,10.33238824059671,-0.5948912633013944,0.353895615152329,2.1742341227499093e-07,0.07465617944186148,1.9415686568308982e-06
4832,4832,DNASE2B,0.3435812788718968,5.748010400912858,0.3414012064982014,0.11655478379842756,0.005764962648828387,0.1201319169737452,0.01609803561062266
4833,4833,DND1,-0.09622259051791247,7.6868331468320665,-0.15878475983805218,0.02521259995682791,0.2101292101901508,0.07598490714125848,0.3348306141771682
4834,4834,DNER,0.07711241945262037,6.784999957406857,0.05101616416018589,0.002602649005619035,0.6889014808326197,0.1917144237978864,0.7907478389388705
4835,4835,DNHD1,0.05439196120360512,6.786543394811961,0.02956576189856142,0.0008741342766424261,0.8166040171159689,0.2335392599726931,0.8841779995323152
4836,4836,DNLZ,-0.13443304799981132,7.841785323213915,-0.3833434439466839,0.14695219601690435,0.0017678856556417022,0.04113474838883616,0.005612602825527204
4837,4837,DNM1,-0.03082017600819214,7.1638237473951545,-0.07281716030642081,0.005302338835090986,0.5674467073394536,0.053610650848501286,0.6936527489379546
4838,4838,DNM1L,-0.4224961885412368,9.737529528471876,-0.3747820051710108,0.14046155140000355,0.0022792083607107052,0.13273360024925895,0.007051901278924177
4839,4839,DNM1P35,0.02382996381837538,6.9219546355586825,0.02389137946778909,0.0005707980128738942,0.8513543143472211,0.12663750028221488,0.906898287027695
4840,4840,DNM1P41,0.1312445086968274,6.466428020649201,0.11692727002016674,0.013671986474368987,0.35749783150473424,0.14157291382473153,0.5001366716994005
4841,4841,DNM1P46,-0.0998486837390424,7.355101340625043,-0.06404692174751657,0.004102008185332511,0.6151094009461948,0.19758577118775866,0.7321822127406323
4842,4842,DNM2,0.21436384073016745,5.666838278314878,0.20246077957307665,0.04099036726533792,0.10861976778540253,0.13168195476882172,0.19870883984752602
4843,4843,DNM3,-0.3058578832758045,8.158758390471823,-0.3230995147567549,0.10439329643605046,0.009211541089510606,0.11377483016251505,0.02434414477585455
4844,4844,DNM3OS,0.3084114810616524,5.895737479899969,0.33730345863581657,0.113773623207684,0.006418104127694737,0.10931662971141944,0.017684698420311683
4845,4845,DNMBP,0.2940590909208682,4.402450974668773,0.4024944832018272,0.16200180900790598,0.0009767495601061289,0.08493767600534638,0.0033262323830945463
4846,4846,DNMT1,-0.19674706826715666,8.492710697358829,-0.5902059176875848,0.3483430252734441,2.8554694716524427e-07,0.034175776370948485,2.456702082186478e-06
4847,4847,DNMT3A,-0.5674891015783691,10.310007170113602,-0.5356883351135607,0.2869619923767385,5.082319601645591e-06,0.11360719346835045,3.090638331188859e-05
4848,4848,DNMT3B,-0.4839204334596344,9.647395798194278,-0.6337543077050545,0.4016445225347129,1.89764110174606e-08,0.07501305050055096,2.4431283031100434e-07
4849,4849,DNMT3L,-0.10076680619481304,7.404815835135077,-0.09580023916054148,0.009177685823216949,0.4514311672498139,0.132969778448119,0.5907149632482156
4850,4850,DNPEP,-0.5664662906370023,11.177212876349161,-0.4135249966924929,0.1710029228895263,0.0006828071544809994,0.15839919092766122,0.002414860187863146
4851,4851,DNPH1,-0.394467801394556,10.059479577602604,-0.5156706859368128,0.26591625633454297,1.2961109140150298e-05,0.08323693387613455,7.073407722529101e-05
4852,4852,DNTT,-0.09138902100439317,7.356698354807701,-0.05575496163752158,0.0031086157472015037,0.6616840508693624,0.2078445208503329,0.7695777496952598
4853,4853,DNTTIP1,-0.2561666504606098,9.15714210367938,-0.4439633025010578,0.19710341396764575,0.00023811786482793847,0.06566130004922419,0.0009389006487343423
4854,4854,DNTTIP2,-0.43082982132651204,11.055836572595112,-0.6851312453078394,0.4694048232970709,4.2512200048884006e-10,0.058172507871215924,1.0785109939577895e-08
4855,4855,DOC2A,-0.060451561846369274,7.308810764999435,-0.060838817069400385,0.003701361662403964,0.6329629463676112,0.12595798033892114,0.7465761947795077
4856,4856,DOC2B,0.21695193724291312,5.83875216650857,0.2897240018731919,0.0839399972614173,0.020224483115934225,0.09102174830606646,0.048392807004600774
4857,4857,DOCK1,0.5141018243600651,4.604457532153871,0.33178811463010555,0.11008335300980006,0.0073992683885696535,0.18563811125376287,0.020091681122818287
4858,4858,DOCK10,0.282824715072916,5.902006186989846,0.6484399493032257,0.4204743678523699,6.893909036518715e-09,0.042168492455521095,1.0640598730278887e-07
4859,4859,DOCK11,-0.1578755423057391,7.860907529921999,-0.336845734526851,0.11346504886893377,0.006494946224973246,0.056044873005041664,0.017875960917869298
4860,4860,DOCK2,0.29682178118932884,5.603575640074433,0.5393289376117851,0.29087570294545684,4.25884479266726e-06,0.05885825500760149,2.6425582803784964e-05
4861,4861,DOCK3,0.2429079266214976,6.160266861263724,0.19980868671691976,0.03992351128754019,0.11342752988461588,0.15128100261892094,0.20571802007130294
4862,4862,DOCK4,0.3644435316777667,5.5608974243486395,0.4453323929179674,0.19832094018204288,0.00022656301591649717,0.0930572866728846,0.0008984109338347824
4863,4863,DOCK4-AS1,-0.05078150787000825,7.180710711479019,-0.03816495743444443,0.0014565639759729556,0.7646263551024918,0.16886064578610674,0.8476060260939063
4864,4864,DOCK5,0.22225218498688792,5.830183119609054,0.1995692506015464,0.039827885785662834,0.11386950579889188,0.13858975033788504,0.20629500109386795
4865,4865,DOCK6,-0.6126347351721604,10.46545783150137,-0.5403286089183014,0.2919550056155867,4.055593306198015e-06,0.121165293214499,2.530929076105447e-05
4866,4866,DOCK7,-0.5309334814628911,10.139824367327927,-0.443727328681808,0.1968939422190933,0.00024016307359067603,0.13618038019949716,0.0009450720259142449
4867,4867,DOCK8,0.293000868216938,5.656038156041361,0.4685579127104789,0.2195465175636008,9.429199211241347e-05,0.07015898502187867,0.0004126703898937578
4868,4868,DOCK9,-0.3630877197863237,8.730035279556649,-0.2468865905660213,0.060952988601314234,0.049214803341532457,0.1809930426870119,0.10326001030528877
4869,4869,DOCK9-AS2,0.12207981571440928,6.486610149857066,0.08319849830833004,0.0069219901207611964,0.5133667111549505,0.18570526438925372,0.6471268206665239
4870,4870,DOHH,-0.03207808636412303,7.193654139267262,-0.0354729882420107,0.0012583328948178295,0.7807987103320967,0.1147734448849301,0.8585891470188165
4871,4871,DOK1,-0.27191258132833,8.784827825794276,-0.18909489614680136,0.035756879748769586,0.13452830537185734,0.17932751298400668,0.2352262827642395
4872,4872,DOK2,0.336357347002768,5.207962829266723,0.4345665792439899,0.18884811179582292,0.00033314368458574876,0.0885319116408561,0.001267209992921902
4873,4873,DOK3,0.2282696882427807,5.9571729055095535,0.33752930042432194,0.11392602864493218,0.0063804849322002255,0.08084923431878012,0.01759671436663218
4874,4874,DOK4,0.24875547008466906,5.179450476491776,0.3570512320945314,0.12748558234022292,0.003776684727873919,0.08264804115843435,0.011047427770108025
4875,4875,DOK5,0.2191147415546864,6.0527336915062735,0.19264821740317534,0.037113335668621114,0.12722519338550414,0.14174193045152386,0.22532604586268848
4876,4876,DOK6,0.4601363233939639,5.413660077143604,0.2826559039578507,0.0798943600422297,0.02363301192551671,0.1983131251565448,0.05536869774392128
4877,4877,DOLK,-0.3502100169097118,9.441500594766584,-0.5280488072464383,0.27883554283438616,7.316207018911409e-06,0.07152795526476623,4.271568158385725e-05
4878,4878,DOLPP1,0.5206229438726675,2.756174760567358,0.6024941592500199,0.3629992119303884,1.3841176441867936e-07,0.08758799855635785,1.320981383202513e-06
4879,4879,DONSON,-0.17087142753499898,8.084104757836627,-0.7112165203687424,0.5058289388454218,4.5267503959776704e-11,0.021449166558820038,1.744248751332677e-09
4880,4880,DOPEY1,-0.08771860807578184,7.436464979747557,-0.06988428922850247,0.004883813880972988,0.5831928043432149,0.1590205420948934,0.7061175617359914
4881,4881,DOPEY2,0.1897979356515445,6.012639230236225,0.18063118056334496,0.03262762339170773,0.15319178885089552,0.13125013546319345,0.2612187544318577
4882,4882,DOT1L,-0.2870009124180747,8.374396525886937,-0.21176431232912404,0.0448441239762268,0.09298940858494786,0.16821773703060258,0.1752554954662355
4883,4883,DPAGT1,-0.3138754535710445,9.59102419787201,-0.5578031618024767,0.31114436731684003,1.6809347583342248e-06,0.059312283410102674,1.1523828820625687e-05
4884,4884,DPCD,-0.25756035963813084,8.975875073069377,-0.6997538041561581,0.4896553864310148,1.2473934095125784e-10,0.033394094946321715,3.987248787884421e-09
4885,4885,DPCR1,0.060462996521990386,6.768093760359259,0.04305583263435142,0.0018538047238372808,0.7355028992426745,0.1781799807493459,0.8275649632702959
4886,4886,DPEP1,-0.08451436195794614,7.574932672405873,-0.5986795297792613,0.3584171793767174,1.7386607373368462e-07,0.014360402964713803,1.5973991627929318e-06
4887,4887,DPEP2,0.2904086530440288,5.680950683550744,0.5627097574502847,0.3166422711297583,1.3007445279537787e-06,0.054181786068076734,9.256530645034203e-06
4888,4888,DPEP3,0.20939311953076328,6.022055022349344,0.28613324974118565,0.08187223660745171,0.02189979118241555,0.08905325438980383,0.05178929940045495
4889,4889,DPF1,0.20229641986870373,5.812575636970418,0.22067917708916945,0.04869929920075301,0.07972017949066244,0.11355072323847396,0.15448237018973557
4890,4890,DPF2,-0.2950481954589025,9.32919789887454,-0.4879654887309313,0.2381103181924166,4.312204265663937e-05,0.06702765974404602,0.00020719055552019647
4891,4891,DPF3,0.5553255505836092,4.478752728811019,0.4788444404907623,0.2292919981889112,6.265159589233998e-05,0.12930112264558,0.00028744074344250474
4892,4892,DPH2,-0.3605723713440115,9.70702659085474,-0.6399173261386395,0.4094941842924259,1.2488669168859177e-08,0.05499013955377008,1.7358288244649901e-07
4893,4893,DPH3,0.0006558772372974543,7.01091051724982,0.0012732191759831915,1.6210870700913169e-06,0.9920332548365262,0.06542190574024909,0.9952740921758116
4894,4894,DPH3P1,-0.004092334909394751,7.0336176852175045,-0.004177117754983409,1.7448312738997642e-05,0.973867212261318,0.1244213233875305,0.9850114190340421
4895,4895,DPH5,-0.3472868158478306,9.610512394776004,-0.6948135078487454,0.4827658106890786,1.902966731992731e-10,0.04565284117294382,5.621929683670203e-09
4896,4896,DPH6,-0.3889677826527971,8.692806839062747,-0.4968611725077656,0.2468710247457916,2.9646901714415704e-05,0.08628144400205723,0.00014809772932541454
4897,4897,DPH6-AS1,-0.2417303470519425,7.765040829784754,-0.1260271102094764,0.01588283250775151,0.3210466864710441,0.2416544276252959,0.4622824652922708
4898,4898,DPH7,-0.4538019814866296,9.964720873361562,-0.6467676301130149,0.4183083673620056,7.75775867478527e-09,0.06796239508399682,1.1650087663139737e-07
4899,4899,DPM1,-0.3998393741552821,10.779097950835853,-0.5442738791133135,0.29623405548505377,3.3386511643013805e-06,0.07826838017467956,2.1177062379304746e-05
4900,4900,DPM2,-0.4690590830522512,10.431585971431973,-0.6205854197840149,0.385126263248502,4.500990951151232e-08,0.07527020679791346,5.04497717635507e-07
4901,4901,DPM3,-0.1381498321647247,8.101837797281402,-0.17160973678485253,0.02944990175936637,0.17513017237669468,0.10072135754138242,0.2901640308199941
4902,4902,DPP10,0.12854094770441954,6.516903744212091,0.5930296366146959,0.3516841499033582,2.424171804219461e-07,0.022164736606931325,2.1329640161541406e-06
4903,4903,DPP10-AS1,0.13093685585563014,6.1969239313476825,0.6400521429095508,0.4096667456431081,1.2373601933194517e-08,0.01996178306741052,1.7242622256327368e-07
4904,4904,DPP10-AS3,-0.4719895548770805,8.596877847147642,-0.3552972793272469,0.12623615669734367,0.0039641609239901045,0.1577036321452477,0.011541261738236852
4905,4905,DPP3,-0.2588549828138889,9.19635904687014,-0.4130861069455589,0.1706401317514377,0.0006927654336633993,0.07247556404541626,0.0024444900547467676
4906,4906,DPP4,0.12513298000805606,6.165859728275017,0.6285144396952703,0.3950304009054596,2.6888546748251205e-08,0.019666517292412398,3.2492828115702e-07
4907,4907,DPP6,0.19778056869923044,6.247530966857691,0.1247121567413658,0.015553122039082991,0.3261621777999861,0.1998366449384948,0.4677511231959403
4908,4908,DPP7,-0.6128416028714058,10.577393271011513,-0.7792601524290456,0.6072463851637393,3.355442408611276e-14,0.06259361313925675,7.568969308174707e-12
4909,4909,DPP8,0.12072891302414522,6.073304932252626,0.13774234438246333,0.018972953435977127,0.2777427190103823,0.11025250502525652,0.41500554272748613
4910,4910,DPP9,0.5297798221702181,4.162555848326905,0.3572675874830703,0.1276401290659733,0.003754112337768122,0.1758951201102877,0.01099179322260258
4911,4911,DPPA2,-0.023898771896650826,7.110722796942662,-0.021705630753000825,0.0004711344063856152,0.8648193098100263,0.13979930070750007,0.916405468483858
4912,4912,DPPA4,-0.6140369212984358,8.992142118450204,-0.2541706622396254,0.06460272554332974,0.04269256233443077,0.2967367053061484,0.09172610748606988
4913,4913,DPPA5,0.009134982286391409,6.983053106398863,0.009932136349380007,9.864733246267564e-05,0.9379132103583856,0.11680132508715613,0.9635004133208935
4914,4914,DPT,0.20695590911554465,6.079596031456014,0.6784776531020379,0.4603319257588494,7.256968011480751e-10,0.028458355602115362,1.65012187285704e-08
4915,4915,DPY19L1,-0.4105457366036732,8.987593978618328,-0.5814741997940782,0.3381122450261636,4.6919818738557684e-07,0.07295035763587526,3.8025773756866265e-06
4916,4916,DPY19L1P1,-0.18429113009250173,7.7341124155503085,-0.17579929990467882,0.030905393846975212,0.1646734886552956,0.13106131930484266,0.2766703698371034
4917,4917,DPY19L2,0.4964168784231047,5.424386245032268,0.28232853612362024,0.07970940230970634,0.02380200228185069,0.21421920869673536,0.055698331468929836
4918,4918,DPY19L2P2,0.12126543028979116,6.642189370150662,0.09699505940159556,0.00940804154831905,0.4457811459344535,0.15802978639426252,0.5857851895340209
4919,4919,DPY19L2P3,-0.3946804501198342,8.218619490777744,-0.24928843714795065,0.062144724895667726,0.046979590799730214,0.194722236000441,0.09935960921654045
4920,4920,DPY19L2P4,-0.17267694987148766,7.556622112192099,-0.11452307546025275,0.013115534812874743,0.36753677162362297,0.19022985553375688,0.5107909569526288
4921,4921,DPY19L3,-0.1687146956059104,8.141347554704437,-0.4724364658995474,0.22319621431165426,8.094592082440542e-05,0.03997323737736635,0.00036082419008902827
4922,4922,DPY19L4,-0.2806054315635532,8.733968501935822,-0.4869174600828009,0.237088612933486,4.503755569424768e-05,0.0639266474647116,0.00021496325072932192
4923,4923,DPY30,-0.4088532148006837,11.026772569277997,-0.7123047772196074,0.5073780956498745,4.100997040514674e-11,0.05116377430995175,1.611743936703181e-09
4924,4924,DPYD,0.2942938003637344,5.795564529482763,0.6008347289783139,0.3610023715464441,1.5290320543426784e-07,0.049725580777546,1.4371175840620962e-06
4925,4925,DPYS,0.23394517078360103,6.1564766748725726,0.2401226650817742,0.05765889428597391,0.055980838642356485,0.1201127617975635,0.11517957822329973
4926,4926,DPYSL2,0.015582991293023154,6.877493966608966,0.04550974448202725,0.002071136842819409,0.7210263926796804,0.04344105642044301,0.8164092305086786
4927,4927,DPYSL3,0.06992611187151837,6.693831266222864,0.12304343803349756,0.015139687643103153,0.332727876876281,0.07162628010515479,0.4748400009065418
4928,4928,DPYSL4,0.42017566337778667,5.023325055153443,0.31483125840499115,0.09911872126887032,0.011283285689177644,0.16087589844791927,0.02903619151504954
4929,4929,DPYSL5,0.3861584951806172,5.182218704161648,0.2601982161030769,0.06770311166322349,0.03785020483698776,0.1819879157845956,0.08280927316073651
4930,4930,DQ570096,0.21891140458230807,5.629120772017993,0.29351056519251834,0.08614845187963155,0.01857723565701743,0.09054961956233268,0.044923510681486596
4931,4931,DQ570835,0.02581892079685968,6.910466613639913,0.04631762410443837,0.00214532230268005,0.7162813930076732,0.07071794230624356,0.8128509980778637
4932,4932,DQ576800,0.1234425727139988,6.44099816765246,0.11726060467944067,0.013750049409788065,0.35611938137445265,0.13277321990848534,0.49885278502256114
4933,4933,DQ576994,-0.2570555856766122,7.9081220908190515,-0.2951397026568767,0.0871074440843896,0.0179045723323097,0.1056850112507443,0.04351554588733632
4934,4934,DQ580846,0.3459849095351255,5.828206573342317,0.2200129275783877,0.04840568830161287,0.08065681188697224,0.19482246365521144,0.15593458275264566
4935,4935,DQ581328,0.058172084399220274,6.8004056818704655,0.043300727130132464,0.0018749529699981895,0.7340539585774739,0.17045748187743198,0.8262351719421591
4936,4936,DQ582785,-0.11084945216290172,7.397611702521802,-0.09361177964668928,0.008763165288620313,0.4618816176512534,0.1497255512747756,0.6006037553112067
4937,4937,DQ583756,-0.06619090719795856,7.312323123460858,-0.0890888995893422,0.007936832030039897,0.4838910121959042,0.09398283839290276,0.6208472490284574
4938,4938,DQ586822,0.03664926559246566,6.820043269862515,0.02879298708484031,0.0008290361052677808,0.8213174702621859,0.16158558376336127,0.8875064779704409
4939,4939,DQ588163,0.22266394744670287,6.1276186069493255,0.2543531850772339,0.06469554275893362,0.0425387685382046,0.1075210213173476,0.09145163192944382
4940,4940,DQ592442,-0.13361993660086435,7.5431972919358685,-0.2388985856666998,0.057072534233549514,0.057282508631749926,0.06897647258404695,0.11734487980517876
4941,4941,DQ594366,-0.20712457764974335,7.6968362674775435,-0.18272416935436456,0.0333881220662425,0.14840703698245716,0.14153565483541952,0.25483271877157676
4942,4942,DQ599616,0.03506202472568498,6.863773472471408,0.033335184583520416,0.0011112345312173776,0.793708447055929,0.1335047897002856,0.8672363096521591
4943,4943,DQX1,0.01959376159986518,6.8933401013616455,0.037959770325409814,0.0014409441631578626,0.7658556206206188,0.0655066327821565,0.8483730011823273
4944,4944,DR1,-0.1420045794270855,7.895030227093231,-0.11832822055394815,0.014001567779463795,0.35172647709412264,0.15134089007297105,0.4943300143739113
4945,4945,DRAM1,-0.2084177177344505,8.404070104566276,-0.7017994961291286,0.4925225327670989,1.0446257802905192e-10,0.02686792460215638,3.4642222468899222e-09
4946,4946,DRAM2,-0.05625170034775996,7.478248004951416,-0.08694517782824157,0.00755946394758455,0.4945134229431858,0.0818552533662848,0.6307675033056235
4947,4947,DRAP1,-0.3040471440021095,9.361726273981576,-0.4186906011945031,0.17530181952861446,0.000574970599045471,0.08375281054547594,0.002067583580592772
4948,4948,DRAXIN,0.10569068805473926,6.630844446818952,0.0823162329735177,0.006775962210950443,0.5178587643660458,0.1625095933834713,0.6511588827049971
4949,4949,DRC1,-0.0731514635040497,7.400310899337553,-0.06420719720197095,0.004122564172532786,0.614223136941487,0.14439308934185813,0.731681150222467
4950,4950,DRD1,-0.16209386456900085,7.543959369431539,-0.12287936732900245,0.015099338915175916,0.3333778896798429,0.16626007793032307,0.475485622144306
4951,4951,DRD2,0.15712141227045154,6.189580714192273,0.1284344721052797,0.016495413624961867,0.3118147317583573,0.15407994653012802,0.4520708460022096
4952,4952,DRD3,0.2648695551131231,6.0782542428821404,0.1825068279406908,0.03330874224497292,0.1488986532948307,0.18121785100377288,0.25545190773743304
4953,4953,DRD4,0.03541208273094745,6.848659603237415,0.04748191959531936,0.002254532688456373,0.7094618215604971,0.09461004278858813,0.8073221201057708
4954,4954,DRD5,0.2145625061569398,6.106380964872988,0.24523718729775346,0.060141278033713386,0.050799621964850696,0.10772163836750157,0.10604066065633717
4955,4955,DRG1,-0.5030278383944806,11.967760570788426,-0.6816621760394458,0.4646633222428324,5.628033964746985e-10,0.06857099931110272,1.354167505628844e-08
4956,4956,DRG2,-0.3824542154743171,9.687310424613646,-0.3853069119968717,0.148461416432565,0.0016662283892121348,0.11632658345867725,0.005325782401238196
4957,4957,DRICH1,-0.18823228911309905,7.9044669395163965,-0.13630957903036978,0.018580301335436623,0.2828196757653419,0.17373978823378392,0.42069378202352514
4958,4958,DROSHA,-0.2614662425244739,9.153119459655725,-0.4039165823962027,0.1631486055346284,0.0009333261540880317,0.07520596184553734,0.0031954431409923043
4959,4959,DRP2,-0.025266143248445914,7.108766198624755,-0.01985448498022263,0.0003942005738298861,0.8762532147952191,0.1615841904809599,0.9236401560743025
4960,4960,DSC1,0.00039323697059304847,7.0143802311632175,0.0003833933620255833,1.4699047004527993e-07,0.997601008298458,0.13026084038648142,0.9983386401729798
4961,4961,DSC2,0.3109526890471665,4.443273017024311,0.7069259517294929,0.4997443012286493,6.653021519135839e-11,0.03951123178288917,2.3657008373873002e-09
4962,4962,DSC3,-0.09751674751625106,7.369870702072867,-0.3861857197139365,0.14913941011097112,0.0016224527256816605,0.02958123876002224,0.005206611407029692
4963,4963,DSCAM,0.06753214254718908,6.760909338312931,0.047573215730552405,0.002263210854945679,0.7089280278516732,0.18007779660154738,0.8068872302705763
4964,4964,DSCAM-AS1,-0.13749249812794662,7.476611923169973,-0.11877268217882266,0.01410695003195161,0.3499075715783461,0.14597601261961354,0.4926163159513575
4965,4965,DSCAML1,0.5056432675233661,4.917605669171009,0.4792716057610658,0.2297012720887905,6.157952901822723e-05,0.117597008632711,0.00028336266487244166
4966,4966,DSCC1,-0.4196747682915935,9.566752644619333,-0.6749868232671233,0.4556072115842428,9.554532565671069e-10,0.058260995546996874,2.0553694116166024e-08
4967,4967,DSCR10,-0.1839340813303288,7.952647009490247,-0.12364378463811918,0.015287785479637597,0.3303562439733592,0.1874773194297687,0.4722957987220634
4968,4968,DSCR3,0.3045019315030167,4.713330350030763,0.4177662198140608,0.17452861441773013,0.0005930510552335775,0.08410307952933636,0.0021258931635628406
4969,4969,DSCR4,-0.1080267996504324,7.513954629675688,-0.10922459603502163,0.01193001237901366,0.3902580691234469,0.1248559007485947,0.5329195665826865
4970,4970,DSCR8,-0.052261528303353934,7.213292458128898,-0.16991290689283076,0.028870395928771775,0.17949998686499466,0.03849448270250838,0.29595494255835686
4971,4971,DSCR9,0.07730912024506449,6.6107124978368015,0.09904911561588316,0.00981072730428859,0.43616049473652985,0.09863780351506153,0.5768677403969678
4972,4972,DSE,0.5386632574528926,4.699707663595875,0.41387198398219066,0.1712900191253547,0.0006750261745955531,0.1504723709638808,0.002388511733801749
4973,4973,DSEL,0.5735272058683425,5.239559839271905,0.5179373277558671,0.2682590754828885,1.1691983328654912e-05,0.12029834146128787,6.473789286167786e-05
4974,4974,DSERG1,0.09978418687237472,6.467011888448727,0.2506322602751572,0.06281652989063413,0.04576579203614013,0.04894870620681259,0.09731522255917267
4975,4975,DSG1,0.12035674839582965,6.62444266163061,0.09623006351457078,0.009260225124018327,0.4493940923285549,0.15810428058581638,0.588939062537815
4976,4976,DSG2,0.0797544458428381,6.1416294680270305,0.081718382296812,0.006677894005207917,0.5209139549419562,0.12353338634275104,0.6541253519436394
4977,4977,DSG3,-0.09388543221294356,7.386437233519826,-0.4657874367746882,0.2169579362571341,0.000105035167779509,0.022652030659388984,0.0004547254214844597
4978,4978,DSG4,-0.20126616202879188,7.720353973689964,-0.5917680811417512,0.3501894618581902,2.6086688573442977e-07,0.03481903727269152,2.270754336014033e-06
4979,4979,DSN1,-0.2817578701582443,8.501062066828858,-0.6311508734737722,0.3983514250867056,2.2582293320635022e-08,0.04397627801949132,2.8185565524977024e-07
4980,4980,DSP,0.3149054622545969,3.5901706475493915,0.3636583736376095,0.1322474127167512,0.0031390743528925003,0.10244451614486567,0.009391635135657238
4981,4981,DSPP,0.042133160403450665,6.849923966450636,0.05073374436087698,0.002573912816874817,0.6905364671447423,0.10533474230918273,0.7922163634057393
4982,4982,DST,0.42318776717484535,4.7539399953994605,0.3869278275183715,0.14971314370808667,0.0015862934919834311,0.12808256863154302,0.005102671653134462
4983,4983,DSTN,-0.23785576274430495,9.212220455453759,-0.1551173166295213,0.02406138191834316,0.22098817665826534,0.19238393416569985,0.3478339123080924
4984,4984,DSTNP2,-0.4495714977157668,9.792859254960153,-0.5320437072708843,0.2830705064465465,6.053790307545528e-06,0.0908644155546119,3.61640907889375e-05
4985,4985,DSTYK,-0.6822607451967626,10.292749587009604,-0.4819265927363633,0.23225324078648055,5.5287134231630125e-05,0.15753702656487065,0.0002574715896313872
4986,4986,DTD1,-0.4100268489436497,9.624880640840628,-0.5855219357833613,0.3428359372834947,3.7338750393406217e-07,0.07209583628801103,3.0955996928377166e-06
4987,4987,DTD2,-0.1936914086574733,8.240227407662234,-0.4788585157512902,0.2293054781075287,6.261599807717524e-05,0.04509708117115928,0.00028733830014012076
4988,4988,DTHD1,-0.10012494037858204,7.317942406422981,-0.07047045616488473,0.0049660851920869395,0.5800299289031132,0.1799941062496238,0.703514512736469
4989,4989,DTL,-0.1604576360208333,8.165135717330163,-0.6207078296629315,0.3852782098048668,4.4658210906345664e-08,0.02574047904673473,5.013341405790126e-07
4990,4990,DTNA,0.518559142271646,4.882770835057683,0.34596831719681537,0.11969407650399624,0.005106552505465953,0.17860060822120422,0.014479821200191858
4991,4991,DTNB,-0.08194899041376205,7.42728010326021,-0.050345528088559785,0.0025346721985159627,0.6927862305738164,0.206459925536232,0.7938137373975339
4992,4992,DTNBP1,-0.4263948814080669,9.765880746006342,-0.4084461371159431,0.1668282469249358,0.0008063932658913295,0.12101762168621565,0.00279536166665261
4993,4993,DTWD1,-0.34062048317933,8.582239315623182,-0.2881863973475332,0.0830513996161503,0.020928017087226403,0.14373877324907586,0.0498565687595036
4994,4994,DTWD2,0.06475716069701411,6.635738416292229,0.051440613194909855,0.002646136685868334,0.6864469242898299,0.15966526794592578,0.7890131712046851
4995,4995,DTX1,0.4498381276598161,4.408743273989584,0.5000213496618326,0.2500213501176407,2.5886760836908445e-05,0.09894556214016306,0.00013146759050732936
4996,4996,DTX2P1-UPK3BP1-PMS2P11,-0.6262298243969371,12.047515140072827,-0.4492915268078873,0.20186287606136247,0.00019597587786670916,0.15814243806728145,0.0007894080422625719
4997,4997,DTX3,0.21942452772074092,5.912818596359424,0.22200275786717003,0.04928522450062931,0.07788504987680431,0.12239285900937813,0.15164545541109486
4998,4998,DTX3L,-0.23174634854906698,9.148165650967853,-0.3782981911196019,0.14310952140436284,0.002055071826143244,0.0720187284357529,0.006435658770084157
4999,4999,DTX4,0.33163477810076464,3.945816790810913,0.5095223635311134,0.25961303893833204,1.7078170167849583e-05,0.0711263223758067,9.040033609992244e-05
5000,5000,DTYMK,-0.4639824814231355,9.545742448914462,-0.6924139784861718,0.4794371176030488,2.329208417299287e-10,0.06140115079180345,6.617034947753047e-09
5001,5001,DUOX1,-0.4944744717340333,8.983226853663524,-0.5012765279978163,0.25127815752154553,2.4520024601698912e-05,0.10840040690486867,0.00012502499005175182
5002,5002,DUOX2,-0.06690386144443146,7.579598739295434,-0.6734156345416873,0.4534886168451833,1.0800649086109132e-09,0.009327639451770977,2.28183469228969e-08
5003,5003,DUOXA1,-0.3960472992263321,8.927432543235078,-0.4552495276236919,0.20725213240159454,0.0001570204274533035,0.09837148980886612,0.0006490547305642777
5004,5004,DUOXA2,-0.10174035049227624,7.752310531320701,-0.7224670120944328,0.5219585835646573,1.5943833233792365e-11,0.012365512619266206,7.927191009904554e-10
5005,5005,DUS1L,-0.32819883720563736,9.921159787374714,-0.6373654526268447,0.4062347202022227,1.4867583085999653e-08,0.05039182337668989,2.0109775873037008e-07
5006,5006,DUS2,-0.4601015079389656,9.951447513392207,-0.4461024310891542,0.1990073790236536,0.00022029186534962592,0.11722965300761122,0.0008754671213334832
5007,5007,DUS3L,-0.5659449428907349,9.845665764781877,-0.6595928554256487,0.4350627349285607,3.078275526957218e-09,0.08190350878926278,5.4195167915657366e-08
5008,5008,DUS4L,-0.3350809127937215,8.893591911384725,-0.6067789630075151,0.3681807099484754,1.067504107098464e-07,0.05574677784257788,1.0527448618229909e-06
5009,5009,DUSP1,0.17990238658952046,5.713671914544773,0.6126013534457379,0.37528041824354985,7.454052345532753e-08,0.029478520816382713,7.760456901082296e-07
5010,5010,DUSP10,-0.2504228513635703,8.5775114374104,-0.6567432132003493,0.4313116480847195,3.794559305053985e-09,0.036519067920112655,6.45999856532579e-08
5011,5011,DUSP11,-0.2840153590169065,9.297130414324707,-0.3155209244714685,0.0995534537793301,0.011096255667266184,0.1084792775787012,0.028622920366247674
5012,5012,DUSP12,-0.23613608098605124,8.713608885345973,-0.40170252057581,0.16136491503695907,0.0010017152034681703,0.06836730544252885,0.0034026890558593297
5013,5013,DUSP13,0.12223073147069854,6.393255728773206,0.16170725700913574,0.02614923696941868,0.2017498912695948,0.09473299330599212,0.3245352767377117
5014,5014,DUSP14,-0.20621340687328696,8.138312224822455,-0.6843606408577104,0.4683494867551761,4.5260919070145114e-10,0.027902887429553724,1.1357186587068279e-08
5015,5015,DUSP15,0.17059058313047706,6.122538811920206,0.1941016514101808,0.03767545108015935,0.12432623586263238,0.1094941107985524,0.22120488354328355
5016,5016,DUSP16,0.11343782441086896,6.238102559176861,0.07918168941942429,0.006269739939314168,0.5339771349160476,0.1813725411137207,0.6652059400912966
5017,5017,DUSP18,-0.3619371914116348,9.412640353554817,-0.6016081417133947,0.361932356175844,1.459797241011624e-07,0.06103191869636205,1.3798301725930477e-06
5018,5018,DUSP19,-0.5786938678679908,9.00030353709898,-0.2792848124830889,0.07800000648371412,0.02542273058883578,0.2526801786280946,0.05886124568600864
5019,5019,DUSP2,-0.23965526024070535,8.368531491187191,-0.3627935245195789,0.13161914143333828,0.0032166862857042696,0.07817838872504408,0.009586752204366358
5020,5020,DUSP21,0.11971561086690152,6.542105003175738,0.1917880141147416,0.036782642358076316,0.1289649227394665,0.07780287204996786,0.227792447138919
5021,5021,DUSP22,-0.2989316307436377,9.384772374832307,-0.41538126635216777,0.17254159643633055,0.0006421082795581937,0.08313850409959074,0.0022839774628503097
5022,5022,DUSP23,-0.17840928674926354,8.393746362802604,-0.19778934409720006,0.0391206246384006,0.11719662202536955,0.11229312236822696,0.2110092568465459
5023,5023,DUSP26,0.41405104580228297,4.634681362835098,0.5676488932905036,0.32222526605393353,1.0006319103251327e-06,0.07626423764082796,7.3703006864254245e-06
5024,5024,DUSP27,-0.03878700181550345,7.216967124743315,-0.4330265592389523,0.18751200100632584,0.0003516684036415105,0.010253787409216746,0.0013295005727752985
5025,5025,DUSP28,0.2155377845468744,5.50276049615954,0.30588442229387514,0.09356527980205774,0.01396840645339245,0.08519978046044469,0.03495329809893847
5026,5026,DUSP3,0.3102710468870825,4.747710066434637,0.3214951706970074,0.10335914478149792,0.00958543600880672,0.1160593715155324,0.025218395914312904
5027,5027,DUSP4,-0.12266106322343633,7.676301083934021,-0.690603320711582,0.4769329465778642,2.709479474261049e-10,0.01631401663129592,7.559399794166256e-09
5028,5028,DUSP5,0.14636589896140734,6.128169475233478,0.5234180337220761,0.2739664380254844,9.085314095247584e-06,0.03026033465149628,5.1679137570944685e-05
5029,5029,DUSP5P1,-0.5250951089585714,8.534852007337577,-0.3597908168564213,0.12944943189421088,0.003499559752845949,0.17293745182739362,0.010338740306668353
5030,5030,DUSP6,-0.16664012103383424,8.360034480479047,-0.3885903415655084,0.15100245355799852,0.001507900778332525,0.05018165071277063,0.004883875464371946
5031,5031,DUSP7,-0.3882234452624818,9.081371623080267,-0.4687413187846247,0.2197184239359492,9.361781333690241e-05,0.09291340015845327,0.0004099684019839478
5032,5032,DUSP9,0.20597673827408675,6.083176004262347,0.2418007568452522,0.058467606010936785,0.05423553563785472,0.1049741361365199,0.11201435615047631
5033,5033,DUT,-0.21432408268041234,8.950061732955033,-0.4171335515848401,0.17400039985778246,0.0006057216466917003,0.05930481073462239,0.0021673665332301337
5034,5034,DUX1,0.19841744039327724,5.7142844078612365,0.2856956906222124,0.0816220276401029,0.022111769752197176,0.0845261401875924,0.05222844393366382
5035,5035,DUXAP10,0.05973138555251844,6.845604253884426,0.03689316337069996,0.001361105503497157,0.7722548143878474,0.2054778853268361,0.8522667416965057
5036,5036,DVL1,-0.20826600911517126,8.593302868360965,-0.3863612129406411,0.1492749868649634,0.001613835651458095,0.06314277007561307,0.0051812618283654625
5037,5037,DVL2,-0.2913120039088341,8.909159550564969,-0.25235196587284586,0.06368151467988996,0.04425019471200516,0.14186251090212254,0.0945847365993951
5038,5038,DVL3,-0.2601556016434641,8.79668388175848,-0.19698871022742526,0.0388045519570645,0.11871727717402875,0.16443787384930664,0.21313402729262085
5039,5039,DXO,-0.2691376093975756,8.718380377702786,-0.3083583432637459,0.09508486786036216,0.013175905232746732,0.10544518847168756,0.033211992528824404
5040,5040,DYDC1,-0.04788149915082828,7.158941110059702,-0.02844341518869993,0.0008090278675967661,0.8234517245976647,0.21370486291624893,0.8890142135887141
5041,5041,DYDC2,-0.2285697107650338,7.792283692793714,-0.16437954989522915,0.02702063642375813,0.19429846733190104,0.1741914609632298,0.3150530370701847
5042,5042,DYM,-0.23665702333911565,8.314358801193988,-0.24314999621540426,0.0591219206595511,0.05286460446010705,0.11989911044496332,0.10966500209986896
5043,5043,DYNC1H1,-0.06565174463102122,7.3704505289903794,-0.03760235981794057,0.0014139374638778718,0.7679982212282749,0.2215787336611709,0.8493250027621004
5044,5044,DYNC1I1,-0.17259941995586334,7.672836074049815,-0.3519094118519746,0.12384023415000267,0.004349755197369046,0.05830479301391948,0.012542469880030185
5045,5045,DYNC1I2,-0.06898076948860404,7.535161243695358,-0.13774333684239728,0.01897322684447812,0.27773922338093704,0.06299441109127975,0.41500554272748613
5046,5046,DYNC1LI1,-0.3818897808816135,9.961266678108043,-0.4391045035896479,0.1928127650727111,0.0002836144886305536,0.09923421615563033,0.0010979034235421234
5047,5047,DYNC1LI2,0.3846042036646136,3.8824364643143268,0.3871664503367358,0.1498978602663481,0.0015748213012741832,0.1163204355938065,0.005071041677188467
5048,5048,DYNC2H1,0.3433826098965569,5.745662643357165,0.2266663702049739,0.05137764338189827,0.07168499858319508,0.18738811404465355,0.14131439638771864
5049,5049,DYNC2LI1,-0.3226968683415033,8.71430955192805,-0.4840596270068576,0.2343137224980181,5.066807211417419e-05,0.0740841796294744,0.00023836999818215121
5050,5050,DYNLL1,0.25835260946187305,3.9039534051301703,0.15580728222636867,0.024275909194767298,0.21891585531017824,0.20801409778880625,0.3455516325345805
5051,5051,DYNLL1-AS1,-0.3821883866858245,9.014886009421762,-0.5451831083830757,0.2972246216662325,3.191159664028665e-06,0.07463585613429108,2.0372807348036776e-05
5052,5052,DYNLL2,-0.0995959313310476,7.671720417902106,-0.08404455096646334,0.0070634865471544545,0.5090777036473807,0.14996742407787114,0.6437041733320115
5053,5053,DYNLRB1,0.2035509960821108,5.582419530013516,0.10064153979342773,0.010128719531992094,0.4287830659075532,0.2555579975279019,0.5698249335518911
5054,5054,DYNLRB2,-0.04788692641916042,7.172481943617702,-0.04090085802345859,0.0016728801870551167,0.7482920879372901,0.1485679511131421,0.8361529313983856
5055,5055,DYNLT1,-0.13566678314804398,8.521318295650884,-0.1844023814960036,0.03400423830139765,0.14465164502269529,0.0918329990505165,0.2495934006308237
5056,5056,DYNLT3,-0.2287968790001701,9.30913754406667,-0.3890658912900513,0.15137226776532198,0.0014861267175152488,0.06880020029041388,0.004822729517127635
5057,5057,DYRK1A,0.4241746650166904,4.6912250522781935,0.1822215533013488,0.03320469448755629,0.14954577088311388,0.2906808375700831,0.25632528640761687
5058,5058,DYRK1B,0.01441133581012492,6.9374943199291526,0.015750675215011355,0.000248083769728773,0.9016877703843832,0.1161864118497782,0.9395941541648097
5059,5059,DYRK2,0.28064468532762143,4.785848256577953,0.5406184668197426,0.2922683266665291,3.9983775115484165e-06,0.05546313538415933,2.501729702761657e-05
5060,5060,DYRK3,-0.0653669588323666,7.319112218601066,-0.059191245550538577,0.0035036035498241533,0.6422145008344049,0.14000476687198846,0.7538161968436793
5061,5061,DYRK4,-0.2343881057690301,8.766112831332798,-0.6269835572771466,0.39310838109590496,2.9734188132598846e-08,0.03698615138758229,3.5339947530813833e-07
5062,5062,DYSF,0.02910542502029948,6.828597287326947,0.030143405995535038,0.0009086249250116576,0.8130849539539864,0.12257118441164043,0.8814254444269911
5063,5063,DYX1C1,-0.2618806101647861,7.937943520174331,-0.5933493183035553,0.3520634135312938,2.379411194770811e-07,0.0451193987195918,2.1005360547395806e-06
5064,5064,DZANK1,-0.19002453081314105,7.842678476171514,-0.1341940638297724,0.018008046767149028,0.29042744347208244,0.17821099038334734,0.428980099016826
5065,5065,DZIP1,0.5241300663532047,4.8303359230895,0.5289455624353389,0.279783408020037,7.013130205973003e-06,0.1067981701753278,4.120166430014796e-05
5066,5066,DZIP1L,0.10896670436809727,6.512250934283313,0.1362074932418283,0.0185524812152227,0.2831837399036237,0.10065387793882012,0.42097507294658965
5067,5067,DZIP3,-0.2952621827655568,8.624201219268452,-0.497368046337212,0.2473749735172951,2.9011551224355468e-05,0.06540687931916668,0.00014545234355017132
5068,5068,Dbpht2,0.017811929519734232,6.959728060583028,0.016043643027306913,0.0002573984815876537,0.8998684400863737,0.1409795864790652,0.9385120537633328
5069,5069,E2F1,-0.3571770006349115,9.038911560590453,-0.3263669016110691,0.10651535446720924,0.008489144883081537,0.13137873611126932,0.022684159975707146
5070,5070,E2F2,0.11649944065965248,6.393637325151646,0.108817937580975,0.011841343539376973,0.3920356563238392,0.1351577161891502,0.5345549618383717
5071,5071,E2F3,-0.3473720047685472,9.242529678799439,-0.5878818716738916,0.345605095042798,3.263635785867537e-07,0.060705614097362574,2.7607044118344343e-06
5072,5072,E2F4,-0.447892595026931,10.34016063885047,-0.35167064157259026,0.12367224014407725,0.004378141836183271,0.15141719913686774,0.012612566377883298
5073,5073,E2F5,-0.1843470665589695,8.203842998979201,-0.5749554048104415,0.33057371752073866,6.734767616658724e-07,0.033316364530292096,5.199336639527439e-06
5074,5074,E2F6,-0.2380229358878428,8.494709784078633,-0.6793180960986804,0.46147307568713597,6.788169786530941e-10,0.03265528585590342,1.567140903276413e-08
5075,5075,E2F7,-0.2720117612109976,8.196767359054443,-0.6098433974323257,0.3719089693918016,8.844380318423117e-08,0.04489363871431134,8.991786657063502e-07
5076,5076,E2F8,-0.14663057551428654,7.994333472480157,-0.5230500478015072,0.27358135250515897,9.241764433152403e-06,0.030344426954005993,5.24725770319652e-05
5077,5077,E4F1,-0.3056256126458901,8.922820314893162,-0.37548142127434414,0.1409862977222015,0.002232958638315132,0.09580882078370924,0.006920669717005035
5078,5078,EAF1,-0.2252104114434868,8.583745037070218,-0.4133810260446598,0.17088387269373573,0.0006860594095362152,0.06300133637973143,0.002423591600898326
5079,5079,EAF2,0.3922406110121355,5.3328773253070665,0.4070356035850191,0.16567798258582078,0.000844135716021415,0.11178696505318286,0.0029163623054313565
5080,5080,EAPP,0.4426713434213511,2.6367346252220525,0.6332077974002955,0.4009521146885337,1.968487801504601e-08,0.06871793168690545,2.5178737945411774e-07
5081,5081,EARS2,-0.4585797829849694,9.776704670231364,-0.608218020420051,0.3699291603636856,9.774844483081689e-08,0.07600715318994952,9.79373398299496e-07
5082,5082,EBAG9,-0.025415626788394468,7.243935975565875,-0.024379162540556026,0.0005943435661788503,0.8483550163643007,0.1323601036137162,0.9048033825536314
5083,5083,EBF1,0.3766791294431604,5.568166349021614,0.5779370683264652,0.3340112549457893,5.714116299273832e-07,0.06755050616711578,4.50288167615629e-06
5084,5084,EBF2,0.1195503591130092,6.616224518841423,0.05817083314975025,0.003383845829336083,0.6479717876548721,0.2605635829283016,0.7584772465765542
5085,5085,EBF3,0.05357947784478132,6.832679588619511,0.03256479869175628,0.0010604661138346114,0.7983743896982272,0.20884488106597865,0.8705336056855544
5086,5086,EBF4,0.20056730121233396,6.094126174794631,0.2189826726565867,0.0479534109238218,0.08212231389334608,0.11349680465875572,0.1581184944750075
5087,5087,EBI3,0.271191885450682,5.708962223954695,0.3916614205138043,0.15339866831889107,0.0013721884092287367,0.08091136439730158,0.004496782687931037
5088,5088,EBLN2,0.32277831434076165,5.144193749587231,0.4509062630158044,0.20331645802687776,0.00018462572893993798,0.08114563433957102,0.0007480019008782707
5089,5089,EBLN3,-0.24096713514952145,8.973341315422617,-0.3869086999845415,0.14969834212372796,0.001587216320815067,0.07293567174725438,0.005104881839781713
5090,5090,EBP,-0.24482399058296686,8.845029876865613,-0.23549703032056515,0.05545885128980517,0.06102902193202527,0.12831668585634626,0.12370902086848332
5091,5091,EBPL,-0.3663107818871266,10.696978945919998,-0.6812641139437803,0.4641207929476041,5.810744112118187e-10,0.049988694770426736,1.3777408538985204e-08
5092,5092,ECD,-0.3407544932762496,9.592923009426473,-0.57080788325374,0.32582163958461524,8.441877192668734e-07,0.06225054935562211,6.37029326043466e-06
5093,5093,ECE1,0.4907334248055493,3.5575823053751496,0.7191170849079815,0.5171293818065531,2.1868569513018934e-11,0.0602234426333375,9.865914016758855e-10
5094,5094,ECE2,-0.483197934308849,9.708504060616796,-0.4635751468442846,0.2149019167717,0.00011441067936138076,0.11729271475862453,0.0004899274790529367
5095,5095,ECEL1,0.07072582421602026,6.66131628796144,0.08613721737435177,0.00741962021699633,0.4985482914541235,0.10389010321222164,0.6343908362580235
5096,5096,ECH1,0.5064220929779408,1.6522378608385777,0.4703761530192613,0.22125372532919954,8.780155927722416e-05,0.12066171511578057,0.0003872388525760263
5097,5097,ECHDC1,0.060646604846879774,6.455388927011992,0.09882055052352012,0.00976550120577159,0.4372252232741639,0.07755903654600875,0.5776761568030518
5098,5098,ECHDC2,0.13400982943675946,5.981073889731735,0.24468271617280105,0.0598696315936995,0.051341654999344864,0.06744217342595465,0.10690562612936226
5099,5099,ECHDC3,0.0011264530480931238,7.009598941800604,0.005933074502365549,3.5201373050620204e-05,0.9628882239429424,0.02411180950783553,0.9778540607951137
5100,5100,ECHS1,-0.05319595608958847,7.5998996536963395,-0.0685402102926333,0.004697760426958395,0.5904747208165633,0.09833651933432268,0.7119560177774319
5101,5101,ECI1,0.10705747782776866,6.07986534909076,0.1024854988188226,0.010503277468142891,0.4203294546738301,0.13196717612274006,0.5612936953820543
5102,5102,ECI2,0.2884796678431093,4.356335970029038,0.6132127256621929,0.37602984691405583,7.175150844627889e-08,0.04719436138057926,7.513437695377995e-07
5103,5103,ECM1,-0.1647712428944764,8.234300209128065,-0.7062699349085627,0.4988172209557454,7.052215473495664e-11,0.020975529056467258,2.4831825378625788e-09
5104,5104,ECM2,0.3363035389216432,5.5155018249909045,0.5017140021918841,0.2517169399953979,2.4059619626727075e-05,0.0736397537659192,0.00012311225496615662
5105,5105,ECRP,0.11234009259386066,6.5026596333733915,0.11391624000604607,0.012976909737115093,0.37009748678794185,0.1244276638156496,0.5131225479475562
5106,5106,ECSCR,0.4231515816365353,4.996280277373506,0.3531831877911649,0.12473836413832927,0.004201052749372358,0.14235379456744926,0.012167152238552682
5107,5107,ECSIT,-0.2813964624108871,9.168265477592351,-0.2937387684953774,0.08628246411718091,0.01848173169373156,0.11629672873993638,0.04472252763747423
5108,5108,ECT2,-0.21127954733013135,8.207911662870805,-0.6962221052967884,0.4847252199038923,1.6885187742353719e-10,0.027665163938843496,5.1158107668270955e-09
5109,5109,EDA,0.3447686816061522,5.594101990140191,0.2308075669658053,0.05327213296867468,0.06651611057352723,0.18458419031101148,0.13279306485385195
5110,5110,EDA2R,-0.08696728082732817,7.438696271643254,-0.11199838958881808,0.012543639270488672,0.3782612298268808,0.09799574623739522,0.5210651628363379
5111,5111,EDAR,-0.2396985888352201,8.435489096819401,-0.6631059441048163,0.4397094931071397,2.3711310058610997e-09,0.034363179731391365,4.333066829698069e-08
5112,5112,EDARADD,-0.12350975350768101,7.521910592995836,-0.1204518468197638,0.01450864740229184,0.34308848011956683,0.12927613397371798,0.4855300638471585
5113,5113,EDC3,-0.4037280167496797,9.62885523914499,-0.5277006728894612,0.2784680001679901,7.437123421955705e-06,0.08253405708580824,4.331654322282162e-05
5114,5114,EDC4,-0.1383073490765546,7.9395560017355855,-0.13825748428563542,0.019115131960992723,0.2759322288274957,0.12582582300216766,0.4130174673791775
5115,5115,EDDM3A,-0.04956955971498537,7.1767849553455045,-0.024879459047974117,0.0006189874825198214,0.8452809992861583,0.2529553274035276,0.9028143052794948
5116,5116,EDDM3B,-0.2088208931861391,7.645558136041188,-0.1307229479863183,0.017088489130233683,0.30319862282885346,0.2011330695694468,0.4426458691673176
5117,5117,EDEM1,0.3722763792156432,4.066527162359634,0.6852898513717957,0.4696221803931778,4.1966520883743474e-10,0.050244440333850594,1.0679024791274559e-08
5118,5118,EDEM2,-0.09577857044126267,7.748106093197051,-0.08570813049716768,0.007345883633319524,0.5006980270047862,0.14140001568019436,0.6363784349564882
5119,5119,EDEM3,0.21694007576660168,5.1874741742292505,0.3888160035555188,0.15117788462088522,0.0014975328759046626,0.06528421010478093,0.004852257527134738
5120,5120,EDF1,0.2983177017903244,4.000523640798331,0.2376445956723414,0.056474953852270623,0.05864133901082421,0.1548573966915826,0.11958547850827746
5121,5121,EDIL3,0.1630713905333358,5.897220296638535,0.7679333742561508,0.5897216672964374,1.3167472539634574e-13,0.017274189453039032,2.245209589336903e-11
5122,5122,EDN1,-0.07912273899389748,7.5511147706673585,-0.17140800669737846,0.02938070475996853,0.17564558948174394,0.057756228220078074,0.29077327728974584
5123,5123,EDN2,0.3457651796551067,4.950069150328822,0.4614302225688913,0.2129178502999766,0.0001242299635404051,0.08442856462710678,0.000526560943524657
5124,5124,EDN3,0.12064836535778815,6.2796723579397336,0.7804339214710957,0.6090771057827523,2.8988552807254535e-14,0.012275381900611127,6.823338163490184e-12
5125,5125,EDNRA,0.16539874093461285,6.262345947149902,0.21448426354631106,0.046003499309003416,0.08876949200722165,0.09565646145632044,0.1688452656492213
5126,5126,EDNRB,0.1557582837139123,6.0056634961193875,0.5367086000657019,0.2880561213844855,4.837684650910225e-06,0.03109851376783522,2.9559836657861433e-05
5127,5127,EDNRB-AS1,0.08472371337410035,6.730390622447658,0.06791516830629958,0.004612470086072999,0.5938749063896233,0.1580659966758736,0.7145972071395856
5128,5128,EDRF1,-0.39471729943620615,8.984473903444195,-0.39731703925914696,0.15786082968565454,0.0011506880627950324,0.1157830696939918,0.0038442070348390046
5129,5129,EEA1,-0.28971601969840594,8.570303593731852,-0.39871670948327614,0.15897501442117126,0.0011011045243531099,0.08462850672546822,0.003695663123816893
5130,5130,EED,-0.29444516724577513,8.766734087433152,-0.3444076070488741,0.11861659979313165,0.005323680795463137,0.10193381627780798,0.015012932364338356
5131,5131,EEF1A1,-0.2434332384815577,9.8495414730924,-0.15992441345185154,0.025575818017918764,0.20683286734966144,0.19082852435890466,0.3309417572378394
5132,5132,EEF1A1P42,-0.5790995736307846,11.067673287887695,-0.4357053896934681,0.1898391866079369,0.00032002268494668937,0.1519322903237607,0.0012213766729856465
5133,5133,EEF1A2,-0.08118663460234872,7.391598228205197,-0.10346799205468538,0.010705625379828436,0.41586451389091705,0.09911638252834548,0.5570326002540861
5134,5134,EEF1D,-0.2148677397640808,8.825578943622427,-0.3441813555351297,0.11846080549799935,0.005355822903458279,0.07444042486744468,0.015087003695180722
5135,5135,EEF1E1,-0.20862383659890965,8.292640394509624,-0.5939633444493193,0.3527924545494207,2.2956127281640954e-07,0.03588642738653563,2.0381916206803397e-06
5136,5136,EEF2,-0.7210770357346433,16.067356979149395,-0.7821979581779394,0.6118336457777374,2.3228662774206088e-14,0.07294207041310842,5.7978831241319415e-12
5137,5137,EEFSEC,-0.4040194333852786,9.829067316676444,-0.6543348313777155,0.4281540715541034,4.520607030954289e-09,0.059298797692704824,7.438734441893247e-08
5138,5138,EEPD1,-0.5841991898059866,10.166656187671226,-0.5607031135999297,0.3143879816006557,1.4452732832689862e-06,0.10956487530408633,1.0135166110488956e-05
5139,5139,EFCAB1,0.32026406924699297,5.8742731569216575,0.16492883381759474,0.02720152022443179,0.1927915804837512,0.2432356490056245,0.3131254537895171
5140,5140,EFCAB11,-0.33621653718075056,8.702627364604977,-0.6955924455619984,0.4838488503229217,1.781368224123001e-10,0.044101851130108935,5.342871037864763e-09
5141,5141,EFCAB12,0.1007423867967806,6.6377417181926965,0.09454655280451613,0.008939050647217155,0.4574017990095778,0.134716525796675,0.596473320339179
5142,5142,EFCAB13,-0.07778677503027967,7.295890794871018,-0.03422392964661235,0.0011712773604562715,0.7883345908180015,0.2884865423382543,0.8638053718647889
5143,5143,EFCAB14,0.4656497373172124,3.785451860436808,0.4015817150025667,0.16126787382440272,0.0010055736867382297,0.13486561171317296,0.0034131188379806217
5144,5144,EFCAB2,-0.12668874859958146,7.49835022412644,-0.2291873304973135,0.052526832460484806,0.06850157074759809,0.06833371865403239,0.13600453970287307
5145,5145,EFCAB4A,-0.13098091296642586,7.8506267065981294,-0.2538660167849937,0.06444795447827871,0.04295027809607253,0.06337844447803914,0.09221577158144464
5146,5146,EFCAB4B,0.2326284011666033,5.7285107702322335,0.20745583104691973,0.0430379218353681,0.09999343644308717,0.13931202624995392,0.18599535012670096
5147,5147,EFCAB5,-0.044239469104680615,7.158609534982086,-0.027847944317958825,0.0007755080027361349,0.8270902020300754,0.20167518090087155,0.8911208679517033
5148,5148,EFCAB6,-0.19865657503827724,7.743083575152251,-0.07497870097632828,0.005621805600097651,0.5559704432426634,0.33554052763790365,0.6840901216841442
5149,5149,EFCAB7,-0.1957467347991244,7.976039727110977,-0.6437249846683805,0.41438185588630666,9.598813045429572e-09,0.029553272486505612,1.3988041487131722e-07
5150,5150,EFCC1,0.2030943549980348,6.061343780619688,0.21146696344241675,0.044718276627556425,0.09346010124158748,0.1192134380430533,0.17592824168868015
5151,5151,EFEMP1,0.1771778446717486,6.0801529695966305,0.6148703576990989,0.37806555677701786,6.467703085066379e-08,0.028860398098465762,6.874345876545183e-07
5152,5152,EFEMP2,0.30557736364538063,5.050479831577515,0.6069743271486829,0.3684178338175964,1.0548400365566947e-07,0.0508124273317938,1.0435956521028744e-06
5153,5153,EFHB,-0.22185784202519854,7.7131913905576415,-0.1107804189237494,0.012272301216921414,0.3835014962026456,0.2527752525105361,0.5263539890275396
5154,5154,EFHC1,-0.1434321940282014,7.787470836391813,-0.22936822307008065,0.05260978175432626,0.06827757334755538,0.07730044517547367,0.13564686704966164
5155,5155,EFHC2,0.14285857458283652,6.44092012105213,0.2867001679336411,0.08219698629317802,0.021627710869545427,0.06062576896141239,0.05123885461848085
5156,5156,EFHD1,0.22493363016102774,5.811866964157418,0.3604842196176934,0.1299488725933774,0.003432345876480767,0.07391705860600199,0.010165132652515181
5157,5157,EFHD2,0.1763896930192616,5.578644618427713,0.2222275819085664,0.0493850981609286,0.07757669503264755,0.09828374760901894,0.15112660407808406
5158,5158,EFNA1,0.1715918218211356,5.415053994973364,0.545649166732719,0.2977330131561106,3.117941857270531e-06,0.033468663544827484,1.999379061865364e-05
5159,5159,EFNA2,0.3992576728180904,4.860250624357647,0.6315184902512075,0.3988156035291645,2.203647282275712e-08,0.06225513877182722,2.761573026486143e-07
5160,5160,EFNA3,-0.1400807816658587,8.103422592228652,-0.2102467839090344,0.04420371014409222,0.09541115434366924,0.08272485616159858,0.17894756169341394
5161,5161,EFNA4,-0.20339861217229094,8.496566261503922,-0.2558465084698479,0.06545743589621196,0.04129758292427471,0.0976050277284016,0.08923960547707072
5162,5162,EFNA5,0.2924437227437145,5.528094304991564,0.44332448264531743,0.1965365969127384,0.00024369175777815802,0.07509444173369947,0.0009572183955534213
5163,5163,EFNB1,0.048960896055949714,6.704100690064777,0.047967540583084216,0.002300884949589831,0.7066240786270337,0.1294809432528839,0.8048571650888078
5164,5164,EFNB2,0.0871914738347738,6.202646087417534,0.15596861516970528,0.02432620891795562,0.218433260153144,0.07012829454882467,0.34491557886950075
5165,5165,EFNB3,0.37317204901391293,5.283941935556798,0.2990295798090345,0.08941868960076774,0.016382117868747763,0.1512371476598961,0.04022618918785949
5166,5166,EFR3A,-0.05106009199627741,7.467307232426378,-0.0758355754643101,0.005751034506003072,0.5514518317440511,0.08526294622070273,0.6801281134763314
5167,5167,EFR3B,0.10605197576695613,6.477522203469522,0.07531038564781611,0.005671654186422789,0.5542192597051563,0.17833351008689394,0.6824141734755876
5168,5168,EFS,0.4555076169372485,5.137758105352034,0.5095947256398692,0.2596867843999736,1.702334118908626e-05,0.09767482135401873,9.0199494556312e-05
5169,5169,EFTUD1,-0.2860973175202776,9.36671488173224,-0.4299153828748681,0.18482723643244447,0.00039198868184082064,0.07630619296262148,0.0014670782760565107
5170,5170,EFTUD2,-0.38987313001581786,9.734468914001019,-0.4614988190512365,0.21298115998568595,0.00012390430337094272,0.0951808174472698,0.0005254891675475449
5171,5171,EGF,-0.055387429733260767,7.266691551116613,-0.18134749062418104,0.03288691235568743,0.15154152881585378,0.03814542404622535,0.25892629055604494
5172,5172,EGFEM1P,0.21252605557254933,6.378463985915659,0.12808854427003294,0.016406675173216194,0.3131307143459776,0.2089843831327873,0.45355405714869473
5173,5173,EGFL6,-0.13297943368340573,7.496773151210749,-0.21356554569878347,0.045610242309619166,0.09017767823918896,0.07725388514349954,0.17092320545029643
5174,5174,EGFL7,0.013557650240709205,6.9359325826359415,0.016946874599332674,0.00028719655868550696,0.8942626415215406,0.1015866390988412,0.9349325303987331
5175,5175,EGFLAM,0.403075710702252,5.220581612176956,0.4074208505854007,0.16599174949173134,0.0008336719582376509,0.11474471880518933,0.0028825109780674326
5176,5176,EGFLAM-AS2,0.2560225417583312,6.029469356356822,0.20630703983153184,0.042562594684049264,0.10192856561358396,0.1542138954934819,0.18883249964600568
5177,5177,EGFLAM-AS4,0.12160646675038443,6.616898570412324,0.07937090737559893,0.006299740937625903,0.5329971802112674,0.19396670212667344,0.664405591611501
5178,5178,EGFR,0.28524028670205664,5.177210138294239,0.3244553353984611,0.10527126466852788,0.00890552869171482,0.10561018226012783,0.023647973490997478
5179,5179,EGLN1,0.4594032147388497,4.117220151603364,0.6423406808946936,0.41260155033225865,1.05670756045191e-08,0.06961441138753309,1.5164348722058392e-07
5180,5180,EGLN2,0.11363373774042515,6.547510329555154,0.1515800743331512,0.022976518934843645,0.2318277313726799,0.0941069790676694,0.3612477708115633
5181,5181,EGLN3,0.12056807157836025,6.060378005953897,0.4234273705100862,0.17929073809708584,0.0004899351320973242,0.032760627345873435,0.0017891307395560805
5182,5182,EGOT,0.20370057493418905,6.2000903200497,0.17664054770096624,0.031201883092097333,0.16263032157862334,0.14415265657527498,0.2740455695109399
5183,5183,EGR1,0.028525017524079856,6.79561624297459,0.13445306564198628,0.018077626860528277,0.28948887901828024,0.02669918127253219,0.4280512896813167
5184,5184,EGR2,0.09796339455905637,6.613294802440307,0.19370442946101246,0.03752140599281634,0.1251134782984172,0.06301210218563202,0.2223133152172171
5185,5185,EGR3,-0.08078397294873163,7.375343612084565,-0.23330349317316826,0.05443051992680256,0.06354830137559833,0.04276168843223852,0.12779889174299608
5186,5186,EGR4,0.11460159471970845,6.499758207264431,0.1026885241926237,0.010544933000859062,0.4194045610435565,0.14098436168052028,0.5603878428702546
5187,5187,EHBP1,-0.22679791834784166,8.516190755772856,-0.4234873425242104,0.17934152927821795,0.00048893602884512,0.06161465389175975,0.0017857833875259022
5188,5188,EHBP1L1,-0.034774366829685814,7.2027507815233385,-0.033206272508367086,0.0011026565338999358,0.7944887230276321,0.13292408754982402,0.8677823714901328
5189,5189,EHD1,0.323759110644313,4.80369258320268,0.3942574124489915,0.15543890727097415,0.0012661515554224102,0.09584331390824663,0.00417901416440669
5190,5190,EHD2,0.3802501015308669,4.416055301369066,0.4100901329043088,0.1681739171054736,0.0007643357120586735,0.1074015232808978,0.0026661871528077604
5191,5191,EHD3,0.3663680543835074,5.285787090204372,0.21560948713219305,0.046487450941407306,0.08706839571065449,0.21072550022038306,0.16604721348429965
5192,5192,EHD4,0.2517719954537553,5.665005171857368,0.2246510067236216,0.05046807482193666,0.07431409994647195,0.1386941022222048,0.14558276047954133
5193,5193,EHF,-0.05774065253052504,7.520481077167862,-0.09936795571812193,0.00987399062359864,0.4346776751307355,0.07343189267308008,0.5756123296073746
5194,5194,EHHADH,0.03364248453518422,6.803808539027086,0.05828580061228195,0.0033972345530146877,0.6473220920517411,0.07317967802712604,0.7578396444493947
5195,5195,EHMT1,-0.35591303392007,9.044334299578733,-0.32790897068192604,0.1075242930536802,0.008165723271769539,0.13022457588854672,0.021909148488436298
5196,5196,EHMT1-IT1,0.002854599005748669,7.004573181311074,0.0026692904025289927,7.125111253033389e-06,0.9832987230996164,0.13581629948162394,0.9901113107375706
5197,5197,EHMT2,-0.4467538719003533,9.695836298268823,-0.4185133361178477,0.17515341250849056,0.0005783985286795119,0.12312599973551995,0.0020774954616942826
5198,5198,EI24,-0.3260118126401308,9.703996138862367,-0.5306174254657903,0.2815548522079435,6.4791190302719104e-06,0.06613826404369504,3.84714347684503e-05
5199,5199,EID1,0.17227673456724912,5.5783948946251,0.26391544449081683,0.06965136184078542,0.035097803957121844,0.07996295658519728,0.07770605712007704
5200,5200,EID2,-0.19243299181980933,8.44800233540224,-0.2969673081040051,0.0881895820825391,0.017174841222678896,0.07858276757282047,0.04195388456594602
5201,5201,EID2B,0.02343833257427852,6.940176510845487,0.013973731565844891,0.00019526517387428988,0.9127330540031918,0.2129982650147384,0.9474275852957108
5202,5202,EID3,0.40577919229661225,5.705475186459955,0.3200114959566683,0.10240735754442473,0.009942886165686386,0.15256959402107373,0.026041751320505405
5203,5203,EIF1,-0.16446972547008715,8.47236357359821,-0.1164356634300195,0.013557263718388779,0.35953675986590306,0.17817224011501298,0.5020118238835442
5204,5204,EIF1AD,-0.3149972540844719,8.903624287173567,-0.2812150557583869,0.07908190758519265,0.02438446509939917,0.13651578083406454,0.056831581775289144
5205,5205,EIF1AX,-0.19415694334630132,8.745281355769334,-0.44754102559241576,0.20029296958831133,0.00020900001624968453,0.04927080814474848,0.0008359614613754929
5206,5206,EIF1AY,-0.00122373047302566,7.023221806008262,-0.010519463018520634,0.00011065910219802326,0.9342496640383184,0.014773123494423671,0.9614664230942774
5207,5207,EIF1B,-0.20619943151657089,8.360893577789499,-0.15812197078607046,0.025002557645270908,0.21206323773972466,0.16353139385744975,0.33706909962226494
5208,5208,EIF1B-AS1,0.1280431455692445,6.320666632144759,0.1057516371085539,0.011183408751139271,0.40559267577872105,0.1529083715112848,0.5476156587958738
5209,5209,EIF2A,-0.4043309649157404,11.298608289553368,-0.6476767205794658,0.4194851343805714,7.276189526626274e-09,0.060407316416303085,1.107279579754687e-07
5210,5210,EIF2AK1,-0.06239049368866105,7.551340811111027,-0.08921258239595532,0.007958884857755118,0.4832818553397986,0.08846292650400031,0.620245439023577
5211,5211,EIF2AK2,-0.10790752944150192,7.7696402365139425,-0.15676205926547532,0.024574343225152395,0.21607068377192307,0.08633999758741158,0.34183304040626783
5212,5212,EIF2AK3,0.5465032100595293,3.710257133529804,0.5623690400545326,0.3162589372118565,1.3242885976947277e-06,0.1020519482815305,9.405532824886628e-06
5213,5213,EIF2AK4,-0.06448750897410142,7.3399193013118,-0.11327537804423088,0.012831311271063423,0.3728134934932651,0.07183563286807725,0.5157983773062008
5214,5214,EIF2B1,-0.36830274223587,10.263230083614053,-0.33858987816825864,0.11464310559799624,0.006206397772443054,0.12998532469139473,0.017182247988015126
5215,5215,EIF2B2,-0.29220790696993565,9.439869247517864,-0.5037478914577735,0.2537619381481528,2.202255942671316e-05,0.0636387404845267,0.00011346622041053377
5216,5216,EIF2B3,-0.28054355925998753,9.146206395926534,-0.5805645254591124,0.3370551682215644,4.937025677421907e-07,0.049968079411844016,3.972920514476826e-06
5217,5217,EIF2B4,-0.4724852263498721,10.871388136464164,-0.579243345393356,0.3355228531824867,5.31442983558865e-07,0.08444449836743957,4.231028606237949e-06
5218,5218,EIF2B5,-0.41096426863529023,9.417934624651801,-0.4265522363748944,0.1819468103564238,0.0004402773035937632,0.11066919905699066,0.0016267198446208739
5219,5219,EIF2D,-0.3748795374194989,10.435892106124273,-0.4894417287516293,0.2395532058433835,4.055150311662211e-05,0.08482606357745105,0.00019618918677177208
5220,5220,EIF2S1,-0.299351652113308,9.490419090022248,-0.5800212462615256,0.3364246461147733,5.089059104486607e-07,0.053393333522861616,4.077083792366166e-06
5221,5221,EIF2S2,-0.4782523199177066,11.136546641702699,-0.6913883278443059,0.4780178198793454,2.53787386418233e-10,0.06346978624454018,7.132294149877517e-09
5222,5222,EIF2S3,-0.1905907783008354,8.765458642831781,-0.4559748500509607,0.2079130638789961,0.00015279813391044816,0.04724453456936365,0.0006337566730187234
5223,5223,EIF3A,-0.4286824230565681,10.955311568058805,-0.6501054639427434,0.4226371142482096,6.124762364317085e-09,0.06363271409624105,9.610994855020759e-08
5224,5224,EIF3B,-0.4605494137150391,10.141789680842953,-0.6711823459720444,0.4504857415445371,1.2840242200025794e-09,0.06459952834182796,2.6059554343163877e-08
5225,5225,EIF3C,-0.06462065702399568,7.277172291209067,-0.15581144846493591,0.024277207472741383,0.218903383453838,0.0520282699263404,0.3455516325345805
5226,5226,EIF3D,-0.4801654446808637,12.191404618239588,-0.6988196341670637,0.4883488810973888,1.3519833515754904e-10,0.06241901679340042,4.267813335038957e-09
5227,5227,EIF3E,-0.3730735850152944,10.140379746563873,-0.5681916292341199,0.3228417275317236,9.719490696415978e-07,0.06861971637100453,7.193286774808202e-06
5228,5228,EIF3F,-0.1107299241116792,7.738365262774634,-0.07748441290606825,0.0060038342433980756,0.542806780911067,0.18094524100793505,0.6724146696773158
5229,5229,EIF3G,-0.4370826464359313,11.367383815895494,-0.7362613921461488,0.5420808375649852,4.129088225600874e-12,0.051018783664517085,2.838584302393236e-10
5230,5230,EIF3H,-0.3756541668141147,10.406720226845325,-0.5389876158614499,0.2905076500520101,4.330394035084472e-06,0.07455683053888769,2.683877585282033e-05
5231,5231,EIF3I,-0.36297956285251,10.788595403898624,-0.7573636854528191,0.5735997520426767,4.4067580686056865e-13,0.039745738911394095,5.5160893627546903e-11
5232,5232,EIF3J,-0.2942138356216134,9.385182663494279,-0.602596541067058,0.3631225913059825,1.3756151661700941e-07,0.049484425728563375,1.3140249855938857e-06
5233,5233,EIF3J-AS1,-0.2166482237569416,8.196176613921354,-0.3721032148476641,0.1384608024999669,0.0024643656296303488,0.06863306381450207,0.007570696227783402
5234,5234,EIF3K,-0.007812298340729488,7.092373170608858,-0.004033554493798663,1.6269561854443385e-05,0.9747650720060704,0.24597530835417886,0.9855245653432315
5235,5235,EIF3L,-0.4532578971361666,12.602678082820491,-0.31810680755318954,0.10119194101168197,0.010418706434731752,0.17155763494017887,0.027133744779809513
5236,5236,EIF3M,-0.6838794490229145,11.25417465332416,-0.5897955852891371,0.3478588324265558,2.923851301255966e-07,0.11891947938623272,2.504588604774444e-06
5237,5237,EIF4A2,-0.2309261133202161,7.71257091962451,-0.12106909409266105,0.014657725544417613,0.3406028058485051,0.24045702327367824,0.48295925619757585
5238,5238,EIF4A3,-0.3326357401035158,10.235064977628763,-0.6018348039167393,0.3622051312055,1.4400737675639125e-07,0.05605782929065127,1.36303094472355e-06
5239,5239,EIF4B,-0.436488364583754,11.275694225473073,-0.5920764245622459,0.3505544925224128,2.562391634437523e-07,0.07545194098518765,2.2383457379485503e-06
5240,5240,EIF4E,-0.2252206996805801,8.483003892949103,-0.24986546593681036,0.06243275106781933,0.04645519586105192,0.11084278686992234,0.09847173711541497
5241,5241,EIF4E2,-0.003170580464277825,7.039728396832813,-0.003124504625766952,9.762529156439079e-06,0.9804510439566037,0.12887231876440478,0.988818753284725
5242,5242,EIF4E3,0.2653935833260772,5.213004135588202,0.7048938354022273,0.4968753191880623,7.965022582904186e-11,0.033916315937587746,2.7685804820672576e-09
5243,5243,EIF4EBP1,-0.26790216048366794,9.303313734629736,-0.6775684257061264,0.4590989715138785,7.798743189919439e-10,0.03693057885593725,1.7464507112482464e-08
5244,5244,EIF4EBP2,0.4878098444358896,3.5337296851694067,0.7039600279102246,0.4955597208953642,8.647432079701049e-11,0.06250454449533828,2.972383201363908e-09
5245,5245,EIF4ENIF1,-0.19894420763166398,8.064922848155508,-0.12023002373633895,0.01445525860764063,0.34398452370330457,0.2086222830850551,0.4863531510051619
5246,5246,EIF4G1,-0.3258618887715642,9.568425220823162,-0.5184899230315813,0.2688318002852951,1.1400627903130507e-05,0.06825053386182213,6.338397875283469e-05
5247,5247,EIF4G2,-0.2730038635599929,8.922261682676368,-0.14308127591204564,0.02047225151661893,0.25936004075137803,0.2398272435416181,0.39358386001899726
5248,5248,EIF4G3,0.5262230263268076,3.947353617089512,0.5536030857467497,0.30647637654832305,2.086752918634559e-06,0.10053241850259803,1.395502314728953e-05
5249,5249,EIF4H,-0.3205745853781086,10.424856773503924,-0.28124018074568125,0.07909603926586345,0.02437119051777917,0.13891944722326444,0.0568131456194919
5250,5250,EIF5,-0.1924360878834556,8.68714160924905,-0.16873001582645955,0.028469818240797286,0.1825926882295226,0.14276655364787222,0.29993511822880314
5251,5251,EIF5A,-0.04674091975857962,7.442376372392948,-0.20251644549538345,0.0410129106960846,0.10852056812904567,0.028704335227091905,0.19861501883320523
5252,5252,EIF5A2,-0.2820001492970548,8.091247621907257,-0.471893502149686,0.22268347737109567,8.270304521028598e-05,0.06691268325651485,0.00036774834579645645
5253,5253,EIF5B,-0.3452776181250805,9.093491236056657,-0.6357990888588975,0.4042404813938042,1.6533941800939514e-08,0.05323388671514464,2.1893600131797596e-07
5254,5254,EIF6,-0.2567786642091741,9.503509022957367,-0.35060921532829264,0.12292682187312108,0.004506323514716394,0.08710792704784727,0.012938800810286862
5255,5255,ELAC1,0.01073889539445448,6.963177240858838,0.011952367295022264,0.00014285908395511782,0.9253175384445717,0.11409820525531394,0.9556348385643456
5256,5256,ELAC2,-0.6078143095745385,10.504332040652542,-0.5848304183050499,0.34202661817485963,3.8833084840003173e-07,0.10706543473332092,3.207209962663115e-06
5257,5257,ELANE,0.2009068177923941,6.183207581226615,0.20287223948793,0.04115714555484802,0.10788817516024653,0.12315439774693923,0.19769152420842262
5258,5258,ELAVL1,-0.5979251246517712,10.820432135599852,-0.4954036800090408,0.2454248061665001,3.154640208804604e-05,0.13315055825687327,0.00015671882019193325
5259,5259,ELAVL2,-0.17282883392177745,7.665002212764878,-0.2653814229199983,0.07042729963104298,0.0340591621636951,0.07974280664385633,0.0757394903116469
5260,5260,ELAVL3,0.18913152051234092,6.17558742270655,0.13617941605461012,0.018544833356974603,0.2832839246494138,0.17473980009818751,0.4209864358251888
5261,5261,ELAVL4,0.7338594310158766,4.398489254390349,0.3212296247409509,0.10318847181121214,0.009648578378132109,0.2747590688377784,0.025369106942502526
5262,5262,ELF1,0.005529306094442063,6.967137756701073,0.00690446224998011,4.7671598961400394e-05,0.9568175125414732,0.10170319027858946,0.9739192748770678
5263,5263,ELF2,-0.23666818690417685,8.602246146768401,-0.21369167360763627,0.04566413136923255,0.08998332072473572,0.1374064318469489,0.17064443561556633
5264,5264,ELF3,0.10800533406415556,6.0001681610890545,0.1045351294020006,0.010927593279093012,0.4110460026911069,0.13049718444740502,0.5525950576282543
5265,5265,ELF4,0.4070040396900916,3.85991289958976,0.6133425153996064,0.3761890411967164,7.117224172328572e-08,0.06656199115299458,7.463607237374103e-07
5266,5266,ELF5,0.032074771942964486,6.900896054300943,0.031292515419177686,0.0009792215212594733,0.8060954701603051,0.13011115078942265,0.8768069496760874
5267,5267,ELFN1,0.12233673093905277,6.401288247648367,0.11961409203127155,0.0143075310124655,0.3464801832075312,0.12895832918155745,0.4890196420099777
5268,5268,ELFN1-AS1,-0.23642320567007255,8.174980137171314,-0.30801946067825703,0.09487598815652427,0.013282117407678564,0.09274065181994284,0.03343690449468487
5269,5269,ELFN2,-0.03863502436972725,7.184717018488276,-0.029673340498968487,0.0008805071363677236,0.8159483623430501,0.1652827848812116,0.8836344494358338
5270,5270,ELK1,-0.13877200708804624,7.875345121463607,-0.09996329756949657,0.00999266086096772,0.4319165538525616,0.1754222422347926,0.5728445513629744
5271,5271,ELK2AP,-0.2003692811330514,8.215486780672855,-0.20724900909026636,0.0429521517688973,0.10033970046094766,0.12011843303972787,0.18646324667311606
5272,5272,ELK3,-0.24961254790981985,8.495802733405277,-0.3901324030832201,0.1522032919354881,0.001438318315142292,0.07481770955238631,0.004679843433023546
5273,5273,ELK4,-0.15611698159171156,7.804231777155341,-0.13345134660949556,0.01780926191188771,0.29312994950712323,0.14724116939097318,0.4319064473414135
5274,5274,ELL,0.1024388520731824,6.489684626866998,0.07179148227283805,0.005154016926931218,0.5729307742435128,0.18074815107815626,0.697796170767338
5275,5275,ELL2,-0.06869524272260362,7.41782899519121,-0.11029756983094358,0.012165553910611877,0.38559087851284457,0.07861527842372615,0.5285768925489904
5276,5276,ELL3,0.22323928940467264,5.292272994416624,0.3608992348910356,0.13024825774493487,0.003392667619619889,0.07326330039248068,0.01006138281332083
5277,5277,ELMO1,0.15088575010659933,6.215920911253661,0.4385145132138732,0.19229497829920014,0.00028964902383599996,0.039273065464501655,0.0011184646239601602
5278,5278,ELMO2,-0.4264249645973405,9.408594033516609,-0.3712819284740565,0.1378502704114144,0.0025237614512499122,0.13543606098873362,0.007727948844289712
5279,5279,ELMO3,-0.34041914214397223,9.686337745716637,-0.4953086811370733,0.24533068960974694,3.167404354025319e-05,0.07582641666814424,0.00015724470721324688
5280,5280,ELMOD2,0.04998420840063735,6.737354312121825,0.036271759233269765,0.0013156405178762901,0.7759899870970446,0.1748970474843933,0.8549090115309389
5281,5281,ELMOD3,0.15262647239751478,6.061413207029723,0.15029054241272966,0.022587247138712484,0.2358694714606186,0.12750915586292827,0.36619969920273127
5282,5282,ELMSAN1,0.4640604632647883,4.6236937428583005,0.6136204872327377,0.3765301023517424,6.994644517003923e-08,0.07583795580611825,7.363589062504616e-07
5283,5283,ELN,0.2905600605095631,5.394032516355934,0.3067042728774714,0.09406751100129844,0.013701344537315365,0.11451652568818675,0.03437240685305424
5284,5284,ELOF1,-0.3066538750172914,9.476195049053233,-0.28591700998404834,0.0817485365982184,0.022004333471893508,0.13052491928842894,0.051997363742236354
5285,5285,ELOVL2,0.02881218423165612,6.917033912543729,0.017293621384409368,0.0002990693405873011,0.8921119517944736,0.2115579938050557,0.9335966766267876
5286,5286,ELOVL2-AS1,0.06618155501249977,6.815562059507312,0.04262404717656537,0.00181680939771007,0.7380598322639133,0.1970114941089882,0.8294101824673773
5287,5287,ELOVL3,-0.06661831851677967,7.242093778111414,-0.06320292749831445,0.003994610044357193,0.6197853978667057,0.1335953897742538,0.7358656061628112
5288,5288,ELOVL4,0.40482457230934304,5.59309089787275,0.3374860123811332,0.11389680855291838,0.006387680531520418,0.14340272161221534,0.017614315791426798
5289,5289,ELOVL5,-0.011728682903449823,7.076684188168738,-0.014393879034547898,0.00020718375366119752,0.91011990034575,0.10347383787469028,0.9458939547891733
5290,5290,ELOVL6,0.2407928541060857,5.313574746323852,0.5625436599768389,0.3164553693801373,1.3121726274089643e-06,0.0449443344188911,9.322538794796957e-06
5291,5291,ELOVL7,0.07752505779253659,6.3709050379774546,0.2634242319245184,0.06939232596502244,0.035451672134428534,0.03605569291724258,0.07829739521377357
5292,5292,ELP2,-0.2805410089525449,8.74913405975793,-0.3154809847205711,0.09952825172026122,0.011107013148280154,0.10716731944449326,0.028647256994522002
5293,5293,ELP3,-0.18545496606621115,8.42322265385959,-0.2526604386177819,0.06383729724252994,0.043982754765487166,0.09019470533356336,0.09406879550090119
5294,5294,ELP4,-0.2494458541514321,8.854509025149229,-0.40553156923412503,0.1644558536454919,0.0008861340667346287,0.07140694906749986,0.003049782774179654
5295,5295,ELP5,-0.4261557728202153,10.256474251206685,-0.5200290295154586,0.2704301915387897,1.0624370200144459e-05,0.08889521199685775,5.951131316195764e-05
5296,5296,ELP6,-0.5682994554308551,10.423295875788591,-0.5024767448197345,0.25248287908463657,2.3276030164828272e-05,0.12418696120608375,0.0001193847544337651
5297,5297,ELSPBP1,-0.09920324243357334,7.465746946856742,-0.08811642974273752,0.0077645051906067965,0.4886947003365804,0.14242312462550152,0.6253432450386249
5298,5298,ELTD1,0.11591242938922287,6.556213331423893,0.23017398605610195,0.052980063856954605,0.06728693183957737,0.062238266168134826,0.13399839148299134
5299,5299,EMB,0.007284594650729155,6.97536351986196,0.02265853569757885,0.0005134092399584551,0.8589441312704194,0.04081936003229408,0.9123525707021725
5300,5300,EMC1,-0.20417371214518248,8.245029833113367,-0.2592666424371657,0.06721919188064113,0.03856736514713868,0.0965933298284733,0.08419964636165825
5301,5301,EMC10,-0.278097808974707,8.88144235051549,-0.24908656703086415,0.0620441178752212,0.0471641903658715,0.13732279080895735,0.09966242607074038
5302,5302,EMC2,-0.11389197053021916,8.035200890645658,-0.14597942851517726,0.021309993549617743,0.2497335977016317,0.0980230428957057,0.38194653988479654
5303,5303,EMC3,0.6498677606563209,2.4245641188829867,0.41418199987406334,0.1715467290196786,0.0006681423551930402,0.1813727072578975,0.002367248478682147
5304,5304,EMC3-AS1,-0.22202828085863446,8.16159553015421,-0.2982990471334705,0.08898232152073646,0.01665926650958021,0.09022439690061704,0.04085576628142236
5305,5305,EMC4,-0.2304176432604785,9.34585836431562,-0.3197452235568071,0.10223700798739256,0.010008248339270935,0.0867154873735242,0.026193934951282583
5306,5306,EMC6,-0.4527900077129592,11.043008692652009,-0.6095117516851672,0.37150457544232096,9.027164026210117e-08,0.07479455216258557,9.15183693762079e-07
5307,5307,EMC7,0.12696077013290574,6.154268323165011,0.12085473944265965,0.014605868045753152,0.34146474015522976,0.13243872858809558,0.4837379921537027
5308,5308,EMC8,-0.3369950318977237,9.671981288528462,-0.6253501482368868,0.3910628078998963,3.308338408814109e-08,0.053406073198225566,3.868362216137664e-07
5309,5309,EMC9,-0.17106173222127194,8.240578448901532,-0.27969321219522336,0.07822829294808224,0.025199996825061157,0.07457388709905775,0.05842675923412199
5310,5310,EMCN,0.20253030330665706,6.024139199248307,0.5930237091005977,0.35167711955543024,2.425009193152387e-07,0.034923501944863745,2.1329640161541406e-06
5311,5311,EMD,-0.2282633745351029,8.718936089235138,-0.31248183708128696,0.097644898505696,0.011941066212381387,0.08812605890903305,0.030525768956335606
5312,5312,EME1,-0.10449788750609484,7.706343587634564,-0.16240035851827025,0.026373876446862714,0.1997980116098204,0.08063448036945219,0.3220738773829657
5313,5313,EME2,-0.2364002804409329,8.161573646821303,-0.2502701016946394,0.06263512380224516,0.0460903437973606,0.11614419564875235,0.09786304137119552
5314,5314,EMG1,-0.3223795717036097,9.878741154640467,-0.6135190843575042,0.3764056668708704,7.039128179437013e-08,0.05269806545678113,7.396036910514726e-07
5315,5315,EMID1,0.2390389956173908,5.776990917912485,0.20225791504119667,0.040908264196811935,0.10898187561257733,0.14699327259903228,0.19905791950644555
5316,5316,EMILIN1,0.20782936005728656,5.854352750119242,0.42897215752534745,0.1840171119319515,0.00040501976291268014,0.05558050341742192,0.0015119294890319063
5317,5317,EMILIN2,-0.3024721597041254,8.582778924752906,-0.21003787748073355,0.044115909976611634,0.09574836046311633,0.17881113431161405,0.17937803839681496
5318,5318,EMILIN3,0.006032539280220925,6.977251229640765,0.015372909525462419,0.0002363263472780532,0.9040344380307402,0.049830692060397766,0.941290440006483
5319,5319,EML1,0.2243474565864589,6.135765614233384,0.4995111134975913,0.2495113525076035,2.6462280575710887e-05,0.04941425066599539,0.0001341387373284221
5320,5320,EML2,-0.37399492560498987,9.2488079991002,-0.37141910785425336,0.13795215367924948,0.002513752583898377,0.1187329636071724,0.0077016570747480695
5321,5321,EML3,-0.27725156965435793,8.644872001309315,-0.23425376533076445,0.05487482657164086,0.06244681186770866,0.1461289466876041,0.12606373739118404
5322,5322,EML4,0.0941202449227906,6.3540671592034625,0.10068110971385057,0.010136685853212413,0.42860065144362736,0.11812092102459547,0.5696174731196607
5323,5323,EML5,-0.00952220607480392,7.0472298646225,-0.005288909030879413,2.797255873691781e-05,0.9669151308595136,0.2286491334482349,0.9803608558274542
5324,5324,EML6,-0.05111367064731953,7.239474651414323,-0.05917852652338387,0.0035020980014788487,0.6422861350497139,0.10950029074311267,0.7538594175881601
5325,5325,EMP1,0.15543673174555567,6.053322839747744,0.4820346504257554,0.23235740421108025,5.504408363992079e-05,0.0358805495374214,0.00025656040275989767
5326,5326,EMP2,-0.3984797720558644,10.22422256359872,-0.4452858774041664,0.19827951261559829,0.0002269470196913901,0.10176138403666676,0.0008997688962682264
5327,5327,EMP3,0.1747030346696317,5.735020722099482,0.5666750369365632,0.32112059748705524,1.0541005227682292e-06,0.03226018389381585,7.724719736225382e-06
5328,5328,EMR1,0.0497464440341432,6.780274307003981,0.07365483413281716,0.005425034591132808,0.5629861324131873,0.0855428475823072,0.6900698872138773
5329,5329,EMR2,-0.2574293187188729,8.038352765087751,-0.2329423909751983,0.05426215751324215,0.06397094952878811,0.13648942912102124,0.12855335115496533
5330,5330,EMR3,-0.008250747145247966,7.046288101577772,-0.0075057299992913286,5.63359828222618e-05,0.953061077143014,0.1396021998207858,0.9716368167944998
5331,5331,EMX1,0.14553119675338827,6.4554486217099525,0.15283624731629353,0.02335891849372724,0.2279369192380649,0.11950921248348315,0.3562593999350628
5332,5332,EMX2,0.0694409257334322,6.788208351447692,0.04307509927744195,0.00185546417776148,0.7353888730332228,0.20454557414861466,0.8274796594198202
5333,5333,EMX2OS,0.13118592702609536,6.385795200950736,0.12754722856737835,0.016268295515219057,0.3151971411558455,0.1295563522468789,0.4559819688509476
5334,5334,EN1,0.05727791471600228,6.820271161760764,0.0424155486470513,0.0017990787670303754,0.7392955269165773,0.17134650400143453,0.8304515320769001
5335,5335,EN2,-0.10351594315323397,7.368872233165607,-0.1160565008307599,0.013469111385080172,0.3611141867762016,0.11251159212344684,0.5037963996030567
5336,5336,ENAH,-0.5417612170900845,9.997848909296042,-0.6547763438726955,0.4287320604952943,4.378331711525709e-09,0.07942166958470896,7.248682967361561e-08
5337,5337,ENAM,-0.17779292097736907,7.643549173799498,-0.11511841388653045,0.013252249215750524,0.3650350632034561,0.19483945031484184,0.508083472006973
5338,5338,ENC1,-0.17249240155909387,8.486279267506822,-0.8177944284442142,0.6687877271943989,1.626851375339289e-16,0.015416407698078694,1.5937905475650812e-13
5339,5339,ENDOD1,0.2180802944357779,5.250854066920327,0.7360842866265068,0.5418200770184535,4.203560695765655e-12,0.025468951166008454,2.871549112517516e-10
5340,5340,ENDOG,0.07915531714904972,6.4027650293462575,0.10756675982366763,0.0115706078189626,0.3975347803370531,0.09291353580282306,0.5397251202632529
5341,5341,ENDOU,0.33830529289712497,5.769949302944162,0.25615498359180705,0.06561537561891892,0.0410449574154422,0.1621335828086015,0.08880293264376071
5342,5342,ENDOV,0.4369228129789185,4.717903512385694,0.2761668815931213,0.07626814648886908,0.027178582548398868,0.19311243509250564,0.062373061157861114
5343,5343,ENG,0.0855842486777654,6.503977411508632,0.102797364958262,0.010567298242362112,0.4189092118356679,0.105174182595876,0.559967838413666
5344,5344,ENGASE,-0.1839700298398461,8.366565369389843,-0.44736016291839176,0.20013111536637,0.00021038990581645394,0.04670929663317362,0.0008402791240234802
5345,5345,ENHO,0.2677290303214265,5.491300352103625,0.3497302907482017,0.12231127626682167,0.004614964100329091,0.09108285406813467,0.013213942561500259
5346,5346,ENKD1,-0.313383496124508,8.712230513766256,-0.6379931445590489,0.4070352525043434,1.424554137679252e-08,0.04803731243998125,1.938951593428297e-07
5347,5347,ENKUR,-0.2022481866835105,7.701185403172071,-0.20906975815806966,0.04371016377627372,0.09732321533138644,0.12014130495508896,0.1819035239082663
5348,5348,ENO1,-0.32386450684151064,9.590459119158982,-0.5382092853190658,0.2896692348036595,4.4977726921484595e-06,0.0644090119132016,2.7756987075655424e-05
5349,5349,ENO1-AS1,0.14957658204171284,6.48004122644258,0.11922009948921818,0.014213432122219082,0.3480824628544654,0.158201183619114,0.49057765916781315
5350,5350,ENO2,-0.15769886317125448,7.78357379072184,-0.35670801124010343,0.12724060528286976,0.0038127398767142102,0.05245261212969327,0.011139352675424477
5351,5351,ENO3,-0.6148525566313393,9.37975815979564,-0.487067437151745,0.23723468833356898,4.4758695946420787e-05,0.1400172390948357,0.00021396340831699386
5352,5352,ENOPH1,-0.2625307468438932,9.418291483668053,-0.5633721674926088,0.31738819910532,1.2560903231616932e-06,0.04889628205345172,8.986004607884527e-06
5353,5353,ENOSF1,-0.060246718731147224,7.455442219912772,-0.11099729361055044,0.012320399188866744,0.3825652424786213,0.06850672496171209,0.5255434167447434
5354,5354,ENOX1,0.1231167028318219,6.513654508777265,0.1470508652279348,0.02162395696428425,0.2462372057913143,0.1051735303754922,0.37822859209894394
5355,5355,ENOX2,-0.7128409602082166,10.967043640240107,-0.4040820412364621,0.16328229604982586,0.0009283889074723797,0.2049352809775659,0.003180550829190695
5356,5356,ENPEP,-0.018275247294136977,7.08079114217749,-0.030518588197524395,0.0009313842255700751,0.8108012740390727,0.07601523400550428,0.8799629924981767
5357,5357,ENPP1,0.349700748336469,5.4432706519934975,0.5361518356036168,0.2874587908211277,4.969785517110048e-06,0.06992265541960836,3.0313476005813538e-05
5358,5358,ENPP2,0.10770437354290996,6.247887453871804,0.4158797244584797,0.17295594521566096,0.000631560994260051,0.02991121597915917,0.0022523803245555673
5359,5359,ENPP3,0.03811016979113442,6.762232127803237,0.1459835939446301,0.02131120970099064,0.24971993957628466,0.03279920329584339,0.38194653988479654
5360,5360,ENPP4,0.004466966254980972,6.983712007037443,0.005960253700721146,3.55246241769601e-05,0.9627183367295988,0.09517970768199914,0.9778540607951137
5361,5361,ENPP5,-0.14526374959832256,7.755279564420726,-0.4639076197278432,0.2152102796415532,0.00011295420664406329,0.03522950591523279,0.00048426516429958235
5362,5362,ENPP6,0.3968439304754832,5.645130624011192,0.5289871955520322,0.279827453058004,6.999347989984192e-06,0.08085316384099449,4.11318536562029e-05
5363,5363,ENPP7,0.03481540293654986,6.8299118614341445,0.051177742306254465,0.0026191613075653877,0.6879667083045469,0.08628294662552917,0.790172858191098
5364,5364,ENSA,-0.3662694586112425,9.826087933597467,-0.39208449435434944,0.1537302507131059,0.0013543801874732662,0.10913890759512884,0.0044452748206314984
5365,5365,ENTHD1,-0.6734939730451186,9.034486365396408,-0.2830316602894941,0.08010692072622756,0.023440295812714885,0.28984881267221724,0.055018383462425845
5366,5366,ENTHD2,0.08383865784123072,6.5446581822920304,0.05243405971107608,0.0027493306177846914,0.6807145335960899,0.2027856206658029,0.7848404443096224
5367,5367,ENTPD1,0.19510034507591612,5.942595859831519,0.403537840271036,0.16284278853061213,0.0009447171474903816,0.05617996170244079,0.003230866997615953
5368,5368,ENTPD1-AS1,-0.19087156209755868,8.246615520774313,-0.3306441908663322,0.1093255809536515,0.0076184591795486105,0.06919010277533556,0.02061191073627251
5369,5369,ENTPD2,-0.2355372606065145,8.335914289270757,-0.2881700789739132,0.08304199441583139,0.020935593755033143,0.09940073888737244,0.04986913241285257
5370,5370,ENTPD3,0.09963955671487136,6.626519387411635,0.1217041748560062,0.014811906177381332,0.3380570946959258,0.10320245847155797,0.48023001742589044
5371,5371,ENTPD3-AS1,0.0859169774225956,6.72967414089494,0.05363832024581669,0.002877069398792789,0.6737897804629812,0.2031338633271255,0.7794657554883292
5372,5372,ENTPD4,0.05157271584232799,6.653580247309122,0.04947139063812847,0.002447418491670305,0.6978616319946204,0.13223241732529142,0.7978788182436211
5373,5373,ENTPD5,0.21775068049078214,5.1888184121681205,0.7758542435320952,0.6019498072067597,5.103938072500711e-14,0.02248808403987277,1.0627478746154124e-11
5374,5374,ENTPD6,-0.016417974533948162,7.1209350844343575,-0.014148552423916315,0.00020018153569230826,0.911645622903205,0.14735614501338942,0.9468888658433933
5375,5375,ENTPD7,-0.045544305105470806,7.298057965685662,-0.0678733601676787,0.0046067930204514345,0.5941026512868973,0.0850229602289938,0.7147782051012702
5376,5376,ENY2,0.02165276703019185,6.878984734119892,0.02188431317181873,0.00047892316300223884,0.8637170698642557,0.1256263135102291,0.9156855550724791
5377,5377,EOGT,-0.1340587885098087,7.692465730073537,-0.3882598749348008,0.1507457304843871,0.00152320026591505,0.040410647085405184,0.004926194994160058
5378,5378,EOMES,0.1614859809371853,6.392001302073418,0.2541990000980829,0.06461713165086515,0.04266865481585982,0.07802968416158185,0.09168383806682322
5379,5379,EP300,0.03286634950882702,6.826684115500893,0.04818651276747018,0.002321940012689567,0.7053458045300917,0.0865217585100629,0.8037816869493835
5380,5380,EP300-AS1,-0.11297141460869135,7.570980934908213,-0.4016384622543165,0.161313454362012,0.0010037595333589986,0.03271427232586384,0.003407495327620178
5381,5381,EP400,-0.6693452542734755,10.51499601146402,-0.4163428020619234,0.17334132882877396,0.0006219034667561075,0.18563779268761013,0.002221963301864958
5382,5382,EP400NL,-0.11437394339574315,7.494775605768376,-0.06039758194022341,0.003647867904226,0.6354351897299085,0.24005907361230705,0.7485773601132177
5383,5383,EPAS1,0.2523647210915011,4.924703650114884,0.5027018169909951,0.252709116806048,2.304937232007281e-05,0.055114666725591344,0.00011827823639601342
5384,5384,EPB41,0.44002147559156574,4.491915020545881,0.4383123678533978,0.19211773181325228,0.00029174343722668033,0.11459570508697528,0.0011247470416848428
5385,5385,EPB41L1,-0.2373891498165035,8.109848257939994,-0.3283324458438009,0.10780219499377247,0.008078811587109817,0.0867324857983769,0.021702848892055957
5386,5386,EPB41L2,-0.2568016540747524,8.943731815306412,-0.7346167369641321,0.5396617502278288,4.872009491660834e-12,0.030121714251941295,3.187412856251219e-10
5387,5387,EPB41L3,0.11480430152462927,6.2932757182847014,0.7740216474823021,0.5991095107712169,6.376859297670642e-14,0.011926749161949454,1.290569047579979e-11
5388,5388,EPB41L4A,0.31815394129195074,5.482512883132743,0.6344056453783828,0.4024705228879624,1.8163571578047337e-08,0.04923274958417681,2.3637748949676386e-07
5389,5389,EPB41L4A-AS1,-0.4167250937083887,9.855704638896546,-0.5424951101207837,0.2943009445049612,3.6458089642157836e-06,0.08195354576723593,2.2990679417615838e-05
5390,5390,EPB41L4A-AS2,0.3454841016637654,5.589947799052769,0.42222411476121546,0.17827320308589206,0.0005103772083098389,0.0942004360879111,0.001855021558568238
5391,5391,EPB41L4B,0.6026471000714997,3.0688006900566127,0.7400484386372171,0.547671691529383,2.80775961292125e-12,0.06955589830979636,2.163773466825967e-10
5392,5392,EPB41L5,0.04254765552074025,6.778735921106048,0.05297960362134345,0.002806838399874668,0.6775742444781576,0.10184992903749178,0.7822193338402017
5393,5393,EPB42,0.08175272031519089,6.683645415791871,0.0974939379660984,0.009505067940137446,0.44343375086023373,0.10598755755269364,0.5837566030694858
5394,5394,EPC1,0.09066811290649736,6.423488080212236,0.07592150469230337,0.005764074874743445,0.5509996690634207,0.1512302433576221,0.6797640194592591
5395,5395,EPC2,-0.08762638940104582,7.679997374127558,-0.11801761339849245,0.01392815707227602,0.35300106059573244,0.09363679137322768,0.4955745845835064
5396,5396,EPCAM,0.4452490721924496,1.4771165086184066,0.35913687703875563,0.1289792964491503,0.003564016135032662,0.14694723395489154,0.01049765633897338
5397,5397,EPDR1,-0.06218633120880662,7.464174294523422,-0.3341567542740511,0.11166073642696857,0.0069628781831499705,0.022276054712138168,0.019035617605872062
5398,5398,EPG5,0.11611198867276805,6.445579216004125,0.06740051675664263,0.004542829659062464,0.596681117663928,0.2182877085607283,0.7166673389276988
5399,5399,EPHA1,-0.4865289684857654,9.472705056733188,-0.5652602467689944,0.3195191465773445,1.136572763151667e-06,0.09017213867446916,8.23435369222126e-06
5400,5400,EPHA1-AS1,0.14369209548121958,6.489517182050112,0.10781785162257072,0.011624689128506671,0.396427568786968,0.16827023599714913,0.5386947164960965
5401,5401,EPHA10,0.3165090743681582,5.588042420789282,0.2413129725749419,0.05823195073295465,0.05473822825789442,0.16165220308022585,0.11293410184114935
5402,5402,EPHA2,-0.174241403095482,8.169927289954616,-0.5346774421472856,0.28587996714116404,5.33606107974141e-06,0.034974318545373,3.2223202086391586e-05
5403,5403,EPHA3,0.246153596286694,6.080716428677848,0.5809834381011064,0.3375417553477821,4.822722926347498e-07,0.04379513232527788,3.8954145829934745e-06
5404,5404,EPHA4,-0.26293748716965776,8.491856645481963,-0.4635782053370789,0.21490475246354693,0.00011439720257827675,0.0638255884851944,0.0004899274790529367
5405,5405,EPHA5,-0.13618105547372109,7.474262390052798,-0.06689538598847869,0.004474992666547551,0.5994411269969349,0.25795905309184164,0.7188647711481377
5406,5406,EPHA5-AS1,0.12822601156612864,6.3563973857223255,0.1705948161428615,0.029102591294816724,0.17773447174784174,0.0940591673686564,0.29344617152329316
5407,5407,EPHA6,0.18809430140363592,6.4240203344483096,0.1007247872959148,0.01014548277580728,0.428399352098224,0.2359549643806085,0.5695182309277462
5408,5408,EPHA7,0.3718250615285839,5.7055630764594,0.6074984906654872,0.36905441616084506,1.021559015182648e-07,0.061743829638885785,1.014764241916525e-06
5409,5409,EPHA8,0.01784527824713281,6.9143815061448715,0.019126603642682326,0.0003658269669042687,0.8807561372216515,0.1184704854924438,0.9268550971617179
5410,5410,EPHB1,-0.21897807757172108,7.830837754507639,-0.2694067451455908,0.07257999432994132,0.031338253112633094,0.09941102666887801,0.07049235183900172
5411,5411,EPHB2,-0.1900740707744361,8.614660510373604,-0.5675837298764123,0.3221512904204201,1.0041286320967705e-06,0.03501575382999205,7.393541492028414e-06
5412,5412,EPHB3,-0.15797019777824542,8.315827710330531,-0.6354762030238303,0.4038300046095845,1.6898745284795257e-08,0.024376148250020505,2.2257161414130322e-07
5413,5413,EPHB4,-0.3724207240747301,9.708756295171462,-0.6564897423702079,0.43097878183730187,3.86541273607953e-09,0.05434683802235197,6.534388196705872e-08
5414,5414,EPHB6,0.2350150732479863,5.848806630611395,0.3648343777124792,0.13310412316085193,0.003036211905889181,0.07617063694126729,0.009117898879771212
5415,5415,EPHX1,0.07833755075736229,6.299221745929369,0.1879623650865332,0.0353298506889232,0.13692119155895713,0.05198674944434244,0.2385956709752327
5416,5416,EPHX2,0.30112486940867456,4.437426709673831,0.6739474579879545,0.4542051761284257,1.0362509317152765e-09,0.041921754144717,2.2021603460543976e-08
5417,5417,EPHX3,-0.05475632657268895,7.27822660340408,-0.12067271856835875,0.01456190500667832,0.34219772649643576,0.05720632341212581,0.4844594513127822
5418,5418,EPHX4,-0.10726375569996434,7.454178801419822,-0.6568792385422108,0.4314903340277946,3.7570456657917884e-09,0.015636535863002347,6.406206605726077e-08
5419,5419,EPM2A,-0.1553765890526214,7.757298752615932,-0.10541536038862018,0.011112398205862671,0.4070958941897304,0.1861483995495703,0.5490571492699684
5420,5420,EPM2AIP1,0.08273743318692166,6.4848352209343085,0.12136284774355068,0.014728940812424263,0.3394238135172457,0.0859405845373126,0.4817606791450453
5421,5421,EPN1,0.3137192237409421,4.829909710308233,0.32466009710408583,0.10540417865163444,0.008860091887337626,0.11607262478916948,0.023541753352183593
5422,5422,EPN2-AS1,0.11505857786192182,6.6285898492310675,0.09607354228378656,0.009230125526954524,0.45013530697769744,0.15139298423474806,0.5896963141320047
5423,5423,EPN3,0.12156734318274234,6.159110583458812,0.2075993671893272,0.043097497257409086,0.09975367328029512,0.07274931368609977,0.18564504940570564
5424,5424,EPO,0.3292519746766783,5.536373040495709,0.32025005802131745,0.1025600996626572,0.009884641427529052,0.12369325371918337,0.025904866285022584
5425,5425,EPOR,0.25194964596526026,5.769932621601579,0.14744337175673164,0.02173954787499377,0.2449647671092509,0.21464456797442685,0.3767551158913941
5426,5426,EPPK1,-0.33348274013922685,9.23539958965884,-0.3796940233838956,0.14416755139345028,0.00197171129544515,0.10319012290848714,0.006204215068710363
5427,5427,EPRS,-0.3043280328699899,9.688346234918926,-0.618803778019759,0.3829181156915272,5.043454659513534e-08,0.049064181246134334,5.577937214084044e-07
5428,5428,EPS15,0.17948235467510426,5.554094908159058,0.2465549826410839,0.06078935946514516,0.049530133538655485,0.089597033814429,0.10381097965346346
5429,5429,EPS15L1,-0.7548312371487572,10.633175985008844,-0.4005490615377075,0.16043955069873814,0.0010391078774591113,0.2192927564758008,0.0035148205383281872
5430,5430,EPS8,0.3421719817163015,3.4145160575257707,0.5354045295247786,0.28665801023564946,5.152395096300984e-06,0.06855126189671222,3.128035895646806e-05
5431,5431,EPS8L1,-0.40211678041500504,9.614887577405064,-0.618271480563147,0.3822596236777458,5.217151421480758e-08,0.06492024231041525,5.740722257732002e-07
5432,5432,EPS8L2,0.03457732189254891,6.817765703289495,0.03373342562617894,0.001137944004476946,0.7912992582605952,0.13010315253919402,0.8656991149058163
5433,5433,EPS8L3,-0.17888792240143486,8.704806510572004,-0.30898041027005924,0.09546889393065412,0.012982843421037973,0.06993039529775233,0.03281702746382366
5434,5434,EPSTI1,-0.06095607329988004,7.435668066841908,-0.19430923898870775,0.037756080356370764,0.12391632683672328,0.03908141456431434,0.22057778479633303
5435,5435,EPT1,-0.29945387638616416,8.932216747585262,-0.4451645132659028,0.19817144387126812,0.00022795173504681435,0.07649874621383339,0.000902595506022813
5436,5436,EPX,0.04642800757895826,6.8140615707271195,0.05810330823070819,0.0033759944273526817,0.6483535014626828,0.10130922970648934,0.7588010092511699
5437,5437,EPYC,0.005323930963485979,6.999991436496982,0.0034032581675722713,1.1582166155147375e-05,0.9787073658739208,0.1986731419178729,0.9875561299477613
5438,5438,EQTN,0.43170780480568455,5.660455261537922,0.14110838446616394,0.019911576166650742,0.2660547596154313,0.3846571997326984,0.401483799427494
5439,5439,ERAL1,-0.2795390958468897,8.960382239068249,-0.4514980949665864,0.20385052975845666,0.00018061891838718912,0.07015975994587192,0.0007330027506886395
5440,5440,ERAP1,0.033400408828296015,6.814349437997263,0.040071591466140234,0.0016057324426292435,0.7532318352887594,0.1057719196245972,0.8397323018734045
5441,5441,ERAP2,-0.016752925058557994,7.0996001170342735,-0.07708489615958553,0.005942081215934083,0.5448954333407523,0.027518917988401236,0.6745143370196937
5442,5442,ERBB2,0.07258929407545202,6.572010994692218,0.08108937743423575,0.0065754871326719425,0.5241380989933389,0.11331312010121787,0.6568408873669417
5443,5443,ERBB2IP,0.4662910966384504,3.8481695905640234,0.6837590194744971,0.4675263967127256,4.752356144247168e-10,0.06319857002192159,1.1774859531312634e-08
5444,5444,ERBB3,0.05768032886797966,6.597536384835949,0.0588109646619439,0.0034587295644684145,0.6443576626860787,0.1243429665902962,0.7555536704281479
5445,5445,ERBB4,-0.010162351779276404,7.052533766008265,-0.005028429987836161,2.528510814256997e-05,0.9685437171800144,0.2566613541154685,0.9814210291187078
5446,5446,ERC1,-0.0100236209349587,7.071732541010465,-0.010299045877660744,0.00010607034599016075,0.9356243969267471,0.12359723718455805,0.9621039135499648
5447,5447,ERC2,0.10239364971801183,6.658334792377339,0.0917176762684946,0.00841213214009238,0.4710317644116962,0.14118538346355908,0.6089303837582999
5448,5448,ERC2-IT1,0.21572451068347592,6.1568152460391135,0.21081670086955767,0.04444368136552456,0.09449594036545354,0.12703599089581444,0.17752888104322273
5449,5449,ERCC1,-0.5565477825902724,10.950584085024595,-0.7299425675986713,0.5328161519925407,7.745720346309957e-12,0.06618534406431277,4.4609993111527163e-10
5450,5450,ERCC2,-0.4898773072037631,10.09570311356848,-0.5089491001805029,0.25902918657454355,1.7518368792352716e-05,0.10522469536476464,9.259464881581598e-05
5451,5451,ERCC3,-0.2683767735135625,8.856618144628463,-0.4584847902433243,0.21020830288446507,0.00013897861399020934,0.0660663679172648,0.0005824621416601478
5452,5452,ERCC4,-0.5049242382529845,9.301027642786211,-0.43754237261482104,0.19144332783340684,0.00029984865416112324,0.1317848508380294,0.0011511660980191827
5453,5453,ERCC5,-0.06953858631051213,7.5704617237761775,-0.09389340115952396,0.008815970781303294,0.4605294617633268,0.09364230374242684,0.5995049891484726
5454,5454,ERCC6,-0.3583155664234954,8.895051214038086,-0.3402832660777937,0.11579270117257055,0.005937080225904253,0.12574950559624318,0.016519012243602287
5455,5455,ERCC6L,-0.224488188884332,8.167906590866156,-0.604861617782678,0.3658575766666785,1.1996418941399114e-07,0.03753487973417456,1.1680865655395585e-06
5456,5456,ERCC6L2,0.37747203933856494,5.187475809622878,0.2364169924450131,0.05589299431674537,0.059996755265406036,0.19702478608877705,0.1219541357447604
5457,5457,ERCC8,-0.3851120368347175,8.89478780279538,-0.52164029595622,0.2721085983652928,9.864649989750516e-06,0.07999326257282112,5.565893578114836e-05
5458,5458,EREG,0.12645455673871595,6.439944905424591,0.24464730863650005,0.05985230562308291,0.05137642806790859,0.06364968212141964,0.10696630610619752
5459,5459,ERF,-0.2437059164376402,8.496905776519629,-0.2528953333322897,0.06395604962124994,0.04377999952978343,0.11840704228250465,0.09368141203729843
5460,5460,ERG,0.8107606091852749,3.587797763047081,0.5907278416632241,0.3489593829160912,2.770665637799139e-07,0.14064147015749084,2.3922952307232994e-06
5461,5461,ERGIC1,-0.20080147148990174,8.358855898696858,-0.2240107480167352,0.05018081522701722,0.07516523885227483,0.110948812611326,0.1470192802044146
5462,5462,ERGIC2,-0.29498160097807885,8.970150714224857,-0.31566332806856234,0.09964333668732082,0.011057973742004729,0.11261137054661298,0.028540868992103258
5463,5463,ERGIC3,-0.16247113849532668,7.988120633265608,-0.10006179965010104,0.010012363749216959,0.431460671268788,0.2051761871025396,0.5723723063849273
5464,5464,ERH,-0.5033125381298024,12.376976601136873,-0.6497519818449252,0.4221776379114081,6.2808655641827795e-09,0.07478103374758302,9.827467037021538e-08
5465,5465,ERI1,-0.24611166960262976,8.335167075546831,-0.6056136201834298,0.3667678569516796,1.1460760196979105e-07,0.04106976368119095,1.121983553641874e-06
5466,5466,ERI2,-0.468007482067083,9.356652890882788,-0.4381665041682921,0.19198988537506195,0.00029326330416982755,0.12193438030888185,0.0011296010053001807
5467,5467,ERI3,-0.17553227500509788,8.294170590708985,-0.4158417308141704,0.17292434508652496,0.0006323593638750203,0.04875348728950795,0.002254485022178723
5468,5468,ERICH1,-0.5424054190325422,9.5329220506626,-0.20579979547048333,0.04235355581569278,0.10279221466196224,0.32755620925213785,0.1901007016424657
5469,5469,ERICH1-AS1,-0.04851810615612185,7.2252077950348115,-0.0497963062682704,0.0024796721179633865,0.6959735583966209,0.1235867021909531,0.7963315045409556
5470,5470,ERICH3,0.33793741127399785,6.015173219057754,0.16844737967652182,0.028374519719886294,0.1833373185824687,0.2511456245170741,0.30081600499343536
5471,5471,ERICH3-AS1,-0.03887501140233051,7.159139702182912,-0.02649738653673268,0.0007021114932770223,0.8353557685490298,0.18625979832803846,0.8969428187323061
5472,5472,ERICH4,-0.08269116667623252,7.353988705303847,-0.0973253783324922,0.009472229267562743,0.4442261101649133,0.1073916467722539,0.5843589123813144
5473,5473,ERICH5,0.3103285914335137,5.916020264490862,0.4838189635274095,0.2340807894687368,5.117076663547129e-05,0.0712909726383952,0.000240265167279083
5474,5474,ERICH6,0.052383164281378534,6.817117983691236,0.04878283867918675,0.0023797653495995588,0.7018688070692947,0.13621076768391893,0.8010841204388117
5475,5475,ERLEC1,0.05003970467615016,6.625046576492085,0.03769839323634129,0.0014211688526018227,0.7674223504577581,0.16845628949754626,0.8492695550997408
5476,5476,ERLIN1,-0.03680745672311252,7.353297071838607,-0.04564807072017301,0.0020837463604739164,0.7202131978500504,0.1022973977856032,0.8157522667492988
5477,5477,ERLIN2,-0.09930434155863012,7.683204422075613,-0.12187183758333416,0.014852744795938575,0.3373870156953792,0.10271162677602803,0.47967062026637325
5478,5478,ERMAP,-0.03921326142104579,7.229670631707648,-0.06011324334217079,0.0036136020251150407,0.6370304460705405,0.08269530523497222,0.749722516829215
5479,5479,ERMARD,0.004872384094421176,6.980727164210898,0.006895421687338173,4.7546840246213626e-05,0.9568740010290692,0.08973761371420305,0.9739192748770678
5480,5480,ERMN,0.07124900819277599,6.782668393577525,0.048067447802338466,0.0023104795382305325,0.7060407589161821,0.18803107126558896,0.8044043054837651
5481,5481,ERMP1,0.12528590344509236,5.914137505287199,0.17069982326206368,0.029138429661699775,0.1774637249196244,0.09184424495793486,0.29311089643310706
5482,5482,ERN1,0.20507260865197285,5.877810243619951,0.1953543777885556,0.038163332921153696,0.12186817610688415,0.13074928656825113,0.21754639795520372
5483,5483,ERN2,0.21693931816657172,5.2716075078863724,0.2517088127901271,0.06335732643621524,0.04481210277080553,0.10593292766688947,0.09556884828656625
5484,5484,ERO1L,-0.2270208604991683,8.907114835131658,-0.6520951371439371,0.4252280678867701,5.312494924425689e-09,0.033520210341843514,8.546959701964213e-08
5485,5485,ERO1LB,0.32114485670510845,5.723868315839034,0.5286993068172695,0.2795229570290613,7.095169598564728e-06,0.06547966649908284,4.1593366988879044e-05
5486,5486,ERP27,-0.10995731701591308,7.647744370468336,-0.4056617593777111,0.16456146302141994,0.0008824253658837422,0.031464546166008175,0.0030384673713169724
5487,5487,ERP29,-0.3753247080030525,10.94088860798612,-0.4533569028348526,0.20553248134801,0.00016854723682080788,0.09371500894106503,0.0006902213338416404
5488,5488,ERP44,0.5899079016346368,2.923970369180229,0.526430518781685,0.27712909110475403,7.89426521861424e-06,0.12099785842888387,4.5586750215757695e-05
5489,5489,ERRFI1,-0.061240128089070374,7.475095534577807,-0.19552322665569305,0.03822933216185352,0.12153972105433425,0.03901015302288029,0.21708906617467824
5490,5490,ERV3-1,-0.2622554993348152,7.836422670967513,-0.18220858312443766,0.03319996776421511,0.14957524213148532,0.17973317912685968,0.2563555099610063
5491,5491,ERV3-2,0.06631669965057874,6.817358846121856,0.039145567721180975,0.001532375472213566,0.7587596040663832,0.21498663284211295,0.8435206748835941
5492,5492,ERV9-1,0.09138307888125864,6.568873179975539,0.13352186831117932,0.01782808931730791,0.29287263886111353,0.08614127500958009,0.43159669243715026
5493,5493,ERVFH21-1,0.04313005069413295,6.866065819609259,0.0368211049801663,0.0013557937719604278,0.7726876852131623,0.14865951100986474,0.8526175952488687
5494,5494,ERVFRD-1,0.3703882875401464,5.593218216172562,0.31006931893216705,0.09614298254305792,0.012650767519871804,0.14422895999996382,0.03209000476078528
5495,5495,ERVH-1,0.0930780444842043,6.257504716426006,0.16946677351817385,0.02871898732666003,0.18066192166858652,0.06874471156970283,0.29750828241317423
5496,5496,ERVH-3,-0.09458658522872752,7.358161646962772,-0.10732819784404916,0.011519342052451356,0.3985884236130858,0.1112766269626132,0.5407578636253134
5497,5497,ERVH-4,0.19897458150788114,6.060212960284217,0.2449414209191684,0.059996299681901226,0.05108816879179927,0.10002401974886264,0.10651976653056162
5498,5498,ERVH-6,0.13873097894807174,6.216556121879492,0.14855807331719234,0.022069501147716303,0.24137566799224006,0.117283074765608,0.37255809624889225
5499,5499,ERVH48-1,-0.1365653156100317,7.5790144763880605,-0.11108011456254901,0.012338791851229013,0.3822080632099552,0.15517160322550144,0.5253389786614776
5500,5500,ERVK13-1,0.07956648917669233,6.679229354621763,0.07708226958656228,0.005941676284615464,0.5449091777983847,0.1307030705693871,0.6745143370196937
5501,5501,ERVK3-2,0.09174941658546193,6.694925529869553,0.0699568819447026,0.004893965331425058,0.5828006788218112,0.16615434484478514,0.7058780120043097
5502,5502,ERVMER34-1,-0.28655189168318673,8.29843740333738,-0.3512783487434872,0.12339647829595098,0.0044251360047438855,0.09699685610464408,0.012724249127968244
5503,5503,ERVMER61-1,-0.3983882787113607,8.123474266317315,-0.18982336932205351,0.03603291154077673,0.13300589297899773,0.26169301633631936,0.23310477601652604
5504,5504,ERVV-1,0.10836662463835492,6.619097564740971,0.09438371237321153,0.00890828516134912,0.4581804812290559,0.14516421470826685,0.5970932371074926
5505,5505,ERVW-1,-0.09262477844583633,7.391195025018767,-0.0934913380031565,0.008740630281620455,0.462460556340337,0.12527188571829878,0.6010432929750328
5506,5506,ESAM,0.06462904237764673,6.659794998881159,0.07564361948080202,0.005721957168156372,0.5524625532168264,0.10819657152304553,0.680870558870319
5507,5507,ESCO1,-0.23813967853692075,8.42654901207716,-0.3071158840686374,0.09432016624726072,0.013568931205392496,0.09371756332721708,0.03408365679767712
5508,5508,ESCO2,-0.4497056677857231,8.691005796285816,-0.5467351219724285,0.29891929359820624,2.9533895221199287e-06,0.08746605735085389,1.9074157501195067e-05
5509,5509,ESD,-0.3737816327024876,10.017374441884725,-0.2363609838411237,0.05586651468234392,0.06005919468838002,0.19514751411016432,0.12206305593400933
5510,5510,ESF1,-0.27851207854524485,8.694403137101231,-0.5462974711745379,0.298440927011695,3.0187033461322943e-06,0.05423143824873198,1.9443789696756348e-05
5511,5511,ESM1,-0.39130223453139096,8.316600009027912,-0.545564351372912,0.29764046148894624,3.131148295186745e-06,0.07633966344824178,2.006659258131665e-05
5512,5512,ESPL1,-0.24402577368742875,8.625361463756228,-0.5451460735685286,0.29718424152718365,3.197046276614008e-06,0.047659305621248683,2.0399183553358462e-05
5513,5513,ESPN,0.33823810947776795,4.989982974647886,0.6122544821399423,0.3748555509004489,7.616811000548066e-08,0.055473415975414164,7.918484984007123e-07
5514,5514,ESPNL,0.09904609445794058,6.418825640678463,0.10810022741553067,0.011685659167289449,0.3951845797921678,0.11568111116576413,0.5374778341539627
5515,5515,ESR1,0.36907363194943454,5.398349747626221,0.19557920975598386,0.038251227288775135,0.12143096854541995,0.235031085962329,0.21699848356585813
5516,5516,ESR2,0.3550142792404287,5.593329281317469,0.19696656803780235,0.03879582892459021,0.11875954555813895,0.22442192448058604,0.2131827101796796
5517,5517,ESRP1,0.14319458421073306,5.509093212396558,0.14997148846362882,0.02249144735199635,0.23687693147729946,0.1198898257818885,0.3672635462977676
5518,5518,ESRRA,0.2269684361058817,5.2517429668150655,0.2586307135132616,0.06688984597237878,0.03906336807431676,0.10766039781098743,0.08509377684833815
5519,5519,ESRRB,0.030905992342636333,6.892804107862747,0.025252009305579186,0.0006376639739690578,0.8429933942446294,0.15538618211638075,0.9017136154691113
5520,5520,ESRRG,0.016340974703058606,6.956239694583097,0.018853774673980167,0.0003554648194572161,0.8824449277958153,0.11005419427033908,0.9278462116897259
5521,5521,ESX1,-0.17199045967600168,7.551593996968265,-0.10029346529451497,0.010058779180782077,0.43038956077548784,0.2166908532175676,0.5715389672283797
5522,5522,ESYT1,-0.341733248253212,9.749582352276892,-0.6458607445106828,0.4171361012998934,8.26815834055261e-09,0.051302210639862116,1.2314096895781757e-07
5523,5523,ESYT2,-0.12613681584523725,7.962025926940483,-0.194813692506466,0.037952374788003874,0.12292450547520067,0.08065379865839188,0.2191790997172063
5524,5524,ESYT3,-0.1926324863250269,7.6370423676304515,-0.08524478890150812,0.007266674034862681,0.5030247511847787,0.2859447626587451,0.6382119162705873
5525,5525,ETAA1,-0.2865068983375617,8.67605394092829,-0.4035401176603624,0.16284462656133908,0.000944648279334474,0.08250030548223845,0.003230866997615953
5526,5526,ETF1,-0.25826986466024315,9.30038533321811,-0.4846652672759725,0.2349004213036899,4.942314712169381e-05,0.05919635606147385,0.00023322254323823917
5527,5527,ETFA,-0.09625065348057607,8.047540780006717,-0.12246548690005064,0.01499779548166648,0.3350211437594941,0.09906328600290236,0.47726352661744914
5528,5528,ETFB,-0.19951345806921453,8.904184728773261,-0.20350047298739854,0.04141244250609493,0.10677849871902316,0.12190648863801964,0.19603971087413707
5529,5529,ETFDH,0.2480955081381652,5.259202861568481,0.6666309583165186,0.444396834586,1.8184316125325866e-09,0.035230591420345604,3.469439345320984e-08
5530,5530,ETHE1,0.31565601009406963,3.3122093031538435,0.7882864297491164,0.6213954953266086,1.0642031674480944e-14,0.031291548562430195,3.1142323771741193e-12
5531,5531,ETNK1,0.04048654239311948,6.750455468495746,0.12933795602032433,0.01672830686751535,0.30839448933611857,0.03942081685713817,0.44856815331633854
5532,5532,ETNK2,0.005555801065907337,6.987829989713379,0.0065176482747386745,4.247973903320401e-05,0.9592346423808976,0.10825568126288268,0.975405061079937
5533,5533,ETNPPL,0.2601247328792859,6.246608626457768,0.1557368425720149,0.02425396413430055,0.21912679552461606,0.2095380195068256,0.3457333884943942
5534,5534,ETS1,0.2055597570067826,5.622549308131681,0.415495376192924,0.17263640763769947,0.0006396797308834077,0.057151055919341415,0.002277583783669877
5535,5535,ETS2,-0.24368302873348416,8.975363610331039,-0.6343619760736221,0.4024151166880307,1.8217021280443573e-08,0.037713088241201946,2.3682939052884536e-07
5536,5536,ETV1,0.22763777156417486,5.975161558840487,0.28218788354910485,0.07963000162192316,0.023874921874242783,0.09828592858235212,0.055838798270518145
5537,5537,ETV2,0.1115166671461039,6.538297253627126,0.12910683103290924,0.016668573819360176,0.3092671265140276,0.10877890298624314,0.4495053107363761
5538,5538,ETV3,-0.0546158417196169,7.340874107927838,-0.03951667417818009,0.0015615675381044454,0.756542874177787,0.17538927998812462,0.8421804318264523
5539,5539,ETV4,-0.26887863523822403,8.635890434507079,-0.7489316936019863,0.5608986816815394,1.1063534438220814e-12,0.030213470319947488,1.0989946709159255e-10
5540,5540,ETV5,-0.0507249386474158,7.254253062246741,-0.03563283908594641,0.00126969922132495,0.7798357226926601,0.18067554448325765,0.8578351404505514
5541,5541,ETV6,-0.38958051322895104,9.49309908297582,-0.3242018262323757,0.10510682413240753,0.008962063761291984,0.14436819342661966,0.02377768815863488
5542,5542,ETV7,-0.3368954260785131,8.594501468248438,-0.31126729139871234,0.0968873266946909,0.012293928830623937,0.13062814265056868,0.03131322380935796
5543,5543,EU250746,0.23946006283991034,6.252123777104844,0.17461112501050635,0.03048904497743468,0.1675912851009039,0.17149114391923412,0.2803584071497224
5544,5544,EVA1A,-0.24451140168687102,8.199309481304763,-0.4714704716023242,0.222284405592918,8.409633738331398e-05,0.05808435570263494,0.0003733305014423256
5545,5545,EVA1B,0.4631326986929573,4.094444351777399,0.4120809495742971,0.1698107090020544,0.000716069999108287,0.13005157788819638,0.002515246687865362
5546,5546,EVA1C,-0.12039658360106867,7.661172373415133,-0.2514316976191985,0.06321789856767206,0.04505601497503075,0.05885963751954116,0.09603228388624911
5547,5547,EVC,0.4155581148322249,5.077801593736762,0.3570324742066799,0.12747218763814352,0.0037786473970633327,0.13807588730253326,0.01105018357642221
5548,5548,EVC2,0.3164803491760251,5.843228235751482,0.2559374291485349,0.06550396763916133,0.041222990323927546,0.15181190570244754,0.08910799116237283
5549,5549,EVI2A,0.12816677455223752,6.129049166968953,0.633591161275996,0.4014377596470652,1.9185337430396827e-08,0.01987582472660721,2.465628973621622e-07
5550,5550,EVI2B,0.11711445250011243,6.124295733086457,0.6267501285088071,0.3928157235858062,3.019234927638742e-08,0.01849185478591177,3.578627934210014e-07
5551,5551,EVI5,-0.519976911419031,9.677625595929827,-0.3654145954442831,0.13352782656370907,0.002986575063392923,0.1682207772557939,0.008987532378790125
5552,5552,EVI5L,0.0988205998556218,6.547448962536566,0.08138431928465817,0.006623407425427186,0.5226250487802482,0.1536978763516243,0.6556277042831812
5553,5553,EVL,0.2322129796219197,5.7098958451923565,0.5208628697245598,0.2712981290577037,1.0224659859161566e-05,0.048332826041883145,5.7480531996402835e-05
5554,5554,EVPL,-0.2565583697823431,8.588844333494754,-0.5183194385429046,0.2686550403714319,1.1489786715693465e-05,0.05375934670073574,6.381413986364247e-05
5555,5555,EVPLL,-0.00031130321877006334,7.01732278456915,-0.00030116674262129216,9.070140686111962e-08,0.9981155205212784,0.13127460948141906,0.9987150724003457
5556,5556,EVX1,0.20690180022461305,6.06518612743705,0.22364871055436736,0.05001874573263119,0.0756499451984667,0.11451425284552877,0.14778525604626036
5557,5557,EWSR1,-0.4151790109896708,9.710671745515203,-0.4279952119619754,0.18317990146237625,0.0004189317115874407,0.11134323683429684,0.00155780436172242
5558,5558,EXD1,-0.15702301095663707,7.490082167634772,-0.0722362262625311,0.0052180723846515864,0.5705498178123402,0.2753444644395633,0.6958751481423946
5559,5559,EXD2,-0.07820993365203037,7.519748311381838,-0.06918931093236562,0.004787160747295569,0.5869529412928627,0.14321386069331074,0.7090784011858542
5560,5560,EXD3,-0.06980382707133193,7.372073355596992,-0.05872337266317223,0.003448434496937803,0.6448517175996864,0.15070313491659104,0.7559297408003959
5561,5561,EXO1,-0.20872609920874485,8.343167535746517,-0.678152341380059,0.459890598119256,7.446561536577375e-10,0.028727280515313636,1.6850082557427696e-08
5562,5562,EXO5,-0.1655322735978786,7.821239753184725,-0.14081470810328334,0.019828782018212896,0.2670611400415885,0.1478052257062372,0.4026463125809788
5563,5563,EXOC1,-0.2630168189776355,9.472453975302226,-0.364344348898851,0.13274680457452764,0.003078703463770256,0.08537851419148026,0.009231421144827594
5564,5564,EXOC2,-0.20515414698525256,8.18485650969475,-0.3256463534436357,0.10604554751113733,0.008644059056955576,0.07564773549727638,0.02303841216964591
5565,5565,EXOC3,-0.19329481818956468,8.175694399675677,-0.19098464699438186,0.036475135387568636,0.1306059298873423,0.12617036920464764,0.23003427504761262
5566,5566,EXOC3L1,0.018175783109161604,6.914650783763597,0.016405361692025312,0.00026913589224617163,0.8976228758453292,0.14068669492479718,0.937178698058464
5567,5567,EXOC3L2,0.11863566410741637,6.1324316432133825,0.1968304823778111,0.0387422387930818,0.11901957938362448,0.07504936013354083,0.21351743778911345
5568,5568,EXOC3L4,0.17680609755266846,6.146601294837331,0.18441843854558693,0.03401016047559243,0.1446160600009656,0.11966946031451843,0.24958058763930502
5569,5569,EXOC4,-0.268026563315095,8.713352830138495,-0.2869158392440643,0.08232069880912574,0.021524960396635918,0.11365091507389548,0.05105399971403623
5570,5570,EXOC5,-0.1469567508771148,7.96874751755434,-0.2285980776342051,0.052257081098054055,0.06923532514531833,0.07948156262960873,0.13722231063718365
5571,5571,EXOC6,-0.3737179568293083,9.276347613335254,-0.5244689686591097,0.27506769908635026,8.651986665604871e-06,0.07705078173742579,4.9461132852078533e-05
5572,5572,EXOC6B,0.4194787585274426,4.973367252687728,0.3879438838000913,0.15050045697789874,0.0015379598705541914,0.12656883852049666,0.004966376528012379
5573,5573,EXOC7,-0.0543936271062133,7.34966527354642,-0.03425732872115269,0.0011735645711091131,0.7881328308547816,0.2015318510716011,0.8637256656999011
5574,5574,EXOC8,-0.12146534427754473,7.855924667524442,-0.1963352132396076,0.03854751595784217,0.11996962094627167,0.07704106099406356,0.21490450530146502
5575,5575,EXOG,-0.5920992167294633,9.903140061808557,-0.4639432044320981,0.2152432969387236,0.00011279933450906787,0.14358244384773608,0.0004837927488203337
5576,5576,EXOSC1,-0.4972463784544812,9.511585555242034,-0.3824859851562756,0.1462955288409667,0.0018139987310905755,0.1525506404946985,0.005743003292655908
5577,5577,EXOSC10,-0.3627109564318244,9.259658772048029,-0.35291210123197964,0.12454695119597105,0.004232317508083779,0.12212784929555302,0.012244600619579726
5578,5578,EXOSC2,-0.3992706237410096,9.279319157731212,-0.6894344425083733,0.4753198505168314,2.985603631757521e-10,0.053275293914764134,8.152994532876307e-09
5579,5579,EXOSC3,-0.3791528127371335,9.201727049419164,-0.5980911884009399,0.3577130696428487,1.8004287216185387e-07,0.06452315213757615,1.6471602858745017e-06
5580,5580,EXOSC4,-0.32143422154701395,9.599455064891448,-0.6218814086426295,0.3867364864153412,4.141566600217216e-08,0.05140581597593905,4.710379449984444e-07
5581,5581,EXOSC5,-0.25765414452014995,9.044351215431682,-0.718008275830043,0.5155358841604312,2.4255399864057923e-11,0.031720691428339845,1.0611124930427764e-09
5582,5582,EXOSC6,-0.3922960488096656,9.675228997474344,-0.4598057419412837,0.21142132032217434,0.00013217591119038514,0.09622019095356896,0.0005567534247865766
5583,5583,EXOSC7,-0.4034845168901616,9.860753860145572,-0.720314565020181,0.5188530725802125,1.9543108044726776e-11,0.04934551559749894,9.081673920784514e-10
5584,5584,EXOSC8,-0.2270148204717749,8.905854406228517,-0.6626654862998356,0.4391255467329976,2.4504710718014212e-09,0.0325834332987967,4.459239584862166e-08
5585,5585,EXOSC9,-0.2595679584513172,8.823272941842697,-0.5048709892719689,0.2548947158084566,2.0967512597755215e-05,0.05636164265958831,0.00010844315388210872
5586,5586,EXPH5,0.2878049749730071,4.967063496937358,0.5132862345760185,0.2634627586052275,1.4433720698033906e-05,0.06111392686375953,7.780615928021636e-05
5587,5587,EXT1,0.36003428497463075,4.835502712523686,0.6879551161462913,0.4732822418318573,3.3735821640154135e-10,0.04823662239078121,8.985845235148066e-09
5588,5588,EXT2,-0.3200820401265969,9.514206282804556,-0.4242861543504735,0.18001874077351382,0.00047580379651926435,0.08675780691778759,0.0017425958571076713
5589,5589,EXTL1,0.12754915323341842,6.4453355285288945,0.14656354717559192,0.02148087336069196,0.2478232859260405,0.1093302716452623,0.37993722171528543
5590,5590,EXTL2,-0.20825276745019786,8.437319218466445,-0.5011707838821009,0.2511721546169995,2.463253138579906e-05,0.045666758293686716,0.00012550999227281848
5591,5591,EXTL3,-0.1454794093196622,7.835488823702108,-0.13867512879086608,0.01923079134516329,0.2744701692962629,0.13194426485668298,0.4112399858929338
5592,5592,EXTL3-AS1,-0.0008487892463963029,7.018934613958044,-0.0005768851809358426,3.327965119833798e-07,0.9963902865113426,0.1868592359691591,0.9976549248327293
5593,5593,EYA1,0.15852315998508668,6.373094635770808,0.11408477827887364,0.013015336634939765,0.3693852093699948,0.1753171393366679,0.5124631115963378
5594,5594,EYA2,0.12913002507297866,6.388269280413942,0.44284928233755533,0.1961154868668879,0.00024791516848567027,0.03320261399245488,0.000972044717283576
5595,5595,EYA3,-0.7599687618121209,10.854693516324051,-0.444226126960456,0.1973368518742872,0.00023585870862046366,0.19465360919885846,0.000931179641782341
5596,5596,EYA4,0.38958288013946507,5.7522396509890426,0.19658244750884124,0.03864465866856632,0.11949464641812925,0.24677505260028804,0.21424545191129232
5597,5597,EYS,-0.02397376220997598,7.0820128535070745,-0.015973067253870626,0.00025513887749667414,0.9003066691145847,0.1905884677767896,0.9388491245148961
5598,5598,EZH1,0.1568065118459884,6.199173611265158,0.10073208755614947,0.010146953463419765,0.42836571221048136,0.1966915836580728,0.5695149495283628
5599,5599,EZH2,-0.1521449033947577,8.01652858723027,-0.6633554082561876,0.4400403976627333,2.3272831204927475e-09,0.02179684510692388,4.260401730667646e-08
5600,5600,EZR,0.28579699452360746,4.476731744019269,0.524817706607145,0.2754336251683833,8.512503049474537e-06,0.05886978116242369,4.8792549903750956e-05
5601,5601,F10,0.25236986686072643,5.8696616956185315,0.3279771131071288,0.10756898672208637,0.008151683233161578,0.09231779909655584,0.021874188403235933
5602,5602,F11,0.4326075400034583,5.5599554485660825,0.17953990983011414,0.032234579221805525,0.15573147221873296,0.3010386704460513,0.26466528260058564
5603,5603,F11-AS1,-0.190869736919086,7.662771041377125,-0.1266357833704901,0.0160366216298577,0.3186962077043361,0.1898778285069255,0.45957024557750537
5604,5604,F11R,0.0009776310375238335,7.007350055461732,0.0009445662437428658,8.92205388818507e-07,0.994089648078848,0.13144574174604812,0.9962980032106941
5605,5605,F12,-0.3548938434619287,8.988200220644853,-0.6206182632365863,0.3851670286627967,4.491529013835645e-08,0.056945137201176374,5.036978808628218e-07
5606,5606,F13A1,0.09360543583404846,6.41825788787007,0.6664617652027105,0.4441712844771128,1.8418931148788038e-09,0.01329843319061678,3.5049380845958255e-08
5607,5607,F13B,0.07516952975313637,6.790474595407738,0.045771334510042505,0.0020950150628302076,0.719488812477014,0.20835168150200092,0.815307704562519
5608,5608,F2,0.09759715243428678,6.504409309032894,0.15723235579142564,0.02472201370772146,0.21467882106046493,0.07785089166754279,0.3400533881986956
5609,5609,F2R,-0.3033995065150933,8.641670154629544,-0.3869900324589775,0.14976128522260046,0.001583295676688511,0.09180993590905002,0.00509391535670541
5610,5610,F2RL1,0.2687450555473201,4.353372097448267,0.7437143294687548,0.5531110038571596,1.9206646426623787e-12,0.030678796537585814,1.6165793778412938e-10
5611,5611,F2RL2,-0.2492542504028929,7.906113806507252,-0.4760621068080365,0.2266351295385063,7.00670222223178e-05,0.058475687185987016,0.000316962892463817
5612,5612,F2RL3,-0.25421551540357384,7.859347276094044,-0.17937916842760818,0.032176886065780216,0.1561081795048387,0.17706478520669544,0.2650974456694858
5613,5613,F3,-0.23354856220184414,8.830447435304414,-0.5062369283773408,0.2562758276529249,1.974761190965967e-05,0.05052815951467849,0.00010287094921907149
5614,5614,F5,0.3692093629826729,5.521045696475924,0.31089611342476403,0.09665639334262374,0.012403549421274841,0.14334681768101273,0.03155531751852757
5615,5615,F7,0.3909595629885838,4.995830239055137,0.3035739592916767,0.09215714876002458,0.014745273334015912,0.15583923944606026,0.03671061095057652
5616,5616,F8,-0.060168275010358964,7.347696498614098,-0.1248842527031641,0.015596076573227747,0.3254897589147304,0.060708668046840074,0.4670032948584435
5617,5617,F9,-0.1894528853248592,7.617048270943743,-0.12087924114392325,0.01461179093953075,0.3413661483015176,0.19758653027058395,0.48364930847290116
5618,5618,FA2H,0.08710089719524859,6.385665311558563,0.1346582261666126,0.01813283787433859,0.2887468393700555,0.08139922355973457,0.42733740489170674
5619,5619,FAAH,-0.17482010184593272,8.249772064196739,-0.2313852113031679,0.05353911600981165,0.06581954032357533,0.0933493419831739,0.13168164686871986
5620,5620,FAAH2,-0.4111316450805799,9.666280849213463,-0.6288973437281294,0.39551186894829704,2.621818965409353e-08,0.06455043746497482,3.1824826062746377e-07
5621,5621,FABP1,0.3223237940583508,3.6380855005330033,0.6997017560333185,0.4895825473961096,1.253011982116472e-10,0.041797115924990615,3.996167079931105e-09
5622,5622,FABP2,0.2580136150467868,5.25999584888171,0.5333467208116388,0.2844587246005282,5.68813557727818e-06,0.05197021279792207,3.4180776613830205e-05
5623,5623,FABP3,0.374714528326514,5.308262642303407,0.3786791727443313,0.1433979158703312,0.0020320119049590255,0.11631154662028333,0.006369892559624738
5624,5624,FABP4,0.2787780383559607,5.773917772652402,0.7267845481746589,0.5282157794654431,1.0538140898770431e-11,0.033460215467194215,5.705086029071842e-10
5625,5625,FABP5,-0.055410601481633084,7.596215637172125,-0.1188436342688176,0.014123809406220482,0.34961774864052764,0.058793902071800214,0.49232490225065845
5626,5626,FABP6,-0.2479799943091732,8.046768388370023,-0.5687195037389727,0.3234418739331034,9.447934586603221e-07,0.045548621307757116,7.019262579053423e-06
5627,5627,FABP7,-0.5209732371725901,8.770787670829973,-0.2997538895683056,0.08985239431132792,0.016111240468362792,0.21057686577670712,0.03965097310403412
5628,5628,FADD,-0.11804624440462864,8.006435676881322,-0.13113987204673086,0.017197666040432942,0.3016456947016075,0.11333255088755237,0.44119272216587285
5629,5629,FADS2,0.05912423389646195,6.7006035968830195,0.06719131551220141,0.004514672880260197,0.5978234982212046,0.11149976939693086,0.7175818014734354
5630,5630,FADS3,0.2895418536211262,5.345615801303103,0.3609749323730209,0.13030290180170706,0.0033854745173174947,0.09499975219576184,0.010041962996050547
5631,5631,FAF1,-0.5864837324139587,10.59883792680739,-0.6617216759518979,0.4378755764245888,2.6290502316977825e-09,0.08439194421251703,4.7090225614074014e-08
5632,5632,FAF2,-0.5154971845307488,11.172611492151361,-0.4095293242757944,0.16771426744178874,0.0007784539456122153,0.14584168489037966,0.002710631965305117
5633,5633,FAH,-0.35626033303972826,8.9236340298356,-0.3448595762193357,0.11892812731017982,0.005259980809084924,0.12315016644624785,0.014860389356912463
5634,5634,FAHD1,0.06719358488212973,6.490091826353233,0.12516088315586718,0.015665246672356636,0.3244107442245924,0.06764485305262406,0.4659491056697982
5635,5635,FAHD2A,-0.6822746255729779,11.369432663699328,-0.5053854915828884,0.2554144951024777,2.050003084104096e-05,0.1479441828841449,0.00010625375008682193
5636,5636,FAHD2CP,-0.31076324910626885,8.3478685513017,-0.225219212743994,0.050723693789024416,0.07356519653781908,0.17073583906256418,0.144363781697007
5637,5637,FAIM,-0.1846259318571865,8.231446209902815,-0.7376278373022402,0.5440948263631802,3.5954174636459232e-12,0.02146331590476991,2.6215072449579955e-10
5638,5638,FAIM2,-0.1984894642880408,7.973939217803572,-0.4511262724766595,0.20351491371868527,0.0001831268044024077,0.0498691905374603,0.0007424847311990524
5639,5639,FAIM3,0.1105496466536482,6.315373294722506,0.4506380320688906,0.2030746359469225,0.0001864684003561864,0.02781265810405313,0.0007546202970871269
5640,5640,FAM101B,0.1531274251098703,6.005747622277133,0.4056991464154445,0.16459179740222024,0.000881362925740783,0.0438129411923365,0.0030357744801839757
5641,5641,FAM102A,0.3262062760790823,5.058132894623452,0.4056898176581595,0.16458422815151072,0.0008816279158525592,0.09333696933395287,0.0030362042808185705
5642,5642,FAM102B,0.2169640497481947,5.046077593040816,0.3860626634707277,0.14904438012611235,0.001628519648803417,0.06583966108898302,0.005224532295531555
5643,5643,FAM103A1,-0.10915379430314984,7.955564002223765,-0.12573621063334042,0.01580959466443175,0.32217392854010224,0.1093760380649681,0.4634741528290649
5644,5644,FAM104A,0.0773936846139891,6.3909919005287374,0.10366170667826798,0.01074574943145127,0.4149874135472563,0.09430729458982696,0.5560297265416307
5645,5645,FAM104B,0.15158857317787708,6.180798762554427,0.1499137349771769,0.022474127934807228,0.23705961333222186,0.1269677216041215,0.3674941604058461
5646,5646,FAM105A,0.182940054908035,5.819670631449107,0.2577249412191035,0.06642214532639035,0.039778954260797916,0.08710273295698064,0.08640919395301222
5647,5647,FAM106A,0.3961382717785545,5.674562247568072,0.3209050861912969,0.10298007434344372,0.009726239089883562,0.14848254487613408,0.025532998847306164
5648,5648,FAM107A,0.2774268904621241,5.535461469782481,0.6580181949052043,0.4329879448263034,3.4564588792138325e-09,0.040319111499219455,5.973632644004433e-08
5649,5649,FAM107B,0.2011111862480024,5.274091967107295,0.6703949820423537,0.4494294319475677,1.3642855183536696e-09,0.028269369590460933,2.7336032182298786e-08
5650,5650,FAM109A,-0.057167611143879686,7.432640174119648,-0.06720824515221549,0.004516948216440297,0.5977310148773105,0.10778258106845744,0.71754892883021
5651,5651,FAM109B,-0.2821121675605849,8.97222247889939,-0.4774452046359352,0.22795392342985,6.628513490160435e-05,0.06593622018348311,0.00030270025227630584
5652,5652,FAM110A,-0.36046777941514135,8.940182215738586,-0.5033642098528579,0.25337552776079203,2.2394141808969196e-05,0.07858495044736766,0.0001151888695660874
5653,5653,FAM110B,0.6272284739033994,4.346685581982471,0.5221460656649406,0.27263651388937643,9.636815856451386e-06,0.13011089328883108,5.445857186102682e-05
5654,5654,FAM110C,0.2088309847938788,5.243911159461231,0.4954315840326386,0.2454524544570895,3.150900061810099e-05,0.046500616149648115,0.00015660486765778676
5655,5655,FAM110D,0.19922658929827455,6.048890129716918,0.25307902987357034,0.0640489953617475,0.04362197432663168,0.09672123910178004,0.09340787640098973
5656,5656,FAM111A,-0.5383955523925368,10.286520715462514,-0.6578980524794169,0.4328298474562096,3.487055080030481e-09,0.07827150815776092,6.012116063539814e-08
5657,5657,FAM111B,-0.228683247140702,8.007905781727414,-0.4257148894915526,0.18123316713480486,0.00045311337226455636,0.061730498818873374,0.0016690643015723813
5658,5658,FAM114A1,0.2983957323247062,4.595946184717742,0.5985808697623408,0.3582990576454404,1.7488773671088131e-07,0.05071544824852047,1.604063506342285e-06
5659,5659,FAM114A2,-0.20848940109368905,8.372254821397108,-0.2805028799696558,0.07868186567127113,0.024763287666551108,0.09060572132321662,0.05758687654844977
5660,5660,FAM115A,-0.24349505325285656,7.999644809754825,-0.3762766283362661,0.1415841010321085,0.0021813951010009095,0.0761440426075336,0.00678221262199206
5661,5661,FAM117A,0.2297271650091079,5.4543109306334445,0.4981260961578452,0.24812960767345485,2.8084878744810205e-05,0.05078654929085733,0.0001414038710111288
5662,5662,FAM117B,-0.1412136970814751,7.818357790865456,-0.14258123603287742,0.020329408868663103,0.2610459825466738,0.12449692904307658,0.3957196452782849
5663,5663,FAM118A,-0.09843330021448468,7.561996035119739,-0.17006406534000695,0.028921786319970163,0.17910753320918374,0.07243704913767318,0.29537534320652453
5664,5664,FAM118B,0.4625751469643861,4.117550163667078,0.5546743177697352,0.3076635987933212,1.9753236421723915e-06,0.08812659208438116,1.3300881054491025e-05
5665,5665,FAM120A,-0.0834740114661493,7.534693229426331,-0.046249116981684886,0.0021389808215855734,0.7166833511765613,0.2289744493875261,0.8131526453082453
5666,5666,FAM120AOS,0.4333432092399438,4.111304176726588,0.6914063111264984,0.4780426870655523,2.534066593548028e-10,0.05750694601878833,7.132294149877517e-09
5667,5667,FAM120B,0.25354228788162564,5.196251282890756,0.3130595586435033,0.09800628725806508,0.011776317591682321,0.09768532972095342,0.030161579828253182
5668,5668,FAM120C,-0.0016182044439305805,7.023632391985488,-0.0012559544946175102,1.5774216925499256e-06,0.992141279401592,0.16363013841859125,0.9953055849355154
5669,5669,FAM122A,-0.05070544705120788,7.322697275035861,-0.057884720716406726,0.0033506408924164057,0.6495897799023056,0.1110621368265536,0.7598372324196202
5670,5670,FAM122B,-0.11041522077061673,7.752629997473071,-0.20700917194967106,0.04285279727128847,0.10074240575062776,0.06627242761574864,0.1870831658116666
5671,5671,FAM122C,-0.6262936982924903,9.294258770868687,-0.282739360409851,0.0799415459249716,0.023590093728392717,0.2698383272944392,0.05531514174003882
5672,5672,FAM124A,0.15769685316349766,6.34203302516964,0.0911305691986091,0.00830478064246248,0.4738876738093244,0.21885285137018795,0.6116000701079278
5673,5673,FAM124B,0.2023013796026257,6.2157856716505195,0.2018657163453532,0.040749767435622586,0.10968458004400904,0.1246540487908736,0.20011960408231658
5674,5674,FAM126A,0.4345378604890313,5.101574512672016,0.5178725381723666,0.26819196579308924,1.172659383153071e-05,0.0911606643943465,6.491293185628771e-05
5675,5675,FAM126B,0.2802594598289632,5.22280194808379,0.5537189800426898,0.30660470885951674,2.074419607185628e-06,0.05352608379373778,1.3886107138672267e-05
5676,5676,FAM127A,0.20600401910927316,5.273876945303028,0.4711429793967698,0.22197570703486505,8.518978572818751e-05,0.04898055519271614,0.0003773881381200712
5677,5677,FAM127B,0.1279281766134295,6.1697082133636085,0.2183779007305972,0.047688907527502565,0.08299234395374043,0.07260242047731172,0.15945339440318063
5678,5678,FAM129A,0.14276419692275186,6.195180525951447,0.6340337893069977,0.4019988459829904,1.8623501156447146e-08,0.02211373341525651,2.4062763576543133e-07
5679,5679,FAM129B,-0.1919402391454978,8.42201873421636,-0.1874541371129924,0.035139053520776536,0.1380053634553264,0.12773429673531542,0.24025292592853872
5680,5680,FAM129C,0.011348639103379712,6.969975311245137,0.007219258391070447,5.211769171704106e-05,0.9548506938592444,0.19963837984311392,0.9729574522643486
5681,5681,FAM131A,0.39347382759499416,5.027118218793866,0.2993081743150571,0.08958538321181259,0.016277470715373464,0.15930193028710327,0.04000551904907642
5682,5682,FAM131B,-0.1983189180501507,7.8955038660023895,-0.28151517776861523,0.07925079531409504,0.024226297034026824,0.0858493796450278,0.056520196323190136
5683,5683,FAM131C,0.06797064524286503,6.630816640899652,0.07656170724602725,0.005861695016426381,0.54763651198576,0.11241838518981184,0.6768874809960979
5684,5684,FAM132A,0.2339113285326158,5.530390120024749,0.6231600346100311,0.3883284287351752,3.813673095014782e-08,0.037283353289877016,4.3765283981210976e-07
5685,5685,FAM132B,-0.07904814847059707,7.354057511237184,-0.10778517965752213,0.011617644953804318,0.3965715358463791,0.09259750801583308,0.5387573415933861
5686,5686,FAM133A,0.17182413804933944,6.4165011627388235,0.08305846442912455,0.00689870851332415,0.5140783696626801,0.2618190271856624,0.647795583069266
5687,5687,FAM134A,0.3621621335487208,4.3169726743694,0.3999823257682196,0.15998586092695416,0.0010579378562538056,0.10539249647844473,0.0035684804170056325
5688,5688,FAM134B,0.25434178173666266,5.368444501872335,0.4605612061075163,0.21211662457121014,0.00012842429610866998,0.0622537445414284,0.0005426988160895039
5689,5689,FAM134C,0.3026840825315319,4.4446623690963785,0.35291525330773205,0.12454917601726068,0.004231952795564864,0.10191525296969743,0.012244600619579726
5690,5690,FAM135A,-0.011771680926348038,7.075141067293676,-0.0110750248388656,0.00012265617518149004,0.930785504715336,0.13498058070247196,0.9589709102636615
5691,5691,FAM135B,0.1764932989121296,6.315526918374426,0.10828686552771206,0.011726045245816795,0.3943642812473103,0.20577625933286608,0.536732984124851
5692,5692,FAM13A,0.018720181490245687,6.888346344929077,0.02758195539434969,0.000760764263375896,0.8287166371355055,0.08616361223554768,0.8921186506844985
5693,5693,FAM13A-AS1,0.2721322662165501,5.735847916746623,0.33096310428056464,0.1095365763950279,0.007556787642744466,0.098540021976564,0.02046551230660723
5694,5694,FAM13B,0.13339922621908204,6.076729979796804,0.3492502380566608,0.12197572878263425,0.004675273139802199,0.04545419968757365,0.013372479176121598
5695,5695,FAM13C,0.4208446747166623,5.5386985630896834,0.6126431379498098,0.37533161447698976,7.434669396301974e-08,0.06895141471839862,7.744000277870094e-07
5696,5696,FAM149A,0.11385337196993135,6.461555740265353,0.2024202128918672,0.04097394258718885,0.10869210385968904,0.06995381098449319,0.1987318028284079
5697,5697,FAM149B1,-0.4845490383819692,9.392982654081377,-0.44222515613813534,0.1955630887213982,0.00025356390393004057,0.1248085800494315,0.000991678948817957
5698,5698,FAM150B,0.182030450193042,6.0700757135789,0.6321374998925484,0.3995978187704016,2.11455040935618e-08,0.028337254760465287,2.6668951144209713e-07
5699,5699,FAM151A,0.2181197956249679,6.071041474200947,0.3956438831346644,0.15653408226187598,0.0012125954711778638,0.06430260258611709,0.004023097124001324
5700,5700,FAM153A,0.2308022142195192,5.57325832586721,0.20955098616120535,0.04391161580113369,0.0965378880032305,0.13677396533698893,0.1806227721366819
5701,5701,FAM154A,-0.08619679348458452,7.405005366339411,-0.0959957643139198,0.009215186766213636,0.4505038798988051,0.1135096711299803,0.5900006966561007
5702,5702,FAM154B,-0.2717127401163193,7.842395890618142,-0.1916275087762046,0.03672110211977437,0.12929152531545965,0.17673897298414176,0.22820180786586344
5703,5703,FAM155A,-0.13091426830802727,7.4867525502291805,-0.18525775707432854,0.034320436556210934,0.1427650917590191,0.08819241934494226,0.2469706072888288
5704,5704,FAM155A-IT1,-0.1931354858102522,7.606354534741068,-0.1347392621089751,0.01815466875367109,0.28845408746565643,0.18038216977145735,0.42705088289251314
5705,5705,FAM155B,0.0016750284389695609,7.0070178882065575,0.0014838422297777279,2.20178776287174e-06,0.990715405104882,0.1433633482165692,0.9944263350633153
5706,5706,FAM159A,0.14050785598678442,6.412141904227858,0.18009310489267386,0.032433526429883626,0.15444016913512715,0.09746486427513436,0.26282136444960147
5707,5707,FAM160A1,0.2344780121674207,5.718430517588022,0.2286603391235917,0.05228555068811598,0.06915749907883413,0.12678100399912887,0.13709315658661234
5708,5708,FAM160A2,0.06594096813852507,6.526492085307523,0.1212422377801877,0.014699680221947571,0.33990757721747256,0.06856300483164818,0.4822576547627837
5709,5709,FAM160B1,-0.6742114347336913,10.482746022545598,-0.5534505735259047,0.3063075373361528,2.1030877277008527e-06,0.1288560799730552,1.4047614047921644e-05
5710,5710,FAM160B2,-0.4059895523730392,9.213573715735775,-0.2775134212925032,0.07701369899747035,0.026408145474246768,0.1784977100740331,0.06081765290277717
5711,5711,FAM161A,-0.5405269069724413,9.045333134066764,-0.5522031758231383,0.3049283473891597,2.241256983581876e-06,0.10364237616235912,1.4833257939934452e-05
5712,5712,FAM161B,0.3183101259313631,5.21024641728529,0.39148678174203216,0.15326190027873351,0.001379600602394048,0.095019350497676,0.004515606264335416
5713,5713,FAM162A,0.4605047960930701,2.594390318566665,0.7459379057753417,0.5564233592725025,1.520768766161868e-12,0.05221796824453776,1.3837078836653466e-10
5714,5714,FAM162B,0.2311773268194793,6.091493110772897,0.4608951024875586,0.2124242954970172,0.00012679757474356622,0.056531883417518185,0.0005364989216631353
5715,5715,FAM163A,0.24857553072680424,6.0437558519592605,0.2457097486225302,0.060373280568146975,0.05034136027158922,0.12454256959758925,0.1052565565975924
5716,5716,FAM166A,0.12922546987670513,6.369600303956449,0.11510801293771505,0.013249854642469172,0.3650786804169245,0.1416283898700346,0.508083472006973
5717,5717,FAM166B,0.10471980573106973,6.577015740830929,0.12034784033719945,0.014483602673828047,0.3435084279338223,0.10970504735417726,0.4859973217631597
5718,5718,FAM167A,-0.1448088293503192,7.689102490276903,-0.1385842150659589,0.019205584665447948,0.27478799307073165,0.13142392209109605,0.4116331496057668
5719,5719,FAM167B,-0.05893589970228937,7.351061376377146,-0.06404360806938783,0.00410158373454536,0.6151277301496341,0.11663148433212968,0.7321822127406323
5720,5720,FAM168A,-0.05542722500164299,7.320364018606215,-0.06012293516375367,0.0036147673327049288,0.6369760438918519,0.11686938479080995,0.7497146118022312
5721,5721,FAM168B,0.006856709251189613,6.967081168317004,0.006965837739275968,4.8522895409921306e-05,0.9564340233710372,0.12500747951653432,0.9737918461657723
5722,5722,FAM169A,-0.11796640731869255,7.586179585394515,-0.5807827135520198,0.3373085603608475,4.877177657844597e-07,0.02099928496945181,3.930602239695748e-06
5723,5723,FAM169B,0.17570210418029875,6.282479228968012,0.1491267690094688,0.022238793235203468,0.23955857200581396,0.1479591782096895,0.3704340807945616
5724,5724,FAM170A,-0.3868023334769564,8.493133958718577,-0.33851827272889384,0.11459462097135376,0.0062180186471233285,0.1365470124252674,0.01720562149290259
5725,5725,FAM170B,-0.1922051265694189,7.711852792585377,-0.1375928192935864,0.01893178392115753,0.2782697082494832,0.17572071264896366,0.41552410234054327
5726,5726,FAM170B-AS1,0.1343918054220834,6.489753943873807,0.1077497069128027,0.011609999339794879,0.39672787922486497,0.15747985910788406,0.5388855228338701
5727,5727,FAM171A1,0.292402564080892,4.328246144318179,0.4972036945464676,0.24721151387065698,2.921616481850257e-05,0.06480185958798096,0.00014624966461966552
5728,5728,FAM171A2,0.006204073791286277,6.986198265668774,0.01206664964124824,0.00014560403356463626,0.9246055307837076,0.06529242322570307,0.9550817004923291
5729,5729,FAM171B,0.7713273422372309,4.153083882958598,0.5808694848204143,0.33740935839553354,4.85356683945104e-07,0.13727358276920215,3.9144875198626545e-06
5730,5730,FAM172A,-0.07726335271529189,7.5074595609280745,-0.08850872118222533,0.0078337937253129,0.4867538953958588,0.1104291818042282,0.623559844107745
5731,5731,FAM173A,-0.3367377589501816,9.270847629731387,-0.5593027732805358,0.31281959219929845,1.554909274598952e-06,0.0633846919744015,1.0771452444478664e-05
5732,5732,FAM173B,-0.31592615015890074,8.86465393840526,-0.30090231257440914,0.09054220171262742,0.015689625961790847,0.1271614526815051,0.03874103195012324
5733,5733,FAM174A,0.1073580590528529,6.122536307387193,0.1899526218905526,0.036081998563095234,0.1327371367604253,0.07047150711214667,0.2327656244673261
5734,5734,FAM174B,-0.1960688649781435,8.274106817496044,-0.3018304502785599,0.09110162071535824,0.01535583540331873,0.07865157121429246,0.03801653317238678
5735,5735,FAM175A,-0.1568412059315032,7.952350117173613,-0.4042712392257639,0.16343523486513478,0.0009227722247729932,0.04506519626154351,0.003163377192641226
5736,5736,FAM175B,-0.117109104516051,7.903489410249628,-0.1484669978992504,0.022042449465216017,0.2416675490570812,0.099066059933519,0.3729288658755144
5737,5737,FAM178A,0.10722269055206286,6.439803569541022,0.1054651699174736,0.011122902065721578,0.4068730322026432,0.128396433038765,0.5488249353649084
5738,5738,FAM178B,0.1117545660879394,6.41090596659495,0.17789523371195082,0.031646714177429605,0.15961777485181095,0.07850946806479561,0.26991433034639745
5739,5739,FAM179A,0.14006964314928186,6.392320039505595,0.18030484390077764,0.032509836734083794,0.15394802034414565,0.0970429661244803,0.26218988443196806
5740,5740,FAM179B,-0.02272569872316091,7.170663611574918,-0.0569274057841892,0.003240729529317738,0.6550151824425487,0.05061685398321579,0.7638727866763635
5741,5741,FAM181A,0.054256976355724906,6.785391634606384,0.06082996740781335,0.0037002849348356337,0.6330124919116389,0.11306733662011514,0.7465761947795077
5742,5742,FAM181A-AS1,0.22301569377474395,6.217509742725228,0.17757348227929778,0.03153234160879608,0.16038635656946176,0.15696543597678653,0.27098123987763867
5743,5743,FAM181B,0.18830517923892734,6.211016426241647,0.13759290838273974,0.018931808437221014,0.2782693940643413,0.17215512949029962,0.41552410234054327
5744,5744,FAM183CP,-0.20845898680332595,7.804218234038365,-0.1727859522206774,0.029854985284806217,0.172146871844256,0.150915787844104,0.28637112292510597
5745,5745,FAM184A,-0.04383815330049682,7.168185005050876,-0.026015169212962676,0.0006767890291790808,0.8383113456101314,0.21393544194507955,0.8985167387243811
5746,5746,FAM184B,0.009022767909415088,6.977935047812691,0.01798806465725086,0.00032357047011343746,0.8878070241155832,0.06369263668468722,0.9309484957641248
5747,5747,FAM185A,0.17149991585810773,6.123949344164858,0.2137202591615752,0.04567634917609088,0.08993931740696633,0.0995566370207727,0.17057592559536308
5748,5748,FAM186A,-0.21434251325687292,7.748826504497505,-0.1333813416247104,0.01779058229360771,0.2933855211730905,0.2022643948386224,0.43204783821851583
5749,5749,FAM186B,-0.02298916231652045,7.128583098510913,-0.03864203160220811,0.0014932066063460506,0.7617704682885349,0.07549928913450571,0.8458257442848908
5750,5750,FAM187B,0.06880218049389268,6.720199648891656,0.09704013906082797,0.009416788588944828,0.4455687472392769,0.08961906918174549,0.5856270467022665
5751,5751,FAM188A,-0.20893098957687115,8.529682670471871,-0.2936659906127981,0.08623971404259605,0.01851214389391495,0.08637130907527175,0.044791114639410975
5752,5752,FAM189A1,0.18316272788815727,6.022452822831919,0.4006288816891884,0.16050350084352968,0.0010364802707023136,0.053199609951589684,0.0035075762247317706
5753,5753,FAM189A2,0.16646178974385978,6.149280533651456,0.4288407521836611,0.18390439073344825,0.00040686617902169984,0.0445341519422013,0.0015175141417008112
5754,5754,FAM189B,-0.5808888693471784,10.45354698174377,-0.5507749947511039,0.30335309484307865,2.4098725967013248e-06,0.11179679443678192,1.5852305917851516e-05
5755,5755,FAM192A,-0.06691205347897031,7.563022523845362,-0.044110199218439713,0.001945709675090439,0.7292712382792932,0.192462701387436,0.8229049379885411
5756,5756,FAM193A,-0.1421783409687389,7.974686978962897,-0.22370982140650286,0.05004608419372943,0.07556795409149167,0.07866903358476186,0.1476917008891022
5757,5757,FAM193B,-0.07570239128927995,7.423056009466887,-0.07952152805901502,0.006323673424840714,0.5322177546166519,0.12051788690517914,0.6637014383082981
5758,5758,FAM195A,0.04301586594645746,6.643614738968578,0.05724245005212863,0.0032766980879704397,0.6532277483289204,0.09528003701835856,0.762486356730421
5759,5759,FAM195B,-0.4486881794110105,9.763106688388225,-0.6421152107354927,0.4123119438578862,1.0733291739885067e-08,0.06803137645006549,1.536215681607476e-07
5760,5760,FAM196A,0.20708545639952047,6.414717663241005,0.10786503226797116,0.011634865186170462,0.3962197244194221,0.24239953674553066,0.5384943421379635
5761,5761,FAM198A,0.3975151660978874,5.741007301173076,0.3112924860203093,0.09690301185270447,0.012286518499729957,0.1541190832455969,0.03129803059777111
5762,5762,FAM198B,0.06758250933949611,6.546234629531701,0.18212088933116632,0.03316801833077493,0.14977461618989685,0.04633980585369125,0.25657537485896814
5763,5763,FAM199X,-0.03028450622440668,7.230470962025409,-0.04157994983942437,0.0017288922286490464,0.7442543799079402,0.09241978250937126,0.8336003205185913
5764,5764,FAM19A1,0.20093681180710846,6.323320861163098,0.4669331118611181,0.2180265309523074,0.00010046282308400544,0.04832868733136877,0.0004369396332364205
5765,5765,FAM19A2,0.37923385784771146,5.499657978357204,0.4948930892596479,0.24491916979695785,3.2238083032362675e-05,0.08456615645609053,0.0001597884385593531
5766,5766,FAM19A4,0.10014951211706126,6.7200825818653795,0.06013480400795655,0.003616194653075347,0.6369094242397418,0.21112536987184544,0.7497023200473778
5767,5767,FAM19A5,-0.3648872843325507,8.38554895404706,-0.19932582786263464,0.039730785653124656,0.1143201955388497,0.2278220790968596,0.2068864979436562
5768,5768,FAM200A,-0.3881786971048377,8.486933566806231,-0.438194096299549,0.19201406603177845,0.0002929752467783676,0.10112795645681626,0.001128692220065033
5769,5769,FAM200B,0.012142528815948295,6.932277037158793,0.015657688594096986,0.00024516321210971484,0.9022653231484572,0.09847645439167207,0.939986316404303
5770,5770,FAM201A,-0.3232691109584011,8.115339337709091,-0.3117058430497885,0.0971605325913794,0.012165490489572163,0.12514937603766754,0.03104085030654945
5771,5771,FAM204A,-0.2831057623388012,8.628296548507652,-0.29375626349403805,0.08629274234197871,0.018474427299111223,0.11699552920056168,0.04470984836413204
5772,5772,FAM205A,0.15671439733762976,6.346206878547537,0.1328823555306883,0.017657720411384248,0.29521142567499953,0.14844895757892532,0.4338516065824306
5773,5773,FAM205B,-0.06279068107410975,7.227238208433306,-0.037162051375517625,0.0013810180624366116,0.7706401554804556,0.21443692856920485,0.8513146849945767
5774,5774,FAM206A,-0.4467397087907382,10.981666618068363,-0.4832569774002725,0.2335373062060475,5.2362639083840086e-05,0.10278413596279752,0.00024527643291381287
5775,5775,FAM207A,-0.41763515889457015,9.341872560107033,-0.6344530079652596,0.4025306193161658,1.810576926570573e-08,0.06461890197647117,2.3576694735349222e-07
5776,5776,FAM208A,0.28351924966245273,5.2515091736860295,0.2370731076861644,0.05620365838797569,0.059269209292767966,0.14755147597883111,0.12072944475918448
5777,5777,FAM208B,-0.06102350612441543,7.365237653511133,-0.08092003411443432,0.006548051921081215,0.5250078180912781,0.09545939717367764,0.6575109665928934
5778,5778,FAM209B,0.05074230050528981,6.8126535535763155,0.04630108968852994,0.0021437909063452935,0.7163783998965688,0.13903273881319994,0.8128890300649863
5779,5779,FAM20A,0.4841437679277024,5.339602246826873,0.2376755603918115,0.05648967200756164,0.058607473835772826,0.251285427475069,0.11952767431848375
5780,5780,FAM20B,-0.14577413251224478,8.06672436660709,-0.16441660443748551,0.02703281981475258,0.19419654870674952,0.11106776727121888,0.3149612488207233
5781,5781,FAM20C,0.4413206788553493,4.656661721744237,0.4040141223174029,0.16322741103190136,0.0009304127266045259,0.12690116503598606,0.0031864759757426865
5782,5782,FAM210A,-0.14741552174148062,7.919942169165155,-0.2483101150220978,0.061657913222287426,0.04787976981480064,0.07303542418255299,0.10093812454629165
5783,5783,FAM210B,-0.2706474584716402,9.24752880983034,-0.4740946923153129,0.2247657772815512,7.579041326835677e-05,0.06383509122994338,0.0003405065143830427
5784,5784,FAM212A,0.16141676830752408,5.995566313423496,0.160527955852634,0.02576922461022521,0.20510208465905308,0.12604715572793404,0.3286337878869252
5785,5785,FAM212B-AS1,0.11822741957869268,6.550838618104661,0.1088832587661254,0.011855564039531028,0.3917498015171305,0.13707917135850348,0.5343837449986433
5786,5786,FAM213A,-0.025505832406685684,7.252585931956272,-0.04539903369460936,0.002061072260404276,0.721677463124984,0.07127693723419036,0.8169907114175372
5787,5787,FAM213B,0.1868779371600843,5.300133062082409,0.26840614385970296,0.07204185806163556,0.03199701238230232,0.08517927267400166,0.07175800571031035
5788,5788,FAM214A,0.2491181097929432,5.430264546576061,0.5889327105939202,0.3468417376075021,3.0727112342516953e-07,0.0434163181552292,2.613152503005207e-06
5789,5789,FAM214B,0.3197923751587505,4.852147494660682,0.4594065699282716,0.2110543964932599,0.00013419860641551527,0.07852330822135788,0.0005645048216643323
5790,5790,FAM215A,0.2385240993332623,5.940266657083039,0.33876349666764954,0.1147607066744926,0.006178300315206568,0.08413373211392995,0.017117591264815536
5791,5791,FAM216A,-0.22352341768305253,8.192847563365167,-0.38563859396332295,0.14871712515400867,0.0016495834613842347,0.06791780506045615,0.005283497981996095
5792,5792,FAM216B,0.4076217674488171,5.652517427177027,0.3328608551742618,0.11079634890734087,0.007198751027394234,0.14665585865991826,0.019593885557845917
5793,5793,FAM217A,-0.006331255972471356,7.040235971583097,-0.00408280690294075,1.6669312206700643e-05,0.9744570386843406,0.1969389270695026,0.9853778740466681
5794,5794,FAM217B,-0.14435179980941132,8.017360717876905,-0.22732337850649384,0.05167591841560667,0.07084416436086215,0.07853452945452441,0.13993820830114367
5795,5795,FAM218A,0.5448702705877495,5.261640444431078,0.30633233275043514,0.09383949808832333,0.013821951867714169,0.2150339306616624,0.03464286663140629
5796,5796,FAM219A,0.02184424885268145,6.885071330443448,0.025674792259076432,0.0006591949575467308,0.8403989064118687,0.10801675912663222,0.8996562190857587
5797,5797,FAM219B,0.15466936362834338,6.065848283712906,0.14349440438128844,0.02059064408874073,0.25797269270572765,0.13547389338424462,0.39193085720939963
5798,5798,FAM220A,-0.3064758479118802,9.782257772308405,-0.634189069505995,0.4021957758808797,1.8430118345353694e-08,0.04745272397625007,2.3898455854409236e-07
5799,5799,FAM221A,-0.156819319235089,8.2181423192209,-0.3493826617900191,0.12206824435947887,0.004658567617826892,0.05341125090191767,0.013327414288313605
5800,5800,FAM221B,0.04695126214826978,6.831573230451998,0.0591429619405076,0.00349788994709633,0.6424864538391485,0.10064390228844806,0.7540127984980902
5801,5801,FAM222A,-0.1923004767103418,8.042225623597227,-0.2697729573083301,0.07277744849488207,0.0311000072611872,0.08717221798928727,0.0700544582916545
5802,5802,FAM222A-AS1,-0.0438924487862094,7.173926380453136,-0.0531632687178625,0.002826333140767657,0.6765182469571048,0.10470506517458207,0.7816669852660391
5803,5803,FAM222B,0.01729613706662338,6.880920244096164,0.014519136201725787,0.00021080531604426427,0.909341031783398,0.1512748439475301,0.9454020857107631
5804,5804,FAM223B,0.08154222844751334,6.596095372259066,0.11131190673280904,0.012390340580493582,0.381209481506772,0.09245656912248497,0.5242992265499617
5805,5805,FAM224A,0.256001058111915,6.155292335522497,0.19640081206030865,0.03857327897794867,0.11984345531602328,0.1623157753527672,0.21472861367437399
5806,5806,FAM227B,0.05066226281945353,6.8564583879701875,0.02047806732782733,0.0004193512414830293,0.8723986214444845,0.3141294776961119,0.9211403840067658
5807,5807,FAM228A,0.21360074293519946,6.294953933814188,0.17563513214583007,0.030847699643883193,0.165074397737893,0.15205179022504264,0.2772578983180077
5808,5808,FAM228B,0.12117876389170182,6.326363642170443,0.20375136943102606,0.04151462054501846,0.10633780298915772,0.07394739566354132,0.195350217086968
5809,5809,FAM229A,-0.07170709913013353,7.382988530620619,-0.08970353917974011,0.008046724941371168,0.4808678288227383,0.10111191568183188,0.6179569659460209
5810,5810,FAM229B,0.07637807691975187,6.625532953658934,0.12328022597390033,0.015198014116175931,0.33179118264537755,0.07808253609704834,0.47381548801013257
5811,5811,FAM230B,-0.06896719451540158,7.285123413360857,-0.07345551487124778,0.005395712665000102,0.5640460007568526,0.11891796575682342,0.6909388022621136
5812,5812,FAM230C,-0.08519992028106113,7.28846886773589,-0.07009918335603997,0.0049138955071837105,0.5820323548582902,0.15397872386661482,0.705350643262425
5813,5813,FAM24A,-0.05930180826322168,7.225997980516259,-0.043129652296145696,0.0018601669071864255,0.7350660415321264,0.17445837718479948,0.8271593810734876
5814,5814,FAM24B,-0.2666848921509528,8.387430082356667,-0.4426585337323257,0.19594657748605251,0.0002496292265696391,0.0686082244189208,0.0009777031834627482
5815,5815,FAM26D,0.05231247707080682,6.822152067548765,0.0599250711531929,0.003591014152715232,0.6380870730669038,0.11066739815335044,0.7505003903091311
5816,5816,FAM26E,0.6752385175733511,3.995701761914552,0.513252850729268,0.2634284887817202,1.4455401015528989e-05,0.14339613686708302,7.787013591602098e-05
5817,5817,FAM26F,0.2669629209309894,5.686031942454755,0.4538549983813476,0.20598435955573305,0.00016544066210449882,0.066566007029234,0.0006792979783604327
5818,5818,FAM32A,0.11654051116321774,5.927617618020299,0.08802701149560856,0.007748754752848002,0.4891376528189662,0.16748500953721338,0.6256882197291461
5819,5819,FAM35A,-0.06748158947310756,7.631153858333651,-0.09353618652464704,0.008749018189573559,0.4622449324042247,0.09122242524839293,0.6008619567047803
5820,5820,FAM3A,0.12812926533429095,6.106102297788314,0.16876531001468514,0.028481729864352795,0.18249985637281987,0.09503745456177344,0.29980537018308406
5821,5821,FAM3B,-0.013382123038818023,7.073042987809293,-0.1038933974295162,0.010793838029447406,0.41393976715599146,0.016269890570250866,0.5552082750278262
5822,5822,FAM3C,0.318618158876722,5.387241873452346,0.3871257599770492,0.1498663540378079,0.00157677227338818,0.0963754037345492,0.005075814416563258
5823,5823,FAM3D,0.07899796697752817,6.099186265264425,0.15369003163938794,0.02362062582531606,0.2253184974003495,0.06450355761654464,0.3531865408038052
5824,5824,FAM43A,0.1431021619212111,6.114567907637436,0.2540227982031443,0.06452758200695535,0.04281748861870323,0.0691979371544769,0.0919816500977759
5825,5825,FAM43B,0.006581455862363882,6.985597888498707,0.011416411601808065,0.00013033445386189781,0.9286574463470492,0.07320962908438466,0.9575771154061878
5826,5826,FAM45A,0.21099778025247734,6.334195176692795,0.10849655608040804,0.011771502681309123,0.3934438642223424,0.2455244661633673,0.5359181582422207
5827,5827,FAM46A,0.2884985794228566,4.991625070808873,0.4666574988188061,0.21776922120382397,0.00010154572826917556,0.06944117093954998,0.0004408525953626698
5828,5828,FAM46B,0.10676587938690904,6.575951864075744,0.13338702108674053,0.017792097394394562,0.2933647813634866,0.1007452955259639,0.43204783821851583
5829,5829,FAM46C,0.16932447357048094,5.717555780220701,0.6648142645739393,0.4419780063809878,2.0858846717578677e-09,0.024162908993310462,3.8705940502927695e-08
5830,5830,FAM46D,-0.05059907192729511,7.166919065368223,-0.03097096741672395,0.0009592008227277763,0.8080497962348903,0.2073879637116089,0.8777686569357225
5831,5831,FAM47A,0.015247930770863116,6.965338184712929,0.014094684437303388,0.00019866012938716222,0.9119806786447552,0.1373778030900063,0.9471005944778522
5832,5832,FAM47B,0.014084296790297638,6.971900014862549,0.00863161659720933,7.450480508121962e-05,0.9460298711305846,0.20721968197268698,0.9677071921080225
5833,5833,FAM47C,0.10898177010784213,6.6262931219263255,0.09463892798028696,0.00895652668925794,0.4569603951327487,0.14559100819832074,0.5960053819550487
5834,5834,FAM47E,-0.14959843457583205,7.485301962599528,-0.07774699652003286,0.006044595467886002,0.5414361304218711,0.2436301504605297,0.6711390614931666
5835,5835,FAM49A,0.3888678318709347,5.460989078088941,0.5173424666643832,0.2676432278143885,1.2013360039868848e-05,0.08169385598794034,6.628007940467768e-05
5836,5836,FAM49B,0.2069145701074032,5.7554548314556655,0.1671756652841942,0.02794770306321293,0.18671492653610533,0.1549769050245516,0.3051095483051133
5837,5837,FAM50A,-0.33804013638933456,9.626605698084498,-0.5393964296841264,0.2909485083559827,4.244828283320578e-06,0.06701981790603043,2.6353714585810527e-05
5838,5838,FAM50B,-0.046999484042199766,7.288118681197338,-0.10928920596483868,0.011944130540424931,0.3899760865749706,0.05428886050297479,0.5326352667789964
5839,5839,FAM53A,-0.1765622264998459,7.831145785711082,-0.14989130549384974,0.0224674034626506,0.23713058690998196,0.14790781927330582,0.36755156105759496
5840,5840,FAM53B,0.5026330563843439,4.478615281136657,0.3679151449513087,0.13536155388454246,0.0027808196160024174,0.1613335938079125,0.00843398442360397
5841,5841,FAM53B-AS1,0.10855200152930918,6.632016721569897,0.08949242783971148,0.008008894640645966,0.4819050739085616,0.15342975433132527,0.6189960481339285
5842,5842,FAM53C,-0.5358283208213277,10.696306651266422,-0.5992941487520269,0.3591534767284166,1.6762705445689172e-07,0.09090061013357953,1.547959003950529e-06
5843,5843,FAM57A,-0.16911935983900567,8.278651304979245,-0.7033759954246205,0.4947377909395757,9.102177064749208e-11,0.021705427642928803,3.1037989880596595e-09
5844,5844,FAM58A,-0.31611141338661986,9.387907506465568,-0.35742718902152154,0.12775419545182648,0.0037375378254065976,0.1049001697043774,0.010949185823752688
5845,5845,FAM60A,-0.3494134530828525,10.10027721119908,-0.7352330734531121,0.5405676722993091,4.579761812059391e-12,0.04091000361133229,3.060948828399572e-10
5846,5846,FAM63A,0.3975321400866242,4.225461124839281,0.5214696548102568,0.2719306008879283,9.942643808848066e-06,0.08261021448649576,5.601143383990761e-05
5847,5847,FAM63B,0.13366011838153907,6.413098274872593,0.13857574431999214,0.019203236913839843,0.27481761829012874,0.12131326423812125,0.4116466434303616
5848,5848,FAM64A,-0.20190900494769548,8.368871155439624,-0.6198099003772711,0.3841643126056827,4.729963793378845e-08,0.032466372031905166,5.282484061145894e-07
5849,5849,FAM65A,0.14294457677797912,6.140556185700025,0.14607502383646132,0.02133791258882274,0.24942027617203225,0.1229453916535841,0.3816829962903935
5850,5850,FAM65B,0.16371974352091104,6.380074624665463,0.34039783589494543,0.1158706866819622,0.005919235763737524,0.057434959006687415,0.016475713427215433
5851,5851,FAM65C,-0.01589649165881378,7.08430969364622,-0.01386509850695582,0.0001922409566075885,0.9134088602593442,0.14559308004472035,0.9477170919820306
5852,5852,FAM66D,0.07194749032762009,6.7170548297591255,0.0477855639807476,0.002283460124958123,0.7076870016345014,0.19099705664467664,0.8057288128493758
5853,5853,FAM69A,0.3977054426246777,4.436491945315769,0.4916524808798313,0.24172216195529286,3.696609592505147e-05,0.08945850502972996,0.00018025237722517218
5854,5854,FAM69B,0.16948778182071872,6.22271236349929,0.16243043561790532,0.026383646415022485,0.1997136155981548,0.13075824172814224,0.3220012170186912
5855,5855,FAM69C,0.1224970148261554,6.369973794262768,0.11908935165619625,0.014182273677893169,0.34861519896976023,0.12970449922036473,0.49115040500012425
5856,5856,FAM71A,0.058660377385110776,6.693903966807084,0.0901486993928497,0.00812678800222238,0.4786845342448266,0.08230337092569548,0.6161119638201275
5857,5857,FAM71B,0.057950243284493975,6.7945557948140625,0.05880119890672938,0.003457580992868752,0.6444127379784795,0.12494564766095514,0.7555773372095931
5858,5858,FAM71C,0.0328418364330362,6.892152612831428,0.02530685613999259,0.0006404369676902806,0.8426567217603909,0.16476094683959092,0.9014341406768396
5859,5859,FAM71D,0.0038529810023769703,7.001683737431206,0.003419885896038997,1.1695619541926456e-05,0.9786033580339611,0.14308261444810916,0.9875561299477613
5860,5860,FAM71E1,-0.25643345813301804,8.397952724540923,-0.43181434011429,0.1864636243283397,0.00036690569262448364,0.06802526961755476,0.0013825200580795535
5861,5861,FAM71E2,0.1678688181047165,6.300473134643725,0.1591188350202624,0.02531880365820548,0.20915910934556484,0.13227686436707928,0.3337022406894722
5862,5862,FAM71F1,0.06021806405039758,6.808659175732887,0.049960405412855895,0.0024960421090169205,0.6950206812553491,0.15288409417088708,0.795532155641661
5863,5863,FAM71F2,0.013183117681658058,6.9603828148748565,0.011693933370406159,0.00013674807767149875,0.9269278609338288,0.1431633896937033,0.956704772342694
5864,5864,FAM73A,0.022704521637591055,6.891964766627513,0.040641172649897084,0.001651704914358742,0.7498378999664015,0.07089103568620947,0.837485483207302
5865,5865,FAM73B,0.4889602898759751,3.686130874355535,0.6567173561208656,0.4312776858303798,3.801730364952032e-09,0.0713098273950495,6.463442437257187e-08
5866,5866,FAM76A,-0.3540455983699176,8.549717659535489,-0.28796953137963965,0.08292645100300927,0.021028899166012992,0.149526751648423,0.05004734711946492
5867,5867,FAM76B,-0.2394003109364441,8.15621012294693,-0.3879334678720474,0.15049237549523284,0.0015384485670532936,0.0722362607819809,0.004966842926916697
5868,5868,FAM78B,0.14462815425471715,6.437620914581876,0.0777760581030028,0.006049115214041667,0.5412845366268373,0.2354472016834817,0.6710663903735136
5869,5869,FAM81A,-0.26575975297748555,8.389900573881327,-0.3316032195877101,0.10996069524093507,0.007434318404913147,0.09602387352215984,0.020176734560520642
5870,5870,FAM81B,0.17357943128128353,6.4798183008697645,0.08766828072720004,0.007685727445663155,0.4909168215278718,0.250486627572663,0.6275933508581418
5871,5871,FAM83A,0.006358222435090336,6.981958261418222,0.004115771215017862,1.6939572694369607e-05,0.9742508760903704,0.1961936597607644,0.9853534501768704
5872,5872,FAM83B,0.008210499445759672,6.961962376393847,0.016476338296905278,0.0002714697236740676,0.8971823434805072,0.06327819376686472,0.9368314133671989
5873,5873,FAM83C,0.03482857266977929,6.870144328334308,0.0216281795917843,0.0004677781524544749,0.8652971633823978,0.20446466456420706,0.9166625823126618
5874,5874,FAM83C-AS1,0.12760646136127307,6.447210280852437,0.1792261450217561,0.03212201105935955,0.15646742540193126,0.08895815433841316,0.26562418446839303
5875,5875,FAM83D,-0.1301633613488214,7.959639713676232,-0.6192383993182861,0.38345619519027296,4.905698599540939e-08,0.020961241437570537,5.456235396664563e-07
5876,5876,FAM83E,0.1278464946186843,6.116307658350621,0.1774552795852932,0.031490376252694574,0.16066939680315315,0.09004425835992858,0.2713324329542448
5877,5877,FAM83F,-0.1808283156085406,8.229293394653455,-0.30567693591711376,0.09343838915167528,0.014036700473761477,0.0715330237028116,0.03511201903191692
5878,5878,FAM83G,0.13734061533469033,6.080254218916737,0.14640344508179134,0.0214339687318171,0.24834589113035374,0.11785470245738862,0.3804508763368507
5879,5879,FAM83H,-0.3789667945334234,9.258711109690113,-0.4780878687314353,0.2285680102281661,6.4592770188954e-05,0.08841916553021635,0.0002957201772604226
5880,5880,FAM84A,-0.2598452149834561,8.986563351803172,-0.6175845560636694,0.3814106838883596,5.449668184883083e-08,0.042026542216073916,5.975319723728768e-07
5881,5881,FAM84B,-0.36637634177155104,9.666363669925405,-0.594499244391926,0.35342935158257105,2.2247562324845533e-07,0.0629344241898737,1.982596552035103e-06
5882,5882,FAM86A,-0.3255042396577784,9.16986555835876,-0.35033909758199433,0.12273748329456614,0.004539468662020569,0.11051900964502784,0.013021882881978464
5883,5883,FAM86B3P,-0.20357927094322228,7.9250226655168925,-0.12385244261140872,0.015339427540812288,0.3295344593256865,0.20714593158349234,0.47140102501636544
5884,5884,FAM86C1,-0.2688412515717135,8.577790919169361,-0.44884518743401136,0.2014620022826728,0.00019922414239501154,0.06797532364921435,0.0008007050489168475
5885,5885,FAM89B,-0.2508776829936797,8.80580492057474,-0.299746309562957,0.08984785009661203,0.016114055230890233,0.1014073281299468,0.039653393866469086
5886,5886,FAM8A1,0.2466651942825077,4.744736278790214,0.6851516735148421,0.4694328157201886,4.2441540584653894e-10,0.033303930967467345,1.0785109939577895e-08
5887,5887,FAM90A1,0.022007055222602028,6.924427131498378,0.02482453651033047,0.0006162576129527305,0.8456183533985608,0.11255144624571456,0.9029964713667259
5888,5888,FAM91A1,-0.3714463501253499,9.37163285130201,-0.28624263171417713,0.08193484421065804,0.02184707062075489,0.15790747411927922,0.051676495280442075
5889,5889,FAM92A1,-0.2010050600213253,8.030609402923371,-0.5529441979400531,0.3057472860355687,2.158186015785405e-06,0.03846702797364592,1.4366897685777112e-05
5890,5890,FAM95A,0.1042176216147167,6.600375714900425,0.10645856714348688,0.0113334265182443,0.4024431391519416,0.12362025125601656,0.5446475956712266
5891,5891,FAM96A,-0.05907860738511336,7.621643628027757,-0.06254362463853133,0.003911704982925503,0.6234486237849808,0.11972925397737295,0.7385104002608209
5892,5892,FAM96B,-0.2489151351242523,9.530612642775774,-0.26356733565497303,0.06946774042426122,0.0353482753907691,0.1156989959605286,0.07814076190150111
5893,5893,FAM98A,-0.37211436100718986,9.326360616048198,-0.3209769349898673,0.10302619279548952,0.009708999293358445,0.13944297547347406,0.025490831680125742
5894,5894,FAM98B,-0.2474395910898901,8.538494868554361,-0.3114038160430501,0.09697233664617376,0.012253819915168841,0.09589587840622267,0.03123310619856182
5895,5895,FAM98C,-0.18475720316753388,8.468622689456675,-0.2478421989782269,0.06142575559436302,0.0483152834193819,0.09172011637876323,0.10172751214844093
5896,5896,FAM99B,0.3507052654421881,5.214140716013891,0.3341332630228469,0.111645037458295,0.006967092933054594,0.1256377054315951,0.019044735857775465
5897,5897,FAM9A,0.05672621885836623,6.827312374891503,0.034294227425447354,0.0011760940347083054,0.7879099461538821,0.2099478502171394,0.8637224961164586
5898,5898,FAM9B,-0.047835733804255015,7.160536945946148,-0.021966532673140023,0.00048252855768012823,0.8632099684235981,0.2764969085703093,0.9153720124486077
5899,5899,FAM9C,0.07528373437714883,6.756772086604983,0.07561344183163198,0.005717392585625592,0.5526215306834528,0.1260843614080422,0.6809708623063004
5900,5900,FAN1,-0.3203544521546645,8.818481530067663,-0.3470205870677464,0.12042328784884335,0.004964602049680596,0.10995539430592632,0.014114278244168742
5901,5901,FANCA,-0.4190144852026007,9.16654553748113,-0.4793779390848188,0.22980320848120825,6.131530772945221e-05,0.09742176657402868,0.00028232681030858765
5902,5902,FANCB,-0.8722764141800223,9.78208353345924,-0.5646154244325254,0.3187905775071209,1.1761362385006551e-06,0.16193691813381356,8.492574273001563e-06
5903,5903,FANCC,-0.3075410379753736,8.37096135090862,-0.15922964705119505,0.02535408050004815,0.20883802908399768,0.2421624116677553,0.33336189885109613
5904,5904,FANCD2,-0.4537602750880019,8.924371598976803,-0.5837826899024757,0.3408022290297701,4.120477523387592e-07,0.08014700159618192,3.3734949251023937e-06
5905,5905,FANCD2OS,-0.25224705756713195,8.253641343006937,-0.24053651997914324,0.057857817443676775,0.055546225521458034,0.1292728921756074,0.11440592692500107
5906,5906,FANCE,-0.36511859429828575,9.278327384321283,-0.5673158784742197,0.32184730596897565,1.0186225706474606e-06,0.0673095849445739,7.490075303012142e-06
5907,5907,FANCF,-0.26751581092060417,9.007797428985679,-0.4652889279684138,0.2164937864899958,0.00010708386357713664,0.06463267260518478,0.00046248525444014636
5908,5908,FANCG,-0.21503591135139016,8.499288901223197,-0.6662896879257191,0.4439419482361521,1.8660492858303928e-09,0.030564136049925025,3.5415543454111245e-08
5909,5909,FANCI,-0.18026605889307984,8.120921206208365,-0.6954384927268558,0.483634697166201,1.804798901411725e-10,0.023655815263004157,5.398193399181064e-09
5910,5910,FANCL,-0.16484701182877373,8.189435965756472,-0.5776480525996109,0.3336772726721229,5.806285040654834e-07,0.02958450002595835,4.563887570068256e-06
5911,5911,FANCM,-0.7888314522392765,10.209232863189763,-0.5975231406614201,0.3570339036258871,1.862024010158424e-07,0.13443974533498215,1.6984890454920248e-06
5912,5912,FANK1,-0.03612706642847546,7.191705477261106,-0.06262914153653146,0.00392240936960289,0.6229729580723111,0.0731150832583092,0.7381542610994457
5913,5913,FAP,-0.19991918269459275,7.732539835516982,-0.2276189557605932,0.05181038902154286,0.07046846891593563,0.10861699728897638,0.13925850468831777
5914,5914,FAR1,0.14691852796273427,5.93825069131444,0.25183535761853937,0.06342104734685762,0.04470108197725625,0.07170281657159044,0.09538824030387359
5915,5915,FAR2,0.20301784238494544,5.580494106008334,0.2142837163355904,0.04591751108659176,0.0890754010062749,0.11752821923877707,0.1692932954880536
5916,5916,FARP1,-0.12692174499487538,7.7753569659338835,-0.15089382232409676,0.022768945615576082,0.2339726171381645,0.10560083677170873,0.3638285957293518
5917,5917,FARP2,0.015250036317605088,6.927744324743007,0.01150136046834673,0.0001322812926228489,0.9281279883674206,0.16838255368630378,0.9573046719741125
5918,5918,FARS2,-0.4632111343912098,9.883897833133984,-0.3856051977830513,0.14869136855730608,0.0016512526123332427,0.14076146701882294,0.005288062011250572
5919,5919,FARSA,-0.3446859907944816,9.594445706897423,-0.7106688440547404,0.505050205910101,4.7566456467293896e-11,0.04333522796600158,1.8198791780905464e-09
5920,5920,FARSB,-0.1997959013143246,8.203633260365027,-0.2246305769997147,0.05045889612322475,0.07434113936833876,0.11007247757404212,0.1456093861271143
5921,5921,FAS,0.2286149984456344,5.107719773540963,0.5613326848741378,0.3150943831080081,1.3983825891504276e-06,0.04280592710918178,9.870265634958446e-06
5922,5922,FAS-AS1,-0.3992210980177837,8.270376521341811,-0.3099486012234677,0.0960681354003842,0.012687216668257732,0.15552342335672695,0.03216738987836567
5923,5923,FASLG,0.38126998133603773,5.350291566473915,0.37697168486024296,0.14210765118637034,0.002137200337288053,0.11897191031076718,0.00665340329269304
5924,5924,FASN,-0.33701622283512833,8.973597461014688,-0.5470898296568374,0.2993072817139473,2.901426380195753e-06,0.06548775806652551,1.8783374667605093e-05
5925,5925,FASTK,-0.1522405110162726,8.283599225257555,-0.14841991634106835,0.022028471566689727,0.24181853233971004,0.1288265307460259,0.37308209730809494
5926,5926,FASTKD1,0.26647427649929256,4.585912912924728,0.3893762108217809,0.15161383355392802,0.0014720708538634509,0.08005469766191044,0.004779981157656774
5927,5927,FASTKD2,-0.3368344845118242,8.958912734225189,-0.4601156158127989,0.2117063799147912,0.00013062506784570116,0.08254632356769108,0.0005508638450240815
5928,5928,FASTKD3,0.06617354406664153,6.5107570608722165,0.1200229255293301,0.014405502652619116,0.3448224011475678,0.06951419162889341,0.4870607981769344
5929,5929,FASTKD5,-0.2140256560475205,8.584828766297267,-0.300714128397461,0.09042898701784463,0.015758057403867046,0.08620539873002454,0.03888340167282827
5930,5930,FAT1,-0.25712752980273185,9.545957992093744,-0.5275797111278102,0.2783403515937037,7.479571083791201e-06,0.05258124419655167,4.352870939209667e-05
5931,5931,FAT2,0.19126098736215355,6.1859565065664945,0.2454175763009144,0.06022978675741515,0.05062429090519142,0.0959479552066119,0.10571543100789974
5932,5932,FAT3,-0.03939431356153395,7.143340870592805,-0.016171833367384782,0.00026152819446245967,0.8990725388362629,0.3093297120597276,0.9381625895963767
5933,5933,FAT4,0.2332194830361833,5.874943776478071,0.3817665235651312,0.14574567851500586,0.001853519194955165,0.07170752493814582,0.00585870065198571
5934,5934,FATE1,0.197640799976116,6.041976264106923,0.2336997275935551,0.05461556267730185,0.06308712564548986,0.10443036034098266,0.12713118424093459
5935,5935,FAU,-0.4353598406279627,12.378373760370483,-0.4446756652733081,0.19773644728625914,0.00023204003836744088,0.11136986377151738,0.0009172740107424119
5936,5936,FAXC,0.5228734843906255,5.372700968910201,0.2836172202139424,0.08043872760188388,0.023142629579439418,0.2245217993979529,0.05438255379248652
5937,5937,FAXDC2,0.2314937509307349,5.314278044350324,0.24545263344302584,0.060246995264116414,0.05059027419646513,0.116113466991075,0.10567496746642736
5938,5938,FBF1,-0.5294490599098899,9.788891959456068,-0.32401844691307496,0.10498795393996116,0.009003153813441637,0.196323840435544,0.023877929679127823
5939,5939,FBL,-0.4038660017243717,11.269002334569766,-0.7785898433566876,0.6062021441781913,3.646305029156866e-14,0.041339896943360536,8.140282000658963e-12
5940,5940,FBLIM1,0.36761904291310055,4.375180174501371,0.6620393293304728,0.4382960735803423,2.5676108105304698e-09,0.05285329836509075,4.625758078372489e-08
5941,5941,FBLL1,-0.07538872295951818,7.387865387435645,-0.08514954926496084,0.007250445740025992,0.5035036977685987,0.11203353484785802,0.6386699024823691
5942,5942,FBLN1,0.23645273217433066,5.689516163988287,0.7266696247144238,0.5280487434826014,1.0656011118918976e-11,0.028389651309077345,5.754511740154374e-10
5943,5943,FBLN2,0.29349294668841885,5.557925930427738,0.5455324929687839,0.2976057008847364,3.136122409935546e-06,0.05726268261200693,2.0092523901524925e-05
5944,5944,FBLN5,0.2431311640862225,5.565362253182227,0.6901135536884668,0.4762567169845244,2.8220803601960586e-10,0.0323804933100022,7.804872311627797e-09
5945,5945,FBLN7,0.2634354014624893,5.817368225378123,0.3800869458607557,0.14446608641375702,0.001948798195503511,0.08141678575025925,0.006137467266379949
5946,5946,FBN1,0.3270348946487642,5.3833719224265275,0.5943784225075512,0.3532857091425651,2.2405489896854075e-07,0.0561941936293385,1.9958489663363843e-06
5947,5947,FBN2,0.5297542663358782,5.089563382091876,0.43832728982680985,0.19213081300691615,0.0002915883600580152,0.13795918813371488,0.0011243493477664387
5948,5948,FBN3,-0.04639212326887642,7.206172551904863,-0.047898149339018335,0.0022942327101029025,0.7070293262956509,0.12286577165858073,0.8052340412818092
5949,5949,FBP1,-0.3144630698967984,9.552545807846476,-0.6333250648084398,0.4011006377146144,1.953078104837712e-08,0.04880047555529443,2.502598009482879e-07
5950,5950,FBP2,0.054917777806496204,6.779709619098804,0.054426015156151725,0.002962191125777657,0.6692748685466401,0.12795768857763665,0.775739831845929
5951,5951,FBRS,0.13105710426336142,6.166809898385266,0.15459513063277466,0.023899654415364652,0.22256566315206264,0.10636926193753628,0.3496814507406164
5952,5952,FBRSL1,-0.3598956472091793,9.18612441713445,-0.2767758076135389,0.07660484768012668,0.02682786688718089,0.1586888517865025,0.061666219874949815
5953,5953,FBXL12,0.4774056857489818,4.2886306683027,0.35550414629703203,0.12638319803438156,0.0039416287934261685,0.15940706328565982,0.011478748187418461
5954,5954,FBXL13,-0.03604562083821156,7.130944564021528,-0.02322520494584297,0.0005394101447764086,0.8554538949174242,0.19705159170515732,0.909686412023022
5955,5955,FBXL14,0.501846923549688,4.313229302960248,0.3704786849446817,0.1372544559983407,0.0025830844728756608,0.1597914572619459,0.00788840703146558
5956,5956,FBXL15,0.013620113312488658,6.921915286716617,0.01592784444102641,0.00025369622853753593,0.9005874885650159,0.10858573466275832,0.9390515246954652
5957,5957,FBXL16,-0.18686539584309836,7.9769636441545115,-0.2489705504101742,0.0619863349715451,0.0472705504693736,0.09231869221398444,0.09980925998579224
5958,5958,FBXL17,0.07948423244741631,6.672864370367244,0.05821017892208755,0.003388424930141445,0.6477494102728947,0.17312076769564058,0.7582579317508803
5959,5959,FBXL18,0.037761740589622214,6.790023598838027,0.023971403314399595,0.0005746281768616079,0.8508621158192127,0.20000363367976248,0.9066654841730571
5960,5960,FBXL19,-0.13718693461494652,7.907782408092013,-0.16539922618212755,0.027356904021646585,0.19150779674421067,0.10388675674044404,0.31157825779063697
5961,5961,FBXL19-AS1,0.16647575790400235,6.211108978063147,0.19185125409818876,0.03680690369904778,0.12883641139067706,0.10815514754435628,0.2276211543334512
5962,5962,FBXL2,-0.323682190970428,8.330804134007122,-0.4788846091937213,0.22933046892262315,6.255005440748118e-05,0.07535744677034757,0.00028715739414755245
5963,5963,FBXL20,0.11563940114747172,6.4015613025431515,0.13385861731262255,0.017918129428847133,0.2916459919772681,0.1087270241334653,0.43036415374907944
5964,5964,FBXL21,-0.0265983189988632,7.1078880183282145,-0.017130254110606532,0.000293445605893952,0.8931251384322257,0.19716544801548166,0.9342249081179623
5965,5965,FBXL22,0.1135594074903341,6.603500221042912,0.09902031061021632,0.00980502191334372,0.4362945972164244,0.14493168737358508,0.5769041645430586
5966,5966,FBXL3,0.4575677797384949,3.7234577236119883,0.6721999036295768,0.4518527104396124,1.1869286915606976e-09,0.0640043925706732,2.4525706885254683e-08
5967,5967,FBXL4,-0.18240515021127052,8.055084946321738,-0.4219681151832669,0.17805709023131885,0.0005148251795191152,0.049771696305345184,0.0018680528254836526
5968,5968,FBXL5,0.13327340164071266,5.980477429202162,0.1887146455273633,0.035613217436518387,0.13532818090455834,0.08807804310981213,0.2364285403378952
5969,5969,FBXL6,-0.12875270584605486,7.7880457163016965,-0.1425155861168703,0.020310692286235072,0.26126787655475603,0.1135644340603224,0.3959128267670443
5970,5970,FBXL7,0.2971499858970654,5.311120927792079,0.5411992670427818,0.2928966466476442,3.885994868005427e-06,0.058635970530493325,2.438458964551073e-05
5971,5971,FBXL8,-0.2117867615498104,7.979695388239289,-0.2824419679558733,0.07977346526278659,0.023743332305728518,0.09135264198289687,0.05557905751600379
5972,5972,FBXO10,-0.0561663728726194,7.2555452982341215,-0.03360274340759212,0.0011291443645164755,0.792089616882928,0.21215851615443293,0.8660793059126386
5973,5973,FBXO11,0.005362220974044477,6.983059923300907,0.006795296227115783,4.6176050814253995e-05,0.9574996327747594,0.10021447171046892,0.9743728640854048
5974,5974,FBXO15,-0.030946594763652864,7.136823272312245,-0.024399755466992242,0.0005953480668490175,0.8482284406432501,0.16102830913476765,0.9047501321131498
5975,5975,FBXO16,-0.18942032472270592,7.955603158199429,-0.4820050202948248,0.23232883958941444,5.5110631294594703e-05,0.04372872181470039,0.0002567600517823684
5976,5976,FBXO17,0.11789784090036425,6.510124460336501,0.19170243411845744,0.0367498232469415,0.1291389863781982,0.07665701931844265,0.2280069099078583
5977,5977,FBXO18,0.44306870865881776,4.411242669999589,0.33505562490175234,0.11226227177830377,0.006803273746223135,0.15823431094293552,0.01864872062967873
5978,5978,FBXO2,-0.014500804445857659,7.080225203383166,-0.01422927446815629,0.0002024722518901245,0.9111435651921824,0.1294105025563051,0.9468215319466726
5979,5979,FBXO21,-0.4045320658081929,9.889469224164886,-0.4542783835955079,0.2063688498021474,0.00016284145138095526,0.10074984543274773,0.000669641403276602
5980,5980,FBXO22,-0.3356032752076986,8.900334567552873,-0.6748058952431015,0.4553629962548437,9.69073563187072e-10,0.04661278483325314,2.08187381059683e-08
5981,5981,FBXO24,0.12715295867160634,6.462572215391539,0.12120218253573158,0.014689969051424797,0.3400683331854354,0.13225333640772324,0.48242251917003626
5982,5982,FBXO25,-0.09461629523795324,7.836679474767062,-0.10556039880040978,0.011142997794901554,0.406447148822122,0.11319723494238584,0.5484896247113512
5983,5983,FBXO27,0.14937659193881694,6.390497137242155,0.1432048395828067,0.0205076260799374,0.25894456786306125,0.13110810381256108,0.3932013615507041
5984,5984,FBXO28,-0.2348496849001514,8.612319864379758,-0.273375487610822,0.07473415722645467,0.028836102664837118,0.1049464690910594,0.06558615725312969
5985,5985,FBXO3,0.1443124989340402,6.347614856687878,0.1119027176925976,0.012522218226989193,0.37867129026545066,0.16275379900592685,0.5215038661090265
5986,5986,FBXO30,0.16408590381288676,6.07899242266905,0.16985591013007525,0.028851030206116193,0.17964812971894314,0.12090317140946215,0.2961540993501609
5987,5987,FBXO31,0.042807842554775,6.725693470166952,0.03244777466334061,0.001052858080602929,0.7990837804384446,0.1674610588505991,0.8711316585478514
5988,5988,FBXO32,0.2975163834070996,5.5579492807704565,0.6429451416716013,0.4133784551991155,1.0133418188541472e-08,0.045011151870008786,1.4648809804597167e-07
5989,5989,FBXO33,-0.03088117081807443,7.225010943865333,-0.03925304912470092,0.0015408018655861835,0.7581173855935589,0.09983657558584004,0.843144342088671
5990,5990,FBXO34,-0.19862058837510002,8.927104538606883,-0.2566378256058873,0.06586297353171781,0.040652099363500935,0.0949976901441328,0.08805853873328126
5991,5991,FBXO36,-0.2991980644801483,8.163895684430019,-0.20190005174088674,0.04076363089297274,0.10962292194922788,0.18432715627208,0.20002396147712584
5992,5992,FBXO38,-0.0680824186136146,7.509887808470089,-0.1002052871822101,0.0100410995792692,0.43079707634995706,0.08585331640946466,0.5717996131387263
5993,5993,FBXO39,-0.06962304214358657,7.268901578877236,-0.05487652151150482,0.0030114326132026515,0.6666978752529,0.16088504091668626,0.7737468507745083
5994,5994,FBXO4,-0.4822530881839398,9.087531452047688,-0.5155522429756023,0.2657941152371745,1.3030827408383352e-05,0.10179241606374732,7.10966408487129e-05
5995,5995,FBXO40,0.2325011438288864,6.088431047413657,0.2339686813758176,0.05474134386473885,0.06277563170530033,0.12270064711587265,0.12656235961067672
5996,5996,FBXO42,0.6285209838067826,3.3399817495261037,0.31844443312013715,0.1014068569852055,0.01033294890538198,0.23761389086262236,0.026959037174222503
5997,5997,FBXO43,0.29476754513004005,5.877292020582216,0.2581769793308079,0.06665535265638041,0.039420486466613884,0.14008361001098216,0.08578541196206649
5998,5998,FBXO44,0.12418702207072192,6.287591801935495,0.13133307334935618,0.01724837615538737,0.3009278273326185,0.11904965632229042,0.44042931203621616
5999,5999,FBXO45,-0.3172914405999636,8.903719088274697,-0.5377229897676541,0.28914601372466464,4.6053970696527535e-06,0.06318210758387131,2.8308224111078732e-05
6000,6000,FBXO46,-0.3407030355823438,9.388800381957305,-0.29586910530547184,0.08753852747426039,0.017610218091306317,0.1396972342183504,0.04291091175506226
6001,6001,FBXO5,-0.18105381308803364,8.209109359938234,-0.5529964520556367,0.30580507598612217,2.152438360359186e-06,0.03464417334067471,1.4337450843918232e-05
6002,6002,FBXO6,-0.1092445779297218,7.761515641073339,-0.31195251642705113,0.0973143725051696,0.012093758367402223,0.042255555645919485,0.03087237268019511
6003,6003,FBXO7,-0.02467287963963764,7.198398463381588,-0.01848353477455781,0.0003416410577622878,0.8847375172198395,0.16949807388491372,0.9291009619027023
6004,6004,FBXO8,0.3191821261770841,4.417843959999816,0.4082572498383771,0.16667398204559505,0.0008113572499501028,0.09063924591413736,0.002811190599627116
6005,6005,FBXO9,0.17208917651837707,6.062244367445749,0.17253396547868174,0.029767969243798945,0.17278285664155768,0.12477308455777145,0.28704355662239595
6006,6006,FBXW11,-0.052962573717264136,7.3813758483458685,-0.0971417492262146,0.009436519442728762,0.4450902040711667,0.06891416105944224,0.5853086046913202
6007,6007,FBXW12,0.1807383195714819,6.06180848080678,0.21338454198213128,0.045532962756923936,0.0904571725952818,0.10509254456083077,0.17128804411951973
6008,6008,FBXW2,-0.10229769553692092,7.551661640750782,-0.07825209275328579,0.006123390020268842,0.5388043470837921,0.16551611334830735,0.6693327292393023
6009,6009,FBXW4,-0.09555540602833744,7.741435291469787,-0.10221799763541203,0.010448519040593105,0.4215498541423629,0.1181003663408349,0.5625253938533934
6010,6010,FBXW4P1,-0.17969080526494496,7.859154940541755,-0.18206905070520565,0.033149139224694736,0.14989256558853792,0.12324622517853548,0.2566981760412093
6011,6011,FBXW5,0.2046973133146052,5.38112145904226,0.21820258970685008,0.047612370154775964,0.08324590529268451,0.1162688213901197,0.15987834796939102
6012,6012,FBXW7,0.020675572097820914,6.904092061268202,0.017149225128615768,0.00029409592251194647,0.8930074734106319,0.15309228933455898,0.9342066104689485
6013,6013,FBXW8,-0.3194567709483158,8.244632386004092,-0.3055273471519945,0.09334695985773538,0.014086115690218738,0.1264406514286838,0.035219355186662825
6014,6014,FBXW9,-0.3598876718988126,9.14323543860242,-0.4734074905689161,0.22411465212675835,7.788906280723253e-05,0.08504225649503418,0.0003486332482618066
6015,6015,FCAMR,0.0578609102031189,6.753762672465028,0.10864662826376176,0.011804089833084038,0.3927859164102467,0.0672348885849106,0.5352552741943902
6016,6016,FCAR,-0.16035300180132214,7.590657489205098,-0.09197995805657228,0.008460312684088797,0.4697589276241109,0.2204667466099186,0.6077202686958673
6017,6017,FCER1A,0.3056610355537291,5.58208079288206,0.6507577865113519,0.4234856967051542,5.846297359350913e-09,0.04529287673837777,9.268050462426357e-08
6018,6018,FCER1G,0.171593481149651,5.74230739471829,0.5649614534948456,0.3191814439350086,1.1547475608745032e-06,0.031827447814680075,8.352056924093978e-06
6019,6019,FCER2,0.32467937836208705,5.460456040808699,0.4591823671859088,0.2108484463344548,0.00013534712805055572,0.07977262191148192,0.0005685629598321599
6020,6020,FCF1,-0.24256723972506455,8.09550153294778,-0.2111313164287352,0.0445764327769307,0.09399365661679514,0.14262039033875573,0.17679428767799
6021,6021,FCGBP,0.10982501630191324,5.6925601177289575,0.3535483804225785,0.1249964572994283,0.004159257760946179,0.03690298402642457,0.012059057541054578
6022,6022,FCGR1A,0.15112847767632534,6.539715749246593,0.08608068228369946,0.007409883862427209,0.4988312594935276,0.22214151812252814,0.6346391875365945
6023,6023,FCGR1B,0.1291712761116743,6.475241446838782,0.24468201194477365,0.059869286969342364,0.05134234642093592,0.06500730813287962,0.10690562612936226
6024,6024,FCGR2A,0.25412959334478713,5.852221031730299,0.4084458231909296,0.16682799048211608,0.000806401493030656,0.07212607068641419,0.00279536166665261
6025,6025,FCGR2B,0.1172846675237771,6.363402671631744,0.4969161278827949,0.24692563815003016,2.957739874548511e-05,0.026012448603443032,0.00014788699372742553
6026,6026,FCGR2C,0.28306792146458565,5.299236925622759,0.4381350279166114,0.19196230268748984,0.00029359222707792815,0.07375689862106813,0.0011304658032312471
6027,6027,FCGR3B,-0.14624308670952552,7.699904028969963,-0.5274375811850361,0.2781904020463216,7.529735678944765e-06,0.02991711807497328,4.3785291656162425e-05
6028,6028,FCGRT,0.2004551395372171,5.221354476054219,0.7072627200084551,0.5002205551137584,6.456554909893363e-11,0.02544660094636477,2.3148459697639203e-09
6029,6029,FCHO1,-0.28480966410801056,8.654807597547634,-0.3544986074072741,0.12566926265369666,0.004052227140919431,0.0954074342249042,0.011777074048665988
6030,6030,FCHO2,0.3805996500472365,4.527498597504962,0.4624890268027122,0.2138960999129198,0.00011928992158233069,0.0926640083336503,0.0005078885210265278
6031,6031,FCHSD1,-0.3133397186934655,8.453496627679211,-0.2306192658482933,0.0531852457804058,0.06674445508944173,0.1679022544941342,0.13308671600971828
6032,6032,FCHSD2,0.03867979057252187,6.807280609409784,0.04721508598725471,0.0022292643447838554,0.711022751363104,0.103925677718459,0.8085075560276823
6033,6033,FCN1,-0.0738785024679254,7.320484100731758,-0.09720848302948694,0.00944948917289405,0.4447760701985772,0.09606305326795556,0.5850325909523956
6034,6034,FCN2,0.2146497994855884,6.207444618259849,0.17615520773426666,0.031030657211902637,0.16380679402529594,0.15233306270035551,0.2754920879634812
6035,6035,FCN3,-0.047358106916533485,7.1934875958756255,-0.049844904780492284,0.0024845145325763434,0.6956913117499564,0.12051401109804273,0.7960893762389191
6036,6036,FCRL1,0.2966727035547541,6.030451468803053,0.2839456968449889,0.08062515875678633,0.022977056564967444,0.1272309472916885,0.054059991298823336
6037,6037,FCRL2,0.5298772330123893,4.762731561521162,0.4132433479200016,0.1707700646001315,0.0006891826479145156,0.14828971469220745,0.002433037209095017
6038,6038,FCRL3,0.1700451485839806,6.339992306389897,0.3486828339681435,0.12157971870405593,0.004747452780938487,0.058048233937070315,0.013566388225286743
6039,6039,FCRL4,0.25946485979995204,6.167899282593359,0.26382091600630514,0.06960147572240591,0.03516567251916187,0.12047806563262126,0.07780063735210975
6040,6040,FCRL5,0.2549335881043976,5.974191583042735,0.30525775932888544,0.09318229963049174,0.014175549653086447,0.10100072612434376,0.035426604470581304
6041,6041,FCRLA,0.1892138955204717,6.230505166514123,0.4728454199253794,0.22358279114440835,7.964526812580143e-05,0.04478015287718373,0.0003554654330717704
6042,6042,FCRLB,0.05578584863351844,6.781317926786582,0.07516968247592133,0.005650481163530833,0.5549618034708069,0.09398423647206844,0.6830566019188543
6043,6043,FDCSP,0.04807656373184966,6.783607304330701,0.4123326800388678,0.17001823902803534,0.0007101678937371989,0.013490377161225298,0.002497350720831283
6044,6044,FDFT1,-0.22457329466711992,9.048448325267293,-0.44636413620510096,0.1992409420901259,0.00021819700875552606,0.057177334094204474,0.0008680977814809694
6045,6045,FDPS,-0.1871216827096667,8.725589170376862,-0.4858635907178458,0.2360634287852384,4.704284498166943e-05,0.04275063447477073,0.00022325505327154316
6046,6046,FDPSP2,-0.06852273068661681,7.33696788541188,-0.09357878610311862,0.008756989208533227,0.4620401716922409,0.09258731261282266,0.6007132515607274
6047,6047,FDX1,0.4882128616187292,3.232754204075765,0.5832539288564023,0.34018514552642914,4.2452812802801545e-07,0.0863508750765273,3.466499476789847e-06
6048,6048,FDX1L,-0.3552293092718363,9.285686967289449,-0.5153899080169437,0.2656267572857137,1.3126948438713753e-05,0.07501281417342702,7.154897267564719e-05
6049,6049,FDXACB1,-0.06090766349945952,7.2873909733031335,-0.07147061008871862,0.0051080481064536476,0.5746514286579217,0.10795345951288753,0.6992232785068998
6050,6050,FDXR,-0.13588025061838194,7.862071885970787,-0.5264786578386876,0.27717977715962594,7.876472262965614e-06,0.02786729860101226,4.55082729067557e-05
6051,6051,FECH,0.02144785924841064,6.8916579949892585,0.028515610936839582,0.0008131400671012053,0.8230108402701313,0.095483599524274,0.8886711416629116
6052,6052,FEM1A,-0.2260449052378909,8.471620107203044,-0.18731524738710809,0.0350870019036935,0.138302768468743,0.1505462099335886,0.24069327744037852
6053,6053,FEM1B,0.13661058708243362,6.099731603342193,0.1908638781897768,0.036429019997641934,0.13085397987488734,0.08922912306507283,0.2303025791767462
6054,6054,FEM1C,0.20015135330162995,5.398702297757253,0.33043385199845576,0.10918653054653736,0.007659374991348894,0.07260583770426933,0.020709672298371867
6055,6055,FEN1,-0.17352595313743824,8.338302460932141,-0.6816154519099236,0.4645996242823693,5.649193753813304e-10,0.02365748113740396,1.3569473457155222e-08
6056,6056,FENDRR,0.5012482441278535,4.544590080295763,0.4888243825456007,0.2389492769710877,4.1608715296163865e-05,0.11360853527277323,0.0002005423391360847
6057,6057,FER,-0.0853719414033429,7.4603615110040975,-0.07812278879697,0.006103170129415982,0.5394774838034857,0.1383605333298948,0.6696695277595003
6058,6058,FER1L4,-0.2843822130720585,8.264636649423055,-0.2217276912718003,0.04916316907672279,0.07826363774879093,0.15883260099559318,0.1521363622486596
6059,6059,FER1L5,0.04172510899784724,6.8672386749222865,0.04007044463275528,0.001605640533066706,0.7532386735877361,0.1321382445620385,0.8397323018734045
6060,6060,FER1L6-AS1,0.17458802871607176,6.306881717802017,0.16083711176428514,0.025868576520677148,0.20421950541926204,0.1360633399743674,0.32738920564510804
6061,6061,FERD3L,-0.03263141125651048,7.153038795319843,-0.04691961604804458,0.002201450370095923,0.7127525787023289,0.0882281141901082,0.8099192836213
6062,6062,FERMT1,-0.2630629860439906,9.13167160895896,-0.6859823383646274,0.4705717685482022,3.9661149440229917e-10,0.035436801388190414,1.0248952161434116e-08
6063,6063,FERMT2,0.2110712864873111,5.880397370389576,0.5757252428515843,0.33145955525651577,6.455980164160253e-07,0.03806991294979343,5.00731556070524e-06
6064,6064,FERMT3,-0.07949552362082918,7.5680193778399,-0.19313952478471835,0.03730287603406683,0.1262395677384841,0.05128856028822972,0.22387337968854912
6065,6065,FES,-0.026978011627943454,7.160820995285598,-0.027308415978005703,0.0007457495832277973,0.8303899884103783,0.12541676235530855,0.893289935662894
6066,6066,FETUB,0.19569578273517446,6.4045470669135085,0.11706250664097055,0.013703630461067274,0.3569381883422298,0.21084898748004632,0.4997083590690167
6067,6067,FEV,0.20483423906523465,5.900453629339798,0.5454958936736397,0.29756577001480283,3.141845851445917e-06,0.039968518970258715,2.0112852103842737e-05
6068,6068,FEZ1,0.4939342352303032,4.341846392181761,0.6110631726827832,0.37339820100914894,8.20172059154941e-08,0.08126115522789844,8.421444258416427e-07
6069,6069,FEZ2,0.5031358847585169,3.409029710249839,0.5004836588132462,0.2504838927390938,2.5375346881515672e-05,0.11053250987542808,0.00012914292284823078
6070,6070,FEZF2,0.09886622564292977,6.679445532166886,0.07764429220332371,0.006028636111755115,0.541972032081194,0.16122393281788658,0.6716879960349257
6071,6071,FFAR1,0.1988135017085325,6.246075990485242,0.172229663170575,0.02966305687584972,0.17355316226529247,0.1444120259779055,0.2880801570485136
6072,6072,FFAR2,-0.07454781301789816,7.284489939697073,-0.07244341010597632,0.0052480476677826725,0.5694422225391318,0.13034596061434195,0.6951371376689133
6073,6073,FFAR4,0.06627995150943422,6.618619144377012,0.2627998839673613,0.06906377901325858,0.03590573180498812,0.03090445806184246,0.07907440478358768
6074,6074,FGA,0.10089310959680346,6.584102635037251,0.07108323356666682,0.005052826094293311,0.5767318800731318,0.1798036478993233,0.700809655068945
6075,6075,FGB,-0.3200832461842002,8.14020579909024,-0.2805438459102805,0.0787048494781312,0.02474136295895441,0.1390803402105954,0.05754825079228332
6076,6076,FGD1,0.12445783135370204,6.443392888988372,0.1603759385235897,0.025720441657322218,0.20553705486943225,0.09728121114289796,0.3292244847057101
6077,6077,FGD2,0.4848208699245542,4.4255762797596,0.3637644370851189,0.13232456568785345,0.003129671730703545,0.15766811449214765,0.009366091946985249
6078,6078,FGD3,0.02211956583646635,6.90308339683904,0.028588227112309444,0.0008172867294249848,0.8225674434581286,0.09822363131644828,0.8883252537445528
6079,6079,FGD4,0.22553498209781225,5.566382102945872,0.5394167187358749,0.290970396451778,4.240623160238243e-06,0.04471218053328042,2.633515759534246e-05
6080,6080,FGD5,0.35735672516998995,5.18136264520317,0.3871116715460253,0.1498554462471578,0.001577448274099767,0.10809764627061648,0.005077235787103218
6081,6081,FGD5-AS1,0.4446770183269637,3.6760123622384655,0.3102084676397773,0.09622929339541876,0.012608865582840056,0.1730710076129556,0.031998709035087475
6082,6082,FGD6,-0.059970042568185465,7.296314087630072,-0.062371383678196377,0.0038901895019327814,0.6244071348222249,0.12187278687651333,0.7391183431720073
6083,6083,FGF1,-0.2237495366562248,7.867784404480452,-0.11360766872784905,0.012906702393776686,0.3714037278334841,0.2485065003646377,0.5144543232071929
6084,6084,FGF10,0.12842555954247378,6.549606462931746,0.13400465112701312,0.0179572465236725,0.29111509575187383,0.12061489610559775,0.4297564522807845
6085,6085,FGF10-AS1,0.09028130547737924,6.704463209920172,0.08132071650383005,0.006613058932696297,0.5229511455086153,0.14052707684120086,0.6558088403977915
6086,6086,FGF11,0.2408141150302365,5.736403767658772,0.2373453942863047,0.05633283618892145,0.05896938380058099,0.12517416624497232,0.12019727855886655
6087,6087,FGF12,0.3383205878027927,5.9099381277141605,0.13773484846662173,0.018970888482123253,0.27776912197147,0.3089795198147673,0.41500554272748613
6088,6088,FGF13,0.05766061584495932,6.698427974727122,0.2385825557867092,0.0569216359257182,0.057622528762255126,0.02980702528243124,0.11789643427311364
6089,6089,FGF13-AS1,0.14228487954525978,6.536734331582386,0.14569852474139455,0.02122806011181876,0.2506558348750994,0.12270111423442776,0.38305942866762727
6090,6090,FGF14,0.5502017993623434,5.055007545288701,0.3505787310515148,0.12290544666569032,0.004510053390467117,0.18666539082168312,0.012947793473494023
6091,6091,FGF14-AS2,0.7688989363067263,4.450723337662951,0.5373802615285235,0.2887775454804643,4.682687842462528e-06,0.15324786571266438,2.871809833716399e-05
6092,6092,FGF14-IT1,0.0771634133495042,6.7384227629805045,0.0760692150525933,0.005786525478717687,0.5502228278548935,0.128453657140291,0.679030694511797
6093,6093,FGF16,-0.15624094123034565,7.66129741357055,-0.20700968049424034,0.042853007818327474,0.10074155053738704,0.0937772874081568,0.1870831658116666
6094,6094,FGF17,0.2939618208453786,5.344680778777612,0.33389874658012764,0.1114883729677803,0.007009292062199414,0.10539302090186492,0.01914800297804066
6095,6095,FGF18,-0.15588692591898504,7.73338445822036,-0.13915314072333027,0.019363596573166955,0.2728031260548825,0.14088827144044466,0.4094788725804728
6096,6096,FGF19,-0.04121638394700507,7.178989038260095,-0.04043028429788542,0.0016346078884078405,0.7510939630984029,0.12936357413322125,0.8381016626690124
6097,6097,FGF2,0.2112456652368936,6.1590461953851054,0.1993000716766438,0.03972051857031536,0.11436796234213027,0.1319117041531519,0.2069383543214264
6098,6098,FGF20,-0.15062877925553908,7.519693835328085,-0.1278433473952248,0.01634392147321613,0.3140656521485356,0.14840742105529486,0.4545480222382817
6099,6099,FGF21,0.06594275663730262,6.652672655477209,0.08886043010210702,0.007896176037931447,0.4850173272504309,0.0938731528119146,0.621997525856217
6100,6100,FGF22,0.10860502870727687,6.565380781643978,0.08489670447214352,0.0072074504302304734,0.5047763570005004,0.16187974535687735,0.6397970155601894
6101,6101,FGF23,0.19405409118948366,6.143797693193834,0.1972500193897936,0.038907570149273936,0.118219319172428,0.12248770068002045,0.21246297647781356
6102,6102,FGF3,0.08809732262286707,6.669134521659742,0.08895388611995643,0.007912793855842173,0.4845564378927461,0.1252785920423519,0.6216273496781645
6103,6103,FGF4,-0.25146688905372583,8.19602317564428,-0.18337033168280106,0.033624678541460465,0.1469525903764113,0.17120987459352846,0.2526403893776744
6104,6104,FGF5,0.17395019645965282,6.28808046053726,0.1251145136354116,0.015653641522225595,0.32459145280431,0.17518437025958225,0.466115909182847
6105,6105,FGF6,0.07653711423101857,6.573811229563643,0.10017194614730184,0.010034418794937938,0.4309512189836413,0.09654730936056746,0.5719371137012893
6106,6106,FGF7,0.3278990273082032,5.978543963533316,0.21998185263379907,0.048392015488198485,0.08070070980096747,0.18466579797661456,0.1559776750035657
6107,6107,FGF8,0.17243038188669252,6.407636458383273,0.21051368099555104,0.04431600988629663,0.09498169328069894,0.10169387010138088,0.17821926765388924
6108,6108,FGF9,0.28727427390959925,5.786425335653116,0.6521770858426335,0.4253349512981897,5.281335995298645e-09,0.042407507448584375,8.515810199418627e-08
6109,6109,FGFBP1,-0.024815908708575883,7.204970634079304,-0.08720630781591909,0.007604940122884831,0.4932130196707986,0.03600217473550855,0.6296367353045537
6110,6110,FGFBP2,0.2322022292558963,6.164221556215079,0.3951849330995317,0.15617113134888136,0.0012300932420633488,0.06854840460313764,0.004074907320924249
6111,6111,FGFBP3,-0.3692985220598611,8.382266440855128,-0.3889949572432904,0.15131707676070935,0.0014893565490552779,0.11107350723865736,0.00483176270708495
6112,6112,FGFR1,0.5831610910386028,3.8563359806363566,0.4551281003065865,0.20714158768868224,0.00015773766396021797,0.14489615595855046,0.0006513747355184059
6113,6113,FGFR1OP,-0.34001978867522525,9.075674543899604,-0.3689928798589344,0.13615574538658998,0.002696103856816962,0.1087697391189098,0.008202322143772312
6114,6114,FGFR1OP2,0.11764767366709462,6.429614111946957,0.11973280667379095,0.014335944993983397,0.3459982970049401,0.1238907253914971,0.48843501444862963
6115,6115,FGFR2,0.41224825223705297,4.822173319676317,0.4673433008306459,0.2184097608312836,9.887083212339437e-05,0.09904134288558224,0.0004307076784614977
6116,6116,FGFR3,0.2560339632266296,5.4542228171580485,0.485038803472281,0.2352626408738221,4.866948649861278e-05,0.058624803992141775,0.00023031855990547637
6117,6117,FGFR4,-0.3974088179202635,9.301621753305273,-0.5258130430837175,0.2764793562769593,8.12584196516209e-06,0.08164615990263176,4.673708041317e-05
6118,6118,FGFRL1,-0.3602673190917002,8.909873802647592,-0.6185572764833247,0.3826131042904682,5.1232012168549745e-08,0.05812029453077041,5.65098814592168e-07
6119,6119,FGG,-0.2349479058201476,7.841777046980168,-0.2003592417301409,0.04014382574667704,0.11241625999773676,0.14590475161428754,0.20417462972833927
6120,6120,FGGY,-0.306856024514609,8.570412494166186,-0.5472774557759311,0.29951261360057624,2.8742870861513187e-06,0.0595979622448561,1.8624382660265352e-05
6121,6121,FGL1,0.01427369139822232,6.940300028060213,0.013481894756887372,0.00018176148623578724,0.9157932554108564,0.1344466709244077,0.9489665492354338
6122,6122,FGL2,0.15212236864996329,5.816523746923988,0.7406464798762561,0.5485572081530894,2.6402530895334797e-12,0.01752619473097635,2.0687470313096318e-10
6123,6123,FGR,-0.01616008571154373,7.095341699549638,-0.023205064233745718,0.0005384750060922649,0.8555778989848588,0.08841950522658018,0.9097289306941528
6124,6124,FH,0.2758379322345896,4.472410760173512,0.3774491492024595,0.14246786023366054,0.0021073067944269845,0.08594584702888944,0.006574517884068052
6125,6125,FHAD1,0.1945244277388114,6.180885315434983,0.13050070082753734,0.0170304329164784,0.30402854732198875,0.1876875623184351,0.4435638186263193
6126,6126,FHDC1,-0.2095908291619549,8.709341022492495,-0.41320563326768783,0.17073889536415093,0.0006900404536524966,0.05866186218805426,0.002435580372434728
6127,6127,FHIT,-0.15016729120168942,7.909127251914066,-0.3959323333803788,0.15676241261603144,0.0012017131978626849,0.04423168775987942,0.003992497591242167
6128,6128,FHL1,0.15997948906373688,5.890536681539165,0.7177185846232745,0.5151199667136365,2.4918794576339657e-11,0.01971203306949531,1.0835672621498701e-09
6129,6129,FHL2,-0.20788482677260012,9.147571949926972,-0.6882342124585148,0.4736663311983921,3.296892797426271e-10,0.027830516438461912,8.814100435588383e-09
6130,6130,FHL3,0.0588299466413777,6.685783812491469,0.05517384683163126,0.003044153374200307,0.6649992074944429,0.13520953124447296,0.7723549390341732
6131,6131,FHL5,0.3158536667877745,5.960253849523584,0.16775014651767073,0.028140111656699995,0.1851836226353871,0.2357376766934125,0.3031104571556544
6132,6132,FHOD1,-0.031009724836300958,7.211356438334242,-0.04275333929080938,0.0018278480205150653,0.7372938964246245,0.09203112927129342,0.8289738074683878
6133,6133,FHOD3,-0.14827034944118525,7.657310697162919,-0.3500214448149937,0.12251501183037568,0.0045787221122806825,0.050394560372026935,0.01312231701183671
6134,6134,FIBCD1,0.0726388361473243,6.620899780834018,0.10015560791991863,0.010031145797808469,0.4310267654460883,0.09164494747587268,0.5719993017364287
6135,6135,FIBIN,-0.17277871729519426,7.690446467906552,-0.2102251670093881,0.04419462084412512,0.09544600414964824,0.10204563434998692,0.17897627244584619
6136,6136,FIBP,-0.3257276675682523,9.872799063353142,-0.4988759047472814,0.24887716833741855,2.7195343380990932e-05,0.07186571618452682,0.00013737232584916227
6137,6137,FICD,0.18223349282811585,5.752887030406302,0.2581524518804083,0.06664268841186652,0.039439867941914064,0.0866123988691937,0.08580172194918113
6138,6138,FIG4,-0.02072716684465441,7.185583617275019,-0.02993041581663352,0.0008958297909565857,0.8143820860253316,0.08790968703963611,0.8825223476394213
6139,6139,FIGLA,0.01279169468661019,6.971101286401686,0.00998117435918132,9.96238415883786e-05,0.9376072776222488,0.16275298551801445,0.9633195235047586
6140,6140,FIGN,0.5942702018640486,4.994582030304602,0.5301541728107757,0.28106344694867785,6.623156073721063e-06,0.12070665304704535,3.9187006769516286e-05
6141,6141,FIGNL1,-0.16202189135012707,8.044141823703697,-0.6337638981920719,0.4016566786516109,1.896419664253863e-08,0.025114560378266027,2.4430081992514817e-07
6142,6142,FILIP1,0.9799023886831564,3.782435824337613,0.4702445291747708,0.2211299172188019,8.825721299920594e-05,0.233558528910762,0.00038908997302479736
6143,6143,FILIP1L,0.1209928455986512,6.356052038990032,0.1993770662285548,0.03975121453790553,0.11422521564815755,0.0755232252174777,0.20674916790879735
6144,6144,FIP1L1,-0.2966853516779429,8.705525784030444,-0.49905087304095497,0.24905177388293945,2.6991564316384626e-05,0.06542751681770641,0.00013650217778405163
6145,6145,FIRRE,-0.4314961441127035,8.426122817933742,-0.38756820591130575,0.1502091142333083,0.0015556744607172909,0.13034337626900475,0.005014607092413357
6146,6146,FIS1,-0.2593105326384146,9.467067021449086,-0.33446921977566313,0.11186965897734084,0.006907028393356882,0.09279113969373323,0.018897245718021892
6147,6147,FITM1,0.1845175303110049,6.180684983799468,0.2032491749437327,0.04131022711530807,0.1072213138704124,0.11288910873280117,0.19668594255516986
6148,6148,FITM2,-0.2296575992264821,8.451419182358041,-0.2627035942433381,0.0690131784283684,0.03597618760239426,0.10712497356564003,0.07918930092801867
6149,6149,FIZ1,-0.24702002020958325,8.62836947008491,-0.1902782428219404,0.036205809691405307,0.13206188836746324,0.1618599224760071,0.23193837733961206
6150,6150,FJX1,-0.2158533076068261,8.125428692431019,-0.2355734678039889,0.055494858733197,0.06094271029636277,0.11309376208656945,0.12354562736076913
6151,6151,FKBP10,-0.1070823493636642,7.53698568391229,-0.1532140431156636,0.023474543007848427,0.22677568228144915,0.08771326104245185,0.35487985256574517
6152,6152,FKBP11,-0.0815118909135379,7.6598584970531425,-0.1317764828208385,0.017365041424630745,0.2992844770210471,0.07787235644240445,0.43849833219829326
6153,6153,FKBP14,-0.30812937667179824,8.550059298827497,-0.3867730748148555,0.14959341140173782,0.0015937735450048509,0.09330272666532352,0.00512444931211285
6154,6154,FKBP15,-0.696323596985884,10.703157161861338,-0.3650738918339156,0.13327894649876149,0.003015633533539553,0.2255143412954012,0.009067417962899059
6155,6155,FKBP1B,0.06748322362186449,6.559782971175394,0.433375723847032,0.1878145180199389,0.00034738784549534285,0.01782226950010025,0.0013146948259702288
6156,6156,FKBP2,0.3521491651556501,3.862233871495441,0.4061088439676132,0.16492439314871116,0.0008697959626627437,0.1006355141902534,0.0029987950280945257
6157,6157,FKBP3,-0.3325116400994521,9.500587412480897,-0.29571841647147745,0.08744938184039819,0.017670687898158496,0.13641468301533208,0.04304204666605558
6158,6158,FKBP4,-0.682539663794076,11.091471714078438,-0.6273281471344969,0.39354060418720094,2.9069849419266717e-08,0.10760640933729801,3.4645436938592224e-07
6159,6159,FKBP5,0.2165504225424597,5.352412162659907,0.6236499171324164,0.38893921913926977,3.694676225894088e-08,0.03447184490442185,4.253493549799919e-07
6160,6160,FKBP6,0.1368120545208247,6.248773294662553,0.17310648201764128,0.029965854116523964,0.17134036355614904,0.09885728993877738,0.28539155240430797
6161,6161,FKBP7,-0.12584336185774267,7.566728488147567,-0.1325722260616157,0.017575395122932137,0.2963499941960486,0.11948999246631087,0.43508197452985986
6162,6162,FKBP8,0.017398763490697116,6.910419105004394,0.02009445432354932,0.0004037870945612098,0.8747695314475094,0.10994073186803628,0.9225252850635928
6163,6163,FKBP9,-0.11933321700993905,8.077056017829976,-0.1556532126160803,0.024227922597706703,0.2193774205404563,0.09617929917195504,0.3460389033055585
6164,6164,FKBPL,-0.4838490800809554,10.080264372163839,-0.5246401882325166,0.2752473271086504,8.583240494873638e-06,0.09971200122279752,4.9132982531453505e-05
6165,6165,FKRP,-0.5656074562138301,9.85462412568268,-0.4154436790292909,0.17259345044539245,0.0006407789441759737,0.1572775020323384,0.0022803727257404618
6166,6166,FKSG29,-0.1841576419580148,7.680862117169169,-0.13854028851407912,0.019193411541564284,0.2749416429761962,0.1671896929509087,0.41180393406069504
6167,6167,FKSG49,0.1824621154082353,5.583965712945833,0.27587644086575114,0.07610781062475429,0.027347218925648724,0.08073705321257478,0.0626936296670467
6168,6168,FKTN,-0.2641902703936917,8.740491108595624,-0.5167028755434139,0.2669818615948327,1.2368062283395917e-05,0.05559522046659003,6.796000729432594e-05
6169,6169,FLAD1,-0.3468963834185387,9.55053079759724,-0.6651436276632404,0.4424160454210154,2.034775997173382e-09,0.0494588058605006,3.7985408809301365e-08
6170,6170,FLCN,0.2279367243875576,5.918758091893967,0.16304346154514984,0.02658317035262476,0.1979990035748461,0.1751719224511601,0.3199513784354371
6171,6171,FLG,0.22934730609421464,6.318891094849025,0.10791906496058233,0.011646524581966392,0.3959817736710857,0.2683216844029792,0.5382949316387723
6172,6172,FLG-AS1,-0.4188253571283293,8.27151426344129,-0.22179941828687655,0.04919498195239684,0.07816477572437475,0.23384196538825955,0.1519987624201989
6173,6173,FLG2,0.036065268679580965,6.902199100442503,0.020944929654165376,0.0004386900782179361,0.8695147010696284,0.21863472464718767,0.9191321317808651
6174,6174,FLI1,0.2894276837961494,5.663270138919286,0.6381052770425895,0.40717834458959984,1.4137045980128032e-08,0.04435207245134258,1.9278194628442853e-07
6175,6175,FLII,0.17976049513033412,5.542186868288294,0.16417172116097628,0.026952354028957348,0.19487081063032666,0.1371725186054371,0.3157689555564056
6176,6176,FLJ10038,-0.4289057253014025,8.892597301349795,-0.3446022973735423,0.11875074335512327,0.005296158533933127,0.14838746383373685,0.014950894675051736
6177,6177,FLJ11292,0.5203170125215539,5.19740959213463,0.3377489011690414,0.11407432024089488,0.006344091060989038,0.1841521873488011,0.017503031204703482
6178,6178,FLJ11710,-0.052591131427517215,7.305167524258669,-0.04725491672658465,0.002233027154836449,0.7107896732678212,0.1411835927534897,0.8083263509407975
6179,6179,FLJ12120,0.4434523180242417,5.541879607862132,0.332076585007112,0.11027485830998564,0.007344872643243562,0.15997081665868715,0.019956445716032334
6180,6180,FLJ12825,0.0643229719094176,6.771480877559112,0.052213894170551035,0.0027262907444535038,0.6819833969466156,0.1562396860378016,0.7857177304149265
6181,6181,FLJ13224,0.13964098893658267,6.502880345152074,0.18429069798134248,0.03396306136245038,0.14489933488743073,0.09458244198140617,0.24991467509660556
6182,6182,FLJ13744,-0.0008745149990852559,7.019011096618343,-0.0010093179314165288,1.0187226866789407e-06,0.9936844909848492,0.11003813161235597,0.9961224725616569
6183,6183,FLJ13773,0.13396092180923255,6.515904118625077,0.10687288263999672,0.011421813043782512,0.40060393640893066,0.15827789680527787,0.5429049529341882
6184,6184,FLJ16734,0.07483905993167088,6.670225412178513,0.1048924487302988,0.01100242580063836,0.4094398332112765,0.0901126720738974,0.5510173132925358
6185,6185,FLJ16779,-0.0969936724226384,7.355684569616277,-0.0845922852998878,0.0071558547322576145,0.506310800395942,0.14509663483811766,0.6410665019338201
6186,6186,FLJ20021,-0.2854271874147,8.953128760485166,-0.3581448095327015,0.12826770459521505,0.0036638123945635227,0.09450012863756413,0.010753572432132432
6187,6187,FLJ20518,-0.039250071867540065,7.133434026315463,-0.02219173499683333,0.0004924731021696773,0.8618212805040848,0.2245672332684217,0.9142575725917775
6188,6188,FLJ20712,0.058640681719434415,6.739966417237331,0.052396992238954485,0.002745444795689056,0.6809281001529335,0.14193837287945965,0.7850030882033526
6189,6189,FLJ21369,0.1917407476818193,6.410396080835874,0.14426712944944578,0.020813004639583143,0.25539126304801785,0.16702596890831542,0.38873253681765846
6190,6190,FLJ21408,0.3191819437395296,5.648026193845865,0.2522202594447087,0.06361505927435618,0.04436478878788441,0.15552124082503965,0.09477355245157709
6191,6191,FLJ22184,-0.06620636514080118,7.356579470430138,-0.11241668610173662,0.012637511314096385,0.3764714994402881,0.0743209809710582,0.5192999758188063
6192,6192,FLJ22763,0.12135181498449568,6.19420074628965,0.5698207866271638,0.3246957288723998,8.904162981849146e-07,0.022226029773576742,6.662663948233467e-06
6193,6193,FLJ25758,0.1931540085421474,6.098034435346039,0.23989172023198824,0.05754803743586252,0.056224565744135,0.09927096271592366,0.11557123599328367
6194,6194,FLJ25917,-0.05804380535060416,7.2221293786112515,-0.047430174016124566,0.0022496214071998587,0.7097644313855407,0.15524451499001676,0.8074359070868817
6195,6195,FLJ26850,0.016590399360995454,6.960192791551512,0.0176091148300275,0.00031008092509709443,0.8901557822613015,0.11963441395241553,0.9325297985036276
6196,6196,FLJ27354,0.2492291430891277,6.1061761203122265,0.2158479198820916,0.04659032451742584,0.08671125401587873,0.14318413139435812,0.16551187357548294
6197,6197,FLJ30064,0.12044899123099555,6.3858896891576125,0.11249711603722744,0.012655601116693414,0.3761279558159838,0.13511397367507053,0.5189252601424013
6198,6198,FLJ30403,-0.034399057779858085,7.140663430097767,-0.027467561945201162,0.0007544669592134633,0.8294163363546141,0.15898886076411434,0.8926500056537532
6199,6199,FLJ30679,0.094569768366312,6.622979735828334,0.1051473350551992,0.011055962069210322,0.4082963345310796,0.11359103816832232,0.550025326548711
6200,6200,FLJ31104,0.3812172763083612,5.521489248269272,0.3688258921374877,0.13603253871101373,0.002709077510173765,0.122012414369419,0.0082371628029785
6201,6201,FLJ31306,0.1036175430585624,6.451837060608399,0.19866200117855445,0.03946659071226797,0.11555621134923945,0.06492005470470738,0.2086003465128193
6202,6202,FLJ31356,-0.05240301681755314,7.1936895873722495,-0.05052776845524602,0.002553055385066955,0.6917297934729998,0.1315452676980399,0.793106828911834
6203,6203,FLJ31713,-0.029047670920629626,7.124454900871924,-0.02726853770390562,0.0007435731485093223,0.8306340028173773,0.13523593156221306,0.8934276725282028
6204,6204,FLJ31715,0.3933749657274733,5.266174640806961,0.302032423223321,0.09122358467815132,0.015284012318810531,0.1576833471397152,0.03785170251187581
6205,6205,FLJ31945,0.09415213267767207,6.628147816194107,0.08330430129026034,0.006939606613458471,0.5128293476998003,0.14303908440165866,0.6467862273989037
6206,6206,FLJ32154,0.13275950029211345,6.442708972885284,0.1861640155844288,0.03465704069851944,0.14078647829046567,0.08898459800825577,0.2441524135004432
6207,6207,FLJ32255,-0.10857045476356632,7.48532170628573,-0.1906209642666488,0.036336352017946986,0.13135398599648865,0.07100809937329244,0.23102904962685136
6208,6208,FLJ32790,-0.1086073863577552,7.3763962218460595,-0.08395556274375827,0.007048536515621133,0.5095279600253647,0.1637110714551824,0.6441138793933227
6209,6209,FLJ32955,-0.16122902694708696,7.570997845446263,-0.12492685982010875,0.015606720304513103,0.3253234189554236,0.1626207219032839,0.4668185628839894
6210,6210,FLJ33360,0.029410928037493383,6.910653379544643,0.0291622800965576,0.0008504385804300796,0.8190642129317216,0.12802850018062334,0.8860443366488376
6211,6211,FLJ33534,-0.029398828646902943,7.146309340125214,-0.0312898390015713,0.0009790540247442523,0.8061117322143257,0.11926641102509444,0.8768069496760874
6212,6212,FLJ33544,0.130082317510802,6.4011202503889715,0.17499086554610818,0.03062180302457611,0.1666546683398879,0.0929509141447996,0.27924070279327395
6213,6213,FLJ34503,0.3039647993594693,6.043529988965153,0.1911385015985088,0.036533926793323145,0.13029043981173175,0.1982428279713472,0.22960933220402432
6214,6214,FLJ34521,0.23242704966725375,6.1559407574685165,0.2505459073671582,0.06277325169843262,0.045843006958300785,0.11405802551581593,0.09745070341435197
6215,6215,FLJ35700,0.09475630956711974,6.5915199894856675,0.4557243550075157,0.20768468774701626,0.0001542444027951059,0.02350493632330908,0.0006390209570552934
6216,6216,FLJ35816,0.04489094019526066,6.87156678851218,0.031465783444037526,0.0009900955277470662,0.8050428588954268,0.18109614442177585,0.8759073685414497
6217,6217,FLJ35934,0.14014273985012693,6.52625096366971,0.13563323482865958,0.018396374390086314,0.28523746286435625,0.13000998743473746,0.4232146117387896
6218,6218,FLJ36840,0.06811699079131303,6.747017162041839,0.06856060629940715,0.0047005567361423075,0.5903639153772801,0.1258814799585729,0.7118620517565009
6219,6219,FLJ36848,0.20821838298776785,5.711039912440536,0.7998557936667684,0.6397692906622959,2.2451282173376877e-15,0.019842751631188062,1.0749752213155295e-12
6220,6220,FLJ37035,-0.23888985702596166,7.922679740111461,-0.11281637399511195,0.012727534241404976,0.3747661592951211,0.26720725233172643,0.5176400803377884
6221,6221,FLJ37201,-0.00908782516343191,7.047223691812233,-0.0060658749844900725,3.679483932746245e-05,0.9620581525192496,0.19026665059766426,0.977449999662398
6222,6222,FLJ37453,0.2407515399054613,5.878215424665997,0.19709183079393686,0.038845189765705834,0.11852057648638685,0.15209021614507845,0.21286912862343096
6223,6223,FLJ37786,-0.24651536861939435,7.728266064228038,-0.153714886066234,0.023628266198355303,0.2252425880164668,0.2012518246621284,0.3530931115894446
6224,6224,FLJ38379,0.3539986770820653,5.901555525902821,0.2807499730211887,0.07882054735139818,0.02463129378782746,0.1536944525027617,0.05733533988771404
6225,6225,FLJ38576,-0.08040870755726723,7.271699440387215,-0.06536946287449713,0.004273166676500257,0.6078127374079707,0.15588431746723078,0.7261494443655305
6226,6226,FLJ38668,0.08574701230757363,6.589450720634325,0.09836032933921514,0.009674754387718866,0.4393735016425792,0.1101772943286305,0.5799483834005884
6227,6227,FLJ38717,0.0007422548584977432,7.012357071287704,0.0010544906772257834,1.1119505883560914e-06,0.9934018420137748,0.08939520369576462,0.9959922521687057
6228,6228,FLJ38773,0.0699904894457304,6.766540867310102,0.06670961201258313,0.004450172334869374,0.6004576036019027,0.1329493663539803,0.7197447916527845
6229,6229,FLJ39080,-0.004414437629442835,7.0358958415974335,-0.0040543360346766005,1.643764068207718e-05,0.9746351001049856,0.13827899981856678,0.9855119113174011
6230,6230,FLJ40288,0.17979157528722134,6.0056776098411335,0.13125579289984365,0.01722808316976664,0.301214840666622,0.17245722035987845,0.4407004509584285
6231,6231,FLJ41170,0.3166142188752962,5.753253041879983,0.22167745032711444,0.049140891983530284,0.07833294443079301,0.17687690802512435,0.15223009168525733
6232,6232,FLJ41455,-0.5264299369731698,8.501399895327099,-0.3387285873518699,0.11473705588939336,0.006183940855078646,0.1857073213967228,0.01712883591925404
6233,6233,FLJ42627,-0.004405403701297979,7.040734950380425,-0.005972947171873197,3.567609791798804e-05,0.9626389950562032,0.09366847440809037,0.9778540607951137
6234,6234,FLJ44087,-0.08375634232989627,7.34336960973538,-0.07190013043484084,0.005169628756547125,0.5723486971613375,0.14755933794129775,0.6972440952423922
6235,6235,FLJ45482,-0.07597848379675529,7.373314368858316,-0.11852941043757086,0.01404922113867813,0.3509024092916594,0.08083440964169197,0.49352417180040814
6236,6236,FLJ45513,-0.1751431847323384,7.729731251696613,-0.1619641299057231,0.026232379376117942,0.201024922286497,0.1355208822196972,0.32370420098918745
6237,6237,FLJ45825,0.05614706379543606,6.781447135858544,0.04849413652879188,0.002351681277673107,0.7035513876545062,0.14686919407101753,0.8022012057528608
6238,6238,FLJ46026,0.05943900123533381,6.700100567544607,0.07634795065511656,0.0058290095692361136,0.5487583311165731,0.0985845407404732,0.6777764746419993
6239,6239,FLJ46875,-0.2307435070705717,8.218772101683623,-0.2897040892660122,0.08392845933744958,0.02023346386605032,0.09681523737370992,0.04839894620781173
6240,6240,FLJ90680,0.049362441460655465,6.795708373942418,0.06155215736563983,0.0037886680763644883,0.6289745527793728,0.10165605372491854,0.7428883202380868
6241,6241,FLNA,0.21280467677960474,5.471929788263859,0.5298270562365067,0.2807167095202425,6.726658314891547e-06,0.043261460477279565,3.9701767732073164e-05
6242,6242,FLNB,0.25254349989181074,4.653643797752185,0.3705863709948592,0.13733425836713936,0.002575059869664434,0.08038447554557676,0.00786833942113494
6243,6243,FLNC,0.2043115799799354,5.729590342640835,0.3050963867363487,0.09308380519957564,0.014229317423133629,0.08099228502040512,0.03554866968135195
6244,6244,FLOT1,-0.3835267108960751,10.039714259240311,-0.33979273895457,0.11545910544624853,0.0060140164840430145,0.1348169926591869,0.01670517277603277
6245,6245,FLOT2,-0.168342474946368,8.251906496318396,-0.18216973502335115,0.03318581235847797,0.14966353988688655,0.11539663474719157,0.25646624643907007
6246,6246,FLRT1,0.17849890390763415,6.265105418380117,0.21325855589916656,0.04547921166419795,0.09065211321664046,0.10385464857212344,0.17156716585442663
6247,6247,FLRT3,-0.07274957075491374,7.440789229622551,-0.2919665607867633,0.08524447261765075,0.01923453982686177,0.030265928203026832,0.04631117611686823
6248,6248,FLT1,0.3199822035981049,5.447827214863096,0.2468368211735393,0.060928416287057835,0.04926202461114393,0.15953992546869297,0.10332638594203147
6249,6249,FLT3,0.3222644954296049,5.5830191288245405,0.34438997597373977,0.11860445555119305,0.005326179410556676,0.11157105494420133,0.015016067586981489
6250,6250,FLT3LG,0.2651500760633076,5.7949096721738815,0.31687066466112873,0.10040701812278548,0.010737981971735328,0.10079451646897436,0.02783468992074797
6251,6251,FLT4,0.2015544710123131,6.1883009856978095,0.1619800918761664,0.026237550164211317,0.2009799342965756,0.15594141201150968,0.32368142772514835
6252,6252,FLVCR1,-0.1498322592137769,7.9585905524377525,-0.3734504196360673,0.13946521592635475,0.0023696331956147105,0.04726729467858748,0.007307662610515032
6253,6253,FLVCR1-AS1,0.014798564077235576,6.940643047922156,0.0365839527353276,0.001338385597740684,0.7741127982769933,0.051338394615489294,0.8536646456530167
6254,6254,FLVCR2,0.395217991972266,4.843142926630295,0.7190390809226083,0.5170171998940292,2.2028871619519293e-11,0.048512560727838105,9.876505484900421e-10
6255,6255,FLYWCH1,-0.13178413459381824,7.762626609425973,-0.1087610285369975,0.011828961328425584,0.3922847989904407,0.15297132869587204,0.5347163560875087
6256,6256,FLYWCH2,0.4180164742477599,4.420143888192464,0.3897041893521811,0.15186935519864062,0.001457345115817699,0.1254566990320865,0.004735005023710769
6257,6257,FMN1,0.3816694975169164,5.247791462837847,0.2819811608235765,0.07951337505941171,0.023982437709573225,0.16492263141182495,0.056029743079168
6258,6258,FMN2,0.4435478243378398,5.151787432312321,0.45753014829046,0.2093338365946903,0.00014409348690513796,0.1094766422632746,0.0005997202496503483
6259,6259,FMNL1,0.39408412063513737,5.189453184155059,0.35892048265060233,0.12882391286614134,0.003585576088435177,0.13015109333646632,0.010549680733024968
6260,6260,FMNL2,-0.4605946518155932,9.4921432457893,-0.5950847254293743,0.3541258304393538,2.1497016030611987e-07,0.07899838287186238,1.9236276121607545e-06
6261,6261,FMNL3,0.028355969200361937,6.899351359096022,0.020273572691295302,0.0004110177496692346,0.8736623573216592,0.1775943287085627,0.9218515006480793
6262,6262,FMO1,-0.13179215572223446,7.531535015069924,-0.12737401601251008,0.016224139955155176,0.3158602070862753,0.13033496985245294,0.4565016042179479
6263,6263,FMO2,0.08195731115712306,6.61794958351668,0.06903288415219691,0.004765539094370639,0.5878007865546292,0.15041756064348485,0.7097953677864631
6264,6264,FMO3,-0.3195457431835911,8.068682463117952,-0.2881316516468305,0.08301984868073048,0.020953444884936816,0.13487336425219149,0.049906164648405936
6265,6265,FMO4,0.2572671968533095,5.206349519975816,0.6292265986974055,0.3959261125083058,2.5654430901360976e-08,0.04035771120908055,3.124559624122452e-07
6266,6266,FMO5,0.2913902103332999,5.135042708660022,0.7573996542652972,0.5736542362811917,4.3891382191150407e-13,0.03190325430366002,5.5160893627546903e-11
6267,6267,FMO6P,0.1936144725266153,6.347123386226487,0.14042995458668256,0.019720572145217725,0.2683834870773389,0.17336329850460436,0.4042409855850883
6268,6268,FMO9P,0.14003472919154342,6.570160114641492,0.112379466633641,0.01262914452086163,0.3766305403588326,0.15725088434387674,0.5194531782351774
6269,6269,FMOD,0.1294111382678131,5.879778690831047,0.4111827189761783,0.16907122838464278,0.0007374940888680823,0.036435342549112654,0.0025842127013654243
6270,6270,FMR1,0.09596232997077264,6.2155308042422135,0.2208160573386608,0.04875973117859073,0.07952882161083558,0.05382938295694465,0.1541618772532116
6271,6271,FMR1NB,0.01593662484661014,6.9688365752836665,0.009423261316763996,8.879785384402075e-05,0.9410884415227538,0.21477314998367614,0.9652971524747176
6272,6272,FN1,0.13239016724863611,6.09829037787725,0.6417333496784526,0.4118216920895272,1.1020462887333956e-08,0.020093693735336118,1.5649057300014218e-07
6273,6273,FN3K,-0.08652660932942192,7.388568549647684,-0.10034175502625046,0.01006846780174806,0.4301664820821164,0.10896191493197968,0.5713127978833628
6274,6274,FN3KRP,-0.1787027711474839,8.416740510572701,-0.35569593868265503,0.12651960079533509,0.003920840023123661,0.059632513877259735,0.011421279351727586
6275,6275,FNBP1,0.2512804120818329,5.506134906715045,0.6653759895018558,0.44272520740557375,1.999437331099262e-09,0.035803902456368095,3.748728606489569e-08
6276,6276,FNBP1L,-0.2609438465042269,9.185260582025396,-0.5150937360556038,0.2653215569237201,1.3304018085114254e-05,0.05514594649308343,7.235020382550205e-05
6277,6277,FNBP4,-0.09025895678647493,7.430007012292888,-0.12477267228873605,0.015568219750072318,0.3259256291653594,0.09115233559635896,0.46753573791572983
6278,6278,FNDC1,0.16565720769415326,6.3756479676586375,0.3462974820572453,0.11992194607918814,0.005061768603986702,0.056993555870874076,0.014364119921285811
6279,6279,FNDC3A,-0.09519171287706596,7.565289130345901,-0.08644021227209864,0.007471910297645472,0.4970331689343426,0.13933456800236454,0.6329091657810884
6280,6280,FNDC3B,0.528028616243942,5.409837476819911,0.2949223921566949,0.08697921739542734,0.01799307796179799,0.2172672155413203,0.043701222887251624
6281,6281,FNDC4,0.018444970426716563,6.884442247799977,0.01858768970402473,0.00034550220853310704,0.8840924758923252,0.1260032267179486,0.9286937941037255
6282,6282,FNDC5,0.2686098152747941,5.705907048044034,0.23600612478885102,0.055698890937850715,0.060456020606809525,0.1404617288201487,0.12273133273089532
6283,6283,FNDC7,0.1372107479905935,6.409474905775076,0.15720827751066072,0.02471444251786891,0.2147499282460638,0.10946688862912476,0.34011138229839666
6284,6284,FNDC8,0.1676581465550683,6.173621272206513,0.2322325782183725,0.053931970385952516,0.0648083416589565,0.08917987425597149,0.1299346948083236
6285,6285,FNDC9,-0.06200890902616129,7.246214167882707,-0.063730723924268,0.004061605171911266,0.6168594648087632,0.1233177612305117,0.733477471471215
6286,6286,FNIP1,-0.3408599091958468,8.683465377974352,-0.33828810155604233,0.1144388396543912,0.0062555027519736895,0.12042111295318485,0.01729166608297042
6287,6287,FNIP2,0.3761388445934549,4.142769503198692,0.7239329990433598,0.5240789871039132,1.3864739824599197e-11,0.045522007710797854,7.087041181837009e-10
6288,6288,FNTA,-0.6758218646005558,12.10589234244275,-0.5816335116503943,0.3382975418747694,4.6502622141436177e-07,0.12003788820652064,3.7730021823634337e-06
6289,6289,FOCAD,-0.4074653679788031,9.261857586910503,-0.6306975465493854,0.3977793952234141,2.327299463698316e-08,0.06367244417807423,2.8864644837564166e-07
6290,6290,FOLH1,-0.1353509991305003,7.514213508781261,-0.11663374341091715,0.013603430102043665,0.3587143714328598,0.14637509272601726,0.5012668334762771
6291,6291,FOLH1B,-0.07142928002112918,7.2359007891359814,-0.04039264115803879,0.0016315654597220894,0.7513182356016126,0.22440038476691104,0.8382604148566604
6292,6292,FOLR1,-0.06697098480757331,7.390819661786235,-0.2874897301124005,0.0826503449201009,0.021253563609768936,0.02833583117772695,0.05052095718655832
6293,6293,FOLR2,0.3770500787785781,4.630338680764858,0.666170702440153,0.4437834047896068,1.8829280789233917e-09,0.0536092378912514,3.5642314291159135e-08
6294,6294,FOLR3,0.12784606751457187,6.436212247002457,0.17873586364915267,0.031946508954408495,0.15762255531903793,0.08937776773738948,0.26731274457152215
6295,6295,FOPNL,-0.24320826331358095,8.916782635883543,-0.5747487776381572,0.3303361573965559,6.811498235341145e-07,0.043977734271999004,5.2529556369769415e-06
6296,6296,FOS,0.006351623529834636,6.9641996004851,0.04491692168349527,0.0020175298535212477,0.7245149668299613,0.017940740963861602,0.8191600066152984
6297,6297,FOSB,0.05812142383442534,6.735629862021039,0.20743269809143067,0.043028324237490624,0.10003211970604854,0.03481069753931583,0.1860353445752732
6298,6298,FOSL1,-0.2227926936097684,8.121089854786112,-0.5347779341905492,0.28598743889711137,5.3103172638393735e-06,0.04470792835110197,3.2103551186052936e-05
6299,6299,FOSL2,0.18682980899466453,5.734408659878088,0.2408520721543901,0.05800972066106355,0.05521669191909197,0.09561436575973672,0.11381281777155307
6300,6300,FOXA1,-0.021577852559384263,7.14736002560331,-0.049637141528457454,0.002463845819116116,0.6968982304093021,0.05514040292998359,0.7970414726338049
6301,6301,FOXA2,-0.12334289650888262,7.828885324689571,-0.23845148538383296,0.056859110881756325,0.05776402825181873,0.06379792488339979,0.11814129503146341
6302,6302,FOXA3,-0.2316761933744275,8.974401883380803,-0.4368083455380944,0.1908015307317273,0.00030776622622479433,0.060592959228751124,0.0011791715550067093
6303,6303,FOXB1,0.07983653606429661,6.658233758710492,0.1070548068612889,0.011460731672107871,0.3997979092838073,0.09416654393520787,0.5420326671804486
6304,6304,FOXC1,0.056805320053315664,6.735727913535086,0.054210387588979315,0.0029387661225473635,0.6705096527592922,0.13288365637679528,0.7768383997914757
6305,6305,FOXC2,0.40213288448646944,5.459977900425347,0.3764473256377643,0.14171258897982494,0.002170466379922459,0.12568570901437867,0.006751141835280215
6306,6306,FOXD1,-0.06134059390550981,7.245155379244612,-0.0679276079866464,0.0046141599267875075,0.5938071502231761,0.11441989356304234,0.7145972071395856
6307,6307,FOXD2,0.26767756940788473,5.735066357602432,0.5694338341703874,0.32425489149798825,9.091786117739456e-07,0.049075453613218974,6.791398012405929e-06
6308,6308,FOXD2-AS1,0.25770763920343204,5.876463407612146,0.2581528979011056,0.06664291869473864,0.039439515428037364,0.12248371676414672,0.08580172194918113
6309,6309,FOXD3,0.4265060028298217,5.394224763645191,0.32015480519868056,0.10249909929180508,0.009907861670722927,0.16028272791978776,0.025959436718633395
6310,6310,FOXD3-AS1,0.2388689554701631,5.9573461651456725,0.294491825209927,0.0867254351154742,0.01816954258428697,0.09844446502852644,0.04407543907950424
6311,6311,FOXE1,0.28389572225620485,6.0291465862320885,0.19086635295505008,0.03642996469036176,0.13084889331952534,0.18542798191289764,0.2303025791767462
6312,6312,FOXE3,0.130312513175245,6.5242776428419065,0.12051425758113313,0.014523686280331703,0.3428366373944153,0.13632482262865506,0.48528862758107455
6313,6313,FOXF1,0.16885302502484428,5.82681591531202,0.6170794415280251,0.3807870371565392,5.626854432212552e-08,0.0273458824542962,6.138515502748756e-07
6314,6314,FOXF2,0.17182336556407568,5.92937191651146,0.6759940510791361,0.4569679570943817,8.828940268838113e-10,0.023787906955393703,1.923447701425446e-08
6315,6315,FOXG1,-0.0510912794270099,7.212013077115344,-0.07126628610573355,0.005078883535304271,0.5757483430636685,0.09081574100768136,0.7000466237531578
6316,6316,FOXH1,-0.0052017899008911135,7.0391057492881846,-0.005543708444091756,3.0732703313094236e-05,0.9653221853384116,0.11916532645682625,0.9794336280515065
6317,6317,FOXI1,0.049989060397899916,6.806360472729162,0.05410050977934026,0.002926865158384492,0.6711391988105219,0.1171767043204238,0.777359828318456
6318,6318,FOXJ1,-0.14840438587631544,7.842333601206077,-0.2425660386779829,0.0588382831199287,0.05345444210136406,0.07537946003339002,0.11067518183529898
6319,6319,FOXJ2,0.3374667822681353,5.198583562840046,0.19129944971644108,0.03659547946181317,0.12996102174160076,0.21990029143435516,0.22919030797804002
6320,6320,FOXJ3,0.03458539330062629,6.772835147405715,0.03967690480994261,0.0015742567752972472,0.7555863712609603,0.1106157513531054,0.8415049819819016
6321,6321,FOXK1,-0.07077868840570184,7.411834300602572,-0.04860253350174081,0.002362206262787838,0.7029194743481375,0.1847286277395658,0.8018414520584418
6322,6322,FOXK2,-0.7992673632110006,11.22741859861959,-0.5527260471945501,0.30550608324731204,2.1823369660499304e-06,0.15304548665863976,1.44964745398194e-05
6323,6323,FOXL1,0.5082230504470058,4.603110514994754,0.4532227730086368,0.2054108819736383,0.00016939288944113552,0.1269457298108601,0.0006934221211432495
6324,6324,FOXL2,0.12220825919379527,6.610284120495932,0.10529103485394327,0.011086202020614295,0.40765247176332303,0.14658601452444245,0.549568217396175
6325,6325,FOXM1,-0.15770229389740742,8.00987241612396,-0.6611387089370313,0.4371043924549246,2.7454541137790426e-09,0.022728119819691698,4.905347263521878e-08
6326,6326,FOXN1,0.2240991923632361,6.137122727942282,0.2096948389918647,0.04397192549982406,0.09630409385401298,0.13270644883631136,0.18024763633609775
6327,6327,FOXN2,-0.16942867228312933,8.072614767566767,-0.1873861335656612,0.035113563052687806,0.13815091953032088,0.1127954843262456,0.24046766035118547
6328,6328,FOXN3,0.4709400263163984,3.897634920921609,0.5076867805846361,0.25774586718039244,1.852510732618904e-05,0.10149630128179753,9.720407054727978e-05
6329,6329,FOXN3-AS1,0.3193227380258042,5.403035768764429,0.2822859952702912,0.07968538312573886,0.023824037156250647,0.1378201845290187,0.05574387083939576
6330,6330,FOXN3-AS2,-0.055512889354255066,7.214175874088097,-0.053068327436939816,0.0028162473769542604,0.6770640423037322,0.13266311308410855,0.781880430678718
6331,6331,FOXN4,0.2261588194557804,5.830630005346477,0.2174226862878112,0.047272624512607976,0.08438134759135937,0.12894281543325584,0.1617203364979987
6332,6332,FOXO1,0.4063074647810794,4.876134990582855,0.7545382741660013,0.5693280071814077,6.023694129752859e-13,0.04487980871286632,6.975566651326105e-11
6333,6333,FOXO3,0.3990392858187272,3.8538254006835913,0.3717407471849623,0.138191183117634,0.002490423907318836,0.1265566903092365,0.007637746737429456
6334,6334,FOXO4,0.2153029130714461,5.673355581978092,0.3238758495785665,0.10489556594023823,0.009035219110863982,0.07987527202089806,0.023948307202663343
6335,6335,FOXO6,0.08806851103008911,6.542388496510304,0.07500390730040953,0.005625586110328425,0.5558372698973425,0.1487016854984241,0.6839786384604473
6336,6336,FOXP1,0.4346320936212101,3.7821331316799207,0.3881021928383745,0.15062331208595486,0.0015305494435551993,0.13107806423834895,0.004943921270911074
6337,6337,FOXP1-IT1,0.3901282110145908,4.651623762707108,0.4717674173712257,0.22256449609311627,8.311607554060492e-05,0.09260101638247513,0.0003692816199901107
6338,6338,FOXP2,0.3429408704663107,5.60230490160442,0.5552725331202432,0.30832758603777155,1.9155480642969304e-06,0.06523301284234348,1.2942650025694237e-05
6339,6339,FOXP3,0.2616447164786997,5.753822754074412,0.21889739251686874,0.0479160684506841,0.08224455979158593,0.1481198126128751,0.15833978861013454
6340,6340,FOXP4,-0.21925488388963804,8.356703329322094,-0.2901153987974472,0.08416694461940183,0.02004864736906278,0.09185246327449044,0.04803645261972278
6341,6341,FOXQ1,-0.06300720109385112,7.488485594595913,-0.7847060950871724,0.6157636556669585,1.6892683782080306e-14,0.0063210108819054785,4.40736225663794e-12
6342,6342,FOXR1,-0.002612713551881659,7.024851976646392,-0.00369410631644575,1.364642147720439e-05,0.9768881387106796,0.08982218172114388,0.9866670220974262
6343,6343,FOXR2,-0.04386019370216839,7.146411973567549,-0.026008271611054,0.0006764301921943575,0.8383536382215623,0.2140998061043117,0.8985175964210804
6344,6344,FOXRED1,-0.2635686601983013,8.843441834819611,-0.4652245678782652,0.21643389855751852,0.00010735102442645348,0.0636902718618591,0.00046326951653145675
6345,6345,FOXRED2,-0.5490290474392521,9.940066230295463,-0.5112404141505599,0.261366761060836,1.5819704869678645e-05,0.11721649287902942,8.45448442628063e-05
6346,6346,FOXS1,0.1573285861249049,6.335514446744203,0.20264106605710985,0.04106340165276196,0.1082987411327366,0.0965560032138323,0.19827606013099522
6347,6347,FPGS,-0.3338736746541499,9.231038108571845,-0.7339241374576049,0.5386446395428893,5.221667392632115e-12,0.039242163843849806,3.3551168096875537e-10
6348,6348,FPGT,-0.07511951677369062,7.530100572329936,-0.12227563590499585,0.014951331135971113,0.3357766205989975,0.07743652488921078,0.4778996200506928
6349,6349,FPR1,-0.2252385787344008,8.044537638624778,-0.2346629725503488,0.05506671068616574,0.06197725696280607,0.1184957953631584,0.12524426087435286
6350,6350,FPR2,-0.49806661420851,8.941116621413592,-0.4170067000169692,0.17389458785904255,0.0006082915129887535,0.13786889276628608,0.002175842866496772
6351,6351,FPR3,0.1816748063537119,5.8325726960164745,0.6229098364622627,0.3880166643614429,3.875837532384935e-08,0.028976336103205293,4.4408075007299345e-07
6352,6352,FRA10AC1,-0.6466265867375235,10.414400884735588,-0.51458515501213,0.2647978817588578,1.3613272028892998e-05,0.13683709127179075,7.377262407048996e-05
6353,6353,FRAS1,0.28572876405831965,5.907447460261055,0.30264545328856163,0.09159427039623894,0.015067778287360868,0.1142783329611532,0.037401735306373175
6354,6354,FRAT1,-0.09494972055973827,7.630493655680202,-0.11958080642956373,0.014299569266344788,0.3466153708460161,0.10011723374069324,0.48917856202232
6355,6355,FRAT2,-0.10082324038955116,7.880097259236888,-0.11861185426436152,0.014068771972030136,0.3505650669830995,0.10719141956945294,0.49314580521755363
6356,6356,FREM1,-0.046489994512102416,7.179222901391674,-0.032371182843981765,0.0010478934787184991,0.7995481618520688,0.18229611565603449,0.8714624242453468
6357,6357,FREM2,-0.16638908044826176,7.604189406698074,-0.5911851015086997,0.34949982424585163,2.698323210887053e-07,0.028828975239211317,2.3363530240607408e-06
6358,6358,FREM3,0.19703257692682066,6.441229839259372,0.1126717509117135,0.012694923453511213,0.3753826810463283,0.22067484712384505,0.5181941708458112
6359,6359,FRG1B,0.4624256708820849,4.888661062256428,0.4883152317147546,0.2384517655246345,4.249977065718985e-05,0.1049529202808426,0.00020447290237312737
6360,6360,FRK,0.21294639164050566,5.604316680463816,0.3625147493802296,0.13141694351821062,0.003242064665927234,0.06952715138952463,0.009650434411086496
6361,6361,FRMD1,0.30681746538602,5.268493121046877,0.4503655838187434,0.2028291590883976,0.00018835728953757816,0.07724933338387302,0.0007612685899470427
6362,6362,FRMD3,0.08234035413071654,6.441774046167325,0.27006660123821546,0.07293596910436129,0.03091006907438146,0.037282143389353865,0.06969570447789782
6363,6363,FRMD4A,0.23450878073602924,5.900945730697902,0.19794473092602716,0.03918211650137728,0.11690322995815608,0.14748228480187134,0.21059667217002473
6364,6364,FRMD4B,0.6228723474184933,4.229342179959685,0.5265737338234441,0.2772798971527633,7.8414404646338e-06,0.12771122813319244,4.5354271704499184e-05
6365,6365,FRMD5,-0.2674638829841961,8.265785844250049,-0.5318144382014643,0.28282659667953913,6.1203546683633765e-06,0.054090533427291455,3.653149954338724e-05
6366,6366,FRMD6,0.16471850126463022,6.069380631438942,0.6490315000654399,0.42124188807719504,6.610799340422066e-09,0.024520499204057338,1.0276874351531933e-07
6367,6367,FRMD6-AS1,0.20470398270119008,6.292982223741113,0.16253291471882536,0.02641694836699696,0.19942625109540976,0.157824937642409,0.32170556223711994
6368,6368,FRMD7,0.3537249811184441,5.670442779923164,0.25401941297021,0.06452586216573007,0.042820352235755234,0.17104834324437432,0.0919816500977759
6369,6369,FRMD8,0.3238845746839599,5.235189343350749,0.16911121801227846,0.028598604057596375,0.18159184487233584,0.23972943627887544,0.29865355819172423
6370,6370,FRMD8P1,0.3919938206548713,4.9093295755378445,0.4206142465570732,0.17691634440677434,0.0005389400004335001,0.10737950225708244,0.0019483715708493233
6371,6371,FRMPD1,-0.0054591340410824404,7.038386194751303,-0.008253213367123608,6.81155308832678e-05,0.948392583308404,0.08400208169515487,0.9691052089623534
6372,6372,FRMPD3,-0.0018248212414348462,7.022850711968862,-0.0022290976399640433,4.9688762884932675e-06,0.9860526304667352,0.10396671257660553,0.9917101324834782
6373,6373,FRMPD4,0.17114049945060536,6.311749501623365,0.1412235494227765,0.0199440909115674,0.26566080439599954,0.1523615048693832,0.4010655827659907
6374,6374,FRRS1,-0.0988681630671238,7.307189212834627,-0.05129864492695623,0.002631550971341932,0.6872675585107602,0.2444457776403965,0.789703817252079
6375,6375,FRRS1L,0.14561646914169726,6.480669595172497,0.10778480854167684,0.011617564952365936,0.3965731713229542,0.1705766599372232,0.5387573415933861
6376,6376,FRS2,0.14361807587182318,6.221699863441695,0.1831482238785883,0.0335432719098815,0.14745132844098685,0.09790429732327544,0.25337712405884544
6377,6377,FRS3,-0.1842403526027097,8.01368578538626,-0.2362354143946428,0.055807171014208616,0.0601993728495115,0.0962441311732566,0.12227909380510003
6378,6378,FRY,-0.016289596515512757,7.0845390317020716,-0.01494361449217679,0.0002233116140907963,0.9067021961112472,0.1384236606909886,0.9435632242568214
6379,6379,FRY-AS1,0.14200543888759046,6.620366336751591,0.07868256962247523,0.0061909467623956615,0.5365663146276646,0.22849782647378114,0.6673948043229223
6380,6380,FRYL,0.2660422054219689,5.233032275192249,0.4533790650223138,0.20555257660050744,0.00016840788359244872,0.06642412046292602,0.0006897811082266838
6381,6381,FRZB,0.1484424817187458,6.161746320220143,0.4957012406332583,0.2457197199653515,3.114967456658525e-05,0.0330300120899757,0.00015492563223229298
6382,6382,FSCB,0.06042380902365972,6.804392147594487,0.04569914486234525,0.002088411841149616,0.7199130202271682,0.16774524325809892,0.8156443874864788
6383,6383,FSCN1,-0.08928120215261608,7.447067173658227,-0.2349418088209827,0.05519765353207518,0.061658935253913125,0.046910964053536994,0.12479897587844553
6384,6384,FSCN2,0.08096603326739496,6.707696272082209,0.07192301417370772,0.005172919967831362,0.5722261336231675,0.14259783685002125,0.6971532167181079
6385,6385,FSCN3,0.0495163328003606,6.773581701009673,0.0537700575004038,0.0028912190835967307,0.6730338843483037,0.1167840138857178,0.7788878134652906
6386,6386,FSD1,0.010394866349439112,6.967704492210808,0.013670824843587536,0.0001868914519040502,0.9146175887139898,0.09655788831714254,0.948292822158453
6387,6387,FSD1L,-0.2015354746617441,7.881112468972825,-0.3426301320674748,0.1173954074005752,0.005580835881798003,0.0701799728115249,0.01564440142658068
6388,6388,FSD2,-0.02692547894935814,7.1181145527991125,-0.024786781406487175,0.0006143845324929785,0.8458502749369201,0.1379157936095995,0.9031105267606254
6389,6389,FSHB,0.19769483478856667,6.123108698194237,0.20460733629719172,0.04186416206663212,0.1048448904000067,0.12011349905406475,0.19322690226486341
6390,6390,FSHR,-0.055681067600531146,7.224972929462003,-0.054557599115897484,0.002976531621290978,0.6685217854199317,0.12942231059330775,0.7750743796588832
6391,6391,FSIP1,0.4437636017661492,5.253795718982842,0.6719599232976919,0.45153013851824,1.209178038574396e-09,0.0621139066748823,2.4866809520729865e-08
6392,6392,FSIP2,0.2064225363423496,6.386249419552603,0.15890837351056009,0.025251871171771675,0.2097698862753412,0.16287734738759596,0.3344303090107129
6393,6393,FST,0.07702808507402317,6.685884416199027,0.07261397086090553,0.005272788764188437,0.5685311646822198,0.1343646636336831,0.6944518019177995
6394,6394,FSTL1,0.3338502376917684,4.926215235409988,0.5704984391486724,0.32546846907107146,8.584315906318245e-07,0.061038311641081276,6.459322667990193e-06
6395,6395,FSTL3,0.12828987301064745,6.30828412660769,0.16015859442410574,0.025650775367905197,0.20616008114092005,0.1004161586490713,0.33005633276545
6396,6396,FSTL4,-0.05650656033628021,7.218870458564327,-0.02853354593887524,0.0008141632438459037,0.8229013234115303,0.25140297680829315,0.8886124832011124
6397,6397,FSTL5,-0.5129317957043076,8.563916995891322,-0.2596272269191589,0.06740629695773243,0.03828844875477736,0.2423035521883529,0.08368352420112068
6398,6398,FTCD,0.11938559804782355,6.353342387237125,0.1275388088776843,0.016266147769938483,0.3152293514844632,0.11791051769753084,0.45599497410853745
6399,6399,FTCDNL1,-0.18774165819778607,7.759860212582857,-0.21661315560156105,0.04692125917966609,0.08557281829008896,0.1074593889390719,0.16363586513724693
6400,6400,FTH1,0.3283304145851803,3.060595334752857,0.8225504288876258,0.6765892080632171,7.727394967694036e-17,0.028829027411325363,8.366836901270717e-14
6401,6401,FTH1P5,0.5268094094787954,0.3595254400955365,0.7353926891208606,0.5408024072124108,4.5068526218387764e-12,0.061650722702113664,3.030928370370146e-10
6402,6402,FTHL17,0.05636033688040039,6.826978144402558,0.0539723808380219,0.002913017893324474,0.6718735993476412,0.13242582356494198,0.7778345213655727
6403,6403,FTL,-0.3543632361343987,11.620000820701756,-0.2812947591232792,0.07912674151022367,0.02434237552742781,0.15352924151089234,0.05676043308349835
6404,6404,FTO,-0.3336298795091268,9.738298680917213,-0.35952105536597284,0.1292553892514629,0.0035260226731153046,0.10997403543250704,0.010402727654810888
6405,6405,FTSJ1,-0.3688471903429259,9.692110618633123,-0.7509448996380234,0.563918242292361,8.910207948649748e-13,0.0411932941146952,9.647527656400514e-11
6406,6406,FTSJ2,-0.3305183028315881,9.49510894594502,-0.5845055323218796,0.3416467173148839,3.9554411288258577e-07,0.058269399960937926,3.259325633360881e-06
6407,6407,FTSJ3,-0.2662727188595556,8.990207522528761,-0.4328440795127249,0.18735399716921813,0.0003539245929519349,0.0704287610008078,0.0013373297959124325
6408,6408,FTX,-0.0635273697415733,7.388876802531817,-0.19288521595153596,0.037204706532670655,0.1267490171455003,0.04104243011092557,0.22461129020342138
6409,6409,FUBP1,-0.2227290191225937,8.35606248195699,-0.3613703883860547,0.13058855760228802,0.003348116326674041,0.07298625381715487,0.009938788081442955
6410,6410,FUBP3,-0.08632760043743154,7.555723735717097,-0.09620610206912016,0.009255614075333964,0.4495075192363001,0.11343106659577082,0.5890520622730456
6411,6411,FUCA1,0.4683934593437856,3.4400714808544777,0.7892410797430922,0.622901481954042,9.394305836276631e-15,0.04628419428988342,2.9916719541848596e-12
6412,6412,FUCA2,-0.2317311035741956,9.196082565163175,-0.3086561619153701,0.0952686262883272,0.013083168852984129,0.09069291459065253,0.033005128321455184
6413,6413,FUK,-0.32642048190995554,9.463565043764257,-0.517419574494302,0.2677230160698645,1.1971243295834747e-05,0.06856088176687024,6.606454474294125e-05
6414,6414,FUNDC1,-0.2569792243222716,9.024525640292996,-0.5422921789465295,0.2940808073465748,3.682482540949349e-06,0.05056457054131967,2.3201675712615117e-05
6415,6415,FUNDC2,0.2864163408991164,4.9072668979494525,0.17454343556587654,0.030465410899139293,0.16775864299072346,0.20520128741005084,0.28059113415958264
6416,6416,FUOM,-0.08570713828176497,7.563251422034115,-0.18904241296717936,0.035737033900453595,0.13463849367394687,0.056540499559519765,0.23535652086772033
6417,6417,FURIN,0.14530832614112568,5.9876885132560895,0.13368103049765875,0.017870617914915968,0.2922924518778689,0.13680728445676993,0.43098421733855835
6418,6418,FUS,-0.3876850788104395,9.421983242997506,-0.4305171353578056,0.18534500383669109,0.00038387605587917597,0.10322375710125167,0.0014406994783472365
6419,6419,FUT1,-0.2435703693741958,8.139272466770548,-0.3119976056645716,0.09734250594042552,0.012080686112585184,0.09419738463156167,0.03084263826550721
6420,6420,FUT10,-0.3985222059089888,9.08717359294957,-0.4472062342300172,0.19999341593419298,0.0002115794769132617,0.10122682429268763,0.0008448743449302381
6421,6421,FUT11,-0.07872481287481152,7.466643344593204,-0.11400226239753207,0.012996515831755756,0.36973383451591735,0.08712878643700597,0.5127825753908276
6422,6422,FUT2,-0.053899792679001635,7.432725710339778,-0.11090416085345413,0.012299732894608824,0.3829671314708698,0.061341726520946785,0.5258554351541604
6423,6423,FUT3,-0.1070515872870604,7.9151391607109725,-0.15499121232618765,0.024022275898341383,0.22136841061380333,0.08665829573633924,0.34825520754390926
6424,6424,FUT4,-0.2305887589047161,8.782857563653076,-0.5504414585774429,0.3029857993208627,2.450925888524874e-06,0.04441728033695852,1.6088522826626098e-05
6425,6425,FUT5,0.321414546702176,5.076298464804724,0.35028497911889744,0.1226995665963264,0.004546135179908722,0.10914964843098153,0.013037552287236574
6426,6426,FUT6,-0.10007783352872136,7.725799919153284,-0.08403135794987959,0.007061269118900792,0.5091444439072168,0.15071687969417907,0.6437509740649723
6427,6427,FUT7,0.05758634352681614,6.712782835527143,0.05856723537717853,0.003430121059725831,0.6457327755301391,0.12465876306188615,0.7567563185466588
6428,6428,FUT8,-0.17669207602257864,8.394739340320474,-0.7013425753776087,0.4918814080372968,1.0869883216280381e-10,0.022807283864085724,3.5718865106001767e-09
6429,6429,FUT8-AS1,-0.3980926054426216,8.889148331994338,-0.4965867252494266,0.24659837569394955,2.9996271076055542e-05,0.08837032173968505,0.00014967033413640157
6430,6430,FUT9,0.25658519315415673,6.2308336543758225,0.10649851122557527,0.011341932893263984,0.4022656071188269,0.30423926734369644,0.5444753873465965
6431,6431,FUZ,-0.06168430118801538,7.421789601267751,-0.09199585389011228,0.008463237132970886,0.4696818458066393,0.08479396821595725,0.6076931571334633
6432,6432,FW339973,-0.29830568036512617,7.874521505263847,-0.15362189191547007,0.02359968567568837,0.2255266983891541,0.2436837248697361,0.35337294172257344
6433,6433,FW340027,0.3408895846369165,5.834593676289611,0.2603008176982558,0.0677565156943806,0.03777189923015613,0.16058576073240696,0.08266300938140787
6434,6434,FXN,-0.3320601421032834,8.73358341845268,-0.5986526355915912,0.3583849781007585,1.7414401435272535e-07,0.05642652009355074,1.5985962826656496e-06
6435,6435,FXR1,-0.4318414569958251,9.807245607720985,-0.5021629698047052,0.2521676482430813,2.3595468788017293e-05,0.09444651299407797,0.00012088002758564336
6436,6436,FXR2,0.02392311801268254,6.845896244485846,0.019971364454269745,0.00039885539816526914,0.8755305186282731,0.15209942532264192,0.9229682300114523
6437,6437,FXYD1,0.20378764379243205,5.864774985107946,0.6767280009658172,0.4579607872911911,8.333542583351643e-10,0.02815679439061236,1.834417123254678e-08
6438,6438,FXYD2,0.391209753821024,5.2561228123241,0.3113001636076899,0.0969077918621745,0.012284261108154736,0.15167029385815053,0.03129596168201068
6439,6439,FXYD3,0.2482049867354033,4.1233434161204565,0.7181993859834954,0.5158103580270699,2.3827018140045928e-11,0.030540586697680307,1.050863702286547e-09
6440,6440,FXYD4,-0.004002144754155854,7.033258247514792,-0.005439631039741684,2.95895858485212e-05,0.9659728366361322,0.09343747185972036,0.9797755734462521
6441,6441,FXYD5,-0.18803380102871844,8.594522861001598,-0.7565848742897059,0.5724206720039702,4.805291479870312e-13,0.02063910098826125,5.781032610921756e-11
6442,6442,FXYD6,0.18599711955212106,5.787781004955917,0.5940741573354353,0.3529241044138076,2.2807889901784057e-07,0.031985071375997015,2.028356697425601e-06
6443,6443,FXYD7,0.17537609422455608,6.238279439422809,0.16634496982359545,0.027670648985612882,0.18894528660876075,0.13202968108278046,0.3080335904172788
6444,6444,FYB,0.2863080477658233,5.501589847343659,0.6302900187208157,0.3972655076990862,2.3910935088450546e-08,0.044787859161860025,2.941996018979526e-07
6445,6445,FYCO1,-0.5347158633422424,10.583031266524726,-0.4722254577984678,0.22299688299297246,8.162465014076677e-05,0.12676203654404847,0.000363400863239783
6446,6446,FYN,0.1278041551675085,6.272585972476533,0.4041875401174452,0.1633675675861914,0.0009252531846025047,0.03673106796715249,0.0031708114753231905
6447,6447,FYTTD1,-0.01943544228468924,7.185728322693835,-0.02826284255760476,0.0007987882694359546,0.8245546816346698,0.08729899020208028,0.8897996938989502
6448,6448,FZD1,0.3801415017302979,5.100968325691222,0.6298833479966182,0.3967530320834288,2.456400359631224e-08,0.05953013781070845,3.018918830182415e-07
6449,6449,FZD10,-0.06288108326573537,7.235426399533477,-0.13069630525463746,0.01708152420721337,0.3032980356372593,0.06057865252384113,0.44270488760566623
6450,6450,FZD10-AS1,0.4387803383545472,5.0948489344968255,0.3050690772590799,0.09306714189970644,0.014238434016764424,0.17395651311235924,0.035567342096324096
6451,6451,FZD2,0.13165672296463402,6.326175390470477,0.15187816863346382,0.023066978107454877,0.23090029167946136,0.10881386572926384,0.360060217121278
6452,6452,FZD3,-0.20414606400427834,8.088652278418738,-0.5820831307044984,0.3388207710507501,4.5343924077258607e-07,0.03621760716924509,3.68451285513334e-06
6453,6453,FZD4,0.6019863846171013,3.836289071197328,0.4696474263048631,0.22056870503478185,9.035174444055358e-05,0.1437168854533863,0.0003971918444701965
6454,6454,FZD5,0.4419135145762878,3.4648417492356955,0.7504133586423539,0.5631202088288981,9.436139428908293e-13,0.04943355684194738,9.924762885736259e-11
6455,6455,FZD6,-0.1895140695671077,8.361952013542679,-0.6382041496425418,0.4073045366209599,1.4042030030129168e-08,0.029033660269571424,1.9172771771907132e-07
6456,6456,FZD7,-0.16948863112211052,8.083849210935082,-0.5256845725692723,0.27634426983733845,8.174812280335384e-06,0.03483256836935876,4.6993777523403967e-05
6457,6457,FZD9,-0.057140448366971436,7.273702269804519,-0.08996247675348068,0.008093247223620552,0.4795972225587791,0.0803381485873715,0.6167999676036562
6458,6458,FZR1,-0.4867372075934284,9.720748619972422,-0.3528575253777324,0.12450843321569707,0.0042386366451664355,0.16391749215088575,0.012261244529933097
6459,6459,G0S2,0.0761547163063439,6.482057573212153,0.26792645819110544,0.07178458699883017,0.032316902515533014,0.034778411728760686,0.07238544931463253
6460,6460,G2E3,-0.22598749796715384,8.476515855848643,-0.5016846053575722,0.25168744325278297,2.409030416439299e-05,0.04948793257910218,0.00012321103842227922
6461,6461,G3BP1,-0.3648532046669909,9.424670873196067,-0.4544131007100107,0.2064912660968864,0.00016202229978199155,0.09083376849906807,0.0006667793427934296
6462,6462,G3BP2,0.008478476534294534,6.944447098671367,0.016368021119537744,0.00026791211536963364,0.8978546509283007,0.06577602384285569,0.9372851169423617
6463,6463,G6PC,0.36585222804236905,5.7525281498731164,0.24065147615124,0.05791313297377083,0.05542599128295113,0.18739879946272714,0.11420074607348303
6464,6464,G6PC2,0.28680396580702155,5.686169956263818,0.29207912923366464,0.08531021773389577,0.019185956792022004,0.11926848321860567,0.04619947674093589
6465,6465,G6PC3,-0.2554354807454089,9.042439829353896,-0.42573783411575017,0.18125270339757,0.0004527571528667092,0.06894742804270032,0.0016685595890620468
6466,6466,G6PD,-0.22787451040731765,8.450031346677857,-0.5215362199523216,0.27200002872215634,9.91215124574732e-06,0.04734576192683813,5.5912382189804174e-05
6467,6467,GAA,0.07695802749457703,6.503404392077908,0.14749532970913815,0.021754872286007382,0.2447966663453368,0.06553958103040403,0.37657681393111236
6468,6468,GAB1,0.4172874081948328,4.48269209971175,0.6822473361368326,0.4654614276658043,5.369337622559117e-10,0.056791993208546214,1.3020493417303212e-08
6469,6469,GAB2,0.2892507642738931,4.88219139982157,0.3382000752616995,0.1143792909070192,0.006269890478445239,0.1022183466708011,0.01732701356696422
6470,6470,GAB3,0.4438316286637725,5.113674069761974,0.4226987792786233,0.17867425800363826,0.0005022222909310313,0.12085068794993012,0.0018293732060742614
6471,6471,GAB4,-0.08395413923911169,7.422838037847755,-0.09642211825492993,0.009297224888767693,0.4484855302512334,0.11006298579674784,0.5882111415171982
6472,6472,GABARAP,0.3486581170769766,3.1182270705000863,0.3003531596245999,0.0902120204964804,0.015890037309972238,0.140618295048548,0.039160952691918556
6473,6473,GABARAPL1,0.22665121383644046,5.556584216726156,0.33247035129131103,0.11053653448776776,0.0072711866635983375,0.08165322442284995,0.019776130017611405
6474,6474,GABARAPL2,0.4001650192926271,2.7198889772321277,0.5246131205482788,0.2752189262514029,8.594074423537265e-06,0.08247219453090919,4.918199831968802e-05
6475,6475,GABARAPL3,0.1816753629988274,6.3248697760337995,0.20838145483940174,0.04342283072098563,0.09845512187579793,0.1082931862080552,0.18370202173189765
6476,6476,GABBR1,-0.02322712203450864,7.12987830305112,-0.027531921203492533,0.0007580066851553216,0.8290226600979059,0.10710219648133013,0.8923593649676982
6477,6477,GABBR2,0.1361482595866326,6.444467065461952,0.10075969900313504,0.01015251694320237,0.4282384911324467,0.17073145024173114,0.5694506923839812
6478,6478,GABPA,-0.05323918258720188,7.325576234192402,-0.08482833787419257,0.0071958469064981705,0.5051207546628212,0.0794193574824141,0.6399323523831062
6479,6479,GABPB1,-0.2669560434494188,8.805603296840141,-0.4438446210358189,0.19699804762242965,0.00023914448836862684,0.06844965315734447,0.0009420909397166844
6480,6480,GABPB1-AS1,-0.17009236782578935,7.831695516593487,-0.3627773319254041,0.1316073925589148,0.0032181555388306536,0.055489000049139536,0.009589811227931443
6481,6481,GABPB2,-0.10468726899621923,7.723951353229138,-0.2109378232972795,0.04449476529739431,0.09430232053566387,0.061611261459301014,0.17728264313341713
6482,6482,GABRA1,0.002649043430090001,7.006834791779203,0.0017713328575826156,3.1376200923517947e-06,0.9889166423675012,0.18992947757780884,0.9933201860229249
6483,6483,GABRA2,0.14149313536976074,6.482525559420968,0.3628331350288957,0.13164788387489684,0.0032130946946836328,0.04615093645049813,0.009580003526555704
6484,6484,GABRA3,-0.09300641299707668,7.366567112850572,-0.0892928676616299,0.00797321621523735,0.4828866555481061,0.13175344469493613,0.619925926363187
6485,6485,GABRA4,-0.3269182729064473,8.295781213741707,-0.3921876048358792,0.15381111738690376,0.0013500716509696814,0.09738299905280157,0.004433025261826907
6486,6486,GABRA5,0.10839832888988006,6.6640050887314,0.048568118488929855,0.00235886213355473,0.7031200791698102,0.28311484198928377,0.8019205411293117
6487,6487,GABRA6,0.5894348391340205,5.1273727235316775,0.4260077613733223,0.18148261275030952,0.00044858557912468065,0.158977769730597,0.001654593887914318
6488,6488,GABRB1,-0.3990086894540616,8.278703968882464,-0.3726839680614241,0.13889334005000858,0.0024231215620052165,0.1261752785359884,0.007457745512396669
6489,6489,GABRB2,0.005356027071863502,6.994081941270842,0.008721921784428372,7.607191961368621e-05,0.9454660821888864,0.07798628123362615,0.9674831061411917
6490,6490,GABRB3,0.042265861372861736,6.846672465281899,0.11035890481087834,0.012179087871056508,0.3853250945554103,0.04834211036677806,0.5284493301201654
6491,6491,GABRD,-0.027046565784368586,7.1326413564088345,-0.02292761651815481,0.0005256755992035653,0.8572864657407945,0.1497763337952225,0.9111429897235291
6492,6492,GABRG1,-0.38515565451357137,8.200290617031902,-0.13465291765269596,0.018131408232383708,0.2887660238180718,0.3599576014545787,0.42733740489170674
6493,6493,GABRG2,-0.14165059960476187,7.482525997497022,-0.09099511173059807,0.008280110358864029,0.4745479056192948,0.19687883080728272,0.612087372457313
6494,6494,GABRG3,-0.07246943911226154,7.2408526252780785,-0.03737675880877287,0.0013970220990491805,0.7693515437335449,0.2460672669675552,0.8504141480424756
6495,6495,GABRP,-0.12313130100908574,7.516609376918818,-0.6491762812360382,0.4214298441194518,6.543207297073959e-09,0.01832263767773545,1.0193752087635724e-07
6496,6496,GABRQ,-0.13504344342711874,7.550044895265019,-0.111984907492129,0.012540619506020692,0.3783189994460919,0.15218707950228302,0.5210849722048798
6497,6497,GABRR1,-0.04241053487597951,7.150837663627327,-0.07931250915957869,0.006290474109188253,0.5332995282986313,0.06769645733533396,0.6646294478192254
6498,6498,GABRR2,0.2806600022653089,5.38289964720528,0.27957070093316244,0.07815977682025975,0.025266638569364445,0.1224111143074617,0.058556192018363346
6499,6499,GABRR3,0.10236368014709137,6.677888063085726,0.07861555947975088,0.006180406192314246,0.5369143976997162,0.16485241523263852,0.6677384540702869
6500,6500,GAD1,-0.4823842386063755,8.795889932122902,-0.5699999580346782,0.3248999521595349,8.818524349693645e-07,0.08830931381148963,6.612366509439608e-06
6501,6501,GAD2,0.03977532836461981,6.872191016956172,0.024749729514345325,0.0006125491110332559,0.8460778894650085,0.20403957855745075,0.9032644792134076
6502,6502,GADD45A,-0.10191185774898216,7.916792346415721,-0.1508967289290471,0.02276982280148632,0.2339635036897177,0.08479055599315337,0.3638285957293518
6503,6503,GADD45B,0.3124570802027792,5.089862262417197,0.4423605852603895,0.1956828873919143,0.00025232827868457527,0.08045105725810932,0.0009872030487650366
6504,6504,GADD45G,-0.2535360882932221,8.330100583903894,-0.5462010974773115,0.29833563888541953,3.0332662738840345e-06,0.04938056804898672,1.952597537483911e-05
6505,6505,GADD45GIP1,-0.5408509841565008,9.87828300670418,-0.5888292865423622,0.3467199286899873,3.0910248672229835e-07,0.09428488641740006,2.625976598654912e-06
6506,6506,GADL1,-0.3672926880834865,8.275181171062702,-0.2187552025089458,0.04785383862472989,0.08244870389499079,0.20807018724701587,0.15866228408833427
6507,6507,GAFA1,0.18337385292271516,6.398352094763252,0.12186921236980068,0.014852104923635576,0.3373975011728191,0.18966984005194784,0.47967062026637325
6508,6508,GAFA2,-0.2383647691048708,8.277248760515858,-0.17275927611854333,0.029845767485003095,0.17221411820018334,0.17259381839504712,0.28642832024769355
6509,6509,GAFA3,-0.19772185863790795,7.618856254629732,-0.13858375528094047,0.019205457227767595,0.2747896010483013,0.17944672409047566,0.4116331496057668
6510,6510,GAGE1,-0.008635427858114796,7.045425135817072,-0.00593094495329493,3.5176108039014594e-05,0.962901535043682,0.18490833321192507,0.9778540607951137
6511,6511,GAGE3,0.11393290704710753,6.5965135319571475,0.15755689095913775,0.024824173888709618,0.21372202977304489,0.0906895809313399,0.3389841466882947
6512,6512,GAK,0.17298475490108706,5.495276885243411,0.2228538668414186,0.04966384596617274,0.07672283400235842,0.09610155998637053,0.1496057704027719
6513,6513,GAL,-0.2682022330835332,8.15433731464338,-0.5412025401036684,0.29290018941466284,3.885369993011356e-06,0.05292331979363184,2.438458964551073e-05
6514,6514,GAL3ST1,0.1808371330639685,5.990214134446705,0.47709662114365703,0.22762118590669414,6.722010726732505e-05,0.042305867421326936,0.000306323952624984
6515,6515,GAL3ST2,0.20655591955409386,5.826540271962066,0.28030936421969915,0.07857333966925195,0.024867078103789384,0.08983272658109846,0.057784802697452425
6516,6516,GAL3ST3,0.1536674824694871,6.186865086990959,0.13451325672276387,0.01809381623416418,0.28927104574935764,0.1437659509958603,0.42782164292462366
6517,6517,GAL3ST4,0.16970669075024494,5.831628216470201,0.25076110437351673,0.06288113146662573,0.045650781141718735,0.08320324939874922,0.09711834813084971
6518,6518,GALC,0.0290254269178064,6.799416824155951,0.12252874332359658,0.015013292940459812,0.3347696640087482,0.029857949344577358,0.4769366496124633
6519,6519,GALE,-0.09967482726999197,7.7209461372502695,-0.1062258739434317,0.011283936295045843,0.40347825812284666,0.11849366415327378,0.5456051723165863
6520,6520,GALK1,-0.22776623692421855,8.114273356623501,-0.3144490401692445,0.09887819886335916,0.011388110399194995,0.08732427262807582,0.029271160913301793
6521,6521,GALK2,-0.2710238555422439,8.775456988759224,-0.4426666065733377,0.19595372457515414,0.0002495564652718771,0.0697228988469578,0.0009775950172689033
6522,6522,GALM,0.2541989102115977,4.9308307429061395,0.4481548459927771,0.20084276598680975,0.00020434541385110045,0.06439703327986583,0.0008193112269849251
6523,6523,GALNS,0.5820955818127024,3.9861594674945486,0.5361776934611471,0.2874865189653157,4.9635764915938935e-06,0.11638211865674528,3.0286347964346513e-05
6524,6524,GALNT1,0.3004544282323673,4.083283769337891,0.3850118554563901,0.14823412884197226,0.0016811618333448244,0.09146791491102434,0.005368172022963583
6525,6525,GALNT10,-0.2593959854062852,8.803854616616864,-0.4603247749968884,0.21189889847593596,0.00012958774944029616,0.06353221885948554,0.0005469412219435584
6526,6526,GALNT11,-0.2895426136633074,9.258278887003339,-0.5834088209307651,0.3403658523398255,4.208358563292591e-07,0.051191189298193066,3.4415409625415807e-06
6527,6527,GALNT12,0.17650022204650795,5.367573295137546,0.7250892554236115,0.5257544283307672,1.2410173437130324e-11,0.021289211856585347,6.507077621817364e-10
6528,6528,GALNT13,0.2074827538342907,6.335687628166075,0.08997401557660896,0.008095323478979871,0.4795406431920455,0.2916782355164257,0.6167999676036562
6529,6529,GALNT14,0.07111162426279674,6.728157085660176,0.08920739612680374,0.00795795952372448,0.4833073903525208,0.10083444895285297,0.620245439023577
6530,6530,GALNT15,0.5681568053499464,4.868856139943932,0.3818653780264069,0.1458211669352506,0.0018480437291104328,0.17463709004812586,0.0058430992778341975
6531,6531,GALNT16,0.222305490489161,6.075607045548892,0.16835809090682655,0.028344446773791276,0.18357301346624874,0.16530139565868426,0.3010658593313857
6532,6532,GALNT18,0.026782563100708083,6.896381945800344,0.02323057655101044,0.000539659686892356,0.8554208231450909,0.14637910460884893,0.909686412023022
6533,6533,GALNT2,-0.3313161874251263,9.095321543825913,-0.40333151271296186,0.16267630914732611,0.0009509753391210368,0.09546217932176644,0.0032507294346749887
6534,6534,GALNT3,-0.12180246588798747,7.913237572088525,-0.09682941210146484,0.009375935047915306,0.4465620978882441,0.15900375397618002,0.5863987768946652
6535,6535,GALNT5,0.13972612374765214,6.1093453462696825,0.27308660071347723,0.07457629148924215,0.02901238979739072,0.06251031474156908,0.06593171382752608
6536,6536,GALNT6,-0.14351231237309747,8.054524730040214,-0.7590685408874941,0.5761850497650692,3.64180408021716e-13,0.0156314930171043,4.928954209818912e-11
6537,6537,GALNT7,0.21093713247992465,4.9484541676374345,0.3443377734559315,0.1185685022285884,0.0053335834296536246,0.07304101658820375,0.01503302735508906
6538,6538,GALNT8,-0.06287592641173996,7.373283616867472,-0.20386725846026496,0.04156185907210448,0.10613472123647304,0.03834626891578622,0.19508932929087713
6539,6539,GALNT9,0.2126457195299485,5.787622765923551,0.21301798290459176,0.045376661040740944,0.09102527193171203,0.123868408082422,0.17218311178207757
6540,6540,GALNTL5,-0.37474691816196254,8.188100920046473,-0.2426005751733169,0.05885503907442417,0.05341940931455125,0.19031747173390076,0.11061362676483145
6541,6541,GALNTL6,0.25618374463097776,5.998248922453957,0.2552324984649581,0.06514362827266484,0.04180425008503145,0.1232514959270433,0.0900946492427703
6542,6542,GALP,0.16323464402232776,6.4216952030731775,0.17679667952787276,0.03125706589208134,0.16225318048647858,0.1154108558166662,0.27358036466827795
6543,6543,GALR1,0.28478061275593297,6.133657186870593,0.1666657434496071,0.027777470039610255,0.18808177130521495,0.21396910594076532,0.3069956099807364
6544,6544,GALR2,-0.03380221772760896,7.136447746679869,-0.03315976759003208,0.001099570186624942,0.7947702561894113,0.1293894813586113,0.8679147704378065
6545,6545,GALR3,-0.21915329137627607,8.253446022351259,-0.2867875605504183,0.08224710488645985,0.021586025059310645,0.09297254611374224,0.051176414786443185
6546,6546,GALT,0.2836524340076452,5.58605753315758,0.1979774876204974,0.039195085604524206,0.11684145260811052,0.178357948774024,0.21053433651428133
6547,6547,GAMT,0.2607193462095807,5.436092585724119,0.25148229144047085,0.06324334290814992,0.0450114018256912,0.12743343765651438,0.09594663909197194
6548,6548,GAN,-0.20420730440883686,8.050433568771313,-0.2280491805745552,0.052006428760726066,0.06992447982739998,0.11072599913793567,0.13828443932989468
6549,6549,GANAB,-0.23244456707506306,9.237929840702416,-0.2658974505304184,0.07070145419857628,0.033699711620232616,0.1070254372080914,0.07505577035237451
6550,6550,GANC,-0.026835976362542417,7.1530063996581115,-0.031254261005835955,0.000976828831020918,0.8063279137537085,0.1089933752822075,0.8768218827124916
6551,6551,GAP43,0.3134724898308813,5.862288337272051,0.20660148519310315,0.04268417368399602,0.1014298253529452,0.18853751074539646,0.188101641519057
6552,6552,GAPDH,-0.5385225168275503,14.210030835133223,-0.5611793763130254,0.3149222923990761,1.4096678299041538e-06,0.10087330214490636,9.930499953342372e-06
6553,6553,GAPDHS,0.0622064251862544,6.7775799981212055,0.05319966391990124,0.002830204241190441,0.676309063334436,0.14829109382720093,0.7815503904427776
6554,6554,GAPT,0.12375324286115948,6.556795690216664,0.4124995744544024,0.1701558989250631,0.0007062792061883246,0.03470847194496008,0.0024856941670743007
6555,6555,GAPVD1,-0.029169198298022177,7.208240137836549,-0.03217177545979478,0.0010350231362354536,0.8007575064296841,0.11508765747918895,0.8724731472570973
6556,6556,GAR1,-0.3448987245502615,9.920323557863453,-0.6814685213348176,0.4643993455702627,5.716227894999604e-10,0.04704034449026314,1.3632699897160399e-08
6557,6557,GAREM,0.06883929977148905,6.592907742967496,0.0969916372970052,0.009407377705553808,0.4457972719242976,0.08971268467607336,0.5857851895340209
6558,6558,GAREML,0.5144474533310435,4.537886218642248,0.5981666765766829,0.35780337296679393,1.7923893766756503e-07,0.08753000875209363,1.6411920487066048e-06
6559,6559,GARNL3,-0.3279949827546493,8.341219390483221,-0.2765485501096034,0.07647910056772382,0.026958309126233825,0.1447515870021958,0.06192661335828933
6560,6560,GARS,-0.29821452752918354,9.951783635803869,-0.6776836878810837,0.459255180820106,7.727993307245855e-10,0.0410962413292002,1.7377953797342573e-08
6561,6561,GART,-0.4307485586147405,9.25745683928438,-0.6997901010862705,0.4897061855783327,1.243489385694872e-10,0.055843206228216716,3.987248787884421e-09
6562,6562,GAS1,0.3977967710477429,5.432092599268409,0.4853886517384492,0.2356021432364695,4.7973269202191446e-05,0.09099876971235364,0.00022722247256637263
6563,6563,GAS2,-0.15916587114979752,7.576610410977902,-0.22176306677243132,0.049178857784313836,0.07821486695931344,0.0888820989666585,0.15206885832321176
6564,6564,GAS2L1,0.2683482929401847,5.372800747651858,0.2612742400579208,0.06826422851784404,0.037035649131635484,0.12590784294117627,0.08124057758767893
6565,6565,GAS2L2,0.045126124720163134,6.7772465391276215,0.05672527623989795,0.0032177569644927305,0.6561630012438795,0.1008685369195738,0.7647994936183977
6566,6566,GAS2L3,-0.18985845923799333,8.491687924017999,-0.5192110574151277,0.26958012214213506,1.1030570639871996e-05,0.03968957663392825,6.142118981908667e-05
6567,6567,GAS5,-0.3099019851942058,8.114172535326308,-0.31428291618429594,0.0987737514053052,0.011433932750572744,0.11888434118355087,0.029378478134035685
6568,6568,GAS5-AS1,0.4671432885348583,4.977561865592424,0.4824032036106974,0.23271285085386398,5.422251487097934e-05,0.10772662351891296,0.00025333086505524436
6569,6569,GAS6,0.2716492695170125,4.705576882878027,0.5743825744170344,0.3299153417939401,6.949508733801336e-07,0.04916729076782199,5.349861771435049e-06
6570,6570,GAS6-AS1,-0.3628453848095619,8.542874153721764,-0.4340836765866973,0.18842863827902445,0.0003388543026101936,0.095634735411202,0.0012850945574472404
6571,6571,GAS7,0.3506653486272461,5.097271507549936,0.7250040333693931,0.5256308484018881,1.2512204839116484e-11,0.04230725077696136,6.539277436727464e-10
6572,6572,GAS8,-0.16604258999349192,8.127913226162665,-0.19538246634603984,0.03817430815546139,0.12181348965126935,0.10584887672131747,0.21746670390752168
6573,6573,GAST,-0.05162158031772676,7.290620113618172,-0.06756650237107308,0.0045652322426602224,0.5957754140879498,0.09680781448533296,0.7159567399619543
6574,6574,GATA1,0.11752514903014208,6.359567164222125,0.14498783819204772,0.02102147322360341,0.2529994426343083,0.10185678742251404,0.3857426550901884
6575,6575,GATA2,-0.4187846704263545,9.377474137566347,-0.5232025502320006,0.2737409085692691,9.176625452108538e-06,0.08663050978467075,5.2130069298376286e-05
6576,6576,GATA3,0.4817258345391665,5.139463075737121,0.4717430679078177,0.22254152211907988,8.319605856352574e-05,0.11435026300213212,0.00036956115860372306
6577,6577,GATA3-AS1,0.2868684796542511,5.847593484717289,0.2332679564871841,0.05441393952370683,0.06358979480592479,0.15187365081926052,0.12787046211554473
6578,6578,GATA4,0.06647810515904666,6.714439495031983,0.04266667432026432,0.0018204450975515024,0.7378072779061464,0.1976962036645398,0.8292666786007464
6579,6579,GATA5,0.0954138771069064,6.6623052415668225,0.09989337600083084,0.009978686568843364,0.4322403266430457,0.12069833528408833,0.573153161071285
6580,6580,GATA6,0.008520951616986553,6.955071688414383,0.007261787576728909,5.273355880953432e-05,0.9545849955425776,0.14901749639252884,0.9727324868700069
6581,6581,GATA6-AS1,0.0865990617328052,6.493332019727294,0.19919117283363685,0.03967712333483979,0.1145700929033798,0.054107303448403934,0.207234828084087
6582,6582,GATAD1,-0.2876626934933873,8.87605976760543,-0.3691723384677464,0.13628821548974435,0.002682223072845016,0.09196931840588372,0.008163533470479104
6583,6583,GATAD2A,-0.5617920093388269,10.499285759613276,-0.3479393989170955,0.12106182531878967,0.004843513416617035,0.1922450949738721,0.013809912183915984
6584,6584,GATAD2B,0.05838669151630295,6.673985440133874,0.0634542561491733,0.004026442623444897,0.6183913765854908,0.11662218356095773,0.7346882845448972
6585,6585,GATC,-0.15956514691148646,8.154097175712696,-0.26358701839973697,0.06947811626886327,0.03533407367444802,0.07416200621002456,0.07811734205412678
6586,6586,GATM,0.3794549543895617,5.269989951840024,0.3515642320484083,0.12359740925578708,0.004390845201291159,0.12832507461263207,0.012644116068345753
6587,6587,GATS,-0.2272022821967517,8.004119473117669,-0.1583158849363711,0.025063919423186296,0.2114960997462656,0.17996183938290622,0.33641457617198334
6588,6588,GATSL2,-0.16633303507064834,8.185356102129987,-0.2095177401813408,0.043897683450695835,0.09659198337663943,0.09858572881443804,0.180708371492106
6589,6589,GATSL3,-0.4257928858967948,8.987217013452746,-0.42330667203355465,0.1791885385881234,0.0004919515386071878,0.11573618124330615,0.0017949807192146003
6590,6590,GBA2,0.3916135825436187,4.035968392169735,0.6932785940265619,0.4806352089354464,2.1660953611987075e-10,0.051699978537880435,6.237605724302927e-09
6591,6591,GBA3,0.08756628457659671,6.533062378760143,0.6842146400122088,0.4681496736070365,4.580040201445016e-10,0.011853413393346396,1.1452744868624922e-08
6592,6592,GBAP1,0.2974741399316794,4.634307283162282,0.3926826872932434,0.15419969289984314,0.0013295555923177372,0.08848008632081955,0.0043722894991101895
6593,6593,GBAS,-0.11567290787158467,8.152092668278366,-0.20132562088454006,0.040532005624545536,0.11065798366761084,0.07147464510048987,0.20162355866537268
6594,6594,GBE1,-0.042463383059463615,7.375289634509113,-0.07722865397687842,0.005964264995080421,0.5441434268001981,0.06962116397017291,0.673877725457983
6595,6595,GBF1,0.04161369519046426,6.724770699211832,0.057300816344376435,0.003283383553731957,0.6528968141989155,0.0920800352790316,0.7622233280218619
6596,6596,GBGT1,0.22197214096363235,5.823243372635144,0.3153360440999429,0.09943682070860116,0.011146127785832741,0.08483715658850617,0.02872419340737927
6597,6597,GBP1,-0.07496361661936758,7.512517545338942,-0.18727272160690647,0.035071072258057896,0.1383939253251649,0.04993761850732637,0.24079386573328346
6598,6598,GBP1P1,0.08320926863008701,6.695205192794019,0.062499170038612,0.003906146255515335,0.6236959516008376,0.16875309241873412,0.7386456566538768
6599,6599,GBP2,0.002597423248722873,6.996359779910879,0.006166178082612796,3.8021752146494414e-05,0.9614312330337303,0.05349615382586806,0.9769047180623794
6600,6600,GBP3,0.008261931958227185,6.938086441081767,0.07701567669536713,0.0059314144568453145,0.545257704384497,0.013583597622913965,0.6747560196837696
6601,6601,GBP4,0.16530617113707152,6.25772959961013,0.17107495672143744,0.029266640817241688,0.17649894070058594,0.12090847970237775,0.29187358234984256
6602,6602,GBP5,0.2577017274180034,5.9346396147270095,0.28664017946182346,0.08216259248190635,0.021656364597005786,0.10938739874454896,0.05128702705032374
6603,6603,GBP6,-0.032093629868423665,7.1187015640909515,-0.013287498660662794,0.00017655762065711553,0.9170031233471744,0.3067195220272149,0.9497688594707882
6604,6604,GBX1,-0.051796593954650125,7.298633043098023,-0.07572432218032132,0.005734172969669104,0.5520375146882537,0.08662060633964767,0.6806178763706521
6605,6605,GBX2,0.11501114395306487,6.5441997957420845,0.18418993117385565,0.03392593074582968,0.14512308574854804,0.07794412847922917,0.2502236188878945
6606,6606,GC,0.14532210696976205,6.567484851342673,0.1054741432380935,0.011124794891809864,0.4068328905657764,0.17400453956651668,0.5488049738492423
6607,6607,GCA,-0.2554634755600575,8.752865780437814,-0.4047849370547869,0.1638508452664478,0.0009076767298004923,0.07329097616858574,0.0031169901020979486
6608,6608,GCAT,-0.263739199678935,8.92438820210822,-0.6224599861703358,0.3874564343831747,3.990024553538968e-08,0.04211491142186941,4.555703426765114e-07
6609,6609,GCC1,-0.15109373446301932,7.823584594881443,-0.13022696180181215,0.016959061580130646,0.3050527759628643,0.14609505095895411,0.4446329714887608
6610,6610,GCC2,-0.3560241515760171,9.282971919520195,-0.2757711349346543,0.07604971886314732,0.027408579043460717,0.1576010512080807,0.06280105588679948
6611,6611,GCDH,-0.2939019339490452,9.014081976797554,-0.5270717109439677,0.2778045884774014,7.660316052135643e-06,0.0601816726637599,4.4449127574758125e-05
6612,6612,GCFC2,-0.37913847820866337,8.99162513607492,-0.6058555834223854,0.36706098796407904,1.1293261915171215e-07,0.06322863928132308,1.1075887082111987e-06
6613,6613,GCG,0.04482213950901871,6.680592716066237,0.7668470912017811,0.5880544612846328,1.4951475113212458e-13,0.0047643961568770475,2.4715587295924867e-11
6614,6614,GCGR,0.006081260392091529,6.983975769724825,0.007561534368323619,5.717680200333926e-05,0.952712488275936,0.10213519171698444,0.9713728957867788
6615,6615,GCH1,0.08090427915293738,6.272636327120089,0.15496629466503153,0.02401455248220938,0.22144359727256305,0.06550283096006268,0.34834818385423166
6616,6616,GCHFR,-0.13132285483704995,7.9686080758086515,-0.2391971882405099,0.05721529486216592,0.056962736095206835,0.06770093466548965,0.11678924920864459
6617,6617,GCK,0.351727784745106,5.105158157870929,0.3530479542601028,0.12464285800724363,0.004216623767950799,0.11837766587028825,0.012204088170940198
6618,6618,GCKR,-0.03356508864878048,7.1603505375682275,-0.033784638150648666,0.0011414017749702653,0.7909895848566344,0.12610278791986473,0.8655757976689281
6619,6619,GCLC,-0.3243922951558484,9.248190096026928,-0.3184376804018533,0.10140255629971284,0.010334658084636085,0.12264019245926105,0.026960248261991854
6620,6620,GCLM,-0.15663000442606784,8.03616558544833,-0.5325487749603592,0.28360819771177936,5.909528705090704e-06,0.03161513416947151,3.539016706546991e-05
6621,6621,GCM1,0.10069098576882124,6.664981743871821,0.08489853280224466,0.007207760871973812,0.5047671484208891,0.15008032093019916,0.6397970155601894
6622,6622,GCM2,-0.28173289287668,7.825026331599553,-0.16709827452094206,0.027921833347876103,0.1869219102829449,0.21111560637250448,0.3053786470899413
6623,6623,GCN1L1,-0.4045337887805736,10.085408355216623,-0.6767563104826424,0.4579991037780787,8.31497403302951e-10,0.055889039441579684,1.8336126546359882e-08
6624,6624,GCNT1,-0.09738985034795578,7.712144533188652,-0.20504783993170367,0.042044616660657584,0.1040829502606757,0.059038497490926566,0.1920351271956149
6625,6625,GCNT2,0.17728663131291014,6.230125617937776,0.7165492680400909,0.5134428535287899,2.777673028020959e-11,0.021918004630526938,1.1840651460983046e-09
6626,6626,GCNT3,0.1080697633062428,5.915231220213156,0.5301786991593134,0.2810894530422617,6.615455926693803e-06,0.021949443202557227,3.915765393166174e-05
6627,6627,GCNT4,0.0731572510703323,6.742204659467283,0.0683619562105968,0.004673357056939555,0.591443519454365,0.13559068863311052,0.7127669549660123
6628,6628,GCNT7,0.30500551039878565,5.6968668603462325,0.3194547689050056,0.10205134937615053,0.010079971941206451,0.11490216615920593,0.026349805937569498
6629,6629,GCSAM,0.2974228615232791,5.974283264753745,0.42049788464893545,0.17681847099422945,0.0005410597757496108,0.08150091715433294,0.0019553820834208647
6630,6630,GCSAML,0.6534937349065324,4.832415349329233,0.5162414424188533,0.2665052268706982,1.2629987736578054e-05,0.1376864586106998,6.913609313336647e-05
6631,6631,GCSAML-AS1,-0.16885082897851747,7.545733212564103,-0.11908696436843387,0.014181705082488637,0.3486249307437963,0.1787893165996165,0.49115040500012425
6632,6632,GDA,-0.01572132661589641,7.112436945611776,-0.026434315836111656,0.0006987730537233034,0.8357422096536903,0.07550461220551306,0.8970951497001419
6633,6633,GDAP1,-0.2812459184820286,8.29111404974221,-0.4010431785046457,0.16083563102510912,0.0010229380955809433,0.0815873388408969,0.003466623546135419
6634,6634,GDAP1L1,0.3016383975519565,5.748414450623237,0.3258453048481497,0.1061751626915836,0.008601041135690197,0.11114899031411947,0.02295098134816254
6635,6635,GDAP2,0.19846705889649596,5.785065501187162,0.3284633995963461,0.10788820487438892,0.008052099401452396,0.07247950962193006,0.021639142782135967
6636,6636,GDE1,0.4977026445292751,2.172180092282746,0.592410068166778,0.3509496888653665,2.5131887460153606e-07,0.08595890093064368,2.1989132240388944e-06
6637,6637,GDF10,-0.11619745322375832,7.430620119448544,-0.2044683458952364,0.041807304473134035,0.1050861967880887,0.0706482012585556,0.19353985298911897
6638,6638,GDF11,-0.011755090840576712,7.0756095510583075,-0.008298336511458811,6.886238885741039e-05,0.9481108152285604,0.1798970943686532,0.9690012895987081
6639,6639,GDF15,-0.2186703425328896,8.222843316751879,-0.5877144428334714,0.3454082663150577,3.2950678656125693e-07,0.03823076033479915,2.784030223559898e-06
6640,6640,GDF2,0.23918590016664704,5.455471294585699,0.2684538938951304,0.0720674931474579,0.031965314507518036,0.10900043138447382,0.0717017698011501
6641,6641,GDF3,0.035253323627129865,6.853006504208128,0.037620844038656585,0.0014153279061809233,0.7678873696509245,0.1189236242254051,0.8492695550997408
6642,6642,GDF5,0.026471659003586258,6.853422495743555,0.027537635713269344,0.0007583213806767273,0.8289877072928542,0.12203767769828035,0.8923593649676982
6643,6643,GDF9,0.14023725606650272,6.378665081972701,0.21012497335345115,0.044152504426788565,0.09560766178768512,0.08286749156832834,0.1791994402924086
6644,6644,GDI1,-0.10242733778272972,7.805452910707666,-0.11464312891703099,0.013143047007886993,0.36703145070202736,0.11271951521876565,0.5102109426725127
6645,6645,GDI2,-0.3837537919317037,11.487501605019627,-0.4343451763554283,0.1886557322232281,0.00033575091563988065,0.10107050097858752,0.0012748879674174321
6646,6646,GDNF,0.5114484408371179,4.783535738101492,0.32566046482794897,0.10605473835195582,0.00864100167854224,0.18858035075855448,0.023033098393504703
6647,6647,GDPD1,-0.17727207117978305,7.76085029976764,-0.23854346762315976,0.056902985945681474,0.057664697668948786,0.09165478244148816,0.11796042206887265
6648,6648,GDPD2,0.2866692069405592,5.0292135770850885,0.7807192100075551,0.6095224848748209,2.7972306014543955e-14,0.029139919665931643,6.730447630499437e-12
6649,6649,GDPD3,0.16837991601323193,5.762722026862535,0.7201458579399509,0.5186100567080679,1.985581937065216e-11,0.020602621467693386,9.129039670307271e-10
6650,6650,GDPD5,-0.3688191633512068,9.42143178819854,-0.5161913001762269,0.26645345837762363,1.2658759011212288e-05,0.07771785216783543,6.925538779170551e-05
6651,6651,GDPGP1,0.10349297153438224,6.6298413209061025,0.09540340021150127,0.00910180877191588,0.453316429398324,0.13714048355958874,0.5925731787166912
6652,6652,GEM,-0.00868523647505494,7.0706176841487185,-0.0225170685630846,0.0005070183766746529,0.8598158797686806,0.04897380267577256,0.9128009057942337
6653,6653,GEMIN2,-0.2324398802750736,8.411378040818489,-0.6357934408127665,0.4042332993805368,1.6540258515641128e-08,0.03583743083922026,2.1893600131797596e-07
6654,6654,GEMIN4,-0.2832981263249944,8.995232988724402,-0.7476646819945512,0.5590024767020133,1.2664968984203259e-12,0.03195648962454956,1.2028943129514103e-10
6655,6655,GEMIN5,-0.2875180522147421,8.998063305863113,-0.6637903717306618,0.4406176576023302,2.2526659900563368e-09,0.041142691648868766,4.148085205329079e-08
6656,6656,GEMIN6,-0.4198412094453135,9.65730453033918,-0.6619453900429676,0.4381716993991365,2.585636795939956e-09,0.06037662930288306,4.6543611650939104e-08
6657,6657,GEMIN7,-0.4807488196454516,10.18139688816504,-0.4323522314812206,0.18692845206679096,0.0003600717406981681,0.12733537129923084,0.0013586606629759244
6658,6658,GEMIN8,-0.3438120684429943,8.920398379649649,-0.4918383274407439,0.2419049403397084,3.667847473656997e-05,0.07729737340785713,0.00017901112698229046
6659,6659,GEN1,-0.27935934756344405,8.187257656506736,-0.4549718784638282,0.2069994101929045,0.00015866484471454363,0.06944157526634809,0.0006545793888918732
6660,6660,GET4,-0.2262163269025879,8.645095094371841,-0.21089913700342794,0.044478445988790666,0.0943641286237581,0.13315992536649934,0.1773524739930118
6661,6661,GFAP,0.06762206117344181,6.760012494681852,0.05888324171849515,0.003467236155278728,0.6439501057099831,0.14559505980090232,0.755280265349601
6662,6662,GFER,0.4307155586356157,4.173354632807484,0.4179486252530685,0.1746810533509299,0.0005894429363629879,0.11890023740541525,0.002114709540579938
6663,6663,GFI1,0.21326689455424225,5.933778394873363,0.2770870548970309,0.07677723599151025,0.02665007881640468,0.09392141261053163,0.06130962039405539
6664,6664,GFI1B,0.16825356342843548,6.282878317071843,0.1987491161037154,0.039501211152008144,0.11539342542399858,0.10536870220791038,0.20841314954289195
6665,6665,GFM1,-0.29560857718092065,8.928940483380439,-0.3174567850141694,0.10077881035153258,0.010585554144621616,0.11214239804461616,0.02750872134906769
6666,6666,GFM2,-0.21177053215987832,8.518554602718188,-0.4051624181355681,0.1641565850694609,0.0008967267609569894,0.06068802319944967,0.003082320318813271
6667,6667,GFOD1,0.4624604100603917,4.739331087289368,0.33335497437422434,0.11112553894003976,0.007108001476153014,0.16610855077940598,0.019388307339223268
6668,6668,GFOD2,-0.3263373246905905,9.124888430414718,-0.22507254289215967,0.05065764956394308,0.07375793049003303,0.1794154398361808,0.14462404787773137
6669,6669,GFPT1,0.33299472068657043,3.8252311134243295,0.4645081241126268,0.21576779736663146,0.00011036670634015349,0.08062514806467536,0.0004746754768214546
6670,6670,GFPT2,0.16614596324718794,6.24232092886824,0.1740674873837169,0.03029949016408045,0.16893885344133092,0.11936997439843428,0.2822817030302485
6671,6671,GFRA1,0.3040020713872602,5.821112811305883,0.19445614404220551,0.03781319195576298,0.12362686571107245,0.1947550498800768,0.2201776278454868
6672,6672,GFRA2,0.4947086972661541,4.679852951642849,0.6500421582131378,0.4225548074543941,6.152445971370924e-09,0.07344590089531808,9.64046436396797e-08
6673,6673,GFRA3,0.3590937182851431,5.087067301323426,0.6251692029761157,0.3908365323497917,3.3475604128323137e-08,0.05693526057644356,3.907893301341442e-07
6674,6674,GFRA4,0.2787018533629474,5.659775427950852,0.2826644884730217,0.079899213043715,0.02362859421766476,0.1201131238875907,0.05536433756584402
6675,6675,GGA1,-0.09443963327860894,7.6409490012989405,-0.08109427542296573,0.006576281506375823,0.5241129544629517,0.14741290743332242,0.6568408873669417
6676,6676,GGA2,-0.01806591964842026,7.122152968758838,-0.011429784713341691,0.00013063997859333944,0.9285740941494608,0.2007233096578464,0.9575448241727558
6677,6677,GGA3,-0.4531681860188718,9.556401738459485,-0.4257108681623527,0.18122974327154406,0.0004531758303854453,0.12232912232098132,0.0016690643015723813
6678,6678,GGACT,-0.5530788755145877,9.643086419880142,-0.5654382129921255,0.31972037271172826,1.125875452052412e-06,0.10245892706732533,8.172024979730679e-06
6679,6679,GGCT,-0.2319697150051575,9.3704674235626,-0.5842993263921394,0.3414057028223079,4.001875864738278e-07,0.040917495322310336,3.2953067227552295e-06
6680,6680,GGCX,-0.3466480340029502,9.207290316268564,-0.4822849763076746,0.23259879837209424,5.4484821334280436e-05,0.07996508454830126,0.0002544465831343202
6681,6681,GGH,-0.1423010599284509,8.494814464344183,-0.4654297176097898,0.21662482203432865,0.00010650157293863388,0.03436711561346189,0.00046028747359255713
6682,6682,GGN,0.194587474745837,6.122284548040852,0.2103735814745402,0.044257043782425,0.09520693705976956,0.11484137659223967,0.17861095226798143
6683,6683,GGNBP2,0.09972292563978133,6.430671834217751,0.07573312819797008,0.005735506706650171,0.5519911453395188,0.16674938302089146,0.6805994563757489
6684,6684,GGPS1,-0.26844935983965484,9.009123834643658,-0.3810337471402343,0.145186716459728,0.0018945624487336546,0.08272536983362372,0.0059779615076974045
6685,6685,GGT1,0.20268811632068864,5.853557994901142,0.1912524899183904,0.03657751489998401,0.13005707075170225,0.1321094038817926,0.2293100364051549
6686,6686,GGT5,0.29689398920464577,5.21368501846535,0.3979695374823512,0.15837975276391653,0.0011273280824914062,0.08691881915245532,0.003774901751407361
6687,6687,GGT6,0.30183372014066595,4.641932052774637,0.6959759922380239,0.484382581771702,1.7242480639681315e-10,0.039549540573114786,5.178722860642147e-09
6688,6688,GGT7,0.2929908964761536,5.2752809156266105,0.3114211822584476,0.09698315275924924,0.012248726095164943,0.1135423972026507,0.031223797950652957
6689,6689,GGTA1P,0.16247966755687895,5.9414219595054645,0.7029632348079721,0.4941573094916881,9.437212783932572e-11,0.02087749097213481,3.1779085439855406e-09
6690,6690,GGTLC1,-0.05299795110799047,7.352807998591626,-0.13434812868579055,0.018049419681373736,0.2898689065812289,0.049645104523072116,0.4284025782694652
6691,6691,GGTLC2,0.2615780687497189,5.672459546853322,0.30409807005202005,0.09247563620936328,0.014565863916980497,0.10406890066866242,0.03630568406102816
6692,6692,GH1,0.02259880468527556,6.915985242159282,0.019748468341947184,0.00039000200185289015,0.8769088303120419,0.14530196965093425,0.9241267074044274
6693,6693,GH2,0.3336406283926097,5.7014501860755935,0.1886174125849725,0.03557652833024974,0.13553328936946396,0.22061507667428326,0.2365960001044532
6694,6694,GHDC,-0.2577493701883133,8.730239495449968,-0.4773821737356918,0.22789373980061425,6.645330269721668e-05,0.0602523662293946,0.00030327634771511636
6695,6695,GHET1,-0.1564854294141923,7.560121926538741,-0.13442410076244396,0.018069838865791686,0.28959374215856376,0.14650121326223942,0.4280942375891664
6696,6696,GHITM,0.5846327107363319,0.5682940163918859,0.6766828803244401,0.4578997205241805,8.363219265320732e-10,0.08078707653665257,1.8386346516804108e-08
6697,6697,GHR,0.07710924594211661,6.594662568105448,0.5917317479494147,0.3501464615312697,2.614173409681763e-07,0.01334115667611113,2.271666339753554e-06
6698,6698,GHRH,0.15525928849924614,6.3660609248948345,0.17397712961164316,0.030268041627906483,0.16916359859247246,0.11160802931217392,0.28259181728920707
6699,6699,GHRHR,-0.039654342369311535,7.183783553060232,-0.03500903500123049,0.0012256325317173814,0.7835955517870355,0.14376344171226949,0.8604848719040697
6700,6700,GHRL,0.3164489492540512,5.420149153384337,0.2714961950182838,0.073710183909406,0.02999918382839257,0.1424680599903248,0.06787507322159034
6701,6701,GHRLOS,0.2277829471796098,6.036029794684393,0.1583555722235543,0.025076487254249318,0.2113801588826168,0.1803753909493777,0.3362795577874718
6702,6702,GHSR,0.3030171110156073,5.875600921266423,0.18937026171693802,0.03586109602274159,0.1339512903073339,0.1995397082386772,0.23445806592348173
6703,6703,GID4,-0.30680209930137176,8.794741116396652,-0.5035916059780771,0.2536045056115787,2.2173220255638614e-05,0.06684493483335446,0.00011416098065521973
6704,6704,GID8,-0.2513627782586313,9.014530943451255,-0.2334037263778208,0.05447729948705265,0.06343138440101563,0.13299438873567193,0.12765860866208117
6705,6705,GIF,-0.10950277073617147,7.483055420061658,-0.5525414932958967,0.3053021018136595,2.202965866829341e-06,0.020977916810441373,1.461109520557102e-05
6706,6706,GIGYF1,0.1819964433694616,5.939781934044232,0.17104253423653498,0.029255548518056243,0.17658217535206938,0.13314209675909047,0.2919443432011805
6707,6707,GIGYF2,-0.32632604587065395,8.95910761375925,-0.2759104776076881,0.07612659165370256,0.027327410989542868,0.14437564398636432,0.06265485282991538
6708,6708,GIMAP1,0.3115454734103379,5.57506409438097,0.6188637636519427,0.3829923579614477,5.024226735356846e-08,0.05021989706176031,5.565198463128006e-07
6709,6709,GIMAP2,-0.1707387302086481,8.332927897463875,-0.5755576268474906,0.3312665818223152,6.515740427404084e-07,0.03080873754214885,5.050048638347725e-06
6710,6710,GIMAP4,0.17711191491355038,5.7011178629531765,0.6518815261983358,0.4249495241986716,5.394536753640146e-09,0.026165934130676947,8.659651104527602e-08
6711,6711,GIMAP6,0.1441467547108799,6.114458239211465,0.6493723166096702,0.42168440557900977,6.452730604557497e-09,0.02143866341042804,1.0060034646630138e-07
6712,6712,GIMAP7,0.11873034993435296,6.3052551389458005,0.5171016588303661,0.2673941255651162,1.2145780187183004e-05,0.024958884451927732,6.689137079182298e-05
6713,6713,GIMAP8,0.2575691078438801,5.874014186934732,0.5665167031546979,0.3209411749532681,1.0630430469104949e-06,0.047581585421583986,7.77709364217796e-06
6714,6714,GIN1,-0.1121374547214856,7.725180067765398,-0.2039756294732637,0.041606057419014165,0.10594508548601148,0.06835158622119672,0.19482343972482832
6715,6715,GINM1,0.35215969708789835,3.9146013936452446,0.7401897241514551,0.5478808277394073,2.7672939530795052e-12,0.04062816590278155,2.1402053769263105e-10
6716,6716,GINS1,-0.1432101561488932,8.00230549238733,-0.6777231487306089,0.45930866632533096,7.703912111967478e-10,0.019733329058806624,1.7359856065000595e-08
6717,6717,GINS2,-0.36520801135832826,9.250114229721822,-0.4984493346122068,0.2484517391753517,2.7698147582666487e-05,0.08066810734926501,0.00013961903768683491
6718,6718,GINS3,-0.2670200104694985,8.411490423582501,-0.6468137949555266,0.41836808534477005,7.732592800412116e-09,0.03998460447731103,1.1620353719148118e-07
6719,6719,GINS4,-0.5462403769433349,9.282890064027075,-0.5615857167100291,0.31537851721271704,1.3799416975580358e-06,0.1022108882040048,9.756003088677527e-06
6720,6720,GIP,0.10572025569743553,6.598903255305876,0.09684150708645113,0.009378277494775164,0.44650504981990896,0.13799226529668776,0.5863949817363169
6721,6721,GIPC1,0.2357677605586236,4.873102444566446,0.463178978080688,0.21453476573587044,0.0001161687346227824,0.05729321813766285,0.000496376075030851
6722,6722,GIPC2,0.10894594161377613,6.15359755833377,0.2801779674089085,0.07849969342138742,0.024937760886571292,0.047405526438208334,0.057917669429294126
6723,6723,GIPC3,0.3249676205102276,5.359232517879028,0.267642349961782,0.07163242749306499,0.03250762431360432,0.148576249879291,0.07272988991746066
6724,6724,GIPR,0.3737152214754412,5.213356949395641,0.3693603105678856,0.1364270390228049,0.002667752126239258,0.11941097201442777,0.008125200041309583
6725,6725,GIT1,-0.041509816084845184,7.2992967322390125,-0.03724434131064086,0.0013871409596635093,0.7701462019474282,0.14144683806444114,0.8510673608477015
6726,6726,GIT2,0.4692653537613498,4.656756412522512,0.3025539718672681,0.09153890589265964,0.015099878709795678,0.1877469775110832,0.03747282528771779
6727,6727,GJA1,0.11125839706129713,6.093232776957224,0.3627123024663701,0.13156021436045556,0.003224062069116317,0.03630316782782341,0.009600806395312685
6728,6728,GJA10,0.00238867796195744,7.006241973228936,0.002416868687048651,5.84125425043627e-06,0.9848778868943184,0.12551841154921758,0.9910102058778154
6729,6729,GJA3,0.1421699416390208,6.469957233967403,0.08892175583152236,0.00790707866016088,0.4847148660684528,0.2022460676678844,0.6217569259988358
6730,6730,GJA4,0.3087681036211934,5.60182549307544,0.2368230707782112,0.05608516685282164,0.0595456206214395,0.1608714524919364,0.12120127968392447
6731,6731,GJA5,0.08681721259633053,6.699794495060654,0.0520412619655189,0.002708292946963764,0.682978929232876,0.2115793495916434,0.7863649533455291
6732,6732,GJA8,0.020476249293751924,6.897995968012619,0.022243065232149268,0.0004947539509216479,0.8615048158148128,0.1168833006442778,0.9141457657031444
6733,6733,GJB1,0.02902476101685178,6.782403281249442,0.031462912516301685,0.0009899148640084537,0.8050602971114297,0.11710051938523472,0.8759073685414497
6734,6734,GJB2,0.21106619535474191,5.341084942409012,0.5800963589911811,0.3365117857148252,5.067780136577078e-07,0.03763910636129137,4.0645473650954305e-06
6735,6735,GJB3,-0.264338440198435,8.659247681699616,-0.4761681825174892,0.2267361380420089,6.977007218095367e-05,0.061996612858508875,0.00031580159787689566
6736,6736,GJB4,0.1010806467678009,6.466584006353013,0.1596578036021816,0.02549061425107279,0.20760071041728845,0.07937340843209252,0.33182708769459557
6737,6737,GJB5,-0.20469063626492456,7.90395229671144,-0.4447629441925944,0.19781407652686486,0.00023130522706672744,0.05234932102057931,0.0009145361862570719
6738,6738,GJB6,-0.4440746771771896,8.40040214912814,-0.26054993781742003,0.06788627009666144,0.037582329930652164,0.2089794792879831,0.0823063667726813
6739,6739,GJC1,-0.10197526219195023,7.3820275030634654,-0.0607195464852246,0.003686863325371351,0.6336308273494893,0.21289643789641832,0.7470613364323619
6740,6740,GJC2,-0.03396371966660866,7.208793527066503,-0.03510142838379463,0.0012321102745826635,0.7830383595291581,0.12280806794238645,0.8601783430022787
6741,6741,GJD2,-0.005269250727494979,7.045683215001218,-0.00740289766106027,5.480289378013162e-05,0.9537034549132948,0.09039395180769803,0.9721544114172189
6742,6742,GJD3,0.3266990009219399,5.411638367851116,0.2974768536915988,0.08849247848225289,0.016975983493681738,0.1331615710942991,0.0415149545517423
6743,6743,GJD4,0.1448366139732768,6.369743152230068,0.2391760342027094,0.05720517533693562,0.05698534210162296,0.07467469421019922,0.11681347815322277
6744,6744,GK,0.19469740888250947,5.78848249229996,0.5147309985619744,0.2649480008806072,1.3523911650435205e-05,0.04118537598795998,7.339857313036952e-05
6745,6745,GK2,0.1383929144086556,6.529218504744066,0.16273764717875694,0.02648354180927757,0.19885303784643893,0.1065618193571101,0.32102001897753357
6746,6746,GK3P,0.10341955395043637,6.431156573429796,0.2281435985796851,0.052049501572888485,0.06980554598679335,0.05605203153571866,0.13811229770159983
6747,6747,GK5,-0.0744469275850515,7.3321313895287465,-0.08262401279587814,0.006826727490493434,0.5162894538959808,0.11403998795039515,0.6498632948219869
6748,6748,GKAP1,-0.04679542603793516,7.23524959033645,-0.0364889580865588,0.0013314440622426446,0.7746838559260376,0.1627634122969565,0.8540769219060352
6749,6749,GKN1,0.20913274500147166,6.233446839661492,0.1823584776001385,0.03325461435264022,0.14923491075618547,0.14320437598057548,0.2559342672388688
6750,6750,GKN2,0.2268495956729353,6.042078772824088,0.2497572500768369,0.06237868396594365,0.046553172897479705,0.1116960453119192,0.09864079834588288
6751,6751,GLA,-0.23647743648322836,8.982098895697636,-0.4377187470774336,0.19159770154303826,0.00029797412893913623,0.06168967559447903,0.0011453016972270136
6752,6752,GLB1L,-0.004295087555907778,7.0390988831287205,-0.005620542058163744,3.1590493027587534e-05,0.9648418660095126,0.09704901118540753,0.9791297909197243
6753,6753,GLB1L2,-0.18046064100939227,8.494260862912345,-0.5314867266118357,0.2824781405645642,6.216686694401983e-06,0.03652681426362457,3.7024848835884194e-05
6754,6754,GLB1L3,0.18920794902774649,6.329625787457137,0.10087759073233617,0.010176288311960713,0.4276955406546272,0.2369887654546862,0.5689383213266141
6755,6755,GLCCI1,0.2163838302430557,5.875125995042103,0.3607869352229461,0.13016721262756634,0.003403363823407829,0.07103886985323914,0.010088958740026905
6756,6756,GLCE,-0.17968179532935985,8.306538709331456,-0.5591242234603538,0.3126198972601437,1.5694357971185043e-06,0.03383751052475405,1.0854721234941299e-05
6757,6757,GLDC,0.3696000289934885,5.298527385918738,0.5348213803830616,0.2860339089148435,5.299223263691436e-06,0.07415939604969388,3.2045428588449604e-05
6758,6758,GLDN,0.108122865227429,6.351005431439337,0.5728215606025623,0.3281245402911549,7.567809756110055e-07,0.019649284207966817,5.7867556592006795e-06
6759,6759,GLE1,-0.13532138109563216,7.856753838399721,-0.13673854075407887,0.01869742852755489,0.2812932713789189,0.12450336928528626,0.41891244011488127
6760,6760,GLG1,-0.5298821230587056,11.549121404052064,-0.5596809315593303,0.3132427451511198,1.5245580776748028e-06,0.0996424827865036,1.0618946661964571e-05
6761,6761,GLI1,0.2623850882602334,5.416578927537352,0.35978014628686955,0.12944175366220126,0.0035006031507307943,0.0864181625291703,0.01034041211691111
6762,6762,GLI2,0.7426016435885118,4.028455645030217,0.4366216254748933,0.19063844383233794,0.0003098105088993807,0.19432384955026852,0.0011863742829736673
6763,6763,GLI3,0.4632731002521999,4.791101479137304,0.6419302544592085,0.4120744515900642,1.0871487522842841e-08,0.07027721795739318,1.5523138091236433e-07
6764,6764,GLI4,0.16135516639569267,6.318332885668785,0.11543244802417492,0.013324650056853848,0.3637196314555892,0.1763381434045483,0.5065501716618936
6765,6765,GLIDR,0.14108529604444095,6.146444941400633,0.20051727646270548,0.04020717816002106,0.11212726363370937,0.08754328933635483,0.20376937680328772
6766,6766,GLIPR1,0.1828610717020796,5.968905903477834,0.42970974501074816,0.1846504649572022,0.0003947966432605895,0.0488002590199659,0.0014765667201741045
6767,6767,GLIPR1L1,0.3761999675913687,5.705644462078391,0.26393104713830795,0.06965959764352374,0.03508661222742945,0.17460367046952224,0.07768922165490642
6768,6768,GLIPR2,0.19135592850065736,5.63932920805529,0.8342218870047834,0.6959261567578215,1.1275733712751413e-17,0.016064012328564345,2.219781941360289e-14
6769,6769,GLIS1,0.12664492513134018,6.476541959477737,0.12821035118420732,0.01643789415077777,0.3126669288115027,0.12441414264577905,0.45310863570990373
6770,6770,GLIS2,0.3116173595670041,5.326800413609613,0.468581295806091,0.21956843077931532,9.420579065903051e-05,0.07461192824882294,0.00041237646992547115
6771,6771,GLIS3,-0.07082568570145872,7.38934874164441,-0.22679460911636865,0.05143579472424644,0.0715202559366661,0.03862740934971099,0.14109238793008147
6772,6772,GLIS3-AS1,-0.0716413244332157,7.3122928036887185,-0.0887241693400879,0.007871978225088592,0.485689728100401,0.1021432512081126,0.6225280297137724
6773,6773,GLMN,-0.18886231224342814,8.308050496252559,-0.6831670362450187,0.4667171994118027,4.985471340898395e-10,0.025639015408794392,1.2310191777326652e-08
6774,6774,GLO1,-0.2882864029922271,10.115942744316053,-0.6288395604733585,0.3954391928163267,2.6318328726693464e-08,0.045269787272629966,3.192848227319591e-07
6775,6775,GLOD4,-0.060057109708928025,7.5744785667127825,-0.0860698077684739,0.007408011809302048,0.4988856978966169,0.08828829554465721,0.6346710015245705
6776,6776,GLOD5,0.5215087035200278,4.693935985282348,0.7033589915058114,0.494713870932072,9.115752280794014e-11,0.06693563079813539,3.1037989880596595e-09
6777,6777,GLP1R,0.4598836283419084,4.794740336303188,0.34197791549049744,0.1169488946832258,0.005677900832672096,0.16048962522130586,0.015883599345241473
6778,6778,GLP2R,0.4132157759202638,5.272231971608903,0.4969028510176629,0.2469124433494817,2.9594176365628368e-05,0.09164996351694092,0.00014790258232118215
6779,6779,GLRA1,0.25474933108264325,6.121203406351744,0.2591212922658237,0.06714384410551043,0.03868027055943658,0.12059281904088485,0.08439508906444325
6780,6780,GLRA2,0.08766704843001344,6.54033913636616,0.15623730429058044,0.024410095251987427,0.21763118656507646,0.07038651325184715,0.3438138748842504
6781,6781,GLRA3,0.4769851219779888,5.5377989442029945,0.1389159856430554,0.019297651067181572,0.27362934629679064,0.4318424897785579,0.410462974096495
6782,6782,GLRB,-0.4553439010271436,8.479159733958392,-0.16889719247940935,0.028526261627426663,0.1821532771827501,0.33747125076762563,0.2994165655782211
6783,6783,GLRX,-0.07157202805631388,7.714111929764322,-0.13533401281928314,0.018315295025769892,0.286311455546214,0.06654670117313348,0.42445913396681484
6784,6784,GLRX2,-0.20697829823128147,8.689902619594916,-0.2753613397400656,0.07582386742344384,0.0276484641822684,0.09177055861983832,0.06325031606454914
6785,6785,GLRX3,-0.6100814233903702,11.136437050061968,-0.6356458994403764,0.4040457094753651,1.6706078953436567e-08,0.09409860435555856,2.2072613772829095e-07
6786,6786,GLRX5,0.5590511731682437,1.3177635608346971,0.39547421355262224,0.15639985358506506,0.0012190379362680822,0.16489438625834624,0.00404261355434691
6787,6787,GLS,0.2668040046426069,5.564040770211141,0.30890013300909264,0.09541929217303513,0.013007619913469534,0.10432828408235607,0.032860477044585015
6788,6788,GLS2,-0.6170761761781159,9.215371518859618,-0.4578240493511744,0.2096028601643066,0.00014250066983703314,0.15218330538944658,0.0005942330069942138
6789,6789,GLT1D1,0.03809389218194642,6.824131887435044,0.050905395971158326,0.002591359338980423,0.6895425722003141,0.09491443058702474,0.7913113090088926
6790,6790,GLT8D1,-0.18986317121701926,8.551695611530073,-0.2748010099701069,0.0755155950805908,0.027979325678513342,0.0843677284025486,0.06391268961689942
6791,6791,GLT8D2,0.11367551562385368,6.338506436670118,0.2963044383893363,0.08779632020921999,0.017436516561331626,0.046534906011344836,0.04251635695705848
6792,6792,GLTP,0.3047860257051544,4.32878783593266,0.8408225376003563,0.7069825397367026,3.5499104332947286e-18,0.02491963127462219,1.0981901490428193e-14
6793,6793,GLTPD2,0.1047139767536761,6.555951108993481,0.16125079458492292,0.026001818754269008,0.20304274386478444,0.08139280546333848,0.3261062536818146
6794,6794,GLTSCR1,-0.0013155869565312133,7.023563687280081,-0.0013317428064666564,1.7735389025756863e-06,0.9916670754037162,0.12545933162672768,0.9951135550448321
6795,6795,GLTSCR1L,0.31993973650780955,4.728264234714276,0.5206388013536825,0.2710647614749992,1.0330670567075889e-05,0.06663160575418636,5.801625288641815e-05
6796,6796,GLTSCR2,0.2352316756500048,5.4723972058674955,0.27665703546414006,0.07653911527180643,0.026895973762401014,0.10376896639244773,0.061799285419425816
6797,6797,GLUD1,0.13971783784627612,5.7081033028191674,0.2135041747588337,0.045584032639450614,0.09027236725164993,0.08119298127660615,0.17104279576817563
6798,6798,GLUD2,0.035084204155376865,6.829177468896668,0.03110939457536025,0.0009677944308454539,0.8072083103419085,0.14315745524030032,0.877294652971344
6799,6799,GLUL,-0.33237428859248463,9.923423370746246,-0.5049363633624241,0.25496073104567,2.0907569013039982e-05,0.07215800377213719,0.00010818480453461907
6800,6800,GLYAT,-0.2774960244150861,8.040395938606194,-0.17720405619265786,0.03140127753113064,0.16127218209327146,0.19573081663231945,0.2721805863323041
6801,6801,GLYATL1,-0.3169370757090376,7.949328410754192,-0.17547582963317745,0.030791766785451914,0.1654641103133243,0.22582314149353955,0.27774012160569245
6802,6802,GLYATL2,-0.14613823769997716,7.485000942966057,-0.11029620152765204,0.01216525207142843,0.3855968090514736,0.16724364119790716,0.5285768925489904
6803,6803,GLYCTK,0.11543117246359395,6.2729796714165404,0.12323696227528405,0.015187348870839782,0.3319622024736077,0.11804921053005575,0.4739659454451094
6804,6804,GLYCTK-AS1,0.13832135479323834,6.4956093632221075,0.12974130124757596,0.016832805249414256,0.3068754255565375,0.13425449316711394,0.4468688951937879
6805,6805,GLYR1,0.055573741816142885,6.652597823140103,0.07479774211682493,0.005594702225775045,0.5569269544267997,0.0940951027456544,0.684852538223302
6806,6806,GM2A,-0.03760558856793635,7.253344679434856,-0.05244615546492589,0.0027505992230511763,0.6806448485577832,0.09093787038256512,0.784801884645056
6807,6807,GMCL1,0.1381105716416932,5.955483667975395,0.2682262039421764,0.07194529648122999,0.03211669801429507,0.06299653503400905,0.07199659373701447
6808,6808,GMDS,-0.20148416816714948,8.637653855669184,-0.6340128523242898,0.4019722969123817,1.864972212909236e-08,0.031210999129694918,2.4067922092103397e-07
6809,6809,GMEB1,-0.13814116247966635,7.81093725984847,-0.1284264948835293,0.01649336458806918,0.3118450386723796,0.13547566115018594,0.4520708460022096
6810,6810,GMEB2,0.016130335438556024,6.903886535622144,0.009723871580163308,9.455367850750764e-05,0.9392126079150394,0.2106627777718513,0.9641911929648326
6811,6811,GMFB,0.2635877908458531,4.532445808688577,0.4008664050223276,0.16069387467552482,0.0010286966557477323,0.07650502836309829,0.0034834129914334865
6812,6812,GMFG,0.18805903039209326,5.657240799548153,0.5754199728063476,0.3311081451044578,6.56520665680139e-07,0.03394621593563765,5.086567089553993e-06
6813,6813,GMIP,-0.08637825378313307,7.5334184453907875,-0.07859873987199242,0.006177761909465131,0.5370017842588025,0.1391385096804187,0.667766229502037
6814,6814,GML,-0.0965997185779547,7.398678107651651,-0.14242407338282645,0.020284616678956733,0.261577398031665,0.08526024524049386,0.39622681549914
6815,6815,GMNC,0.1283801557975208,6.494102689526397,0.14323504754323818,0.0205162788447137,0.25884306450162514,0.11265523253311857,0.3931023607393711
6816,6816,GMNN,-0.05584343005432324,7.55355175968254,-0.10012804785039267,0.010025625966330528,0.4311542176552496,0.07047457550365711,0.5720704910599577
6817,6817,GMPPA,-0.11519419148999464,7.834191471626357,-0.13123597569068868,0.01722288131548703,0.3012884688193641,0.11051197744932384,0.4407783942901857
6818,6818,GMPR,-0.22297451622262107,8.118635734202389,-0.6179022706904286,0.3818032161243877,5.34093385033388e-08,0.036033211022836034,5.865006213437129e-07
6819,6819,GMPR2,-0.3726267164500735,10.198512503325002,-0.3623620564636878,0.13130625996459286,0.0032560404024243746,0.12172191465562393,0.009689371295107852
6820,6820,GMPS,-0.3198702632359021,9.164599571028246,-0.5711674607391878,0.3262322682072516,8.279150275644815e-07,0.058380749884195005,6.270898888390643e-06
6821,6821,GNA11,0.2889073746932065,4.451777517239256,0.7917611153852075,0.626885663836028,6.738247067692133e-15,0.028306722158913725,2.4731650889978497e-12
6822,6822,GNA12,0.010516142361828693,6.941815217798487,0.00821010785001331,6.740587090885016e-05,0.948661758347814,0.16266612170514486,0.9691593327839747
6823,6823,GNA13,0.28013522324727497,4.714292481020358,0.6851012396988871,0.469363708636952,4.2616189922251117e-10,0.03782819292915243,1.0785109939577895e-08
6824,6824,GNA14,0.18374357547680287,6.042110260191463,0.35867291401177515,0.12864625924569825,0.0036103838733581844,0.060731636943067824,0.010612578088444615
6825,6825,GNA14-AS1,0.1158723488562368,6.558547036723372,0.19028915554888848,0.03620996271950908,0.1320393034173701,0.07592086427589542,0.23191758184653163
6826,6826,GNA15,-0.1840271738229367,8.017192106089126,-0.6388458267388987,0.4081239903417069,1.3439926464957967e-08,0.02814526993778312,1.8490572274375144e-07
6827,6827,GNAI1,0.07864448838570512,6.521346127543774,0.22044426144050666,0.048595672402050434,0.08004944115028723,0.04419327738936825,0.15498172982650602
6828,6828,GNAI2,0.07257007122389594,6.491797075079074,0.10114697809560404,0.010230711177872602,0.4264563456967125,0.09065166380581313,0.5676734795956669
6829,6829,GNAI3,-0.2492690606040289,9.105110614381383,-0.3273996167147397,0.10719050902495844,0.008271340697043987,0.09136371802930718,0.022159579709821544
6830,6830,GNAL,0.04219578169200332,6.825464615100473,0.08603988955120255,0.007402862593983134,0.4990354859807589,0.06205258197643354,0.6348242641669115
6831,6831,GNAO1,0.35366611720498803,5.041438731419314,0.32178956001645365,0.10354852093558282,0.009515855515514815,0.13215665988722244,0.025062740353742802
6832,6832,GNAQ,0.4187466336897238,3.5249212016542124,0.6078638988365448,0.3694985195087652,9.989468392334089e-08,0.06946918247303098,9.97334891821091e-07
6833,6833,GNAS,-0.14089735121373526,8.198014415027567,-0.0820780261077239,0.006736802369740206,0.5190749859621796,0.21727624771548495,0.6524593000354655
6834,6834,GNAS-AS1,0.0779906294037453,6.768833962318289,0.062404704336648686,0.0038943471233445393,0.6242216588295174,0.1584097661741905,0.7390661575698851
6835,6835,GNAT1,0.2780985732659832,5.760825063570333,0.2797015103890489,0.07823293491391523,0.02519548827625534,0.12123239859398673,0.05842256115454646
6836,6836,GNAT2,0.1621776285383016,6.436839251179241,0.15121016941017645,0.022864515333054256,0.23298217367775764,0.13464539148444113,0.3627512229216893
6837,6837,GNAT3,0.26697300011214603,6.158369669062044,0.1649636356641737,0.027213001091542247,0.1926963893055253,0.20271792700945254,0.3130412836017367
6838,6838,GNAZ,0.15949867301843615,6.254914769448818,0.20932339037290476,0.04381628175720747,0.09690868832193264,0.09462679728224956,0.181253899258201
6839,6839,GNB1,0.4365076472063815,2.6179879940243187,0.4253570491459649,0.1809286192581628,0.0004587020200316549,0.11795144156609667,0.0016873097067751802
6840,6840,GNB1L,-0.18678894107379607,8.048358333965307,-0.1876807988489178,0.035224082256567944,0.13752104502590662,0.12415056465406014,0.23958312389670217
6841,6841,GNB2,-0.2667775603780223,9.413193874868787,-0.4297045181597666,0.1846459729269172,0.0003948682535848212,0.07119617175723804,0.0014765795253633748
6842,6842,GNB3,0.2295314305527636,5.62464762263142,0.2445319907402937,0.059795894495411075,0.05148981291722885,0.11559038409010515,0.10714537614930841
6843,6843,GNB4,0.3778726493759806,5.1206707841750525,0.6485145025283245,0.4205710599895601,6.857605894584532e-09,0.056328736868624274,1.0607246831944862e-07
6844,6844,GNB5,0.19891449366743366,6.0888291548776055,0.2115855483941792,0.04476844428926554,0.09327216246310292,0.11669141680451026,0.17566608785340876
6845,6845,GNE,0.09814313632737492,6.0963779782571175,0.23786271479246165,0.05657867108843995,0.058403125874707994,0.05089680979926341,0.11915580279035251
6846,6846,GNG10,-0.1817400113958237,8.892348168987624,-0.2413458921367249,0.05824783965127168,0.05470418371482828,0.0928075071568145,0.11287838328226243
6847,6847,GNG11,0.34563903289024783,5.271082959516343,0.6018484406121157,0.3622215454672354,1.438895193399368e-07,0.0582471551499482,1.36303094472355e-06
6848,6848,GNG12,0.3233845184332988,4.262703863164508,0.6122830356425457,0.3748905157356509,7.603287433677427e-08,0.053033366611345216,7.908222352367181e-07
6849,6849,GNG13,0.13711912396609965,6.519141843422237,0.2249625292987213,0.050608139588478034,0.07390275984937121,0.07542490137386802,0.14485556340859285
6850,6850,GNG2,0.3416308077982972,5.384691088441186,0.633005098460171,0.4006954546765707,1.995395482685313e-08,0.05306128471648616,2.543277762068891e-07
6851,6851,GNG3,-0.012590158305497836,7.07725357190549,-0.016040637556038937,0.0002573020532042068,0.8998871014755359,0.09966848126537,0.9385120537633328
6852,6852,GNG4,0.2585726963636797,5.920411219774354,0.2697699179534768,0.07277580863262563,0.031101978309630924,0.11721567060940345,0.0700544582916545
6853,6853,GNG5,-0.13606402028582176,8.608276416949494,-0.09712049849437494,0.009432391227795886,0.4451902628540521,0.17708371020509098,0.5853609020041506
6854,6854,GNG7,0.38939590437961824,4.841953216248514,0.6383545614644269,0.4074965461424408,1.3898644273067742e-08,0.05963195006029865,1.9000955917505175e-07
6855,6855,GNG8,0.053984768085652134,6.7839596701136875,0.10411548204401848,0.010840033601258335,0.4129369919766767,0.06549276810657156,0.5543457046218421
6856,6856,GNGT1,0.004665125574498027,7.0011076820492555,0.002747789048308265,7.550344654002841e-06,0.9828076440911718,0.21561673524809571,0.9899200086440963
6857,6857,GNGT2,0.32441635777280425,5.385245059063552,0.5146402804970482,0.2648546183100805,1.3579431505317267e-05,0.06864197028844952,7.363595891551386e-05
6858,6858,GNL1,0.3692193558980019,5.299362281918904,0.1711867317514115,0.02930489712772972,0.17621221175361354,0.2698733091328661,0.291510729222651
6859,6859,GNL2,-0.2659789787840821,9.02769821104261,-0.6706331720285711,0.44974885142510296,1.3395156551856155e-09,0.03736344538691375,2.698345257027396e-08
6860,6860,GNL3,-0.20378586315933234,7.910143152283335,-0.3164117166885989,0.1001163744578262,0.01085866235810591,0.0775923358622937,0.02809288973126723
6861,6861,GNL3L,-0.4677689375935978,9.193709276588836,-0.4187235790064317,0.17532943561595546,0.0005743349175080601,0.12883930201336308,0.00206598382701612
6862,6862,GNLY,0.1033015826394881,6.506840022594269,0.2127315398121502,0.04525470803084845,0.09147115113821,0.06025915113832025,0.17296208467036164
6863,6863,GNMT,-0.1078716021183879,7.459721410956613,-0.13322290807408174,0.017748343235715242,0.2939644630930173,0.10191632609911436,0.4326356156231677
6864,6864,GNN,0.032948992673417804,6.897085324881197,0.02331560744521857,0.0005436175505395319,0.8548973399732483,0.1794243927938349,0.9093936477767839
6865,6865,GNPAT,-0.42711347564891816,11.094779394594912,-0.4077492512127708,0.16625945186457525,0.0008248450238020997,0.12147019220219127,0.002855182063688374
6866,6866,GNPDA1,-0.2793691586894204,9.239890922819246,-0.5671432292833513,0.32165144252194794,1.0280687642814156e-06,0.05152480019987712,7.546721725597986e-06
6867,6867,GNPDA2,-0.17882066490298615,8.213258381303772,-0.4012991677683128,0.16104102205154047,0.0010146505834735485,0.0518351028401017,0.0034412307572622854
6868,6868,GNPNAT1,-0.2411633336610116,9.238628260506289,-0.6000436905023522,0.3600524305116826,1.603039849554188e-07,0.04083238591752827,1.4943533337105442e-06
6869,6869,GNPTAB,0.385937440012573,4.536654377760513,0.5862815708089479,0.34372608027020746,3.5759656793431394e-07,0.06772630734628078,2.991021119589636e-06
6870,6870,GNPTG,-0.1944229659714068,8.625816707035558,-0.2052659813831688,0.042134123113195386,0.10370722272805692,0.11772998549411,0.19148873705457645
6871,6871,GNRH1,0.3073211663716187,5.931496778761824,0.3171482850845696,0.10058303473208344,0.010665547705340693,0.11671180838367702,0.027676744824344245
6872,6872,GNRH2,0.05563317271094696,6.741475352059728,0.08035664489476653,0.006457190378743607,0.5279064690447342,0.08764143505722757,0.6598069137229434
6873,6873,GNRHR,-0.04354863275351579,7.159346529189043,-0.02393071944514975,0.0005726793331624684,0.8511123409148343,0.23104604199841405,0.9067616718739908
6874,6874,GNRHR2,-0.093296327089278,7.4099079062088915,-0.07333757599228474,0.005378400052424139,0.5646735748788808,0.161128028742603,0.6912913398525434
6875,6875,GNS,-0.10321414972787896,7.840325586318843,-0.19331266129622174,0.03736978501742775,0.1258936195489943,0.06652928244166467,0.22338793275429955
6876,6876,GOLGA1,0.007326785676818128,6.96537577485302,0.009067293575294786,8.221581278058211e-05,0.9433101220661098,0.10261766114970287,0.9663112226409996
6877,6877,GOLGA2,0.28412489018728954,4.939008287940865,0.2619518999335066,0.06861879787877385,0.03653016943023503,0.1329399826039478,0.08028629036960719
6878,6878,GOLGA2P5,0.09793219047737334,6.500101889727503,0.13202104089288416,0.01742955523844059,0.2983806077672845,0.09338310703270587,0.43747001091405185
6879,6879,GOLGA3,0.16737937948257925,6.013853571427039,0.11644455568240215,0.01355933454807206,0.3594998162605693,0.18131026990240198,0.5020056255651008
6880,6880,GOLGA4,0.19254187626218924,5.4893383026978055,0.3013111499600538,0.09078840909025004,0.015541834347638969,0.07738319085711008,0.038411141611289876
6881,6881,GOLGA5,0.01811739767191586,6.859752031040866,0.021920672596131962,0.00048051588706681095,0.8634928107461212,0.10494016168504174,0.9155374469598146
6882,6882,GOLGA6A,-0.44701669300431945,8.571630243458635,-0.3316090323571493,0.10996455034084487,0.0074332142875226,0.16151214972297856,0.020176266657846817
6883,6883,GOLGA6L2,0.09714757201957977,6.679508255299276,0.09247126464744997,0.00855093478549873,0.4673796468115523,0.13285090364854238,0.6055828547660005
6884,6884,GOLGA6L6,-0.10793015227888074,7.353995062535413,-0.0590626704384297,0.0034883990393185576,0.6429387918841035,0.2316727988436203,0.7544209990924011
6885,6885,GOLGA7,-0.16097809174165942,8.491248649686293,-0.16772257328242565,0.028130861588478644,0.18525691255781487,0.12016647147424972,0.30318458596126674
6886,6886,GOLGA7B,0.08434432496098901,6.612183023797178,0.11772852067007142,0.013860004579163431,0.3541899164281237,0.09035404951376697,0.49676053369501416
6887,6887,GOLGA8A,0.002493223400176545,7.003627047895867,0.008878119010501891,7.882099716463508e-05,0.944490982341267,0.035663771674363416,0.9669055085614399
6888,6888,GOLGA8N,0.08369244879180067,6.394140153164552,0.2548740236278806,0.06496076792026544,0.04210242102789342,0.0403255010278674,0.09069212447617944
6889,6889,GOLGB1,0.14746893223800697,5.8123741433253775,0.1740302038170306,0.030286511840597205,0.1690315616433927,0.10597459862479996,0.28241481887104924
6890,6890,GOLIM4,-0.259131402011422,8.984316681772697,-0.4080725016623608,0.16652316661297742,0.0008162391932399054,0.0736264118949977,0.0028272008524648355
6891,6891,GOLM1,0.38080024518519984,4.189078674889552,0.6381764835643353,0.4072692241745404,1.4068555840770516e-08,0.058343075202004824,1.9196885742399844e-07
6892,6892,GOLPH3,0.2593142398803987,4.523989724771591,0.15642520758096554,0.024468845566748162,0.21707149863781008,0.20794302292545694,0.3432408399417143
6893,6893,GOLPH3L,0.4685803206551311,2.1935205305290406,0.5938212504664545,0.3526236775055437,2.3147538539467158e-07,0.08063263844115076,2.05434404537771e-06
6894,6894,GOLT1A,-0.17472773636739122,8.038504364438566,-0.5517204970657504,0.30439550688247874,2.296966994162152e-06,0.033545021634659965,1.5169509075505155e-05
6895,6895,GOLT1B,-0.14279011069567166,8.193517524181205,-0.23046887263847302,0.05311590125524868,0.06692728227472257,0.07656643382982481,0.13333121413607335
6896,6896,GON4L,-0.3837322947414508,8.990098731064952,-0.3170672065473484,0.10053161346773888,0.010686658056526336,0.14577200644773092,0.027718239335738148
6897,6897,GOPC,-0.10978694996885087,7.769830907218665,-0.1760247138791478,0.03098469989623585,0.16412417800224738,0.07797341318350479,0.2759187232853557
6898,6898,GORAB,0.13138724912384336,6.169619662156804,0.2888959363491412,0.08346086203904703,0.020600822712926525,0.05529571136182043,0.0491907394253417
6899,6899,GORASP1,-0.03340971273071961,7.214576257092596,-0.028771976706407236,0.0008278266435940406,0.8214457094332309,0.147410141112236,0.8875564732949115
6900,6900,GORASP2,-0.3528285274194635,10.474174991452493,-0.3648769928752302,0.13313521992967078,0.003032541421274295,0.11433969950005325,0.009110666547959886
6901,6901,GOSR1,0.06829974382221278,6.551038584890224,0.05837477284794455,0.003407614105049125,0.6468194785993657,0.14833949929395293,0.7574559706396963
6902,6902,GOSR2,-0.16453923110547414,7.997821880417906,-0.12362464612048996,0.015283053128416373,0.33043168440241866,0.16773522029653276,0.4723412849517708
6903,6903,GOT1,0.4413169063018019,2.831970564686439,0.6363395289796911,0.4049279961420952,1.593997218173646e-08,0.06794391651877893,2.1281140418958264e-07
6904,6904,GOT1L1,-0.3902049725505652,8.443610757167075,-0.21756516591071487,0.04733460141775689,0.08417300732682709,0.22231961840274372,0.16137958538578587
6905,6905,GOT2,-0.2714020388463295,9.76091967527557,-0.3825648117419509,0.1463558351831543,0.0018097149813334184,0.08324356631378849,0.005731955231940204
6906,6906,GP1BA,0.18957733060656426,6.105543967723747,0.19780921947133975,0.03912848730786067,0.11715906311776568,0.11930995686363285,0.21100129007112572
6907,6907,GP2,0.4683152826297634,4.70673421555672,0.605723069510245,0.3669004369369131,1.1384706001956296e-07,0.07812758105228168,1.1152858128560063e-06
6908,6908,GP5,0.21444318799022186,6.2930493036853585,0.1073266860393742,0.0115190175361944,0.3985951059426115,0.2522858249044295,0.5407578636253134
6909,6909,GP6,0.2425685310891916,6.175495768907077,0.1953282348017913,0.03815311931078371,0.12191909149429228,0.1546772914838541,0.2176193477010303
6910,6910,GP9,0.16665058075785968,6.048913268826151,0.20590517794292093,0.042396942303705935,0.10261232172687942,0.10058575514690148,0.18990426689988668
6911,6911,GPA33,0.3672065255178531,2.7690991119185284,0.719884451309858,0.5182336232376953,2.0349805566154248e-11,0.044964523503306084,9.296941762343253e-10
6912,6912,GPAA1,-0.19939069502128406,8.710813313210737,-0.22306057125415374,0.0497560184482294,0.07644266473601502,0.11066334570639784,0.1491566341177067
6913,6913,GPALPP1,-0.2583332445389602,8.397250890244397,-0.4931302738282797,0.24317746696595416,3.473558163738541e-05,0.05787883961096515,0.00017076027703917846
6914,6914,GPAM,-0.21358951906175144,8.252345599944668,-0.4985589582535545,0.2485610348548695,2.7568116193835872e-05,0.04716441200788882,0.00013902830837855514
6915,6915,GPANK1,-0.1531216697724858,8.10136402664833,-0.13398345868251899,0.017951567200530278,0.2911921001239932,0.14383218582717391,0.42981152806114603
6916,6916,GPAT2,0.04341951559380725,6.787526468031997,0.15964123660567728,0.02548532442498984,0.2076484902611409,0.03409873265014877,0.33185446912214067
6917,6917,GPATCH1,-0.11088564013501204,7.744944384523919,-0.13926663965276162,0.019395196920172157,0.2724082988983173,0.10013349495720776,0.40913137437773384
6918,6918,GPATCH11,0.0004697480111440832,7.013436338026872,0.0006216077165584908,3.8639615328506104e-07,0.996110448611636,0.09597378532856242,0.9974923359391897
6919,6919,GPATCH2,-0.32828503820813104,8.478944483069325,-0.44667382491405655,0.19951750586335326,0.0002157416329095705,0.0835104186725207,0.0008589602979696173
6920,6920,GPATCH2L,-0.11281403095390152,7.540466254154411,-0.09811216077870444,0.00962599609266635,0.4405343833568669,0.14532624360662252,0.5809141439284468
6921,6921,GPATCH3,0.2234659072008808,5.571975508970491,0.2682927848255734,0.07198101838946143,0.032072368709944725,0.10190250648943697,0.0719121085539297
6922,6922,GPATCH4,-0.6648059796946253,10.863709925572689,-0.6767767817726495,0.4580268123465445,8.301571183276597e-10,0.09184225160313356,1.832523180161618e-08
6923,6923,GPATCH8,-0.1820868053913456,8.259342699626089,-0.1985696191160776,0.03942989363590413,0.11572903199517222,0.11413907863869932,0.20884268232128786
6924,6924,GPBAR1,0.2439466852203491,5.536020014467739,0.3050179213523112,0.0930359323460847,0.014255524678531252,0.09673168658920893,0.03560182065662487
6925,6925,GPBP1,0.18528153624212887,5.482481444156059,0.22213703759290848,0.04934486347055324,0.07770076317848121,0.10328251908335244,0.15134107093272264
6926,6926,GPBP1L1,0.3066250921964412,4.480788772363463,0.4691183151698342,0.2200719936277839,9.224594015103022e-05,0.07330890220279092,0.00040445147478650726
6927,6927,GPC1,-0.028931900510845494,7.175579505889466,-0.03330840242239011,0.0011094496719318834,0.7938705369409342,0.11025194697179014,0.8673696507293608
6928,6928,GPC2,0.023305442856633676,6.905454265651982,0.027348246849343286,0.000747926605732615,0.8301462799870039,0.10818562365011353,0.8931441261890677
6929,6929,GPC3,-0.12131045639669168,7.505468477289718,-0.15152200998375814,0.02295891950951811,0.2320086826936733,0.1005039385750533,0.36147550354208907
6930,6930,GPC4,-0.22119152632317302,8.472579961269318,-0.6101082942434176,0.37223213070461264,8.700900275827067e-08,0.036480875588383935,8.870903741668321e-07
6931,6931,GPC5,0.15348190387182695,6.536054513751344,0.1212862121132328,0.0147103452487761,0.3397311472877487,0.15952614175859406,0.4820766333857523
6932,6932,GPC6,0.194406105907074,5.897500227541008,0.6811944740763848,0.4640259115122025,5.843283082062023e-10,0.02653474004478793,1.3814006019874792e-08
6933,6933,GPCPD1,-0.20527351883015366,8.513506126865224,-0.6858661323465518,0.4704123515000177,4.003940837848145e-10,0.027660921741879858,1.0321635904320218e-08
6934,6934,GPD1,-0.2062220122215026,7.906598081618558,-0.17180844516941896,0.029518141831533236,0.1746235529386561,0.15017179727764474,0.28950184036798327
6935,6935,GPD1L,0.4677087388770759,2.3711974194126344,0.8129686952358096,0.6609180994334147,3.3880168669171166e-16,0.04254593982308925,2.62026804475322e-13
6936,6936,GPD2,0.11615587940824912,6.243891796819106,0.1930621255604831,0.037272984325931735,0.12639445436943966,0.07497212982892172,0.22411134933023957
6937,6937,GPER1,0.2997553963326116,5.470672916824865,0.4597834134322069,0.2114007872673717,0.0001322883108737638,0.07352686258682622,0.0005571185087458878
6938,6938,GPHA2,0.3752224602763392,5.14555163209346,0.32813525010209704,0.10767274235956578,0.008119181929790683,0.13718359336006675,0.02179507681785264
6939,6939,GPHB5,0.17259133679546218,6.230855919231262,0.19774509986879288,0.03910312452211887,0.11728026437479833,0.1086565241034705,0.211131775296056
6940,6940,GPHN,-0.1960956559846621,8.388174251694135,-0.3968177066199739,0.15746429228713568,0.0011688583587854138,0.05760699792730385,0.0038964944211050084
6941,6941,GPI,-0.329412826031207,10.488468492968591,-0.6922026836583771,0.4791445552638591,2.3708124504557485e-10,0.04361842558686582,6.715661972473583e-09
6942,6942,GPIHBP1,0.18384693217863066,6.101195836327852,0.23079601581043654,0.05326680091397129,0.06653010005878156,0.09843420509777466,0.13280229519484169
6943,6943,GPKOW,-0.3641346528968784,9.76287406810114,-0.37597576011664186,0.1413577721952866,0.0022007777211770557,0.11397574545318462,0.00683560550087337
6944,6944,GPLD1,0.5840437971959223,4.93501461849228,0.1938863605520937,0.03759192080813649,0.12475244523248387,0.3753029193540692,0.22185383932901684
6945,6945,GPM6A,0.7503306351019791,4.338063599007908,0.4618087103569247,0.21326728496152594,0.0001224428605415622,0.1830241163466552,0.0005198000676391941
6946,6946,GPM6B,0.17629203423230008,6.162744814572754,0.6635958343347645,0.4403594313464523,2.2857532555327358e-09,0.025239909179419286,4.2018664472462987e-08
6947,6947,GPN1,-0.4692669314871919,11.131012446447508,-0.5860015182534056,0.3433977793952965,3.633435697371959e-07,0.08240935951987867,3.0250692051745397e-06
6948,6948,GPN2,0.2412821461410989,5.5784952841795175,0.23365268339940146,0.05459357645974092,0.06314173861687081,0.12751692861239766,0.12717023342153436
6949,6949,GPN3,-0.2697737287184336,9.132296760033993,-0.6784426457130467,0.4602844235221186,7.277147950027584e-10,0.03709993484524205,1.65012187285704e-08
6950,6950,GPNMB,0.12331103709613325,6.2134392663748095,0.6316887853081689,0.39903072148410973,2.1787879911451663e-08,0.01921892423237484,2.7351683448260044e-07
6951,6951,GPR1,0.13857730250798714,6.605832506227509,0.12569515307602958,0.01579927150680651,0.3223332301055385,0.13890554040100836,0.4635625263862577
6952,6952,GPR1-AS,-0.006558515047556299,7.036263661502607,-0.004786599964366318,2.2911539218871632e-05,0.9700558194416375,0.1740113458902839,0.9823034262337461
6953,6953,GPR101,0.033043054355641865,6.865138361020078,0.03238936826587476,0.001049071176662455,0.7994378961346899,0.1294952803229404,0.8714205589568625
6954,6954,GPR107,-0.4106385710674581,9.133853726167573,-0.2676805053095892,0.07165285292279701,0.03248195609290387,0.18771645989948452,0.07268949583192896
6955,6955,GPR110,-0.25558396598230176,7.999302210066144,-0.3710000753620577,0.1376410559186525,0.0025444376347434584,0.08124708690452502,0.007781358138733172
6956,6956,GPR111,-0.2552439835019438,7.839463020739405,-0.1955842822767767,0.03825321147372187,0.12142111835980984,0.16253844136425427,0.21699848356585813
6957,6957,GPR112,0.06081275785262185,6.803348378881793,0.0558181671117581,0.003115667779716153,0.6613238633233012,0.13814833909956475,0.7693654378567791
6958,6958,GPR113,-0.0810038088407051,7.315406982865165,-0.054157732826047,0.002933060024857489,0.6708113106402173,0.18967551772489155,0.7771047414494145
6959,6959,GPR114,0.10830529500371412,6.503381501584827,0.08666630041951713,0.0075110476284059955,0.49590417905976897,0.1581125808100025,0.6320662152760034
6960,6960,GPR115,0.09438342172553738,6.652047041567223,0.14168777586026526,0.02007542582822876,0.2640767577731157,0.08374595021889022,0.3992029451711567
6961,6961,GPR116,0.09384807271064716,6.540499870647915,0.2023426687121005,0.04094255558153485,0.10883047944036664,0.05768519303373978,0.19890512089434045
6962,6962,GPR12,-0.07255646680042882,7.323849219233402,-0.0606008094904097,0.00367245811089293,0.634296009780112,0.15177593745503015,0.747520004995283
6963,6963,GPR123,0.15783399090964265,6.318495016559775,0.19857010226417704,0.039430085513205725,0.11572812764676595,0.09893622236540656,0.20884268232128786
6964,6964,GPR124,0.30549983599933395,5.2709491958209975,0.5832571946611813,0.34018895512403113,4.2444996523642346e-07,0.05403371435508668,3.466499476789847e-06
6965,6965,GPR125,0.3315871379954707,5.075283464262262,0.4428085524304031,0.19607941410550908,0.0002482802589003264,0.08526924273777857,0.000973299964968604
6966,6966,GPR126,-0.20836102610967724,7.924293121622861,-0.26771018921929945,0.07166874541183313,0.03246199857189775,0.0952373336279054,0.07266534826074486
6967,6967,GPR128,0.08619201678657913,6.5410603752135446,0.5553997647695282,0.3084688987060473,1.903055162988861e-06,0.01638971361836685,1.2878331110788682e-05
6968,6968,GPR132,0.2560011612811029,6.022622166945796,0.16937274102419078,0.0286871254020476,0.18090751889098072,0.18918301709645505,0.29775422372761173
6969,6969,GPR133,0.29492377159906474,5.8847432530176915,0.3946105533587947,0.15571748882213415,0.0012523121321363188,0.08721458835882487,0.004139013922681927
6970,6970,GPR135,0.10726277166536263,6.600304529863466,0.09123748405999713,0.00832427849759823,0.4733669092616058,0.14868416211908078,0.6111465104668261
6971,6971,GPR137,0.1666420472397776,6.078581064412974,0.13333213577954886,0.017777458431536046,0.2935652473597584,0.15731091607863465,0.43219494401900665
6972,6972,GPR137B,-0.1399397183962109,8.006797631863055,-0.4187317010955076,0.17533623750233754,0.0005741784538031229,0.03854319968496417,0.002065764149710355
6973,6973,GPR137C,-0.3975578849975845,8.276487609633847,-0.4864176773415374,0.23660215683033595,4.597846812174487e-05,0.09069234708146952,0.000218923422862002
6974,6974,GPR143,-0.09491790256932132,7.4665041920998965,-0.22299828575412667,0.04972823544927913,0.07652700133185758,0.052695639124021205,0.1492831469094114
6975,6975,GPR144,0.24026338427834845,5.487183953802661,0.3446201109106114,0.1187630208440421,0.00529364660636875,0.08311845922033226,0.01494575192450004
6976,6976,GPR146,0.3680870623877729,5.460377801768785,0.3987753733257169,0.15902179837106487,0.0010990690767834895,0.10750254540981452,0.003689975326782398
6977,6977,GPR15,0.22018320840324768,5.930269215850196,0.5614756579029606,0.3152549144175625,1.3879345519633066e-06,0.04121182816296826,9.802910216166147e-06
6978,6978,GPR150,0.1301712130629813,6.467790935569187,0.173925467665643,0.030250068302712638,0.16929219462181536,0.09360214610710464,0.2827194011363779
6979,6979,GPR153,0.2025188406762493,5.509523953419915,0.34396511517237965,0.1183120004555484,0.005386702421159851,0.07021221174757755,0.015156270563137586
6980,6980,GPR155,0.2763038020173376,5.863818852815489,0.42853666915936894,0.18364367681420649,0.0004111683832518417,0.07398486863360497,0.0015322408086936212
6981,6981,GPR156,-0.07448277049821478,7.383492751858545,-0.04650785021385289,0.0021629801315141764,0.7151656641868996,0.2031718423711684,0.8121509770198798
6982,6982,GPR157,0.3409527023300417,5.173709440677802,0.2638675079286604,0.06962606174048168,0.035132207299469635,0.15828550455937615,0.07775124821542488
6983,6983,GPR158,-0.08685252418042404,7.3346357832262195,-0.1125829512996041,0.01267492092332903,0.3757615325099507,0.09735181552187372,0.5185188291915492
6984,6984,GPR160,-0.018493169299721567,7.221278423732735,-0.029493083907207313,0.0008698419983575707,0.8170470355290871,0.07959876845178812,0.8845249989692736
6985,6985,GPR161,0.3787633981509215,5.1816947946531124,0.5537069128697956,0.30659134535979937,2.075700587707146e-06,0.07234138894103179,1.3890388203584129e-05
6986,6986,GPR162,0.2264039845859215,5.706291334253223,0.2561053919953657,0.06558997180909995,0.041085484047483294,0.10852711154776894,0.08887285556370499
6987,6987,GPR17,0.3361791562405493,5.78654832488081,0.2861113185699405,0.08185968661382997,0.021910374681565387,0.14298629978192087,0.05180359905331351
6988,6988,GPR171,0.2293801946988473,6.083599268467367,0.4596966108017812,0.21132097398264424,0.00013272610238721817,0.05627803382392993,0.0005586362968309445
6989,6989,GPR173,0.21885631095320954,6.063163415249338,0.14399454681779505,0.020734429513262168,0.2562998679805561,0.19101497993700894,0.38989036893869394
6990,6990,GPR174,0.24877483585788784,6.1779358397723625,0.2592715760834038,0.06722175016477222,0.0385635375784612,0.1176914466837626,0.08419964636165825
6991,6991,GPR176,-0.13930958248207248,7.644928812921655,-0.1289753750406588,0.016634647366878596,0.3097641621910864,0.1360303444393509,0.4499559251574977
6992,6992,GPR18,0.1084287156080438,6.4588602931935135,0.5109130909504832,0.2610321865045767,1.6052611048207795e-05,0.023169368630598423,8.56205153322512e-05
6993,6993,GPR180,-0.5401687493960979,9.12307134352926,-0.55614196031471,0.3092938800226884,1.8316869308924354e-06,0.10251669556983503,1.2449836939257906e-05
6994,6994,GPR182,0.2398222766829447,5.950852443750707,0.16458534062004618,0.027088334347016626,0.19373292336973075,0.18253209211746496,0.31438590543340234
6995,6995,GPR183,0.1522764651111496,6.1150388343213296,0.5202126243434768,0.2706211745263273,1.0535132863915767e-05,0.03174918856813887,5.9072579536016554e-05
6996,6996,GPR19,-0.2994866213536139,8.336043693327829,-0.35391376847693906,0.12525495551754842,0.004117809098441203,0.10051360938359616,0.011958046939351517
6997,6997,GPR20,0.10189378696823484,6.548354638362771,0.10882440667026408,0.01184275148713502,0.3920073411623114,0.11820574406674265,0.5345549618383717
6998,6998,GPR21,0.003944993091969404,6.995361270255889,0.0036895659231012453,1.3612896700909947e-05,0.9769165375567266,0.13579137058272198,0.9866670220974262
6999,6999,GPR22,-0.004550274538061413,7.030335081002615,-0.003989768878806889,1.591825570629597e-05,0.9750389181098679,0.1448406818266387,0.985690106515531
7000,7000,GPR25,0.17859283810550827,6.3426775695419995,0.2209712229133679,0.048828281355829325,0.07931234167450081,0.10010642206508594,0.15380216342449315
7001,7001,GPR26,0.2067108517862057,6.144205611744943,0.10886725994050192,0.011852080286952815,0.391819803244068,0.2397072225189469,0.534411906484241
7002,7002,GPR27,0.3360616069312631,5.409178791214163,0.4622444889682115,0.21366996758148304,0.000120414538646509,0.08187545838344146,0.0005121934461579557
7003,7003,GPR3,0.09517601509294628,6.537053346314441,0.1040396944394126,0.010824258019046342,0.4132790366414691,0.11554983599061835,0.5545809590774063
7004,7004,GPR31,0.2618637216156523,5.917111371059599,0.2618855208995805,0.06858402605684462,0.03657942813760216,0.12255748609956815,0.08036192719080601
7005,7005,GPR32,0.15372348559420493,6.313383570280782,0.14969431456518,0.02240838781313906,0.2377545543013021,0.1289489487234609,0.36826059900131547
7006,7006,GPR34,0.1335201575067888,6.07779668347924,0.6137177289998167,0.3766494508886925,6.952235730237286e-08,0.021814662340380448,7.333203348187453e-07
7007,7007,GPR35,-0.27212379947437154,9.1397425850636,-0.4280479701609907,0.1832250647589444,0.0004181694446623243,0.07296749555741266,0.0015553863490488891
7008,7008,GPR37,0.4062862829725159,5.814402336615692,0.2309336057302885,0.053330330255592334,0.06636361986176557,0.2173944287867754,0.13256195813177138
7009,7009,GPR37L1,0.1357798981887044,6.412379025406307,0.11762213794544893,0.01383496733485822,0.35462802174675107,0.14558792777549776,0.4972049560138737
7010,7010,GPR39,-0.05510926913327712,7.360715787961976,-0.06783088700651949,0.004601029232091214,0.5943340587088101,0.10294373092497773,0.714897741561922
7011,7011,GPR4,0.07039809465473157,6.677557725868758,0.0844470275757969,0.007131300466387403,0.5070438233405208,0.10549371889885553,0.6418069905564051
7012,7012,GPR45,-0.003009746886147785,7.028859989591641,-0.002550761953924273,6.506386545587572e-06,0.9840402358509172,0.14985208348989718,0.990526436310906
7013,7013,GPR50,-0.029785477023917487,7.133767197807268,-0.02177734214422801,0.00047425263086676935,0.8643769121181527,0.1736604146450164,0.9161412889491604
7014,7014,GPR52,-0.14890092792414916,7.647261238426831,-0.17320199205020753,0.029998930050160157,0.17110057836491496,0.1075312720723786,0.285104945528972
7015,7015,GPR55,0.1850662654033416,6.257449379512418,0.1682869013675093,0.0283204811718778,0.18376108877629665,0.1376710506443149,0.301258776131324
7016,7016,GPR56,-0.3483271552868445,9.808205658543855,-0.7207758867991315,0.5195178789910745,1.8711828382649953e-11,0.042543170781457834,8.800488449726074e-10
7017,7017,GPR6,-0.19011036053085503,7.810663990751278,-0.12844146279635016,0.0164972093652662,0.3117881744108759,0.18641999670140733,0.4520708460022096
7018,7018,GPR61,0.3297608459549997,5.862366434255883,0.2638960730932432,0.06964113739403435,0.03511170313561423,0.15307193267366986,0.07772888278488306
7019,7019,GPR62,0.11151275340725296,6.4033123661123295,0.14721084660596426,0.021671033358444742,0.24571802913283305,0.09515494014977556,0.37761861619980835
7020,7020,GPR63,0.2713289348708839,5.920238101274662,0.3277330022342286,0.10740892075346087,0.008202077434536359,0.09933592949189017,0.02199306424528044
7021,7021,GPR64,-0.02487246951875162,7.112114081612142,-0.04540469829729238,0.0020615866274681454,0.7216441458241657,0.06949829311075133,0.8169907114175372
7022,7022,GPR65,0.14105137896757206,6.325461035963197,0.3855390499493935,0.1486403590358809,0.001654563175824586,0.04287159565147576,0.0052955314177477696
7023,7023,GPR68,0.35710118743270536,5.274315055274052,0.3339514298142895,0.11152355747500832,0.0069997927372322105,0.12800740717903336,0.01912687845107426
7024,7024,GPR75,0.0497111871573961,6.822615137062478,0.051101321209888785,0.00261134502939623,0.6884087667969487,0.12338386575795132,0.7904427532385304
7025,7025,GPR78,-0.07475056497525695,7.363420551632568,-0.12083223870200972,0.014600429909739454,0.3415552960472413,0.07799055251534294,0.48380297853892
7026,7026,GPR82,0.269762047298874,5.993753114476429,0.3812187133668423,0.14532770742107065,0.0018841262798172398,0.08308270070812161,0.005947631864350194
7027,7027,GPR83,0.10500527430965413,6.61781654802467,0.07519162833807891,0.005653780972131792,0.554845955651787,0.17685388008071548,0.6829916535720467
7028,7028,GPR84,-0.16320094027079954,7.625433229188363,-0.17168250977884392,0.029474884163962836,0.17494450905706893,0.1189334858024944,0.28990077621907157
7029,7029,GPR85,-0.30634895842416826,7.995184728783665,-0.15093082155821352,0.02278011289623729,0.2338566270507813,0.2548230887702759,0.36372658613694386
7030,7030,GPR87,-0.18650898867285656,7.594128588527071,-0.1418251052944302,0.02011436049177621,0.2636093788507958,0.16532498967845088,0.3986355516071217
7031,7031,GPR88,-0.022653977425754687,7.08293152659401,-0.01583450143587474,0.0002507314357227192,0.9011671576322332,0.18167274256949426,0.9393845575491484
7032,7032,GPR97,-0.11986881097410555,7.5529512504144325,-0.09827933678261587,0.009658828038430836,0.4397521797476472,0.15414894362550766,0.5803067308004448
7033,7033,GPR98,0.7361125747911076,4.468640681066491,0.4375401832278478,0.19144141193905864,0.00029987199071467144,0.1921260238035134,0.0011511660980191827
7034,7034,GPRASP1,0.19136941087289194,6.158143112209696,0.4636765086200946,0.21499590464612064,0.0001139648210412245,0.046440570128298886,0.00048821131545948894
7035,7035,GPRC5A,-0.1543141995741679,8.254149526818791,-0.27986595507443024,0.07832495280972299,0.025106283086532483,0.0672277985046385,0.05824689953276847
7036,7036,GPRC5B,0.089366098361523,6.606526112770427,0.07695036075481522,0.005921358020296208,0.5455996526284379,0.14705393965873234,0.6751405987239327
7037,7037,GPRC5C,0.017287065895382432,6.9003952467893495,0.019212168633071274,0.0003691074235855678,0.8802266050294947,0.11425333539850414,0.9265100365541208
7038,7038,GPRC5D,0.013334279530964029,6.9451613128791285,0.020010483610169102,0.0004004194543128464,0.8752886573061137,0.08461145401197394,0.922937910793392
7039,7039,GPRC6A,-0.0412971033247752,7.199608074712148,-0.043707210865027164,0.001910320281599948,0.7316510008412114,0.11988240165517558,0.8246448978929075
7040,7040,GPRIN1,-0.02308461845649925,7.130035098738265,-0.02760939562304088,0.000762278726669589,0.8285488158645908,0.10614617927845076,0.8920266783110129
7041,7041,GPRIN2,0.20893558614284388,5.581883115675839,0.4202986051294678,0.17665091747377631,0.0005447076732647957,0.057286280518959634,0.0019679086861109692
7042,7042,GPRIN3,-0.021974732212062014,7.135744351945244,-0.04667694168002925,0.0021787368846008515,0.714174393987665,0.059724391122398364,0.8112037284183576
7043,7043,GPS1,-0.3104050338736791,9.311133707840726,-0.39155209193086427,0.15331304069543594,0.0013768244366204176,0.09264133348769744,0.004509927874000173
7044,7044,GPS2,0.4890477153070336,2.9679103693395636,0.4673092116703886,0.21837789931200008,9.900224577926296e-05,0.117503137483604,0.00043119340956354374
7045,7045,GPSM1,0.4668482524071492,4.381304580440835,0.4548414269343526,0.206880723655678,0.00015944290749395776,0.1160884819153646,0.0006571633349413123
7046,7046,GPSM2,-0.19020034093076596,8.416987338385582,-0.7317805466418107,0.5355027684433873,6.462258440458947e-12,0.02249707991683373,3.9198937402839915e-10
7047,7047,GPSM3,0.2734691801141369,5.105171795038672,0.3554234469127607,0.12632582661534802,0.003950405109270928,0.09133583812510893,0.011502759532239067
7048,7048,GPT,0.3600357746107125,4.551134193044882,0.6057858867545257,0.3669765405909671,1.1341270862407696e-07,0.060053809602317675,1.111793664669256e-06
7049,7049,GPT2,-0.14750117761442216,8.004747012944643,-0.6314450712106611,0.3987228779562368,2.2144474283485882e-08,0.02300389650651137,2.77350254834521e-07
7050,7050,GPX1,-0.29975824793184475,10.229122845143797,-0.6817718901895112,0.464812910252579,5.578644051724915e-10,0.04084971398192922,1.3439354491695195e-08
7051,7051,GPX2,-0.2752967039085793,9.542402192113071,-0.685685018290839,0.4701639443085083,4.0635799615506616e-10,0.03711515348511511,1.0389235427081414e-08
7052,7052,GPX3,0.15229040697409782,5.836264902661121,0.73740891892711,0.5437719137132492,3.676238427180013e-12,0.017715741120573118,2.662506459551277e-10
7053,7053,GPX4,-0.30196081687019904,10.118680434122467,-0.4923212568547661,0.2423802199510566,3.5940739509824245e-05,0.06780033060741299,0.00017584652374271216
7054,7054,GPX5,0.3272247825203071,5.864749694955155,0.21030885029694185,0.044229812513221486,0.09531114891154853,0.19318327917142875,0.17879096757446147
7055,7055,GPX7,-0.056972000791537324,7.331376384948664,-0.16122901721327393,0.02599479599155818,0.2031045713535702,0.04428973266087223,0.3261329892230137
7056,7056,GPX8,-0.2058666175309976,8.101620680362206,-0.4789585195650512,0.2294012634639455,6.236361506258036e-05,0.047918843472127264,0.00028642292347405676
7057,7057,GRAMD1A,-0.4458671733830727,9.420473898980381,-0.7405173619204382,0.5483659633056052,2.675588931590984e-12,0.051388712991241904,2.0766981474409593e-10
7058,7058,GRAMD1B,-0.07516245036168194,7.369987684498451,-0.09361846172236014,0.008764416375261012,0.4618495098232185,0.1015154225118309,0.6006037553112067
7059,7059,GRAMD1C,0.13238896231198022,6.23722585493819,0.40174468083194426,0.16139878857676074,0.001000371771240423,0.03832512153400886,0.0034002590968782546
7060,7060,GRAMD2,-0.20962730097092014,8.008129306902987,-0.5855993223155133,0.3429265662963884,3.717493064853429e-07,0.036851772946337305,3.0867451042715106e-06
7061,7061,GRAMD3,0.3097641359906817,4.972603229232725,0.7436988039619747,0.5530879110144717,1.9237817882075718e-12,0.035363012769473845,1.6165793778412938e-10
7062,7062,GRAMD4,0.4118061323712184,4.297066589449299,0.7017053582215961,0.4923904097568983,1.053222826970145e-10,0.053101535728726536,3.487391485938607e-09
7063,7063,GRAP,-0.029975888351364607,7.166186478318451,-0.03334211299459968,0.0011116964989446526,0.7936665166285953,0.11411469206844345,0.8672363096521591
7064,7064,GRAP2,0.2630896849147141,5.539122011522988,0.2822596674868145,0.0796705198897671,0.02383768279592493,0.11356142075664202,0.05576374861680397
7065,7065,GRAPL,-0.20712781541008013,7.812294756473747,-0.12844427232016012,0.01649793109185545,0.3117775015554257,0.20310259680005271,0.4520708460022096
7066,7066,GRASP,0.23168871278825945,5.426580671725919,0.3707258871384085,0.13743768339456006,0.002564696403266891,0.07371423440189731,0.007838885054727527
7067,7067,GRASPOS,-0.07441254770107937,7.287904516996746,-0.07057230139908108,0.004980449724762741,0.5794811871662271,0.13357705243868434,0.7030064486321932
7068,7068,GRB10,-0.363905459774474,9.129964400659183,-0.6151130286300857,0.3783640379904766,6.369840235757523e-08,0.05923874731986945,6.788331215813443e-07
7069,7069,GRB14,0.047215970947417134,6.848548526463438,0.07396928501611819,0.0054714551257957255,0.5613159669128632,0.08084446394166081,0.6886853973653289
7070,7070,GRB2,0.4143331456138408,3.788704687982967,0.3352321910092297,0.11238062188884868,0.006772302098594211,0.14788410740588406,0.01857793285344029
7071,7071,GRB7,-0.4348611338008743,9.767779674106396,-0.6167928061769227,0.3804333657516029,5.729808002607482e-08,0.07047895564138831,6.228865075123746e-07
7072,7072,GREB1,-0.3934681550862871,8.494891745368141,-0.2043124744861815,0.04174358723066657,0.10535732220930967,0.2394196147661076,0.1939896958118018
7073,7073,GREB1L,-0.057974799192967726,7.2452137984981215,-0.03810605971880647,0.001452071787293245,0.7649791492685964,0.19307845813946148,0.8477976859601734
7074,7074,GREM1,0.05503746834108173,6.69629506140101,0.3993176528134255,0.15945458784842345,0.0010804137805902623,0.016048139293569418,0.003637493846188142
7075,7075,GREM2,0.16856763969327154,6.301004511193041,0.6776119111775276,0.4591579021696616,7.771979029188231e-10,0.02323445949478264,1.742781608723077e-08
7076,7076,GRHL1,-0.21018965489381694,7.9241844902411875,-0.6854555892395016,0.4698493648196722,4.1403428779001546e-10,0.028355402302824313,1.0560556539567474e-08
7077,7077,GRHL2,-0.26603419059489725,9.03535539498484,-0.5002536899206824,0.2502537542792583,2.5628559142281564e-05,0.058480147583276236,0.0001302785089732646
7078,7078,GRHL3,-0.20732133032322828,7.903663981944179,-0.5502432969070086,0.3027676857910944,2.4756256790647185e-06,0.03995601200658646,1.6225688280916004e-05
7079,7079,GRHPR,-0.4895734763269167,11.401204813072212,-0.6625719061577707,0.43900153082954174,2.467649341166503e-09,0.07028616649911773,4.482965308973207e-08
7080,7080,GRIA1,0.3628466468388171,5.82836558822346,0.2641998310382032,0.06980155072061513,0.034894280464792926,0.1682219021122235,0.07735035760723624
7081,7081,GRIA2,-0.03459102001857401,7.119871902812778,-0.012433810431595752,0.00015459964184885936,0.9223184285080204,0.3532886691018887,0.9534924127245515
7082,7082,GRIA3,0.4998429676078679,5.186700627033039,0.28809453994789763,0.08299846394779077,0.020970697129994883,0.2110025703109228,0.049936270766443726
7083,7083,GRIA4,0.5245322974658544,5.438873599841455,0.21164383889375893,0.04479311454168738,0.0931798895634947,0.3076234805413044,0.17552283476839578
7084,7084,GRID1,0.3259834020462102,5.63073017783266,0.2714730133581309,0.07369759698174391,0.03001377279513018,0.1467740826933472,0.06790086125278341
7085,7085,GRID1-AS1,0.07585896892450908,6.766785188604776,0.05275503304715898,0.002783093511806836,0.6788662715976217,0.1823652169716761,0.7832933243524348
7086,7086,GRID2,0.011607106792263924,6.967570465877615,0.013232609410726558,0.00017510195181684907,0.9173447730433582,0.11138959264000743,0.9498567841398519
7087,7087,GRIK1,0.30061075167321794,5.9567911471438215,0.14880175074769136,0.02214196102557806,0.24059591446804135,0.25371055131045744,0.37153993637634136
7088,7088,GRIK1-AS1,0.003934030190861709,7.000368157421308,0.0032915137290690315,1.0834062628649921e-05,0.97940634581042,0.1517902304257361,0.9881217116345808
7089,7089,GRIK1-AS2,0.2777462747915165,5.988399326375901,0.28751980749965395,0.08266763970463806,0.0212394203618832,0.11750273790376788,0.050492880440946394
7090,7090,GRIK2,0.6844835892319575,4.942806453790858,0.2792665261952855,0.0779897926531821,0.025432742340163957,0.2988932980304281,0.05887813078642832
7091,7091,GRIK3,0.5169693174691915,5.257564137752136,0.2930292079754465,0.08586611672671746,0.01878006760930049,0.21422143074133,0.04536334234014524
7092,7092,GRIK4,0.1499244259597964,6.471860313935545,0.16126223966515388,0.02600550994182153,0.20301025583861285,0.11652580525036267,0.3261024471615727
7093,7093,GRIK5,0.2559081128767172,5.692213127917897,0.2037629761701516,0.04151935045771776,0.106317450025827,0.15615453769111085,0.1953423027582966
7094,7094,GRIN1,0.050146984902739736,6.752152220406554,0.055438360648777406,0.0030734118314239113,0.6634894059099129,0.1147017889321221,0.7711390663900367
7095,7095,GRIN2A,0.4779971724480973,5.145745470954157,0.2454611651252449,0.060251183584642765,0.05058199854633015,0.2397466708371567,0.10566787367555272
7096,7096,GRIN2B,-0.07398271355209349,7.296005044374143,-0.0352409449959794,0.0012419242042096454,0.7821971893051475,0.2664507935576859,0.8596467790500898
7097,7097,GRIN2C,0.01710166106178591,6.938360487136839,0.011559355716483229,0.0001336187045801935,0.9277665411262068,0.1878796769535737,0.957114213143157
7098,7098,GRIN2D,-0.21527291453063152,7.9477462476089595,-0.5436795170640477,0.29558741727499616,3.438485950873468e-06,0.04220502161495043,2.1740266647055458e-05
7099,7099,GRIN3A,0.23229074555230275,6.109283175155457,0.14355030931928756,0.020606691305663137,0.2577853418461801,0.20338105544185356,0.3917432686090548
7100,7100,GRIN3B,0.14608869517621922,6.387673065725247,0.20922212328480674,0.043773896871802866,0.09707402997027706,0.08671484609021654,0.18150044197948106
7101,7101,GRINA,-0.1980128399752812,8.331321079589294,-0.39905814623212105,0.1592474040742169,0.001089305287794842,0.057782381268511165,0.0036623049227134464
7102,7102,GRIP1,0.25333821610004026,5.975502739675742,0.21324261134458375,0.045472411293057215,0.0906768080065854,0.14740937804752047,0.17159890565259167
7103,7103,GRIP2,0.1975231454188831,5.850790923232499,0.2501912626306443,0.06259566789671603,0.04616124617268097,0.09707636084353828,0.09797332018714167
7104,7104,GRIPAP1,-0.13430595791603064,7.920695260927715,-0.13795970086518736,0.019032879062811973,0.27697784651191554,0.12245440590757795,0.41428065107166256
7105,7105,GRK1,0.13275359618363827,6.3999210686085926,0.16759147681333272,0.02808690310047384,0.1856056545552898,0.09917729045229008,0.3036176499014051
7106,7106,GRK4,-0.17431315998421,7.599903857883806,-0.08287142316297405,0.0068676727770567115,0.5150297020958067,0.26621535008088754,0.6486923863714706
7107,7107,GRK5,0.1729128955834036,5.960102885093205,0.14054529958951645,0.01975298123670693,0.2679866018730536,0.15469738705723815,0.40381670472207754
7108,7108,GRK6,-0.5325569988131622,10.720623374617018,-0.4556720018191846,0.20763697324190286,0.0001545482545665397,0.13212348125479373,0.0006399125148448217
7109,7109,GRK7,-0.08439006555362755,7.293263153538033,-0.06496936427775922,0.004221018294656178,0.6100161697044884,0.1646145957658591,0.728179270985651
7110,7110,GRM1,0.2862183370473529,5.859652125102291,0.1692766199169954,0.028654574050522925,0.18115882107917908,0.2116369433991278,0.29814517939425617
7111,7111,GRM2,0.2260042952332213,5.911029886330336,0.18559920347370248,0.034447064330072816,0.14201718952416573,0.15196122453971894,0.24599122053637887
7112,7112,GRM3,-0.07049881502536799,7.2853706684737904,-0.06765806426246952,0.0045776136597444565,0.5952760667903398,0.1320292347325702,0.7155936064363722
7113,7113,GRM4,0.1366266046320718,6.133872309436362,0.16531592091378666,0.02732935370757336,0.19173470331069653,0.1035160412545814,0.31175964861038696
7114,7114,GRM5,0.020321906422283743,6.94129243304289,0.011448063350278778,0.00013105815447199618,0.9284601679316284,0.2254281347874409,0.9575104741670356
7115,7115,GRM6,-0.08590448218640026,7.302746851887817,-0.058468428869669214,0.0034185571744875685,0.6462905757174235,0.18627516369006614,0.7570553681065341
7116,7116,GRM8,-0.19639263470289087,8.01966978482963,-0.5066208080335682,0.2566646431325856,1.941683484625907e-05,0.042446190975866216,0.00010131844785439523
7117,7117,GRN,0.3131236831659686,3.9317803189499463,0.5802864981953716,0.336732419987847,5.014288209232722e-07,0.055811281067237414,4.024626062673632e-06
7118,7118,GRP,0.05136853641731074,6.829299279256919,0.042714440665703284,0.0018245234413838856,0.7375243079643136,0.15259140485973774,0.8290639996349258
7119,7119,GRPEL1,-0.22402695779701293,8.90213539192979,-0.4450936307258569,0.19810834011272546,0.0002285404193048629,0.057241486754026134,0.000904694049455464
7120,7120,GRPEL2,-0.2446173132966656,8.443775948657661,-0.5616366458984734,0.3154357220160872,1.3762576687602665e-06,0.045766007407508635,9.73949667222339e-06
7121,7121,GRPR,0.1561453166433219,6.047360519506662,0.22650913609396284,0.051306388734033384,0.07188740379580354,0.08527277224433763,0.14164892895342363
7122,7122,GRSF1,-0.16434598097851374,8.228235890590595,-0.18477792136677354,0.03414288022462555,0.1438211001153651,0.11101191865984314,0.24844016616131392
7123,7123,GRTP1,0.21443468098437654,5.656837960506504,0.27350239112724023,0.0748035579523179,0.028758947350307238,0.09577563294779244,0.06545581197425594
7124,7124,GRTP1-AS1,0.4669854010352311,5.696775923368549,0.2041125009612029,0.041661913048637055,0.10570595220927777,0.28444429600183324,0.19441671437845337
7125,7125,GRWD1,-0.4633318266304478,10.250756978986457,-0.4922075311485113,0.2422682537193127,3.6113222260982186e-05,0.10406526046876932,0.0001765707446515171
7126,7126,GS1-111G14.1,-0.4387694096674236,10.96559764571219,-0.5626892375083017,0.316619178007674,1.3021513021956754e-06,0.08186594544982764,9.263497519397947e-06
7127,7127,GS1-124K5.11,0.04309298093053143,6.790792112684318,0.04601162158387012,0.002117069320777263,0.7180774221817805,0.11881819483984342,0.8141770028455132
7128,7128,GS1-124K5.9,0.15672201563174104,6.380087016875372,0.21470857164247326,0.04609977073675106,0.08842831790428274,0.09053911762116112,0.16825544541053009
7129,7129,GS1-164F24.1,-0.08948109376983254,7.502684610434982,-0.1027199456768952,0.0105513872398643,0.4192615230840989,0.11004676497956446,0.5602312897930496
7130,7130,GS1-166A23.2,0.12485137030223148,6.595362331536835,0.10081161236176987,0.010162981186979754,0.4279993559062492,0.15648357294700893,0.569237566155867
7131,7131,GS1-24F4.2,-0.20760012463343389,7.696973858554845,-0.11952686364605634,0.014286671133062947,0.346834526050682,0.21899870959263806,0.48939217186600104
7132,7132,GS1-259H13.2,-0.2318901248987863,7.94923432720913,-0.2047788747762804,0.04193438755463953,0.10454766797877972,0.14076636100213855,0.19276115368926988
7133,7133,GS1-279B7.1,0.07400809878823345,6.692004763792366,0.08429189228161257,0.007105123104414976,0.5078272923375309,0.11110899883693412,0.6425357882307468
7134,7134,GS1-304P7.2,0.04932797540567069,6.8530462647027335,0.043786633569014535,0.0019172692793071504,0.7311817867217367,0.1429351889029629,0.8243734883875259
7135,7135,GS1-600G8.3,-0.0873673967949644,7.320371707684869,-0.07220463105101785,0.005213508745213611,0.5707188123053362,0.15326868710384042,0.695924088094603
7136,7136,GSAP,-0.10944021568772756,7.709435202265314,-0.3598593327243222,0.1294987393487944,0.003492866655516694,0.03603570536813362,0.010321783218506278
7137,7137,GSC,-0.017260153517103853,7.089909802028326,-0.026103729369228463,0.0006814046869819206,0.8377683799792484,0.08394565759980521,0.8982888061062153
7138,7138,GSC2,0.14669876083198574,6.539519115302897,0.14093337357197813,0.019862215786378742,0.2666541860034764,0.13087609203259187,0.4021167408012034
7139,7139,GSDMB,-0.21633392580665095,8.299872640097668,-0.21546045121525548,0.046423206037881484,0.08729221997677764,0.12451998466987567,0.16641544357752616
7140,7140,GSDMC,-0.16017901235627935,7.770077748322492,-0.12290278848274293,0.015105095416833848,0.3332850512311699,0.16426421991930426,0.4754158345570769
7141,7141,GSDMD,-0.013472977022151562,7.1164402746642,-0.016166417041980494,0.0002613530399752373,0.8991061654264499,0.10582717105366668,0.9381625895963767
7142,7142,GSE1,-0.212501870606858,8.608990072067922,-0.2574556937708051,0.06628343425500659,0.03999374770523765,0.10129125305272156,0.08683222443923413
7143,7143,GSG1,0.10942354167671567,6.644740085047458,0.0722502187503815,0.0052200941094779785,0.5704749830993944,0.1918400408894786,0.6958618689245415
7144,7144,GSG1L,0.2193956387049905,5.82821015649151,0.26434731593694666,0.0698795034430679,0.034789119415394525,0.1016545559578044,0.0771646400635428
7145,7145,GSG2,-0.3062051027753226,8.399012292571982,-0.5822549369542201,0.3390208116075629,4.490838186983223e-07,0.05429968274194257,3.6518625962869582e-06
7146,7146,GSK3A,-0.04401337302446235,7.319907935989719,-0.04449545159007175,0.001979845212204418,0.7269985879250388,0.12549974544417355,0.8210678221297963
7147,7147,GSK3B,-0.4978294089414925,10.19926693667538,-0.42402817160952816,0.17979989031851945,0.00048000944631082,0.1350361054993613,0.0017564387563130798
7148,7148,GSKIP,0.2593337631427574,4.165968984017846,0.3622547052586155,0.13122847148200642,0.003265898110695368,0.0847426365857569,0.009713366788505451
7149,7149,GSN,0.4475460520272588,4.394463501981432,0.4861489461048552,0.23634079779886136,4.649187650620186e-05,0.10216975025029706,0.0002210277905031397
7150,7150,GSN-AS1,0.2204942061193654,6.070114887344446,0.23806538490616325,0.056675127490519665,0.05818248832586654,0.11424461205415515,0.11881759568998868
7151,7151,GSPT1,-0.31580426945940443,9.369307550166631,-0.4827221440013728,0.2330206683092821,5.352070223653896e-05,0.07276403281139869,0.0002504301657156982
7152,7152,GSPT2,-0.03241040807478948,7.232060919237036,-0.15789336193002795,0.0249303137415668,0.21273322266004088,0.025742019201623632,0.33781168414630675
7153,7153,GSR,0.2200285497181136,5.125020743220428,0.28971968915150803,0.08393749828204644,0.02022642790111483,0.0923140349377328,0.048392807004600774
7154,7154,GSS,0.2127661041008915,5.106041414758472,0.18909342072839572,0.03575632176276609,0.1345314020796632,0.14032129317243813,0.2352262827642395
7155,7155,GSTA1,0.1259906434605674,6.322968794367937,0.34182885282819336,0.11684696462583867,0.0057002922209293426,0.04398977236838418,0.015935944751384573
7156,7156,GSTA3,0.0973455116104589,6.627206048055002,0.09877940325860712,0.00975737050812652,0.4374170551796287,0.12454448418110772,0.5778590977254062
7157,7157,GSTA4,-0.025892457466692328,7.1889964728518665,-0.048823817786390535,0.002383765183238665,0.7016300926506066,0.06727093200477481,0.8009383055534469
7158,7158,GSTCD,-0.4140757506091238,9.320536049621383,-0.6348875724754313,0.403082229683746,1.7583484956105577e-08,0.06399475503452254,2.3063014338247504e-07
7159,7159,GSTK1,-0.04858106437615593,7.534103392559492,-0.054246643588726086,0.002942698340642277,0.670301973119061,0.11356862503687574,0.7767223912489435
7160,7160,GSTM1,0.12015186150370555,6.085193853769994,0.27065816605947,0.07325584285467562,0.030530374981288837,0.05427420272154333,0.06895445037753543
7161,7161,GSTM2,0.12294253685904387,6.04695709078071,0.2820601508871412,0.07955792871847686,0.023941306975059824,0.053108351649110284,0.055957798439818726
7162,7162,GSTM3,0.06189637572585147,6.62362032524441,0.16024450543269952,0.025678301521370468,0.20591365378388685,0.04842140820645121,0.3297389760179006
7163,7163,GSTM4,0.1553494493262058,5.970802229624827,0.3497469593438794,0.12232293557028925,0.0046128824257755975,0.05284784719652582,0.013209728766221973
7164,7164,GSTM5,0.21675813832140786,5.6772593791835115,0.3841274814584068,0.14755392201157866,0.0017266439949057324,0.06616642150735351,0.005497790870413709
7165,7165,GSTO1,-0.3620460827575706,10.700959454286794,-0.5457796958551089,0.29787547640769513,3.0977191680322263e-06,0.07059236049903828,1.9870827172725417e-05
7166,7166,GSTO2,-0.3741581481134294,9.628584415341258,-0.6540477097747738,0.4277784066616267,4.615472378738369e-09,0.05495814359999103,7.589070186908077e-08
7167,7167,GSTP1,-0.2380226427880032,9.444064806770577,-0.705791548556325,0.4981417100135352,7.357605407934402e-11,0.03034146356266785,2.5823167764800565e-09
7168,7168,GSTT1,-0.008129769502467457,7.058468602518962,-0.045292600036447854,0.002051419618061636,0.7223035660610937,0.022772421722591658,0.8174706659900169
7169,7169,GSTT2,-0.01586891842718141,7.08388304133505,-0.025497556114686442,0.0006501253678215838,0.8414863454155672,0.0790153936103021,0.9006715505127574
7170,7170,GSTTP1,0.06655306094879858,6.654786244192851,0.06629411297686909,0.004394909415389882,0.6027337851347663,0.12721571994188705,0.7216742296302866
7171,7171,GSTZ1,0.12776066142029965,6.019697019256803,0.21348121168245307,0.04557422774140834,0.09030781696154663,0.07425278145298499,0.17109499355225655
7172,7172,GSX1,0.04628588619762787,6.830623547746116,0.060214053000658324,0.003625732178766089,0.6364646741872619,0.09744647405213183,0.7494232243774215
7173,7173,GSX2,-0.1960615453648208,7.881841980717072,-0.16849664306758694,0.028391118725045794,0.18320737205495466,0.1456636075938629,0.30062556958778835
7174,7174,GTDC1,0.40902067108628704,4.826268848710572,0.2871581209444348,0.08245978642433865,0.0214100269057866,0.17327697718641474,0.050842650799957104
7175,7175,GTF2A1,0.5436561626521822,3.485295310249219,0.3060538789978634,0.09366897684963882,0.013912842323138485,0.21477019197749447,0.03483599859672817
7176,7176,GTF2A1L,-0.10124532114678343,7.323756090749152,-0.0624754847821965,0.0039031861987704666,0.6238277439065629,0.20540937362712505,0.7387264286763595
7177,7177,GTF2A2,0.15148199507533264,6.021406508309152,0.17764877782118504,0.031559088261360765,0.16020625071278927,0.1065711154682773,0.2707403120950095
7178,7178,GTF2B,-0.11373109617578928,8.044206455110487,-0.1529017643746533,0.023378949548882005,0.2277352427619793,0.0933542133893944,0.3560726846217084
7179,7179,GTF2E1,-0.333695612545488,9.448021504967176,-0.4267947480744138,0.18215375698390235,0.0004366220556829892,0.0897989826987914,0.0016154195482342615
7180,7180,GTF2E2,-0.2614312553281184,9.12762584100862,-0.6487665552032098,0.4208980431502395,6.736208293619187e-09,0.0389449119652587,1.045681653034577e-07
7181,7181,GTF2F1,-0.6974309830370691,12.283608744379954,-0.682915690704045,0.4663738406097829,5.087702611964393e-10,0.09474512138628156,1.2488802251567068e-08
7182,7182,GTF2F2,-0.2304472777211058,8.608201339284895,-0.5378480036553108,0.28928047503600324,4.577502255551827e-06,0.04587386157134191,2.8176285579674264e-05
7183,7183,GTF2H1,-0.3231272003420695,9.068229120219662,-0.36973487050690457,0.13670387446875748,0.002639124148319473,0.1031257588136857,0.00804366410019116
7184,7184,GTF2H2B,0.05052245102628284,6.765418992663699,0.1394480477022782,0.019445758007976856,0.2717780297455355,0.04556296099912085,0.408506506152535
7185,7185,GTF2H3,-0.289213753660862,9.076964856661883,-0.4698979900505056,0.22080412105350505,8.946729689820112e-05,0.06899900586744045,0.00039386345076855973
7186,7186,GTF2H4,-0.18466817502172872,8.107429071671367,-0.4606170243391191,0.2121680431110246,0.00012815102488569153,0.04519319273527892,0.0005419079171840754
7187,7187,GTF2H5,-0.5160662338612038,9.383851570450565,-0.3070288495006861,0.09426671442571496,0.013596837491381056,0.20315643273438788,0.03413791488415731
7188,7188,GTF2I,-0.12730046591777702,7.873742383844639,-0.35236151098865703,0.12415863442620945,0.004296452073999089,0.04293964120128607,0.012407221129343731
7189,7189,GTF2IRD1,-0.1781922960033071,8.408126631437879,-0.7466791638129735,0.5575297736724413,1.406149915610192e-12,0.02016048950680643,1.3068745245724768e-10
7190,7190,GTF2IRD2,-0.32005589275238033,8.844583904127118,-0.2759383611253997,0.07614197914057147,0.02731119296792407,0.14158606738148455,0.0626242994197793
7191,7191,GTF2IRD2B,-0.07709606923069434,7.384516278309218,-0.0989582180798316,0.009792728925535513,0.43658374949630463,0.09845722254977964,0.5771455402809643
7192,7192,GTF3A,-0.3133654075164061,9.796034238834777,-0.7872575206305215,0.6197744037893159,1.2164302221977306e-14,0.03117159785839578,3.4210125274924487e-12
7193,7193,GTF3C1,-0.3809462488092649,9.835106621180724,-0.3829473734817256,0.14664869085655227,0.0017890535800574364,0.11670586746356515,0.005670660901074909
7194,7194,GTF3C2,-0.2972020724341963,9.430209507294137,-0.2717133727704961,0.07382815694231858,0.029862795418536574,0.13368748777842415,0.06762300897086787
7195,7195,GTF3C2-AS1,0.25651940757966724,5.948591257758533,0.16330882003661876,0.02666977070175273,0.19726007235854248,0.1968089518816004,0.31895762597887134
7196,7196,GTF3C3,-0.41638617277467294,9.208133340418817,-0.5654772164273657,0.3197644822984418,1.1235436629198813e-06,0.07712851950468398,8.159067075965804e-06
7197,7197,GTF3C4,-0.39394900173736697,9.47695808362912,-0.5165956701860259,0.2668710864549493,1.242846100562606e-05,0.08292463557544108,6.822264209805636e-05
7198,7198,GTF3C5,-0.6242267464736769,11.317187946611789,-0.6248761430714757,0.3904701941798833,3.4120188463508305e-08,0.09904899146218557,3.975891776751477e-07
7199,7199,GTF3C6,-0.2829610643804578,9.977989754520424,-0.3256932164553762,0.10607607124504853,0.008633909330587034,0.10432115911967324,0.023020290286337782
7200,7200,GTPBP1,0.2066605496191733,5.848879995198917,0.12492731636309938,0.015606834373685919,0.32532163688474497,0.20844362606667408,0.4668185628839894
7201,7201,GTPBP10,0.13839237724352274,6.541480660274925,0.1000605551220705,0.010012114691336909,0.4314664294355831,0.17477059180648408,0.5723723063849273
7202,7202,GTPBP2,0.11563460906188353,6.3465288976401375,0.12477917198099996,0.015569841760263962,0.3259002290539427,0.11677297568043254,0.4675302722863948
7203,7203,GTPBP3,-0.7187702250847056,10.922512330975394,-0.6152344827721079,0.3785134687918632,6.321387761687185e-08,0.1169686359007314,6.756646198387759e-07
7204,7204,GTPBP4,-0.30465724533347066,9.0721036281554,-0.6624266412945364,0.4388090550967605,2.494541920936968e-09,0.043755555634998736,4.524229924446402e-08
7205,7205,GTPBP6,-0.14367379400874594,8.048000387911893,-0.21379585194927372,0.04570866631071578,0.08982303468435175,0.08337252041259477,0.17040015909677064
7206,7206,GTPBP8,-0.3903758143198184,9.434786260694963,-0.4697432703170839,0.2206587400081889,9.001248443449804e-05,0.0931730529699175,0.0003961024894186253
7207,7207,GTSE1,-0.3423661478375596,9.035101636346297,-0.6420748374569973,0.4122600968954295,1.0763315119362366e-08,0.05191608198949818,1.539495303235086e-07
7208,7208,GTSE1-AS1,-0.10387928896002344,7.422108945098258,-0.09696128656827747,0.009401491092975629,0.4459403079077364,0.1354202430820379,0.5859020366303865
7209,7209,GTSF1,0.3298406146673899,5.4745581133986985,0.4735608802625883,0.2242599073150775,7.741603303710211e-05,0.07790953029607492,0.00034673096078975104
7210,7210,GTSF1L,0.004259021296123161,6.996628094198414,0.006123160971291352,3.749310028034565e-05,0.961700097926462,0.088334457971379,0.9771320612113515
7211,7211,GUCA1A,0.11603442638674945,6.516986563191552,0.07858522708474111,0.006175637915960328,0.5370719952282959,0.1869411550612292,0.667766229502037
7212,7212,GUCA1B,0.050962155585201036,6.78379270041313,0.04611209972135709,0.0021263257407123804,0.7174875148669252,0.14020865685815687,0.8137211759947243
7213,7213,GUCA1C,0.19710366875246446,6.36175200776352,0.1241920222670593,0.015423658394781754,0.32819981358909445,0.1999999385771676,0.4699264059291087
7214,7214,GUCA2A,0.06114629098943456,6.399911754318535,0.7884249678158076,0.6216139298753572,1.0451584924143422e-14,0.006058728267317025,3.1142323771741193e-12
7215,7215,GUCA2B,0.06616452848703272,6.510041529120825,0.7885912428010579,0.621876148222517,1.0227321516473762e-14,0.00655231041317629,3.1142323771741193e-12
7216,7216,GUCD1,0.4490329139313896,2.8585068892769283,0.5840715145788655,0.3411395341424499,4.0537720296445015e-07,0.07925251071039519,3.331477544666098e-06
7217,7217,GUCY1A2,0.7844493974775564,4.330112757063812,0.3991029177874761,0.1592831389864769,0.0010877665783140882,0.22888064301808325,0.00365883585793594
7218,7218,GUCY1A3,0.24622171806748874,5.837986755861628,0.6336830615142701,0.4015542224500983,1.9067383077521624e-08,0.03817427675049337,2.4533819402479547e-07
7219,7219,GUCY1B2,-0.06380596792198771,7.277188377766657,-0.08265742016269716,0.006832249107952654,0.5161192609579683,0.09770007896354843,0.6496868334618847
7220,7220,GUCY1B3,0.2485507424306316,5.830696690133933,0.4768684040716992,0.2274034748018894,6.783880852737772e-05,0.058183125481433715,0.00030868867380970047
7221,7221,GUCY2C,0.07915078129234486,6.25655974796727,0.11245017757862603,0.012645042437464532,0.3763284230020394,0.08882513399937507,0.5191356860816132
7222,7222,GUCY2D,0.11598862360281335,6.498299927215009,0.12686249144655062,0.01609409173602613,0.3178235588755942,0.11517629343410407,0.45867577816841903
7223,7223,GUCY2F,0.10417903445224412,6.6464501197124735,0.08791857513211536,0.007729675853261412,0.4896750985369832,0.14990594060715726,0.6262301103215807
7224,7224,GUF1,-0.1811210034945977,8.134046624368134,-0.4405991149238345,0.1941275800716663,0.0002688379090622532,0.04686649734756691,0.0010453734819075406
7225,7225,GUK1,-0.4685469807826329,10.295856496363047,-0.4964353261563797,0.24644803305599106,3.019063033099193e-05,0.10405218985769976,0.00015057072773321748
7226,7226,GULP1,0.176291329501888,6.13380756071218,0.5895723890811295,0.3475956019668308,2.961691381873975e-07,0.03067301110850572,2.529997115364139e-06
7227,7227,GUSB,0.009920631802835908,6.9416413309450755,0.00977515129000102,9.555358274240862e-05,0.9388926507333808,0.12888407197609014,0.9640455358763093
7228,7228,GUSBP1,-0.20590412952521048,7.651930443166204,-0.2252774517137527,0.05074993025064218,0.07348877818336462,0.11309458362177685,0.1442530358557615
7229,7229,GUSBP11,0.4608398426796822,3.8372673733336167,0.5373881177518641,0.28878598910089137,4.6809026499063635e-06,0.0918472731948919,2.8715282403320765e-05
7230,7230,GUSBP2,-0.3029485783593673,8.109930444179525,-0.19994891640113166,0.039979569169986726,0.11316929226781355,0.1885359862088032,0.20533565346120675
7231,7231,GUSBP5,-0.3060025165338292,8.111657470682074,-0.38253753208342,0.1463349634524736,0.0018111964391625847,0.0938639548679098,0.005735667787566997
7232,7232,GVINP1,0.4056375860487562,5.337970809328677,0.619169849465801,0.3833713024875027,4.927187130580692e-08,0.06533477667691764,5.474511919585679e-07
7233,7233,GVQW1,0.2513211702137917,5.9325993008967925,0.22422303650590994,0.050275970099930616,0.07488217332763551,0.13872403491612986,0.14652330924459628
7234,7234,GXYLT1,0.1154913927454404,6.381069721515251,0.1679366235845199,0.02820270954096873,0.184688514002586,0.08609862157361017,0.30243721799198425
7235,7235,GXYLT2,0.12401269889684707,6.352791050661905,0.5452408626509311,0.2972875983043315,3.181999961615288e-06,0.02421423356915396,2.03203211939779e-05
7236,7236,GYG1,-0.32247547543371624,9.912537816998183,-0.5994566838985632,0.359348315870662,1.6601279311066428e-07,0.05468321322867934,1.5363277926544594e-06
7237,7237,GYG2,-0.2269576482170292,8.152338431549136,-0.3101534335930933,0.09619515236958537,0.012625423670620887,0.08835064360778437,0.03202946925811801
7238,7238,GYLTL1B,-0.28047574682912746,8.798031651486006,-0.3439818329298764,0.1183235013857974,0.005384309514623669,0.097234099024192,0.0151523356126284
7239,7239,GYPA,0.22381870148462715,6.301562998121248,0.09498811272374308,0.00902274155881852,0.45529396807693695,0.29789493021910673,0.5944047072228896
7240,7240,GYPB,0.09557178811354956,6.600284612452322,0.059117546060482765,0.0034948842522133003,0.6426296252406329,0.20495439454014425,0.754099086083554
7241,7241,GYPC,0.2456991072398217,5.3498847951041615,0.5834762691579521,0.34044455667048307,4.192375052483536e-07,0.04343203622016669,3.4297650835485824e-06
7242,7242,GYPE,-0.29720815988004745,7.897496327892635,-0.11703379562475967,0.013696909318338016,0.3570569567105859,0.32030136604290016,0.4997135912601136
7243,7243,GYS1,-0.14035310803858853,8.041669013913577,-0.19262374431233006,0.03710390687290191,0.12727444183563433,0.0908042302395289,0.22537640346313365
7244,7244,GYS2,0.34383002679089364,5.998789821858598,0.17024798060460272,0.02898437489994518,0.17863087271780925,0.2527429768117993,0.2947239275203169
7245,7245,GZF1,-0.1488439357377758,7.845875931747383,-0.1976423978155244,0.039062517414270005,0.11747459565098757,0.0937567950590808,0.2114278258574766
7246,7246,GZMA,0.09897796654274113,6.335437705054725,0.5138630549830779,0.2640552392765419,1.4063861372201608e-05,0.0209854311766005,7.606216733642003e-05
7247,7247,GZMB,-0.08369370194734341,7.405423437009665,-0.2932373219452063,0.08598812698159658,0.01869214286756559,0.03465401885485518,0.045186241772397065
7248,7248,GZMH,0.28458547538906603,5.712671735719431,0.3527779365212806,0.12445227249621267,0.004247866907196494,0.09586396397411903,0.012281382893903882
7249,7249,GZMK,0.12537310050028427,6.329451190999066,0.5400088546559629,0.291609563106845,4.119597551529737e-06,0.024816697397378032,2.564239292278714e-05
7250,7250,GZMM,0.12259428153030295,6.412404389535058,0.18323613669303665,0.0335754817901892,0.14725377149022242,0.08353090969575032,0.2530778112397434
7251,7251,H1F0,-0.16786997778531898,8.65623066093045,-0.2738247231282976,0.07497997899628883,0.0285637538311826,0.07488245898884785,0.06506122244422176
7252,7252,H1FNT,0.0396898194309855,6.847827681174389,0.05072576769353895,0.00257310350809888,0.6905826662159678,0.09924192677356737,0.7922163634057393
7253,7253,H1FOO,0.0428493869243194,6.828798521345121,0.051718516966908185,0.00267480499725637,0.6848415718532865,0.1050802506722536,0.7877951786710714
7254,7254,H1FX,-0.1769885462700229,8.443235704229142,-0.2783083264994176,0.07745552459890644,0.02596203325222986,0.07757410500887342,0.05995604458537247
7255,7255,H2AFJ,-0.2793845675508674,9.182970112981318,-0.2860339088740478,0.08181539702576708,0.021947765601278986,0.11886501519838635,0.05187501245314303
7256,7256,H2AFV,-0.11760025474583015,8.085223477007334,-0.13288725128214926,0.01765902155332508,0.2951934750068891,0.11139359752418386,0.4338516065824306
7257,7257,H2AFX,-0.4156114034571673,9.504939693272616,-0.5352273001557265,0.2864682628319882,5.1966119733518055e-06,0.08330287696991205,3.1495279116410115e-05
7258,7258,H2AFY,-0.27552127150124944,9.370816799269855,-0.2340187145032174,0.05476475873773837,0.0627178219696395,0.14537129271402874,0.1264811356633026
7259,7259,H2AFY2,-0.21424062459850493,8.638101082821903,-0.3444098213158829,0.11861812501883838,0.005323367070182733,0.07416730718828965,0.015012932364338356
7260,7260,H2AFZ,-0.28421553801609656,10.223644607873997,-0.6649199156830397,0.44211849427194055,2.0693589966121293e-09,0.04054652257262556,3.852730068990799e-08
7261,7261,H2BFM,0.04408081971355826,6.830154351755676,0.07245157204166804,0.005249230291309013,0.5693986097135959,0.077066058170911,0.6951371376689133
7262,7262,H2BFS,0.06919368356084171,6.383104264979014,0.15506114335883964,0.024043958179750625,0.2211574957481028,0.055986427098989766,0.34799924214686573
7263,7263,H2BFXP,0.23957105401322626,6.116170176707491,0.1815027168442489,0.032943236221843586,0.15118566125670027,0.16484711542289734,0.25850185304676815
7264,7264,H3F3A,-0.03400198848850368,7.246220014301282,-0.07114288670617523,0.005061310328887682,0.5764112802774812,0.060544562837969,0.7004593868916306
7265,7265,H6PD,-0.3629645928071562,8.986256655140274,-0.27289364478767697,0.07447094136550281,0.029130640418911863,0.16250623347780058,0.06617960745609908
7266,7266,HAAO,0.06459894056721575,6.569036374325927,0.0769037096921477,0.005914180564414132,0.5458439482402292,0.10636388707554928,0.6753271267292557
7267,7267,HAB1,0.2751261689396416,5.275205821864269,0.2436423635292267,0.059361601306107875,0.05237141191289255,0.13908958262817314,0.10873470038098641
7268,7268,HABP2,-0.03244992641277603,7.164632388444433,-0.06258620869361642,0.003917033518640909,0.6232117417812025,0.0657184004411788,0.7382740846975898
7269,7269,HABP4,-0.6262178336941829,10.119995497014056,-0.4439179595090951,0.1970631547747186,0.00023850961572207318,0.16053419877719713,0.000940102972053421
7270,7270,HACE1,-0.06667261381569242,7.346726093108377,-0.15866553181968274,0.025174750987622757,0.21047619728472028,0.052690513325288915,0.3352355142836583
7271,7271,HACL1,-0.2509891996911968,8.958759630107268,-0.5466599425110056,0.2988370927461359,2.964514226808617e-06,0.04882602894159442,1.9128197641421767e-05
7272,7272,HADH,0.12923527574992355,5.769658188146037,0.17209034656167035,0.029615087379715813,0.17390666013779998,0.0939508551985237,0.28846792227376933
7273,7273,HADHA,0.4576234929655497,2.400874355338764,0.5224580412635228,0.2729624048809169,9.498734620390152e-06,0.09485046917517097,5.379055915390919e-05
7274,7274,HADHB,0.5899380132528282,0.8444970497729276,0.4924953559433781,0.24255167562579466,3.5678168376691367e-05,0.13239905993100845,0.0001748383652856419
7275,7275,HAGH,0.15534436133276622,5.790684786248818,0.15382763372283728,0.023662940896767383,0.22489846243924924,0.12672583947195645,0.3526047063511397
7276,7276,HAGHL,-0.20745913799573887,8.334545557289427,-0.22430801298155992,0.050314084687735655,0.07476910397382472,0.11446743062915518,0.1463549621760078
7277,7277,HAGLR,0.21319027124073367,5.81275017430194,0.6402828911349724,0.4099621806801589,1.2178983407701578e-08,0.03248176086807386,1.7048214976973345e-07
7278,7278,HAGLROS,0.12564622209536794,6.505653619058862,0.1895155531612084,0.03591614488999879,0.13364759281745506,0.08267346454052488,0.23400215252765116
7279,7279,HAL,0.4442652507815154,5.429721414692786,0.2497162013583449,0.062358181220841476,0.04659038215645832,0.2187853635471031,0.09869067060531203
7280,7280,HAMP,0.008157524150010836,6.973433262620124,0.00923117471086067,8.521458654243359e-05,0.9422872458968091,0.11222433689420748,0.9658337673953526
7281,7281,HAND1,0.037931881682458236,6.851708296940137,0.04274091085610378,0.0018267854608094093,0.737367512327688,0.11260760585884612,0.8289738074683878
7282,7282,HAND2,0.10490546599893552,6.5234976934634785,0.13480423318563198,0.018172181284766248,0.28821951282507474,0.09793014752297284,0.4268203207431439
7283,7283,HAND2-AS1,0.3596968424671798,5.8775413894745325,0.1847330717184312,0.03412630778652705,0.1439201017095638,0.2430279914694177,0.248571526760297
7284,7284,HAO1,-0.20537974547628915,7.67392320707614,-0.14317620519901522,0.020499425735190514,0.2590408086020604,0.1802989786344923,0.393314470019351
7285,7285,HAO2,-0.01636432206812846,7.085227362902878,-0.011985790921724963,0.00014365918401930454,0.9251092948095386,0.17338210784564698,0.9554653397768188
7286,7286,HAP1,0.11879617495675927,6.404960795238821,0.10132031513450623,0.010265806258955651,0.4256600681160958,0.14813898613270265,0.5668300947307948
7287,7287,HAPLN1,0.15582257989517884,6.202464300869265,0.7100707777333128,0.5042005093907918,5.020397293734034e-11,0.019623928092905116,1.891748957177426e-09
7288,7288,HAPLN2,0.11768374998994485,6.509721537483468,0.15785827430437852,0.02491923476635641,0.2128361859585748,0.09349181648020097,0.3379256255541416
7289,7289,HAPLN3,-0.042576996805980434,7.284575813582762,-0.0524238053988546,0.002748255372496977,0.6807736119587233,0.10300375086836913,0.78486677138722
7290,7290,HAPLN4,-0.06729906621451699,7.279101987720244,-0.06319432440129845,0.003993522636536544,0.6198331395125654,0.1349789979614104,0.7358819427710857
7291,7291,HAR1A,-0.1916392628260086,7.749988804010941,-0.32370767992811084,0.10478666204444023,0.009073162536039285,0.07113755196143115,0.024034169384456357
7292,7292,HARBI1,-0.2566794516738589,8.353342124835056,-0.2498788166979181,0.06243942303435177,0.046443120022228064,0.1263180713783043,0.0984654164951389
7293,7293,HARS2,-0.3085640602726503,9.68258832283948,-0.36223673156271896,0.1312154496932413,0.0032675511653883,0.10083540660761334,0.009716605211844082
7294,7294,HAS1,0.052744004666457935,6.764863845443221,0.05965739199277596,0.003559004419379729,0.6395913848824201,0.11208275212633137,0.7518605053125302
7295,7295,HAS2,0.18336995280469545,6.161353960003513,0.5037725083687516,0.253786740188144,2.199891527448386e-05,0.03993276163013377,0.00011339835997832612
7296,7296,HAS3,-0.17624105010176322,7.92546334567863,-0.5288590899449842,0.2796919370174369,7.041836956834038e-06,0.03591950903047173,4.13366709949149e-05
7297,7297,HAT1,-0.2890631476533519,9.586868178933313,-0.5931226241206036,0.3517944472437108,2.411070916561601e-07,0.049832051433649084,2.1250199714343294e-06
7298,7298,HAUS1,-0.18341584356788376,8.509644822624045,-0.5087830519128561,0.25886019391376003,1.7647829729114113e-05,0.0394147191645594,9.31019783754525e-05
7299,7299,HAUS2,-0.42197998001566855,9.358642900455283,-0.6055747565334344,0.3667207857505284,1.1487880919922517e-07,0.07042483790757338,1.1241304171754276e-06
7300,7300,HAUS3,-0.1770660496958547,8.203701040132076,-0.4233556773461643,0.17923002954122955,0.0004911319402705117,0.0481221247591281,0.0017928965216719372
7301,7301,HAUS5,-0.5885508379095646,10.142143563105957,-0.5976528291671372,0.35718890421148336,1.8477889628411649e-07,0.10027226848648434,1.6862144960103424e-06
7302,7302,HAUS6,-0.21197857388669744,8.149198881297574,-0.6951680481646587,0.4832586151890613,1.84667122074542e-10,0.027838314770904742,5.5006417173647965e-09
7303,7303,HAUS7,-0.275780207616154,8.957163805239437,-0.603802802337966,0.3645778241111808,1.279077851022143e-07,0.04623845442468626,1.2336134918403683e-06
7304,7304,HAUS8,-0.2566466908735725,8.527882030864454,-0.3925419048827592,0.15408914708898516,0.0013353608308691567,0.07636882295795999,0.004388714340942721
7305,7305,HAVCR1,0.01315086092100607,6.944972720984473,0.07236527158529771,0.005236732531613896,0.5698598298571893,0.02301908273372309,0.6953073369144374
7306,7306,HAVCR1P1,-0.04306824976265227,7.225983879970389,-0.04788412215580388,0.002292889154631948,0.7071112554586205,0.11409625294935084,0.8052849979992862
7307,7307,HAVCR2,0.5564811224606719,4.327254485727911,0.492060476157017,0.24212351219587036,3.633739046561292e-05,0.1250360731671156,0.00017750788871688243
7308,7308,HAX1,-0.06558870522603442,7.515713715242962,-0.05309503706786321,0.002819082961237769,0.6769104781066296,0.1566629369617752,0.7818335780455341
7309,7309,HBB,-0.06953249383060588,7.642644733477731,-0.23447799328206784,0.05497992933358545,0.062189161764932034,0.03661089860741275,0.1256138697900945
7310,7310,HBBP1,-0.11925934615341008,7.461536925522499,-0.09286475846877508,0.008623863365463929,0.4654787603744334,0.16239209181646772,0.603806311004454
7311,7311,HBD,-0.12454439247180685,7.5686438446582995,-0.1929863170497509,0.03724371856842698,0.12654629765274314,0.08041924583947029,0.22433367546581484
7312,7312,HBE1,0.10163633605064493,6.584236906998059,0.09187618288348748,0.00844123298124004,0.4702623200788844,0.13989733506154214,0.6081898316595941
7313,7313,HBEGF,-0.1225813684518579,7.675668025312523,-0.2021633854775024,0.04087003442772523,0.10915092617607697,0.07541623522191471,0.19931388028863706
7314,7314,HBM,0.2859227502903472,5.868761269520057,0.2476111004663815,0.061311257074172475,0.04853157317911989,0.14208347242889027,0.10214318371016048
7315,7315,HBP1,0.31564169632331723,5.326957048963854,0.2522675467570443,0.06363891514681755,0.04432361734447952,0.15376546935218816,0.09469494214628098
7316,7316,HBQ1,-0.09485823808338052,7.4179002552265345,-0.11307052520071124,0.01278494366916468,0.3736842045396326,0.10586092505029757,0.5165037445138263
7317,7317,HBS1L,-0.2968315660834203,8.528874472050724,-0.3298391236859739,0.1087938475139312,0.007776104837118134,0.10789496009082993,0.02098598582350364
7318,7318,HBZ,0.11424411008492465,6.5434639391883245,0.1814489486022007,0.03292372094884408,0.15130885853410692,0.0786346365212289,0.2586444033728641
7319,7319,HCAR1,-0.24172629936409454,7.907117229876722,-0.2564086491298139,0.06574539534857603,0.04083817637972921,0.11572521905474235,0.08841738747280904
7320,7320,HCAR3,-0.23940428393349386,7.891170754822628,-0.5119885620594539,0.26213228767970725,1.52991063864711e-05,0.051011144466127714,8.194463240144241e-05
7321,7321,HCCAT5,0.054145525755871685,6.753224754381287,0.05098867273341519,0.0025998447471153176,0.6890605722331258,0.13468763865349725,0.7908839079720326
7322,7322,HCCS,0.26959691728411145,4.726424837043329,0.35081154238850965,0.1230687382730051,0.0044816369840669276,0.09139616633348124,0.012874747796493674
7323,7323,HCFC1,-0.2643038400220772,8.450147118011818,-0.18833525600080026,0.03547016865288697,0.1361298119799019,0.17503860101423996,0.23748417613991585
7324,7324,HCFC1R1,-0.2351835506153313,8.734468999547571,-0.2911420211466569,0.0847636764773604,0.019593608153787828,0.09814605083477436,0.047081622788534776
7325,7325,HCFC2,0.2993380091458202,5.526625237894802,0.4139597819953339,0.17136270110962434,0.0006730701453288279,0.08359688800334808,0.0023822947299835515
7326,7326,HCG11,-0.19455403085334447,7.783361094978652,-0.4766895840567868,0.2272329595482324,6.832726061933542e-05,0.04556517275801575,0.00031051979616195357
7327,7327,HCG18,-0.10749431766886766,7.5616588346414755,-0.07162536799515999,0.005130193340442089,0.5738212525574211,0.19011042012947094,0.6985664056741036
7328,7328,HCG22,0.06090767435715218,6.704358171312113,0.07646255768049212,0.005846522727042585,0.5481567226990879,0.10086815315578823,0.6773557498484188
7329,7329,HCG26,0.2531881958583984,5.521517108665892,0.32335824363473914,0.10456055372654333,0.009152448389362787,0.09409830125578177,0.02420274390910382
7330,7330,HCG27,0.161397186849685,6.378762609458527,0.2154984229192868,0.04643957028069979,0.08723515057701275,0.09288169453591183,0.1663359325301762
7331,7331,HCG4,0.13866867711051695,6.558199385307102,0.2681751018192112,0.07191788523574427,0.03215075635233473,0.06326409141705522,0.07205802409540557
7332,7332,HCG4B,0.1630644937581357,6.418597264051773,0.137875711093319,0.01900971170948837,0.2772732384316544,0.1487675293006387,0.4145269690299924
7333,7333,HCG9,0.2518046966387172,5.8589013592876515,0.23217483021011046,0.05390515178309361,0.06487685536980202,0.13397389499589096,0.13004253076543654
7334,7334,HCK,0.1964954034125559,5.686026829402437,0.5042988915165924,0.25431737198486376,2.149893694481276e-05,0.042731245343936484,0.00011095316480932323
7335,7335,HCLS1,0.11364694989499576,6.192755875966379,0.4904355627025124,0.24052704116333,3.890164270607598e-05,0.02564697467367469,0.00018896704190221519
7336,7336,HCN1,-0.09986221632970514,7.4082743639145985,-0.06225924207558739,0.003876213223826591,0.6250315299537956,0.20330973850940454,0.7395398197546412
7337,7337,HCN2,0.12953993476428746,6.414361393863881,0.110960937218314,0.012312329588366618,0.382722098547352,0.1473491141159083,0.5256451477163003
7338,7338,HCN3,0.2091690737736404,5.910093811002243,0.19385672715481506,0.0375804306631764,0.1248111971197533,0.13443209747722462,0.22191046816039467
7339,7339,HCN4,0.17192153223238388,6.3270937456937535,0.149516009410983,0.02235503707018516,0.2383203091950101,0.1443900659231344,0.36897306753542175
7340,7340,HCP5,0.07968815515312146,6.402077129265368,0.1577928205674687,0.024898574222637374,0.2130283512605416,0.0633338055483127,0.3381563514548474
7341,7341,HCP5B,-0.03679409509673152,7.170349471840023,-0.028067967020990587,0.0007878107726914152,0.8257453815787744,0.16641795685903255,0.8906131747103401
7342,7342,HCRP1,0.5588458800251966,4.231040919744444,0.5682883562681977,0.32295165587001,9.669189167760863e-07,0.10276312228297572,7.160953879201829e-06
7343,7343,HCRT,0.11628301836338754,6.5328499059394565,0.13616735549808404,0.0185415487033416,0.28332696620050823,0.10744430670667754,0.4209864358251888
7344,7344,HCRTR1,0.19669140050962405,6.296343057841137,0.17591992213467572,0.030947819003870367,0.16437937695008373,0.13978098144313833,0.2762678487558475
7345,7345,HCRTR2,-0.08484423757226564,7.338756194023796,-0.0814850625507115,0.006639815418893366,0.5221087383310963,0.1317958932101761,0.6551217977472132
7346,7346,HCST,0.2752589236126839,5.3302688486178935,0.5405299315110915,0.2921726068593853,4.0157731997111016e-06,0.054411349551608534,2.5111266476266736e-05
7347,7347,HDAC1,-0.33657722191177897,10.78790560074389,-0.3436740083716485,0.11811182403023596,0.0054285205881949,0.1168016420611182,0.015254945930101292
7348,7348,HDAC10,-0.1693365188588876,7.976933210987508,-0.16359570001604204,0.02676355306373882,0.19646342884413084,0.12968569703769364,0.31782395559415005
7349,7349,HDAC11,0.16332958583949345,5.939318220560651,0.152572540797747,0.02327838020548017,0.2287499234115737,0.13436248825300925,0.35734955933325846
7350,7350,HDAC2,-0.44521720731480063,9.993488949984464,-0.5653172566829944,0.3195836007035865,1.1331356361235494e-06,0.08250328476650537,8.214948845080504e-06
7351,7351,HDAC3,-0.3178105634249848,9.49893395953822,-0.3971392841971141,0.1577196110525962,0.0011571270223708972,0.0932734368011474,0.0038615481074806253
7352,7352,HDAC4,0.012498317068468582,6.946673924348077,0.01328701880319172,0.00017654486867637036,0.9170061100815164,0.11945100391182648,0.9497688594707882
7353,7353,HDAC5,0.1607951745306071,5.996692581837312,0.19331465070010864,0.03737055417530501,0.12588964866475344,0.10364347569634157,0.22338793275429955
7354,7354,HDAC6,0.21108559762692786,5.753271544563872,0.15840797681889476,0.02509308711985549,0.21122713486659966,0.16709647388530216,0.33612722063110106
7355,7355,HDAC7,-0.2414858309146252,8.188481375400707,-0.196303995346078,0.038535258588833006,0.1200296976672008,0.15319103538282766,0.2149733771386348
7356,7356,HDAC8,-0.3872767813016591,9.267800281957028,-0.5592670136322374,0.31277959253712123,1.5578084890717553e-06,0.07290451656910553,1.0788085331259629e-05
7357,7357,HDAC9,0.6593080433515603,4.447868911022581,0.7006987669148674,0.4909787619560157,1.1494642619154607e-10,0.08525681954466226,3.761907135361511e-09
7358,7358,HDC,0.2594090108498572,5.813050007491367,0.30021255854843704,0.09012758031019874,0.015941700838536,0.10467684094865602,0.039260494900318105
7359,7359,HDDC2,-0.05303314941580881,7.412236121284926,-0.06783365161109703,0.004601404290895685,0.5943189950322034,0.09906149760829104,0.714897741561922
7360,7360,HDDC3,-0.4705047783355701,10.637065076967806,-0.6827070200890009,0.4660888752788036,5.174088428096591e-10,0.0639540879798527,1.264177481010409e-08
7361,7361,HDGF,-0.4402551765419728,11.462396342935836,-0.6535732943559674,0.4271580510953121,4.7763703904842224e-09,0.06474880164224955,7.812107311626574e-08
7362,7362,HDGFL1,-0.06504743108898317,7.406199284680049,-0.0792646172720614,0.006282879551286374,0.5335475445469715,0.10389300884882877,0.6648237572452195
7363,7363,HDGFRP2,0.0020161592077115862,7.001366146038282,0.00200488651389288,4.0195699335895465e-06,0.9874553909052064,0.12771394243351306,0.9925082664565018
7364,7364,HDGFRP3,0.0995283233982571,6.534512602491324,0.2278693309575158,0.051924431991025866,0.07015147662113197,0.05401152550942402,0.1386700343432782
7365,7365,HDHD1,0.17471298661959048,5.4732337734605965,0.34519102268826346,0.11915684214456923,0.005213694935267354,0.060328029905898736,0.014750792242384968
7366,7366,HDHD2,0.3051959746427543,4.249213604874377,0.4374370981176405,0.19135121480958228,0.00030097264890706387,0.07967963093821151,0.001154981873486172
7367,7367,HDHD3,0.060061533356391174,6.500600240274952,0.07325357875467464,0.00536608680036732,0.5651207391105447,0.10384924785607212,0.6916309281853319
7368,7368,HDLBP,-0.34580262722883565,9.438813465089986,-0.2272591959637606,0.05164674215009494,0.07092595536360764,0.18818978589221125,0.1400858777270087
7369,7369,HDX,0.11417948303785055,6.6537345849372445,0.10502422639496016,0.011030088129859849,0.4088484060944351,0.13730750504896533,0.5504266231877522
7370,7370,HEATR1,-0.4455731071004178,9.514682074412573,-0.6342197720653349,0.4022347192786053,1.839210776979705e-08,0.0689840506941318,2.386345678579719e-07
7371,7371,HEATR2,-0.2921212059049441,9.07632439450314,-0.5905016709698779,0.34869222341821804,2.8071191548800844e-07,0.05070365198298805,2.4189480819310875e-06
7372,7372,HEATR3,-0.27793923424738204,8.612689028785711,-0.5277503844970085,0.2785204683367403,7.419743938157097e-06,0.0568116575923178,4.3226945111862235e-05
7373,7373,HEATR4,-0.22037506110373292,7.911075914311078,-0.2022963696779422,0.040923821184874656,0.10891316365645408,0.13548932025249402,0.19898447252414928
7374,7374,HEATR5A,0.17279523620676773,5.597981590548719,0.3668310395873592,0.13456501160474268,0.0028684205714632678,0.05565280628786399,0.00866689653621279
7375,7375,HEATR5B,0.2610138982922026,5.025485588870314,0.3021804419724352,0.09131301951065628,0.01523155911210046,0.1045703565831526,0.037743381688126264
7376,7376,HEATR6,-0.28875470633028977,8.72335084349526,-0.2694604903348094,0.0726089558514759,0.031303192881258414,0.13105982379020015,0.07042811863310659
7377,7377,HEATR9,0.21685706387554968,6.207130168336521,0.18994550270533286,0.03607929399798163,0.1327519290735951,0.14235389941919616,0.23277271450110945
7378,7378,HEBP1,-0.13339760198141046,8.212667652403372,-0.35767714560292235,0.12793294048665413,0.0037117103576634843,0.044231933897488605,0.01088235686368843
7379,7379,HEBP2,-0.22605939314247964,8.85533119465811,-0.1678040812558318,0.0281582096861138,0.18504032408284696,0.16866383793983494,0.3029445995323241
7380,7380,HECA,0.8118339123374395,1.820426582397612,0.6153960095144286,0.3787122485262827,6.257488066023952e-08,0.13205749785094492,6.691649583691293e-07
7381,7381,HECTD1,-0.17261741723878418,7.999618819015972,-0.19003275978744186,0.036112449792431583,0.13257071132803966,0.11325919732157005,0.23251176468846985
7382,7382,HECTD2,0.03772698959886007,6.886195524212768,0.0227815001300813,0.0005189967481768941,0.8581865363082781,0.21026222762717592,0.911820593376467
7383,7383,HECTD3,0.2396612712410649,4.92801745841781,0.5520264736593838,0.3047332276208144,2.261503201071877e-06,0.04597458792554319,1.4953542540217251e-05
7384,7384,HECTD4,0.004317059235727306,6.997175570842633,0.0015577272755774568,2.426514265077966e-06,0.9902531186137776,0.35196559411346895,0.9942130678116733
7385,7385,HECW1,0.25115303181258103,6.012699039529357,0.17875202890571762,0.031952287837910515,0.15758436887894198,0.17556582512541252,0.2672689151060063
7386,7386,HECW1-IT1,0.3740963408111612,5.923933217801256,0.2285475027181645,0.0522339609987094,0.06929859478277647,0.2023772576324467,0.13732131927824173
7387,7387,HECW2,-0.1587144822205001,7.582836106005648,-0.08116289277511779,0.006587415163625267,0.5237607608335126,0.2475301032723657,0.6565579899189417
7388,7388,HEG1,0.3152739960506745,5.088020367766219,0.4942586853393282,0.2442916480333611,3.3117062636003583e-05,0.07042309502835706,0.00016365814499832442
7389,7389,HEIH,0.14009975749692294,5.880786893134067,0.1927681259222785,0.03715955037158741,0.12698410438838795,0.09056981426150602,0.22493585116814238
7390,7390,HELB,-0.4906602586695147,9.135105210608787,-0.393327448773681,0.15470648195881262,0.0013032576453952615,0.14565807057681476,0.004292326130955801
7391,7391,HELLS,-0.2169506925436209,8.04270626520849,-0.6109422299502555,0.3732504083365909,8.26341574442724e-08,0.03570360590576687,8.472739959544124e-07
7392,7392,HELQ,-0.1486196580537339,7.718592365657508,-0.09893940073058076,0.009789005016926441,0.4366713993248553,0.189834441795411,0.5771996214898599
7393,7393,HELZ,0.1674999926063138,5.9693255472310485,0.16910050276750752,0.028594980036223818,0.18161992330693996,0.12398644855991453,0.2986770534030821
7394,7394,HELZ2,-0.15406833505706313,7.828865925438745,-0.1224262032945218,0.014988175253111581,0.335177377863046,0.15862216946570332,0.47742327945959756
7395,7395,HEMGN,0.19526260566999815,6.381509464305023,0.11080292833854097,0.012277288928395844,0.3834042588582385,0.22242803098935232,0.5262816446231715
7396,7396,HEMK1,-0.6922917279660862,11.226653754695695,-0.4809298788472224,0.231293548368004,5.7576224882600964e-05,0.16028460127964492,0.0002668692529607714
7397,7397,HENMT1,-0.20563877942317835,8.575331654566222,-0.7475209445713757,0.5587875625728818,1.286005104135841e-12,0.02320650187774049,1.2108017621765927e-10
7398,7398,HEPACAM2,0.10105224798348554,5.993082416981029,0.6149819551648061,0.3782028051783276,6.422523677797326e-08,0.016455540084332997,6.834385761312093e-07
7399,7399,HEPH,0.3388025301390839,4.613973301924035,0.32801654739715497,0.10759485536635,0.008143567838738212,0.1239184806015686,0.021855119785335973
7400,7400,HERC1,0.2373029368017122,5.964728736649598,0.17865406469024597,0.0319172748303466,0.15781589010017202,0.16597802856046245,0.26747304532513305
7401,7401,HERC2,-0.06238327572811611,7.474222740384202,-0.136656706637416,0.018675055468984774,0.2815840455640045,0.0574311879886763,0.4192878021514486
7402,7402,HERC2P7,-0.2076579843976148,7.817807988678322,-0.12281109454365123,0.015082564943009637,0.3336486071275828,0.21311553087670854,0.47571507685987663
7403,7403,HERC4,-0.16220278750421788,7.844879214583053,-0.17950970185557935,0.03222373306027899,0.15580221504772446,0.11289170360304487,0.2647611765791131
7404,7404,HERC5,0.1628908737480897,6.229313913713876,0.5426604012960441,0.2944803111347836,3.616190278554921e-06,0.03202044369710029,2.2810544853512033e-05
7405,7405,HERC6,0.00975605932658952,6.969430500393648,0.01235557577087942,0.00015266025262994256,0.9228057126057398,0.10027263951522113,0.9538120279546046
7406,7406,HERPUD1,0.42491929335924794,3.774838782421539,0.5438805837763074,0.295806089408857,3.404404558828728e-06,0.08326321641082157,2.1543653045422592e-05
7407,7407,HERPUD2,-0.07032199755298231,7.5480648135624255,-0.10868120450183273,0.011811604211969185,0.3926344192243012,0.08168847449221688,0.5350848551480328
7408,7408,HES1,0.072055414833704,6.521720953027151,0.07359428646389038,0.005416119000129157,0.5633079919103159,0.1240073387207778,0.6902690450892877
7409,7409,HES2,0.0857199770356557,6.614520699612682,0.07152302523170569,0.005115543138295208,0.5743701932289806,0.15181918250362944,0.699038191107378
7410,7410,HES4,-0.1466372644086505,7.9499063311971305,-0.37605108455813696,0.14141441819735107,0.0021959107551025674,0.04588740044660272,0.006822445825214648
7411,7411,HES5,-0.20479600372047024,8.211444527169864,-0.417583273854406,0.17437579060296385,0.0005966899955855541,0.0565944374987118,0.002137522225708052
7412,7412,HES6,-0.13801523072376815,8.115611729469713,-0.5247085157845771,0.2753190265368538,8.555948762003799e-06,0.02843717744137092,4.900266343326958e-05
7413,7413,HES7,-0.07244014819755032,7.436650057827133,-0.10466382302253023,0.01095451584969153,0.4104670979335269,0.08741682394486616,0.5521595853988399
7414,7414,HESX1,-0.14501206860825064,7.581858710464043,-0.1143508191207361,0.013076109833583306,0.3682625595194813,0.15999663696908725,0.5114954606115302
7415,7415,HEXA,0.0012153498378929548,7.008866704230377,0.0007957565875360107,6.332285466069566e-07,0.9950207688584912,0.19396576454454084,0.9967237834041367
7416,7416,HEXA-AS1,0.23335313700281266,6.212172634442883,0.1561878297022699,0.024394638147105262,0.2177787195522288,0.18741644589910453,0.3439823611891696
7417,7417,HEXB,-0.3407824362990941,10.8378934211505,-0.4634115790421872,0.21475029159037332,0.00011513354710772986,0.08275959743564712,0.0004924386653402903
7418,7418,HEXDC,-0.3908393752713306,9.000091428154796,-0.298006390642563,0.08880780886380787,0.016771415586820347,0.15899442001308908,0.041084276530836496
7419,7419,HEXIM1,0.32986482794729943,4.531769694276587,0.5551742879237629,0.3082184899716572,1.925247303224186e-06,0.06276178649071514,1.2987922227825466e-05
7420,7420,HEXIM2,-0.2909868772360241,8.425480118164426,-0.4835204349204579,0.23379201098566876,5.180073399289263e-05,0.0669015321288538,0.00024285449114875294
7421,7421,HEY1,0.1826873684967625,5.7499053152597925,0.3043378552536694,0.09262153014040343,0.014484410518721872,0.07261911212394898,0.036131771660283626
7422,7422,HEY2,0.3205575604762033,5.801116504235028,0.3063223179357926,0.09383336246555682,0.013825211928231223,0.12651312234968706,0.03464702746277597
7423,7423,HEYL,0.05664283755130708,6.697114636371085,0.05040352477556445,0.0025405153098009394,0.6924499637054087,0.14253971319902498,0.7935124074742353
7424,7424,HFE,-0.3862961710033775,9.130629250924569,-0.2469212650285139,0.060970111123281615,0.04918192606749438,0.19253326394051604,0.10322103207904543
7425,7425,HFE2,-0.14302054722682733,7.510832071042645,-0.12110604326539134,0.01466667371539884,0.3404543682789461,0.1488772579806177,0.48282821170283124
7426,7426,HFM1,-0.12936824629272814,7.392228138435089,-0.059934710051204675,0.003592169468921976,0.6380329311422457,0.2736352251133841,0.7505003903091311
7427,7427,HGC6.3,0.3341562465041687,5.322363925645028,0.3470557411093893,0.12044768743698744,0.004959920484959089,0.1146793819164798,0.014104672107917146
7428,7428,HGD,0.05005999716268175,6.721561903690432,0.09108032900042508,0.008295626330825673,0.4741324915406515,0.0695122745439256,0.611733740724071
7429,7429,HGF,-0.2289075747251189,7.9099001198996435,-0.17153213192461686,0.02942327228260415,0.17532832107146554,0.16696820210833296,0.29036051535721435
7430,7430,HGFAC,0.08765408007188086,6.645806847143152,0.12313021463729094,0.015161049756625343,0.3323844096780271,0.08972103259082431,0.4744436353290935
7431,7431,HGH1,-0.3291576870039522,9.374760627400297,-0.4034886077908688,0.16280305661701353,0.0009462070450408024,0.09479614943546924,0.0032354513753921643
7432,7432,HGS,-0.3992937939620521,9.380782017465778,-0.3744304490421601,0.14019816116991365,0.0023027771122341822,0.12558123262857207,0.007117704591126352
7433,7433,HGSNAT,0.016222647434351062,6.9228684777362215,0.011137626892733413,0.00012404673280173853,0.9303952338239352,0.18497212331901747,0.9587755205318985
7434,7434,HHAT,-0.00590656046351775,7.049390952213738,-0.008911171238298165,7.940897283827245e-05,0.9442846559807524,0.08417570762231459,0.9668771206800886
7435,7435,HHATL,-0.09291433195768777,7.343468783387629,-0.08376714909686185,0.0070169352678158825,0.5104819529960556,0.14037315132017894,0.6448773009059376
7436,7436,HHEX,0.2299041010689123,5.999221131825513,0.5578875438430035,0.3112385115751792,1.6735965301516168e-06,0.04343488106802062,1.1479801349519564e-05
7437,7437,HHIP,0.3235840948527886,5.556598947519874,0.6762707480774156,0.4573421247051873,8.638976268333215e-10,0.04476450374583983,1.891577665225033e-08
7438,7438,HHIP-AS1,0.28657597916168204,5.6194749551452805,0.371576526640256,0.1380691151500369,0.0025023106629204345,0.09093517162141174,0.0076720285155800665
7439,7439,HHIPL1,0.09618986472394796,6.594862002430638,0.10524810141990383,0.011077162852494365,0.4078447778662077,0.1154251378764061,0.5495978434309644
7440,7440,HHIPL2,0.13561641133625804,6.403222533633867,0.16145784594452345,0.02606863601704547,0.2024555783710152,0.10527407278116303,0.32535625600180584
7441,7441,HHLA1,0.3064716056107741,5.410252139538015,0.27072975863279564,0.07329460220937177,0.03048468972671897,0.13839781994792244,0.06886563280117873
7442,7442,HHLA2,0.20511039762296068,5.7856270701326515,0.7932857414735559,0.6293022676252493,5.498814433639825e-15,0.019992732173427362,2.165033210190371e-12
7443,7443,HHLA3,-0.3746876525751892,8.842784168356879,-0.375902522884934,0.1413027067112583,0.002205519069440886,0.11730549145641367,0.006847326708680649
7444,7444,HIAT1,-0.2802061137383626,9.274762431479434,-0.4141010522787951,0.17147968149840542,0.0006699336067634988,0.07822165666511395,0.0023720425530515967
7445,7445,HIATL1,-0.453752984481505,9.726509174171213,-0.4278718195104614,0.18307429393119284,0.0004207194681514258,0.12173101604962655,0.0015635284164783121
7446,7446,HIATL2,-0.25593442451998244,8.8620320703724,-0.32629615014457725,0.1064691775991725,0.00850424811095218,0.09416200106979786,0.02271891103413144
7447,7447,HIBADH,-0.3199767490393292,9.26373783746308,-0.4983996294582608,0.2484021906441317,2.775729312204425e-05,0.07068668564444854,0.00013985206667237513
7448,7448,HIBCH,0.11258014361352732,6.077717364670511,0.22511102903971186,0.050674975395318,0.07370731819719123,0.06188375312915272,0.1445509849266597
7449,7449,HIC1,0.4365912328691876,4.994197913055818,0.5458228059928628,0.2979225355419224,3.091067172959043e-06,0.08511772443102714,1.9850848051728374e-05
7450,7450,HIC2,0.48525148575735205,4.354228190786287,0.5332718104069717,0.2843788237747292,5.708585670137887e-06,0.09776063052870476,3.428159253656016e-05
7451,7451,HID1,-0.3492481423542973,9.055870893864434,-0.4412551816330248,0.1947061353179937,0.0002625767726963292,0.0902039668901152,0.0010230679423116923
7452,7452,HIF1A,-0.030180130079632526,7.338470524537826,-0.038083315346061485,0.0014503389077475622,0.7651153995830211,0.10057159734933792,0.8478743995161802
7453,7453,HIF1AN,-0.2206575356638684,8.505349820252881,-0.17955492444879134,0.032239970893811185,0.15569631894164365,0.153535723090341,0.26464707901736995
7454,7454,HIF3A,0.5074496383227153,4.7442187603126085,0.2958727348915613,0.08754067525221211,0.017608763762377317,0.2080649437160373,0.04291091175506226
7455,7455,HIGD1A,0.2414179663359755,4.4729658328972315,0.7701519160156867,0.5931339737426333,1.013609708118698e-13,0.025393528757838228,1.8720903681522678e-11
7456,7456,HIGD1B,0.15629238826302286,6.266603525159263,0.2083053402398588,0.04339111477244334,0.09858091853837586,0.09319847028055037,0.18387336700676393
7457,7457,HIGD2A,-0.01006417187619568,7.110687214273856,-0.006230849180791481,3.8823481513769874e-05,0.961027034784524,0.20512874858054211,0.9766773248666636
7458,7458,HILPDA,-0.2170637295732041,8.57224359537375,-0.7152938970059931,0.5116453590940203,3.1192100074476746e-11,0.026932368995682947,1.2939941132429003e-09
7459,7459,HILS1,0.23131056119513035,5.967124040760233,0.2657382625682143,0.07061682419277321,0.03381025842143125,0.1065719542109358,0.07527101327398927
7460,7460,HINFP,0.09055335964319916,6.37909452096228,0.10298719215270594,0.010606361747498377,0.4180460863599272,0.11107339901944037,0.5591592341027932
7461,7461,HINT1,-0.3637359545658849,10.816201095813797,-0.3485040538931973,0.1214550755799926,0.004770398372828458,0.12424088613683708,0.013622969374073618
7462,7462,HINT2,0.20882644427559685,5.051508479513487,0.22152283845180173,0.04907236795574305,0.07854653514081868,0.11674677032075252,0.15254934694837924
7463,7463,HINT3,-0.10410012016157524,7.4928880536163875,-0.23232227810862816,0.05397364090558277,0.06470203491462721,0.05534981161256766,0.12976961804911108
7464,7464,HIP1,-0.15531161801301274,7.638244997049168,-0.14162870591358992,0.02005869033875814,0.2642779643196833,0.13786589526635376,0.39945133784761233
7465,7465,HIP1R,-0.5640861646497337,11.07767691037872,-0.5192345218302375,0.2696044886602754,1.1018719646972536e-05,0.11791392383808386,6.138676973377676e-05
7466,7466,HIPK1,-0.08570887362743053,7.556589727435227,-0.0888259310179787,0.00789004602121071,0.4851875220643116,0.12205907608151847,0.6221789418074654
7467,7467,HIPK1-AS1,0.04972540868746877,6.860578172590723,0.036638267275862335,0.0013423626289775256,0.7737863415029771,0.17224868054276096,0.8534784915828946
7468,7468,HIPK2,0.10131408179354187,6.372705771549668,0.08334541545469625,0.0069464582773159185,0.5126206098747093,0.15384329910489564,0.6465606212846893
7469,7469,HIPK3,0.038380795307092666,6.7768853402472535,0.06197747767647487,0.0038412077391379424,0.6266015288920803,0.07849617840863687,0.7408712043766311
7470,7470,HIPK4,0.07784467217840947,6.544281345525314,0.06909256478698232,0.004773782508843349,0.587477247700799,0.1427455699550854,0.709566612692331
7471,7471,HIRA,-0.28633090185767024,8.594938056264635,-0.35971915721341824,0.1293978720663319,0.003506572132526507,0.09432323153129477,0.010352395300594616
7472,7472,HIRIP3,0.2254990154406477,5.621325988509529,0.1542251542554454,0.023785398205115927,0.2236880842493266,0.18347049879457855,0.3509611262439623
7473,7473,HIST1H1A,0.09442843809280006,6.628760854055762,0.13814982185789598,0.0190853732793684,0.2763099642248281,0.08597501049129957,0.4134530317363635
7474,7474,HIST1H1B,-0.08003096373128236,7.313667621430877,-0.08758108355087729,0.007670446195945748,0.4913497983940316,0.11560586055340333,0.6279244546605344
7475,7475,HIST1H1C,0.12732665186449774,5.983087243425434,0.6999959095104421,0.489994273331351,1.2215722391022885e-10,0.016497399773461114,3.942346771648295e-09
7476,7476,HIST1H1D,0.09648300337717557,6.5399221000589804,0.11937795526842924,0.014251096204071096,0.3474399477422375,0.10190933899726323,0.4900548471541818
7477,7477,HIST1H1E,-0.022214612959525263,7.1125280504113855,-0.017726267266539582,0.0003142205512047927,0.8894295616762775,0.15913194476610054,0.9319944429546012
7478,7478,HIST1H1T,-0.07923243905074281,7.325909553611991,-0.07273067108603501,0.005289750516625007,0.5679081971770716,0.13798690768319016,0.6939818300248003
7479,7479,HIST1H2AB,-0.03446048490605167,7.1718726778772925,-0.02799002364793568,0.0007834414238119984,0.8262217294067002,0.15629751937622394,0.8907169587445658
7480,7480,HIST1H2AC,0.14888157850438305,5.6447992653660775,0.4936395378268776,0.2436799933059333,3.3996264420824454e-05,0.03331102353834317,0.0001674298626411084
7481,7481,HIST1H2AE,0.07082917857076987,6.672735943359139,0.13080928005309245,0.017111067748008368,0.3028766346361782,0.06817576618372273,0.44220560430464123
7482,7482,HIST1H2AJ,-0.02135069730683881,7.156047672478866,-0.026057601423896064,0.0006789985919666302,0.8380511827497805,0.10402417715831926,0.8983197638040449
7483,7483,HIST1H2AK,0.13513838620004734,6.525550226390818,0.07804271304721719,0.0060906650597702845,0.5398945518804068,0.2192420780226484,0.6699952161014446
7484,7484,HIST1H2AL,-0.19569731872953727,7.632007009450036,-0.16218180500108367,0.02630293787340953,0.2004120336471649,0.15121637779980648,0.32291090689206514
7485,7485,HIST1H2AM,-0.2948092193800925,8.252865259352998,-0.3787800138468485,0.1434742988898187,0.002025947119671201,0.0914804642656723,0.006353640097969567
7486,7486,HIST1H2BA,0.2039753181522324,6.388763001377928,0.11638800247261745,0.01354616711956601,0.3597348109487466,0.22106090423620775,0.5021955473888027
7487,7487,HIST1H2BB,-0.20556338781808306,7.883462849539938,-0.15107680436498575,0.022824200817136174,0.2333993687737297,0.17081990783956094,0.36327472897548235
7488,7488,HIST1H2BC,0.12004109035197295,6.482364934010737,0.21937097989341434,0.0481236268193968,0.08156750628556016,0.0678024184785542,0.15731602677358436
7489,7489,HIST1H2BD,0.18868461604060252,5.208785909300282,0.5595132850810329,0.31305511618216936,1.5379442944843441e-06,0.03549696247746065,1.0683452664042577e-05
7490,7490,HIST1H2BE,0.1661794739098281,5.861180656326262,0.32860908868971106,0.1079839331694824,0.008022472143258871,0.06065803012211229,0.021570230228739863
7491,7491,HIST1H2BH,0.13688242928001934,6.006155358944849,0.2663194048574232,0.07092602540361208,0.033408146912353436,0.0629178965608986,0.07446000631813644
7492,7492,HIST1H2BJ,-0.12634391212190788,7.48412553178414,-0.10292502358960703,0.01059356048092117,0.4183286480817825,0.15506895729832107,0.5594335128889644
7493,7493,HIST1H2BK,0.022089189130705084,6.793346384981503,0.04709062071363629,0.002217526559195551,0.7117512563445099,0.05950691686536123,0.809202442965057
7494,7494,HIST1H2BL,0.02735478453432684,6.912349022568259,0.02336304508494736,0.0005458318756412829,0.8546053225191403,0.14865839796283398,0.9092255592518704
7495,7495,HIST1H2BM,0.108772256742429,6.61883065006277,0.11003034450386916,0.01210667671164013,0.3867501252320332,0.12478570780581973,0.5295652204805362
7496,7496,HIST1H2BN,0.0855102289735661,6.661556081277933,0.09200610485458603,0.008465123330513082,0.4696321406139379,0.1175329338519284,0.6076931571334633
7497,7497,HIST1H2BO,-0.1228488431464856,7.4209624780061265,-0.09281872666365022,0.008615316019461413,0.4657009136883658,0.16736348968197504,0.6039864312293708
7498,7498,HIST1H3A,-0.056375369039912526,7.20421808482179,-0.033763291617044104,0.0011399598608175607,0.7911186597969434,0.2119342234722744,0.8656695397886176
7499,7499,HIST1H3B,-0.24511956722296185,8.053462129265263,-0.3854938031160636,0.14860547224088644,0.0016568311166165724,0.07451267633160534,0.00530200647706988
7500,7500,HIST1H3C,-0.2838167098648947,8.319144799907994,-0.22133903623816126,0.04899096896283805,0.07880105247353282,0.15880947952839594,0.1529339300335502
7501,7501,HIST1H3E,0.16509393510285944,6.2895487526900675,0.3302956886861024,0.10909524196462664,0.007686355402433458,0.059916716949784864,0.020772248376350496
7502,7502,HIST1H3F,-0.19484419652065368,7.708252672461356,-0.17020464492009318,0.028969621152375,0.1787431045354213,0.14326385418055715,0.29486416764794304
7503,7503,HIST1H3G,-0.2318069680048715,8.449185073572414,-0.26707623296989524,0.07132971421738976,0.03289046339340348,0.10622486178405363,0.07343468241923418
7504,7504,HIST1H3I,-0.14876951437526287,7.544959490906058,-0.14145448638089478,0.020009371717282745,0.26487199869322714,0.13222462248653089,0.4001816180633387
7505,7505,HIST1H4A,-0.05220379973872378,7.20199726609689,-0.034441321318919034,0.0011862046141930262,0.7870216017058963,0.1923839032186321,0.8631528379306753
7506,7506,HIST1H4D,-0.2768582250740804,8.002990161924371,-0.2909056034888418,0.08462607014120725,0.01969761023738609,0.11564018252483778,0.04730003877695673
7507,7507,HIST1H4E,-0.10105026196323587,7.507242040510373,-0.09964780510749204,0.00992968506274072,0.4333785319714813,0.12814653908872306,0.5744772614082317
7508,7508,HIST1H4G,0.036738963707637226,6.883782265131612,0.037124757211710935,0.0013782475980284837,0.7708640473141499,0.1255937263400887,0.8513580392071379
7509,7509,HIST1H4H,0.2305913267338081,6.028539921715321,0.5070259388880388,0.2570753027052973,1.9073332507978374e-05,0.04978394903710025,9.97182557847107e-05
7510,7510,HIST1H4I,0.126519679376481,6.315969430552442,0.1428016745907626,0.02039231826592605,0.2603018396637756,0.11136661735895358,0.39483146276543546
7511,7511,HIST1H4J,0.2248847143809568,5.206925485554212,0.3149366591148253,0.09918509925440766,0.011254526588489529,0.08607135834201787,0.028969068498007934
7512,7512,HIST1H4L,-0.2943595973746207,8.156625855844325,-0.2636991348848679,0.06953723373902776,0.03525326867715186,0.1367486822161172,0.07796257487783124
7513,7513,HIST2H2BE,0.03853303648293012,6.780217361792622,0.09615931141062396,0.009246613170965355,0.4497290590282257,0.05065575900198787,0.5892710578602425
7514,7514,HIST3H2A,-0.38627565178484297,9.223892521931901,-0.6219824862118986,0.38686221315433456,4.114705828688181e-08,0.0617593013236679,4.682288739897139e-07
7515,7515,HIST3H3,-0.2138969763012914,7.8751630326934805,-0.1812862296913407,0.03286469707570154,0.15168214518252027,0.14736271081215205,0.2591461028739626
7516,7516,HIVEP1,-0.02297877421849007,7.136263638570205,-0.025138251521564715,0.0006319316895614508,0.8436917756132072,0.11605361695187058,0.9019199539193807
7517,7517,HIVEP2,-0.13515038798227094,7.698955438492768,-0.11695921101059008,0.013679457040219738,0.35736560306385745,0.14574580436408474,0.5000162909057203
7518,7518,HIVEP3,0.6128016869283306,4.118142877134368,0.4362550375384858,0.19031845777770567,0.0003138601655641737,0.16052429530000606,0.0012003959528951221
7519,7519,HJURP,-0.18614854991049726,8.227982859570668,-0.6969464334667356,0.4857343311220029,1.5874107950574918e-10,0.024325298547237303,4.875940534321984e-09
7520,7520,HK1,-0.2537961030234317,9.35620103535268,-0.4092781221720936,0.16750858128871515,0.0007848541305291867,0.07185557303197006,0.0027311612078755486
7521,7521,HK2,0.2358609625960405,4.849380574843808,0.4322427496001506,0.18683379458189847,0.0003614532333921936,0.06249167499087406,0.001363398322436501
7522,7522,HK3,0.04610735506061247,6.759125830669589,0.057670418086890864,0.003325877122316788,0.6508027386249975,0.10136729475552812,0.7607629314399094
7523,7523,HKDC1,-0.12770590637306026,7.778655611974098,-0.3087735223196548,0.09534108808568638,0.013046779504059755,0.04995943519562313,0.03293634998372744
7524,7524,HKR1,0.07527321615103215,6.7089571094721325,0.0466765992956322,0.002178704921805012,0.714176400683725,0.20458406535957072,0.8112037284183576
7525,7525,HLA-A,0.3932120415451574,1.896316012466396,0.38194909250303744,0.14588510926389384,0.0018434181942690972,0.12083246311979524,0.005830176865327486
7526,7526,HLA-B,0.2707609740815893,3.5763198094103537,0.3935291374846628,0.15486518204942262,0.0012951280282196102,0.08032973355862974,0.0042661997948122395
7527,7527,HLA-C,0.3539275706935977,2.7058029365471805,0.4797762960989413,0.2301852942984189,6.0334733192336903e-05,0.08220019818805953,0.0002782851218913857
7528,7528,HLA-DMA,0.08190471057051113,6.326757379877516,0.3176154878293019,0.1008795981090454,0.01054460588265245,0.031054195996221067,0.027428641488148806
7529,7529,HLA-DMB,0.14210960618026494,5.759839895233573,0.5242249337299405,0.2748117811441605,8.750856088088749e-06,0.029318063945545644,4.994722946430202e-05
7530,7530,HLA-DOA,0.4726439072938344,4.3674577606102885,0.5611288131753303,0.3148655449755547,1.4134085361347038e-06,0.08854490039200685,9.946685932699355e-06
7531,7531,HLA-DOB,0.3044595770879849,5.375052019312757,0.4968643583916868,0.2468741906399826,2.964286834447915e-05,0.06753512622962543,0.00014809772932541454
7532,7532,HLA-DPA1,0.1558014430631087,5.6081654038940725,0.6774456954849198,0.4589326703310467,7.874753900794128e-10,0.021484576593716616,1.759832773185726e-08
7533,7533,HLA-DPB1,0.1984463780070197,5.533998221094143,0.6282248745945368,0.3946664930593215,2.740622696882869e-08,0.031212572248258838,3.2951414010377834e-07
7534,7534,HLA-DPB2,0.2491072702666921,6.216149500366595,0.2228280424559192,0.049652336504736924,0.07675789394803675,0.1384082471468294,0.14963919638501405
7535,7535,HLA-DQA1,0.03029646833351992,6.772346806191753,0.34299884151880505,0.11764820528324232,0.005526612054265906,0.010537179890388049,0.015500425338055717
7536,7536,HLA-DQB1,0.03848293983357082,6.803818166800445,0.13794012190876614,0.019027477232205273,0.27704668696969953,0.035092169062438436,0.41432895351233884
7537,7537,HLA-DQB2,0.2177286192229526,5.79789067064962,0.3091780726070554,0.0955910805810136,0.01292201111499506,0.08505373829474018,0.032693790243628694
7538,7538,HLA-DRA,0.13833467758156826,5.468881687679914,0.5066858285283028,0.2567305288314127,1.936132097700248e-05,0.029893007239469895,0.00010105312262159285
7539,7539,HLA-DRB4,0.052795208307993835,6.742508860243713,0.2030140400787944,0.041214700469114345,0.10763693157351703,0.03233949786769076,0.19731965942482202
7540,7540,HLA-DRB6,0.3554626041729853,5.020298574271839,0.5042662199373685,0.2542844205699225,2.152965994254008e-05,0.07730806539662922,0.00011108524804758289
7541,7541,HLA-E,0.29165898478308344,3.9344274850261183,0.3910657889020808,0.15293245124960686,0.001397617075406286,0.0871743488924615,0.0045656053353331
7542,7542,HLA-F,0.12593834805543014,5.884952819608314,0.19616535682280087,0.03848084721741679,0.12029677581025887,0.07995006197689564,0.2154018594325524
7543,7543,HLA-F-AS1,-0.41005483938193815,9.086144983058905,-0.2729805778346445,0.07451839587493643,0.029077314603977007,0.1835262723260441,0.06607232400305584
7544,7544,HLA-G,0.3425414346600142,3.240726083849432,0.424289330205901,0.1800214357265721,0.00047575223307631836,0.09284454809923373,0.0017425958571076713
7545,7545,HLA-J,0.24632528688035335,4.315278682244942,0.3597081216801589,0.12938993280266806,0.0035076531413949148,0.08114742650294719,0.01035417513316615
7546,7546,HLCS,-0.4622985643491809,9.527255060932136,-0.6312807219854849,0.3985153499505152,2.238805507999508e-08,0.0721300855397972,2.800770264340228e-07
7547,7547,HLF,0.3542071745244373,5.618095391433417,0.5375639727941424,0.28897502484622145,4.641108582234487e-06,0.07056247118916313,2.8487303386702893e-05
7548,7548,HLTF,-0.04006959036497788,7.311975387716536,-0.12655412759005272,0.016015947210079342,0.31901089316293896,0.03988749598891872,0.45980969724730053
7549,7549,HLX,0.3435201743945729,5.1693920188007665,0.5121779482468931,0.2623262506703971,1.5169872340581162e-05,0.07315898833650647,8.13530424802588e-05
7550,7550,HM13,-0.6986588648641434,11.402128982618786,-0.4394338664685749,0.1931021229995213,0.00028029588915213783,0.18137820154026796,0.0010868052783508586
7551,7551,HMBOX1,0.002607574545306593,6.999330887910691,0.003043880642926357,9.265209368381768e-06,0.9809553859169592,0.10879558140310597,0.9890394302091327
7552,7552,HMBS,-0.2733065779474748,9.156022435323683,-0.537766253074145,0.2891925429454054,4.595725649280449e-06,0.054417261469089886,2.826482219118663e-05
7553,7553,HMCES,-0.2028508595110871,8.462090287935485,-0.25345691907362355,0.06424040982629338,0.043298372208791285,0.09832387802516028,0.09287106281511245
7554,7554,HMCN1,0.23957516758965666,6.246358724781701,0.3528087300939719,0.12447400003052113,0.004244293537271519,0.08069398377645498,0.012272690152171818
7555,7555,HMCN2,0.2384703298804854,5.679973083993183,0.2357984302835718,0.05560089972419648,0.0606892595442397,0.12481747144640995,0.12314710601860107
7556,7556,HMG20A,-0.2308119711601596,8.839285627564033,-0.2945661032048902,0.08676918915731402,0.018138995216857547,0.09509769561882953,0.04402106258220892
7557,7557,HMG20B,-0.3772462271652284,9.594544157661264,-0.4233684363061961,0.17924083286035356,0.0004909187545633899,0.10252232694326203,0.0017924204400725356
7558,7558,HMGA1,-0.2662610902396341,9.056691079591655,-0.5958124259990374,0.3549924469748584,2.0597391365434012e-07,0.04558108983808348,1.8523110881165844e-06
7559,7559,HMGA2,0.7321202089296007,4.2375626130049815,0.5244236917186736,0.2750202084358425,8.670251352389892e-06,0.15096184580401795,4.951326293143542e-05
7560,7560,HMGB1,-0.435738172893952,11.822524232748233,-0.6200102639609127,0.3844127274168807,4.66977386544299e-08,0.07002864130298472,5.220648066916259e-07
7561,7561,HMGB2,-0.3209209848171498,9.35506338324929,-0.4704485740472809,0.22132186082311994,8.755177845269264e-05,0.07644852423480572,0.0003865293297684449
7562,7562,HMGB3,-0.13547342752670288,8.085380354096127,-0.4358023872774944,0.1899237207567632,0.0003189272082321853,0.035532979612581714,0.0012174103109938257
7563,7563,HMGB3P1,-0.14461914662314626,7.882769944863227,-0.4400835114033149,0.1936734970090716,0.0002738539989535541,0.03747574886516946,0.0010637324389846123
7564,7564,HMGB4,0.15442785633443148,6.448921642860372,0.2177623833282488,0.047420455592799164,0.08388529734070363,0.08790175837174746,0.16098334933648858
7565,7565,HMGCL,0.3494054405565873,3.83317749440475,0.5956668772659586,0.35481902867177856,2.0774438867991273e-07,0.05983718331075623,1.8666824634288423e-06
7566,7566,HMGCLL1,0.3868555904600216,5.729281121707905,0.2140815633073842,0.04583091574813355,0.08938459729427173,0.22417461651543036,0.16976174832550905
7567,7567,HMGCR,0.07164504941891514,6.404174444915304,0.1502165252968967,0.022565004472273203,0.23610292757637724,0.059884795657083226,0.3664833271210988
7568,7568,HMGCS1,-0.026231411508460846,7.181847069982434,-0.08179732705368763,0.006690802713127939,0.5205100060108739,0.040590923476906966,0.6537318281037858
7569,7569,HMGCS2,0.10372874620771808,6.028297228321606,0.3573851804503526,0.1277241672055311,0.003741894084174013,0.03442656277965859,0.010960464817095665
7570,7570,HMGN1,-0.3774162316067408,11.0958398481993,-0.6390582632227173,0.4083954637932358,1.3246038340670567e-08,0.057689931349670924,1.8270252246319817e-07
7571,7571,HMGN2,-0.016778958130433785,7.220692861475286,-0.017804148650508656,0.0003169877091694092,0.8889468299246246,0.11966829132186928,0.9315787650995812
7572,7572,HMGN2P46,-0.06400047234978869,7.450046467374178,-0.13247383778447416,0.017549317697347175,0.2967118020799539,0.06081526391491954,0.43549505720763193
7573,7573,HMGN3,-0.08360304757244379,7.8541022648487235,-0.18661213104955016,0.034824087454854484,0.1398157508117111,0.05589714536750008,0.24279952556757048
7574,7574,HMGN3-AS1,-0.21919437571880585,7.74236780606449,-0.13470411183076886,0.018145197744116284,0.28858104801273626,0.20477472118044648,0.42717070885270714
7575,7575,HMGN4,-0.3938011755735931,10.862018049042817,-0.4866343853554017,0.2368130250102296,4.556827402839693e-05,0.08978294478604297,0.00021720910721658278
7576,7576,HMGN5,-0.09185419347413493,7.437156133958519,-0.141023794239912,0.019887710541821042,0.2663443748634106,0.08189335538532748,0.40173347061831555
7577,7577,HMGXB3,-0.5303551083557065,10.947048436009576,-0.4335518471222233,0.1879672041430917,0.0003452467594534594,0.13999633151649973,0.0013077345768698029
7578,7578,HMGXB4,-0.4699298115120461,10.572311046498408,-0.5639151125305143,0.3180002541403026,1.2205660130496917e-06,0.08740082355484963,8.763712537331257e-06
7579,7579,HMHA1,0.6704485121028848,3.1772548414587325,0.7042472032211132,0.49596412324476,8.431850556635041e-11,0.08583712848065009,2.9261494199348047e-09
7580,7580,HMHB1,-0.02679953045894266,7.102706656533693,-0.02317744745131576,0.0005371940703585034,0.8557479380202699,0.14680777399694064,0.9098203848109262
7581,7581,HMMR,-0.1426868939363809,8.06999686373368,-0.6193753095763452,0.3836257741127935,4.863045726594593e-08,0.022969766774607752,5.414357594313929e-07
7582,7582,HMMR-AS1,-0.3001178549742015,8.031362806795446,-0.3098721693843537,0.09602076135896563,0.012710341120339126,0.11694795839393525,0.03221470470048499
7583,7583,HMOX1,0.04864231407392942,6.605987176689116,0.15735171004812334,0.02475956065506869,0.21432659246609345,0.03877062182232699,0.3396196663144485
7584,7584,HMOX2,-0.2963237110868088,9.236450051548784,-0.2649991175520344,0.07022453230335696,0.034327522308675036,0.13693522290259452,0.07625908998256503
7585,7585,HMP19,0.4308735632590223,5.023041959068554,0.4437863409919957,0.19694631645106386,0.00023965010626964247,0.1104974769229828,0.0009437394164882901
7586,7586,HMX1,0.1755920779167749,5.914407412254629,0.2534036001501654,0.0642133845690649,0.04334391114970117,0.08513040653762748,0.09293192039077018
7587,7587,HMX2,0.2793057385667567,5.93612580665095,0.2509111541245859,0.06295640726413168,0.04551714085327036,0.13684972959466193,0.096881628187298
7588,7588,HN1,-0.1820331429232259,8.74439742040479,-0.22439490102123896,0.05035307160433165,0.07465363180725205,0.1003974593208659,0.1461685711379786
7589,7589,HN1L,-0.5568621460318074,11.256937950314953,-0.7153883460014773,0.5117804855947293,3.092180364244241e-11,0.06907446950224998,1.2877147266867122e-09
7590,7590,HNF1A,-0.3760774608930348,8.987559673221309,-0.28044138210119685,0.07864736879482949,0.02479623174701174,0.16347536011045086,0.0576449166378464
7591,7591,HNF1B,0.3097543567045332,4.772033227362547,0.4184824984270288,0.17512760148972814,0.0005789967556232654,0.08537636587257191,0.002079299294033468
7592,7592,HNF4A,0.5267638506336607,3.7060796601058033,0.6809964877213324,0.4637562162887908,5.936740889232304e-10,0.07193767248798298,1.3958753958341535e-08
7593,7593,HNF4A-AS1,0.3450015299948833,5.9462111999614224,0.23883338301049065,0.05704138484023572,0.05735252730776377,0.1781461587284239,0.11745498192260492
7594,7594,HNF4G,0.2517580345873613,5.291117052576084,0.5654041139020308,0.31968181201734064,1.127917758214159e-06,0.046642795487255695,8.181112354038716e-06
7595,7595,HNMT,-0.10831269524863947,7.688648406039362,-0.13625207111808973,0.018564626883968986,0.2830247256700748,0.10001640935296914,0.4209120551051075
7596,7596,HNRNPA0,-0.3640167973693207,10.063890997907507,-0.5346062221624899,0.28580381277484945,5.354376548534005e-06,0.07308030214336234,3.232479067702924e-05
7597,7597,HNRNPA1,-0.2365765201093877,8.621626617680349,-0.4697145285303861,0.22063173831252292,9.011409862449283e-05,0.05646939816753056,0.00039638854473154423
7598,7598,HNRNPA2B1,-0.15796076867021014,8.230664120438924,-0.2792129967000931,0.07795989752624619,0.02546206889575707,0.06899103639701577,0.05893342260983533
7599,7599,HNRNPA3,-0.09656919965476084,7.8286702537972355,-0.152398462637792,0.023225291414362484,0.22928770670332824,0.07953520492165775,0.35808634708355497
7600,7600,HNRNPA3P1,-0.3860308445483817,8.197021638625117,-0.3030414039206146,0.0918340924901771,0.014929516135982538,0.15417245574175548,0.03710532215364419
7601,7601,HNRNPAB,-0.3690127639771402,11.27283311805315,-0.4234885319394529,0.17934253668423306,0.0004889162325465566,0.10025010849405867,0.0017857833875259022
7602,7602,HNRNPC,-0.5167454909552713,11.256952258910427,-0.6387621981066741,0.40801714573007003,1.3516988125516478e-08,0.07904896871461514,1.8572993518912394e-07
7603,7603,HNRNPD,-0.32056424511692905,9.109967059650836,-0.4149942358592687,0.1722202157964183,0.0006504077005399676,0.08925541618261709,0.002311599992646151
7604,7604,HNRNPDL,-0.3611952294377141,9.635063111488067,-0.6172274433603357,0.3809697168371365,5.5743818425310265e-08,0.05847320260722905,6.093771824823345e-07
7605,7605,HNRNPF,-0.4218245857222913,10.908992379606087,-0.6039127343774627,0.36471059074326384,1.2706051940924326e-07,0.07070459910607109,1.2267033204668581e-06
7606,7606,HNRNPH1,-0.2077607942572537,8.371867442233814,-0.30381085982642697,0.09230103854847284,0.014663945509344781,0.08274378393346309,0.03653333410088141
7607,7607,HNRNPH3,-0.16376632841397104,8.382924818834715,-0.2069998478470851,0.04284893700871639,0.1007580869813578,0.09829897389279817,0.18709624194660462
7608,7608,HNRNPK,-0.5962151490863086,13.74992199989644,-0.5335582920085435,0.2846844509710742,5.630746591862566e-06,0.1200256650672486,3.387050484632885e-05
7609,7609,HNRNPL,-0.19525980574342047,8.566970554759854,-0.3902031489191039,0.15225849742638434,0.0014351964558043146,0.058513753926596086,0.00467145336696865
7610,7610,HNRNPLL,-0.2342506800176858,8.432766883640175,-0.26304014608270865,0.0691901184512127,0.03573043086445258,0.10911726477718997,0.07880053777062028
7611,7611,HNRNPM,-0.8999809992234196,12.27194901268677,-0.4928606254378688,0.24291159610700716,3.513304280276709e-05,0.2017839731520462,0.00017244017268674557
7612,7612,HNRNPR,-0.2917504062225151,9.536604688500944,-0.3608302431053793,0.13019846433948715,0.0033992353363210452,0.09576852063150113,0.010079479831306618
7613,7613,HNRNPU,-0.22647377855673834,8.795981473172542,-0.34569518640970226,0.1195051619068388,0.005143977609096585,0.07807143393834967,0.014574491053903774
7614,7614,HNRNPU-AS1,-0.01833766825962489,7.114024801210438,-0.07882612455823562,0.006213557912870478,0.5358209938629332,0.02945266689048253,0.6666592141397196
7615,7615,HNRNPUL1,-0.3201143974945188,9.399170331790648,-0.4445890455132772,0.1976594193904068,0.0002327714119402669,0.08190869077551928,0.0009199972486888994
7616,7616,HNRNPUL2,0.2516547051938298,5.050682307212849,0.2580911692048072,0.06661105162150441,0.039488327713934436,0.11963751734606445,0.08587263874726353
7617,7617,HOGA1,-0.09752117863966316,7.388638684801084,-0.09058352120905934,0.008205374314632103,0.4765570550537508,0.136164775164013,0.614093604712227
7618,7618,HOMER1,-0.20834535044403454,7.9594378601845825,-0.4298268604918616,0.18475113000029025,0.00039319520609311067,0.05558268462896695,0.001470966182889874
7619,7619,HOMER2,0.2667845170490062,5.95935507046088,0.15939891935897785,0.025408015492809924,0.2083482317818192,0.20984122920539414,0.33268389542945975
7620,7620,HOMER3,0.21217663987526164,5.944587696924585,0.21432779020301929,0.04593640165330945,0.08900810105800283,0.12280382650776915,0.1692163226493672
7621,7621,HOMEZ,-0.09810276912554436,7.425217535405487,-0.11259418519291205,0.012677450539255772,0.3757135919105237,0.109950950253402,0.5185187580665599
7622,7622,HOOK1,0.22858556278028666,5.228746123667566,0.3096176781459948,0.0958631066205168,0.012787599931952007,0.08915471142315304,0.032391563519291226
7623,7623,HOOK2,-0.3090698494524169,9.506646395005882,-0.3795526448178541,0.14406021018822807,0.0019800145462528823,0.09567762398130523,0.006227627450850569
7624,7624,HOOK3,-0.4099035834423579,8.69584317690019,-0.4643765985915512,0.21564562531945866,0.00011092872432872269,0.09928227167437233,0.0004764909303663986
7625,7625,HOPX,0.27861665737335417,5.80958024428228,0.3612531275663474,0.1305038221764677,0.0033591554186986022,0.09133420560167084,0.009968824255436238
7626,7626,HORMAD1,0.05683296554636168,6.844566911221809,0.03995195641721522,0.0015961588215630648,0.7539452927576006,0.18051759702979908,0.8401525917082201
7627,7627,HORMAD2,0.06278838924857366,6.781995660545517,0.03826586070449158,0.001464276095455553,0.7640220606878071,0.20823504180494595,0.847196360499486
7628,7628,HOTAIR,-0.2530915645514207,7.753789837427738,-0.12600251738285292,0.015876634386816153,0.3211418868137919,0.2530622560595769,0.46236060014004754
7629,7629,HOTAIRM1,0.16891343126076716,6.292034748449595,0.4452586401508925,0.198255256629022,0.00022717215036283363,0.04313939442798813,0.0009001670477780719
7630,7630,HOTS,-0.03590442291366615,7.138533765169037,-0.032566886647343835,0.0010606021059009426,0.7983617341432191,0.1399411486848526,0.8705336056855544
7631,7631,HOTTIP,-0.030374314546504487,7.171489141111606,-0.04044666178280109,0.0016359324493723025,0.7509963947620566,0.09529550782717604,0.8380755947794629
7632,7632,HOXA-AS2,0.2361218994428213,6.024912262096394,0.15437231234971555,0.02383081082019814,0.22324116921530046,0.19192588940557656,0.3505393023970221
7633,7633,HOXA-AS3,0.2500016647097604,5.743805046196643,0.3601638247003691,0.1297179806227982,0.00346325905525292,0.08223883919492506,0.01024687455137341
7634,7634,HOXA1,0.2409353318974628,5.669033199629742,0.6770184593880744,0.4583539943522017,8.144885978549086e-10,0.033263037784260395,1.8108573497482593e-08
7635,7635,HOXA10,-0.14206707998277684,8.141400079872747,-0.2921193550519638,0.08533371759597529,0.01916862126051993,0.059070223111033576,0.04616800060021789
7636,7636,HOXA11,-0.2497414378690473,8.40137511276137,-0.5514407021391828,0.30408684797575497,2.3298513724945344e-06,0.04798146088459835,1.537730310008203e-05
7637,7637,HOXA11-AS,-0.2053560150946282,8.082904642232043,-0.4301509695893838,0.18502985663868696,0.0003887941501585677,0.05473454682295738,0.001457136954254722
7638,7638,HOXA13,0.016642535299881953,6.888743771987267,0.05592911342846596,0.003128065728894211,0.6606918011425246,0.0377316147505274,0.7688366357000038
7639,7639,HOXA2,0.31646764657995274,5.5471545908108935,0.4537866708661111,0.2059223426557482,0.00016586368224818203,0.0789247519849002,0.000680518764510114
7640,7640,HOXA3,0.07006820294832697,6.596846020851495,0.14976929096995,0.022430840517641548,0.23751693385559144,0.058745703181147135,0.3680526960331121
7641,7641,HOXA4,0.29557818502534344,5.5032661651050665,0.29097890930606995,0.08466872566095009,0.01966531221768649,0.12342529453914493,0.04723295652994687
7642,7642,HOXA5,0.08862574715690835,6.373346676256938,0.5326696891113101,0.2837369976979396,5.875471466936245e-06,0.01788308083468819,3.520568196361494e-05
7643,7643,HOXA6,0.18038050007463294,6.136049863524707,0.31659634841087464,0.10023324782709993,0.010809972798058344,0.06863613361671111,0.027994494252804765
7644,7644,HOXA7,-0.010312153122053785,7.084802113233329,-0.028325097668214307,0.0008023111579138796,0.8241743824401909,0.0462176439693203,0.8896169998874656
7645,7645,HOXB-AS1,0.15209375019415644,6.456144773555689,0.11173350843126804,0.01248437690636025,0.3793971933335103,0.1717924508334852,0.5223042734670799
7646,7646,HOXB-AS3,-0.21452023825123226,7.954250633140439,-0.2705084010346458,0.07317479503032076,0.030626129829136657,0.09695954895226852,0.06912025445022973
7647,7647,HOXB1,0.20924745482483526,5.998132620689188,0.224926415095966,0.05059189220792279,0.0739503524500796,0.11511988472615295,0.1449226137833913
7648,7648,HOXB13,0.037609658163256184,6.6855867246972815,0.2422639005529772,0.05869179751114281,0.05376172076267224,0.01912849305690579,0.11117759874437975
7649,7649,HOXB2,0.02733556132397876,6.848278480881769,0.06956303178435398,0.004839015391031042,0.5849295860130239,0.04978520737360015,0.7074364805982705
7650,7650,HOXB3,-0.04926877601321239,7.34088807276162,-0.08427280851991585,0.007101906255834401,0.5079237125272354,0.07398450955773002,0.6425920496067495
7651,7651,HOXB4,-0.10415646312750627,7.6138009607488755,-0.1109029537427993,0.01229946514887748,0.38297234208341097,0.11853863190981236,0.5258554351541604
7652,7652,HOXB5,-0.2023407845612049,8.35343269383696,-0.4098816165581882,0.16800293959235366,0.0007695577573815164,0.0571860421985828,0.002682242593931553
7653,7653,HOXB6,-0.18943042987557385,8.126511096186865,-0.6104611782155521,0.3726628501083201,8.513173295197827e-08,0.0312137791159738,8.699178374897156e-07
7654,7654,HOXB7,0.07068444727827625,6.431574896981739,0.0770767976143693,0.005940832730486444,0.5449378123370834,0.1161209223241081,0.6745143370196937
7655,7655,HOXB8,-0.3793866502519068,8.499777801646207,-0.6815859501653712,0.4645594074628318,5.662593052179105e-10,0.05172746755739352,1.3579562851045239e-08
7656,7656,HOXB9,-0.19203208451581816,8.48481426638198,-0.6332671974471195,0.401027343362529,1.960667924602094e-08,0.029805365877327,2.5093536588214153e-07
7657,7657,HOXC-AS3,0.08398809229018317,6.668737019284509,0.0940065879323428,0.0088372385746813,0.4599866245673113,0.11296296180258975,0.5989063465010297
7658,7658,HOXC10,0.3403429771092985,5.766057698956424,0.2391461677651067,0.05719088955673656,0.057017270904102274,0.17549688330925547,0.11686786572913722
7659,7659,HOXC11,-0.013469286722512241,7.0808686139463966,-0.01351836107741554,0.00018274608621938345,0.9155663201549024,0.1265275283441515,0.9489013861457587
7660,7660,HOXC12,0.06825137676513023,6.723866010243762,0.10575938063362547,0.011185046592008077,0.4055580989580863,0.08149935761176541,0.5476156587958738
7661,7661,HOXC13,0.08557913211873586,6.650977187680487,0.07758489303854363,0.0060194156278022565,0.5422820892318363,0.13966378836245946,0.6719184438013054
7662,7662,HOXC4,0.29245597664607675,5.525904319327316,0.2860392749398822,0.08181846680813351,0.021945171904599044,0.1244237437919102,0.05187454400110166
7663,7663,HOXC5,0.08854120527420119,6.588279012903353,0.0730204882746038,0.005331991707861553,0.5663624790839497,0.15358327600582927,0.6926792886345268
7664,7664,HOXC6,-0.010673456042904464,7.056623835023961,-0.03634412214244037,0.001320895214304624,0.7755547619305528,0.03727245674321172,0.8546909548669247
7665,7665,HOXC8,0.13684639458108794,6.220155334317215,0.2028169031453919,0.041134696201487284,0.10798634336880186,0.0839097003118925,0.19777099675671553
7666,7666,HOXC9,0.2429587885757581,6.131484808792957,0.23689773761702435,0.05612053808806451,0.05946296872859608,0.1265418337511513,0.12106340165170519
7667,7667,HOXD-AS2,0.2767785823214904,5.590777585350615,0.4257091572859156,0.18122828659708445,0.0004532024055989657,0.07471452826467907,0.0016690643015723813
7668,7668,HOXD1,0.3146263814044955,5.592867434246752,0.6562282575238962,0.4306355259728491,3.939820850100611e-09,0.045945136484949925,6.644612189168904e-08
7669,7669,HOXD10,0.08329699806102749,6.629813841446728,0.28674177559739794,0.08222084587274851,0.0216078557196327,0.03534366887733593,0.05121135116653673
7670,7670,HOXD11,0.044982068538228864,6.809311932888285,0.201326242705466,0.040532256001900205,0.11065685915793774,0.027794468853235225,0.20162355866537268
7671,7671,HOXD12,0.03331018733863176,6.897873767931137,0.043880621620484464,0.001925508953800128,0.7306266500466165,0.09631411473301864,0.8239881903957594
7672,7672,HOXD13,0.024331915709458758,6.8946414583631075,0.13926313912550806,0.01939422191909061,0.2724204704295795,0.021973108599284225,0.40913137437773384
7673,7673,HOXD4,0.08231674348097445,6.675360486190092,0.11354106922541808,0.012891574400851182,0.37168602188208094,0.09147907953004984,0.5147510220660735
7674,7674,HOXD8,0.1551984033423519,6.243843998330357,0.4465610184613316,0.19941674320922176,0.00021663307713255684,0.039492429012306686,0.0008621924802987536
7675,7675,HOXD9,0.049359387289352935,6.780735393082077,0.059256191420031676,0.0035112962216074365,0.6418487729895328,0.10560302789795514,0.7535836240984256
7676,7676,HP,0.14441252727884266,6.249547525943347,0.1309563592880968,0.017149568037993095,0.30232859193792017,0.13884369001873587,0.44167345735786695
7677,7677,HP08942,0.09004850089586341,6.649645045442168,0.11767788088406862,0.013848083649365043,0.35439841957108364,0.09650675543055044,0.4969564058675009
7678,7678,HP09025,0.2094701080054973,6.22777644981926,0.1897410626395281,0.036001670851577336,0.1331772481605757,0.13765849715426928,0.23331067946907746
7679,7679,HP1BP3,0.08429330410498519,6.335841226062175,0.10665190258665744,0.01137462832535387,0.4015842830052804,0.09980320804714612,0.5436618013880924
7680,7680,HPCA,0.3551245058009347,4.890151685899358,0.4017329385539487,0.16138935391919068,0.001000745774173628,0.10280814942945346,0.0034009965065489502
7681,7681,HPCAL1,-0.2222328450077424,8.970886348008953,-0.3535482288613864,0.12499635013102328,0.004159275029976294,0.07467387143220425,0.012059057541054578
7682,7682,HPCAL4,0.08177235378303488,6.653660314746704,0.0631000632380734,0.003981617980648863,0.6203563306246661,0.16425346368595548,0.7361802027442539
7683,7683,HPD,0.1608916696909979,6.317628783899874,0.21756466192158525,0.04733438211705369,0.08417374356649511,0.09166838995654128,0.16137958538578587
7684,7684,HPDL,-0.21847166528532289,8.210228485620595,-0.6659608311806959,0.44350382866688337,1.9130535722553726e-09,0.031080047797704943,3.614936745828106e-08
7685,7685,HPGD,0.12571587867870754,5.877172193367425,0.81262246510793,0.660355270798089,3.5682109475584844e-16,0.01145032742977172,2.664469243771689e-13
7686,7686,HPGDS,0.13731503136338571,6.2807294215745,0.6920733763588007,0.4789655582646702,2.396621057611544e-10,0.018188769079670524,6.775304047333939e-09
7687,7687,HPN,-0.14673096670880034,7.731701435117238,-0.3924466815316076,0.15401439784517099,0.0013393003385034849,0.04367438104665565,0.004400326024926864
7688,7688,HPR,-0.11058499811875397,7.415583825076538,-0.08316462075549022,0.006916354145404514,0.5135388325103206,0.1682885907734287,0.6472286938663132
7689,7689,HPRT1,-0.4151631666934669,9.56615510531477,-0.5846190306865021,0.34177941104082515,3.9300996374796384e-07,0.07317045472766745,3.243380626891066e-06
7690,7690,HPS1,0.40168563089369264,4.710600616902314,0.28438443963260873,0.08087450950515288,0.02275746891787848,0.17197765671786908,0.05363075301084541
7691,7691,HPS3,-0.2390185314655015,8.339821604233524,-0.3432109558455402,0.11779376021240932,0.005495628312826263,0.08307295303648675,0.015421514981761399
7692,7692,HPS4,-0.6596972581658282,10.97800535779565,-0.6570110880950074,0.4316635698797856,3.721019722793703e-09,0.09613441388064768,6.35478565434524e-08
7693,7693,HPS5,-0.11096338359454808,7.729465378663003,-0.219309165528582,0.04809651008484298,0.08165562663736561,0.06269364545280763,0.1574018688652441
7694,7694,HPS6,-0.3881769592037835,9.483338113410426,-0.3233203679491387,0.10453606033076644,0.009161078376917837,0.14428623306865465,0.024222607112595333
7695,7695,HPSE,0.31545340096052354,5.198098711760384,0.7238379006351321,0.5239413063958753,1.3991356308090404e-11,0.038188121895633455,7.129007549451711e-10
7696,7696,HPSE2,0.20474713869667266,6.056222557760668,0.32186897095857225,0.10359963446593023,0.00949716172331061,0.0764881043155371,0.025019590890303072
7697,7697,HPX,0.11221874542689984,6.324128195546844,0.12146275970828573,0.01475320199595276,0.3390233954160058,0.1164659399565446,0.4814447916409998
7698,7698,HPYR1,0.2798156624873245,5.8703889710757045,0.20904271130507046,0.04369885514977502,0.0973675011599451,0.16624113053294198,0.18197059097424798
7699,7699,HR,-0.11610255564406932,7.7934942783524175,-0.1387943194573821,0.01926386311363784,0.2740538638399447,0.10520837965212028,0.4108436428836277
7700,7700,HRAS,-0.15484718430636585,8.052825189587866,-0.2725094754815935,0.0742614142272532,0.02936727873430117,0.06943365754317803,0.06666126006198027
7701,7701,HRASLS,-0.0363757503068024,7.129635613628558,-0.01860998248572637,0.0003463314481190422,0.8839544243107961,0.2481960885749694,0.9286022323421401
7702,7702,HRASLS2,0.3281332411517776,5.260688978550187,0.6293258215792868,0.3960509897064444,2.548680062569385e-08,0.051461088610970894,3.10938967633465e-07
7703,7703,HRASLS5,-0.11892140267450445,7.548178020644379,-0.09961053893015298,0.009922259465955523,0.4335514059726867,0.15086675069670713,0.5745751769721179
7704,7704,HRC,0.10413372856590557,6.582856526966316,0.10743202249537176,0.011541639457446068,0.3981296656346059,0.122388612663585,0.5403295255275377
7705,7705,HRCT1,0.10712724103155187,6.160688160751217,0.5741354755217427,0.3296315442525776,7.044112317260984e-07,0.01940199900962114,5.418836668926701e-06
7706,7706,HRG,0.0004899057785790534,7.013848762552866,0.0004126309701524793,1.702643175289763e-07,0.997418061602376,0.15078386088643445,0.9982478219715974
7707,7707,HRH1,-0.0924915167790296,7.557652994799996,-0.14308587050723662,0.020473566338813684,0.2593445837371842,0.08124888074323071,0.39358386001899726
7708,7708,HRH2,0.02117134572638479,6.897511571687922,0.02588099550667954,0.0006698259284167662,0.8391341126486712,0.1038546968833067,0.8991315788919829
7709,7709,HRH3,0.0014505612713199619,7.008071173681027,0.0010761130092080988,1.1580192085869095e-06,0.9932665498822086,0.17119146171156402,0.9959801415863692
7710,7710,HRH4,-0.14642901837484534,7.4761962771630355,-0.0778035400116029,0.006053390838337094,0.5411412019062503,0.2382942027455725,0.6709655154468852
7711,7711,HRK,0.3460921034183849,5.636929978371158,0.27834643783708035,0.07747673945659164,0.025940805277316847,0.1516697044569435,0.059913410652761984
7712,7712,HRSP12,-0.23404562075426255,8.629063077083874,-0.2785345665958465,0.07758150478873606,0.025836232123442646,0.1024919075853052,0.059703724963520485
7713,7713,HS1BP3,-0.32667249636994,8.645849251473239,-0.17588626363525373,0.030935977735569976,0.1644614072032748,0.2321993707049239,0.2763783775405025
7714,7714,HS2ST1,-0.23369852748496406,8.390489329973313,-0.3685938790010374,0.1358614476370314,0.0027271954869068672,0.07485205065358977,0.008286592767755832
7715,7715,HS3ST1,-0.3861153748921386,9.141111271686274,-0.41049165129620796,0.16850339578388765,0.0007543704529522213,0.10892991426295844,0.002635671532539586
7716,7716,HS3ST2,0.10659735071496368,6.4997170585085176,0.279662267491658,0.07821098385857568,0.025216815611976504,0.04647639737879226,0.05845323721658651
7717,7717,HS3ST3A1,0.4603959653918345,5.418833881322465,0.4858478233913939,0.23604810749415506,4.70734640903811e-05,0.10518853546194913,0.00022335141649369034
7718,7718,HS3ST3B1,0.32617308598715594,5.4607127972563605,0.4718416650128288,0.22263455684207856,8.28726245050039e-05,0.07740492700990913,0.00036835112554512713
7719,7719,HS3ST4,0.16944309013389205,6.300386402363722,0.16545372359525673,0.027374934651535614,0.191359461215458,0.12826973618240675,0.3114851462316251
7720,7720,HS3ST5,0.2345595657290679,6.054512783886339,0.21717528528198468,0.04716510453731143,0.08474407559773225,0.13389233960418295,0.16228625372027697
7721,7721,HS3ST6,0.0888889173620625,6.6202134062958375,0.13318983296890866,0.01773953160628578,0.2940854191364356,0.08400285190073344,0.4327548077874091
7722,7722,HS6ST1,0.5583343157506726,4.108487766520897,0.5744335343153295,0.3299738853460009,6.930147431850053e-07,0.10104260999104178,5.336854290068027e-06
7723,7723,HS6ST2,-0.11811703074188196,7.461788065271751,-0.4813103884141442,0.2316596899953743,5.669219510201626e-05,0.027319217143780203,0.00026339186546538553
7724,7724,HS6ST3,0.19734180420502076,6.287247229932616,0.10825329364964834,0.011718775585996993,0.3945117597957676,0.2301560540926141,0.5368662199696692
7725,7725,HSBP1,-0.11599689251804647,8.14026446483531,-0.08373381552422582,0.007011351862245082,0.5106508253437654,0.1753160877807562,0.6450153769726574
7726,7726,HSBP1L1,0.3093590405656525,4.67040483657477,0.6133989951091671,0.3762583272009358,7.092154775538731e-08,0.0505855280181936,7.440921107766047e-07
7727,7727,HSCB,-0.268958030447813,8.921101723667826,-0.5287722788068234,0.27960012283456104,7.070766338048885e-06,0.05482855587392107,4.1472764098171344e-05
7728,7728,HSD11B1,0.239048934786839,6.013907164231331,0.2923696650394328,0.08548002103527012,0.019061048681782943,0.09930137376807227,0.04593956696761376
7729,7729,HSD11B1L,-0.22343924765672424,8.294541194948213,-0.2213014355152984,0.04897432536113177,0.07885320006316372,0.12504764161142598,0.15302142193456497
7730,7730,HSD11B2,0.2081424014658458,4.907273086088974,0.7223126459514835,0.5217355585014332,1.6179308335780535e-11,0.02530891598848262,7.980932164267141e-10
7731,7731,HSD17B1,-0.27768227172685644,8.536030373025673,-0.1992207328087304,0.03968890038084754,0.11451519860827307,0.17346974894507666,0.20717014418230187
7732,7732,HSD17B10,-0.3288937806588254,10.239451983613305,-0.4635031414518255,0.21483516213571094,0.0001147283823840395,0.07985232313271418,0.0004909966641356474
7733,7733,HSD17B11,0.2934364681006937,3.850488655570415,0.7330740779942435,0.5373976038271102,5.6836395512616055e-12,0.03457596565345704,3.557202730710118e-10
7734,7734,HSD17B12,-0.7723782401057628,11.127536803588812,-0.5355982716355392,0.2868655085789768,5.104460522633593e-06,0.15466097349188174,3.102360163278991e-05
7735,7735,HSD17B14,0.32979492197381105,5.165099473145863,0.4863529801992885,0.2365392213487295,4.61015899101276e-05,0.07524712366236917,0.00021941317131951937
7736,7736,HSD17B2,0.11071676523559676,6.023813599114557,0.7411291646867108,0.5492724387492216,2.5120655544842997e-12,0.01273739737032845,1.9926292887310442e-10
7737,7737,HSD17B3,-0.17618430713314354,7.779516040849758,-0.1455851763170384,0.02119504356326316,0.2510286258426725,0.15205555869603593,0.38349381958540196
7738,7738,HSD17B4,-0.5339371589191088,10.504491095990694,-0.5126171260618904,0.262776317931952,1.4874080405463754e-05,0.11357972921218665,7.992511443680338e-05
7739,7739,HSD17B6,0.17426321473122686,6.193586452310505,0.4919438920592612,0.24200879293441396,3.651602423833921e-05,0.03916754831144256,0.00017833885991908787
7740,7740,HSD17B7,-0.3425567927144213,9.704113304037644,-0.4939291101142746,0.2439659658182792,3.358240909758899e-05,0.0765848365537876,0.00016565536879459898
7741,7741,HSD17B7P2,-0.14613774360388046,7.59725990488451,-0.1363005004525636,0.018577826423619288,0.2828520397632425,0.13489536737781285,0.42071302431987206
7742,7742,HSD17B8,0.015555063854155018,6.890859330262963,0.02085854731017761,0.0004350789958909176,0.8700481789973823,0.0946885351429676,0.9194716371181647
7743,7743,HSD3B1,-0.0008508327722708683,7.018751548993159,-0.0007776158364329851,6.046863890713711e-07,0.9951342783023466,0.13895786634185242,0.9967452727399313
7744,7744,HSD3B2,0.16312269326972156,6.385121578928556,0.4986464587835118,0.2486482908573365,2.7464732848094282e-05,0.0360120163575322,0.00013860377297261284
7745,7745,HSD3B7,-0.3794116387883094,9.832459306001368,-0.6750939041361483,0.45575177940178707,9.474781100249726e-10,0.052656152993087284,2.0435894893018705e-08
7746,7746,HSDL1,-0.29105043994870644,8.732476780193327,-0.4356288113775711,0.1897724613022354,0.00032088997474587406,0.07637642396304667,0.001224039528469597
7747,7747,HSDL2,-0.14660680328730966,7.941485557103101,-0.189613183193686,0.03595315924084233,0.13344381239274586,0.09641371518375083,0.2337020426498109
7748,7748,HSF1,-0.5013932091372202,10.064474426336915,-0.6406820221488033,0.4104734535046797,1.1849174680449572e-08,0.07631180891493135,1.6618774462767842e-07
7749,7749,HSF2,-0.17103361653507845,7.8222116441883704,-0.2720180906444823,0.07399384163786979,0.029672308468762936,0.07684131420032307,0.0672631784241748
7750,7750,HSF2BP,0.040937473248298745,6.824609215463459,0.0460296114661202,0.0021187251317219846,0.7179717914904458,0.11283070879074933,0.8140998609658395
7751,7751,HSF4,0.07551204362475522,6.510213559411062,0.09347113432141428,0.00873685295133187,0.4625577100307085,0.10214975899097983,0.6011334820089415
7752,7752,HSF5,0.2392606412442205,6.2479028945457875,0.15827602333838206,0.02505129956381205,0.2116125949710435,0.18956195097672068,0.3364791227151783
7753,7753,HSH2D,0.02156579736205096,6.90475584082748,0.02256107325536737,0.000509002026434053,0.8595446962292345,0.12136664961523096,0.9126505602790462
7754,7754,HSP90AA1,-0.4191346292946327,12.047389107808636,-0.6846653028341969,0.4687665769050426,4.415457920701433e-10,0.05666593715008141,1.110531257523688e-08
7755,7755,HSP90AB1,-0.32351510219726604,10.651089626422836,-0.7450013000401613,0.5550269370615304,1.6784040145092505e-12,0.036788200456502086,1.4835036299672578e-10
7756,7756,HSP90B1,-0.0964275181101116,7.818654115943472,-0.1994611835927952,0.03978476376023875,0.11406941980036495,0.060163216763844736,0.20657077151504455
7757,7757,HSPA12A,0.2219440304509958,6.0507381431306335,0.18345143009831788,0.033654427205118013,0.1467707997123463,0.15104026979569846,0.2524080104646489
7758,7758,HSPA12B,0.40270439184277707,5.190798893098945,0.35491546402733115,0.1259649866057358,0.004006048348464924,0.1347193609732016,0.011649117360817501
7759,7759,HSPA13,-0.009416539260692636,7.0891582926702545,-0.02070229375227629,0.00042858496660553794,0.8710133122541752,0.057754246756981174,0.9201772503104774
7760,7760,HSPA14,-0.2527777360860016,8.868270152350018,-0.3669919566555016,0.13468309624983354,0.0028552643296744576,0.08137181874618417,0.008633167978092764
7761,7761,HSPA1L,0.31981830155110924,5.2499625027740775,0.3219345951419985,0.10364188354924246,0.009481737529962337,0.11944847154777323,0.02498199613229522
7762,7762,HSPA2,0.033832754705533125,6.748970872043421,0.15533302914490793,0.02412834994333281,0.22033881237419206,0.027325873565544646,0.3470388378764368
7763,7763,HSPA4,-0.260577829233515,9.06223997800009,-0.5272618414989687,0.2780050495008836,7.5921965550050155e-06,0.053331322709067215,4.410113100821717e-05
7764,7764,HSPA4L,-0.09988440546813876,7.427795363512553,-0.4084190096408058,0.1668060874359766,0.0008071044852552961,0.02835103645661498,0.0027973507727598328
7765,7765,HSPA5,-0.2522186204571803,9.302897868918373,-0.32893220332337153,0.10819639438316783,0.007957103243747286,0.09196223530001688,0.021423731287249472
7766,7766,HSPA6,0.2650859271544186,5.800611994339515,0.2571277589569837,0.06611468442624073,0.04025665479358431,0.12652858069339715,0.08734173525248655
7767,7767,HSPA9,-0.4036107925062815,10.039210657558806,-0.5434966585471053,0.2953886178518688,3.4697577498681776e-06,0.0791671252239486,2.1918787652682436e-05
7768,7768,HSPB1,0.0849668825640598,6.108879870122924,0.20579158022113872,0.04235017448991337,0.10280624876171396,0.051313259716653334,0.1901007016424657
7769,7769,HSPB11,-0.20205555196602626,8.342816364899189,-0.2353296710776629,0.055380054089520986,0.06121834546287583,0.10598070678285228,0.124034737181753
7770,7770,HSPB2,0.3424339541527428,5.159805010890102,0.5054789089871579,0.2555089274308474,2.0416196110714872e-05,0.07423482408797892,0.00010586990583753126
7771,7771,HSPB3,0.02149581140256004,6.907126522555053,0.07790087598019102,0.006068546478481105,0.5406336849742588,0.03493766483536437,0.6705752457813757
7772,7772,HSPB6,0.2138130859448019,5.921847009788816,0.4761642204561533,0.22673236484261616,6.978114273105267e-05,0.0501471891205134,0.00031580159787689566
7773,7773,HSPB7,0.0007123945508821596,7.012618414158014,0.0005662083049344014,3.205918445766882e-07,0.9964570939370632,0.1597895741640767,0.9976549248327293
7774,7774,HSPB8,0.4504580849154468,4.758252907571854,0.4251457250803486,0.18074888755409532,0.000462031807967132,0.12179493970419475,0.0016975847801595466
7775,7775,HSPB9,-0.03859407970399818,7.1703530618928575,-0.05920244450133275,0.0035049294349333853,0.6421514304555456,0.0826461795938089,0.7537830239871444
7776,7776,HSPBAP1,-0.13936298099289848,7.806130730591719,-0.3002621856731514,0.09015738014521804,0.015923449043008766,0.05622559750817365,0.03923339276668049
7777,7777,HSPBP1,-0.333095815086752,9.400716666057294,-0.6688024332152521,0.4472966946746418,1.5414280985432069e-09,0.047024211068017734,3.029004126493026e-08
7778,7778,HSPC081,0.1461449805665018,6.469172489396355,0.11688421237104922,0.013661919101600535,0.3576761279351605,0.15770487003668715,0.5002891454873983
7779,7779,HSPD1,-0.4763939532106414,10.354060939807548,-0.6441931860018733,0.4149848608912441,9.290805663536675e-09,0.07183528538001754,1.363092118183514e-07
7780,7780,HSPE1,-0.3086989187171615,10.099053048607113,-0.6417659640949133,0.4118635526706735,1.0995654361341372e-08,0.046849140727242285,1.5624074487850882e-07
7781,7781,HSPG2,0.2867212141525381,5.1939372269303785,0.31344269214932075,0.09824632126181386,0.011668147298155816,0.11031886749959206,0.029927008141841075
7782,7782,HSPH1,-0.24140168240630835,8.91329173594893,-0.6035341685653138,0.3642534926258246,1.3000067042010708e-07,0.04050275611390276,1.2511842301988528e-06
7783,7783,HTATIP2,0.08655091802630123,6.3466715436705385,0.070932302156252,0.005031391489185832,0.5775434118078717,0.15457400798248674,0.7013724155439275
7784,7784,HTATSF1,-0.3184383215434989,9.418643337003546,-0.493252490161529,0.2432980190505493,3.455681008946689e-05,0.07132185503798337,0.0001699200096474581
7785,7785,HTATSF1P2,-0.35540610126643385,8.048229540162401,-0.4970019313071898,0.2470109197230766,2.946918366943332e-05,0.07880709105954672,0.00014744805276376582
7786,7786,HTN1,-0.11434422835589995,7.3647682561565055,-0.09374297319445972,0.008787745023337195,0.4612514461693184,0.15422792338300806,0.6001024017439914
7787,7787,HTN3,-0.22227900407577467,7.688157808988127,-0.1184747265053289,0.014036260820512484,0.3511262748097609,0.2365959761929107,0.4937748867462415
7788,7788,HTR1A,0.07535812860780962,6.643113635005558,0.09117653346272753,0.008313160254279873,0.4736637518653577,0.104529400322459,0.6113920985274501
7789,7789,HTR1B,0.001446085460185207,7.0097053594277146,0.0019876128441041244,3.950604818047687e-06,0.9875634639749241,0.09239861518845388,0.9925109988659887
7790,7790,HTR1D,-0.1069641907116277,7.431259370271897,-0.12685745371162507,0.0160928135621971,0.3178429336040312,0.10621935044034528,0.45867577816841903
7791,7791,HTR1E,-0.2868864600791637,8.07521344408566,-0.2748236447027453,0.07552803568770078,0.02796589616785718,0.12746970615394085,0.0638954928798214
7792,7792,HTR1F,0.3172322718371444,5.939898952227693,0.26322779681518416,0.06928887301617588,0.035594012227819403,0.14765808132906666,0.07855158717047318
7793,7793,HTR2A,0.8542166434857664,4.1272585541959215,0.4437016097931009,0.19687111853298914,0.00024038695044461406,0.2191158539713235,0.0009457811431464603
7794,7794,HTR2B,0.2854198419112297,6.0163953517549595,0.2426909926718364,0.058898917924041325,0.053327781094568524,0.14489479836205174,0.11047671478072146
7795,7795,HTR2C,-0.4120340863459065,8.263078077600932,-0.1910427637377928,0.03649733757657411,0.13048668939366892,0.2688643172230945,0.22991775905776243
7796,7796,HTR3A,0.09088255466749076,6.609160250431452,0.07753981274923026,0.0060124225611856924,0.5425174609976583,0.14840564202585,0.6720947149830829
7797,7797,HTR3B,0.20896882698192112,6.165085383504827,0.27379176895752355,0.07496193274888996,0.02858365855976864,0.09322772254671996,0.06509402945754442
7798,7798,HTR3C,0.1801360691231383,6.270702708351033,0.2224154520725255,0.049468633320625885,0.07731976854162853,0.10028202774661266,0.15065319306900896
7799,7799,HTR4,0.4723382606890245,4.720804623554899,0.4228541688384765,0.17880564810407878,0.0004995784947843183,0.12855519798730775,0.0018203554273185957
7800,7800,HTR5A,0.2527699624838505,5.935768892785092,0.29275713499825395,0.0857067400923859,0.01889554601578839,0.10484914418425434,0.045601587983048884
7801,7801,HTR6,0.23771773743372795,5.965379147795863,0.2503154699699889,0.0626578345062964,0.04604958329490312,0.11676888400488793,0.09781834961134926
7802,7802,HTR7,0.4493084549304739,5.127326481089282,0.3248206552367169,0.10550845806841012,0.008824605322907918,0.16614727677930538,0.023458977199554504
7803,7803,HTR7P1,0.01271279134851,6.972661631605054,0.008938696003861345,7.990028624944677e-05,0.944112837222242,0.1806148920661826,0.9667469023098001
7804,7804,HTRA1,0.07989087433971385,6.4723467354838,0.15082632818327024,0.02274858127324754,0.2341843091265167,0.06650086981499341,0.364129562629958
7805,7805,HTRA2,-0.3967855701742524,9.95819498548662,-0.5467366009546936,0.2989209108234918,2.9531710614801066e-06,0.07717300006001784,1.9074157501195067e-05
7806,7806,HTRA3,0.2449566584668849,5.667726613192865,0.2239874499188564,0.05017037772115221,0.07519635637178808,0.13536069445570414,0.14705834888748043
7807,7807,HTRA4,0.09625259576619123,6.672519878438514,0.10996165460954964,0.012091565484469886,0.3870484427872618,0.11049272549100236,0.5297727089664468
7808,7808,HTT,-0.021906508466335243,7.1573568877158085,-0.02026640570925921,0.0004107272003722945,0.8737066535573443,0.13724969244568053,0.9218533221001897
7809,7809,HUNK,-0.15280596634882154,7.904189557042391,-0.2673449950839769,0.07147334639645164,0.032708244964589545,0.06994708112377558,0.07310321443989953
7810,7810,HUS1,0.23320346844750955,5.667202439034628,0.2759849649963726,0.07616770090404901,0.02728410462493672,0.10314550542443976,0.06258660192833913
7811,7811,HUS1B,0.24836186298728866,6.108519938079894,0.16314529817316425,0.02661638831601067,0.19771519072300764,0.19074647333175693,0.3195881507133485
7812,7812,HUWE1,-0.3117151651856566,9.32077764943735,-0.1274439529275679,0.016241961137804146,0.3155923777650361,0.30809666720968226,0.4563310976818588
7813,7813,HVCN1,0.2282524040666175,5.668502834613342,0.3932609424533229,0.15465416885927574,0.0013059484186469005,0.06777287474414707,0.004299880341462464
7814,7814,HYAL1,-0.10392602878508478,7.711260685401652,-0.6409790881107125,0.4108541913952405,1.1609215350125285e-08,0.015805055413533914,1.638836756238351e-07
7815,7815,HYAL2,-0.4156569314044973,10.064032203283627,-0.5792495919660788,0.3355300897928688,5.312583302393544e-07,0.07428670668177903,4.231028606237949e-06
7816,7816,HYAL3,-0.2447278270932024,8.132725968971043,-0.38298960083281214,0.14668103434607674,0.0017867859744438548,0.07496459976707667,0.0056651318120910215
7817,7817,HYAL4,0.0028962356693735983,7.004073010255822,0.002714888666919389,7.370620473767336e-06,0.9830134645432256,0.13548288251117174,0.9899200086440963
7818,7818,HYALP1,0.3285206017661715,6.019973739312757,0.1919807926748608,0.03685662475606788,0.12857347630400726,0.2132821231316204,0.22728641872353283
7819,7819,HYDIN,0.04519299260220374,6.8646110925552595,0.03627511780863457,0.001315884172030317,0.7759697854976235,0.15811770255736907,0.8549090115309389
7820,7820,HYDIN2,-0.2677480714572179,7.9173095875779795,-0.1955221530527188,0.03822891233437079,0.12154180735635182,0.17055733221269528,0.21708906617467824
7821,7821,HYI,0.06829984715262488,6.55316563288164,0.08299504647064332,0.006888177738664247,0.5144008272060594,0.1041527617961581,0.6481641983676956
7822,7822,HYKK,-0.15232063776845586,7.795255522395282,-0.21849531494657445,0.04774020265360277,0.08282286337119324,0.08639696773950417,0.15921252608106432
7823,7823,HYLS1,0.07845882506645313,6.447549858110095,0.14155618263560335,0.02003815284236429,0.2645251371563753,0.0696821748280034,0.3997412313413334
7824,7824,HYMAI,0.14383877912817633,6.2614698551437735,0.369759017479523,0.1367217310074222,0.0026372880053214262,0.04590254591385643,0.008040331093233209
7825,7825,HYOU1,-0.14549900087021764,8.335495435264557,-0.2282328742827831,0.05209024490338066,0.06969323870825789,0.07882599528678222,0.13792790022183554
7826,7826,HYPK,-0.2601282550240433,8.568883535716362,-0.3792424722414676,0.1438248527518203,0.001998340949681976,0.08060389385387341,0.006279795859144273
7827,7827,HYPM,-0.03428263807201095,7.150501568973276,-0.041028669674054885,0.0016833517352227109,0.7475316338214655,0.10602910862259336,0.8358011942587689
7828,7828,IAH1,-0.4671737583520733,10.133324539104411,-0.4220945636050599,0.17816382062494598,0.0005126237631691186,0.12742817540406953,0.0018613124734116807
7829,7829,IAPP,-0.4130409694580802,8.416504830661953,-0.25931064960178196,0.06724201299689818,0.03853323510110908,0.19537159485861744,0.08415907272965377
7830,7830,IARS,-0.28824110938819564,10.049613462518344,-0.7489331482440684,0.5609008605387718,1.1061812368037976e-12,0.03238905788879429,1.0989946709159255e-10
7831,7831,IARS2,-0.3922171367629109,11.018762136267211,-0.3751002813947392,0.1407002211024125,0.0022580568831729424,0.12309932747679082,0.006991452931814422
7832,7832,IBA57,-0.3503397810413735,8.96310448298042,-0.2269788787487353,0.05151941139803309,0.07128406323856364,0.1909072346131393,0.14070334421940528
7833,7833,IBA57-AS1,-0.029213758311702486,7.126852184563759,-0.03821191292060633,0.0014601502890520008,0.7643451283841189,0.09702318083125737,0.8474244191663985
7834,7834,IBSP,0.2434400293067487,6.034371507434331,0.17843513404393815,0.031839097061278174,0.158334202669991,0.1704863236368704,0.2682045649889436
7835,7835,IBTK,-0.16600434581296286,7.948021887554782,-0.16252693501791082,0.026415004606316208,0.1994430108406579,0.12799270084315278,0.32170863312882286
7836,7836,ICA1,-0.5477340511156045,10.255021377174034,-0.6127698739841781,0.3754869184625856,7.376169911783283e-08,0.0897113227549046,7.686764169377623e-07
7837,7837,ICA1L,0.17876230903632878,6.340177358591308,0.08642316591057557,0.0074689636060068735,0.4971183454813761,0.2617110062972008,0.6329804063855589
7838,7838,ICAM1,-0.18481107866346147,8.089535036721253,-0.2543523477466823,0.0646951168042492,0.0425394730281823,0.08924276290412309,0.09145163192944382
7839,7839,ICAM2,0.12093093922209852,6.150733189963424,0.2790452777177865,0.07786626701659663,0.02555413993704284,0.05285229598738442,0.05914020522995219
7840,7840,ICAM3,0.3887619311123563,3.788802884164991,0.6216496718149208,0.3864483144675988,4.203776296721161e-08,0.0622110818882651,4.768610566029164e-07
7841,7841,ICAM4,0.22699814990022354,6.20638877816524,0.2870458867661134,0.0823953411093444,0.02146320353463496,0.09620617536020228,0.050948391545782505
7842,7842,ICAM5,0.13811617271350032,6.466035551061211,0.15646442157983484,0.024481115220312287,0.2169548235050978,0.1107263367823572,0.343106456072657
7843,7843,ICE1,-0.2365307602110461,8.878824520345354,-0.4485635076188218,0.2012092203673008,0.00020129939956545258,0.05985278527975674,0.0008081458097126207
7844,7844,ICE2,-0.27319718276924904,8.529276934469403,-0.4890214550934529,0.239141983541718,4.1268486941100484e-05,0.06188768942198596,0.00019916850561834879
7845,7845,ICK,-0.2370411779215385,7.95537334596631,-0.1425123853995416,0.02030977999226748,0.26127869809872223,0.2090834842396148,0.3959128267670443
7846,7846,ICMT,0.01194992805140116,6.935224390801428,0.012487917352927052,0.00015594807981353658,0.9219814405127637,0.12151938517545698,0.9532350486657387
7847,7847,ICOS,0.12491244503276,6.520216045222857,0.1836402558824124,0.0337237435805579,0.1463481770301152,0.08491660632773347,0.2517611831575425
7848,7848,ICOSLG,0.12943889588913754,6.297545002836523,0.10748494813131036,0.011553014074790476,0.3978959287256463,0.15205405081871365,0.5401159842120763
7849,7849,ICT1,-0.282667483832887,9.293110548935774,-0.6608055036123903,0.4366639136044248,2.814167170026749e-09,0.04077464072412261,5.007460153404211e-08
7850,7850,ID1,-0.20072346672335745,9.315715782506926,-0.6991762740435561,0.4888474621854298,1.3111045184541194e-10,0.02606698983599904,4.150872565368999e-09
7851,7851,ID2,0.1047714851031816,5.994256415357445,0.14620890941638592,0.021377045192728945,0.24898190588525745,0.09002872854264114,0.3812007333106087
7852,7852,ID2B,0.3038509336973026,5.797499077245623,0.24508287384897576,0.060065615054072964,0.050950002089827515,0.15265130975589655,0.1062623803578171
7853,7853,ID3,-0.18079497296180644,8.776306686463963,-0.5257714112808388,0.2764355769202449,8.141681122083745e-06,0.03714771805230918,4.6815747397430564e-05
7854,7854,ID4,-0.19798787028170864,8.090212641576679,-0.6387156017391651,0.4079576199050236,1.3560106849826298e-08,0.030290860614710462,1.8608625718186848e-07
7855,7855,IDE,-0.16876408734867435,8.308509052351381,-0.35015450255115643,0.1226081756568478,0.004562243359275307,0.05733519142531687,0.013080283323858966
7856,7856,IDH1,0.3172668463709158,4.152301709075204,0.25550587944601616,0.06528325443148214,0.04157803196556505,0.15246422848631572,0.08972121129326757
7857,7857,IDH1-AS1,0.09106572902862388,6.5925206866814205,0.15676401844908436,0.02457495748030486,0.2160648723678588,0.0728634426660598,0.34183304040626783
7858,7858,IDH2,-0.20283490930081305,8.626123768317209,-0.5478703900479852,0.30016196429133146,2.7900748291322996e-06,0.039333971543836464,1.812209670811636e-05
7859,7859,IDH3A,0.3546297674871393,4.402487015342459,0.610578677834207,0.3728063218257684,8.451519134608082e-08,0.05841690510099312,8.649227167293858e-07
7860,7860,IDH3B,-0.17375775858392026,8.535763645893272,-0.17283693250963694,0.029872605239340808,0.17201841168052856,0.12575527037621126,0.2862347245229634
7861,7861,IDH3G,0.06561615427679081,6.461552794921062,0.05773780226911648,0.003333653810867591,0.6504212448846098,0.1440885849837344,0.7604862807163028
7862,7862,IDI1,0.10831088958897213,6.133944337152013,0.15177567573886566,0.023035855745989285,0.2312188799725415,0.08958048623070279,0.3604665981050498
7863,7863,IDI2,-0.1857490157045056,7.959601921872358,-0.1580251953316712,0.02497196235961284,0.2123466761891588,0.14740522997661554,0.337420551282377
7864,7864,IDI2-AS1,-0.2568410577564004,8.048354095886321,-0.3010751120132917,0.09064622307381616,0.015627013783412882,0.10331424015472387,0.03859963311050598
7865,7865,IDNK,0.4327164826088873,4.275686166073979,0.3971520510799537,0.1577297516770141,0.0011566634773611392,0.12699204411710058,0.0038605961162539253
7866,7866,IDO1,-0.008834595309401184,7.06806272567752,-0.03725066855511319,0.0013876123078028985,0.7701082257952754,0.030099218422120436,0.8510673608477015
7867,7867,IDO2,0.08152488695389025,6.722601154082433,0.0623379236408548,0.003886016723853044,0.6245934100187258,0.16576641539992693,0.7391700883180904
7868,7868,IDS,0.4623608225739711,4.5702959371833245,0.4793065543405498,0.2297347730338104,6.1492571636404e-05,0.10752066983837333,0.0002830226649917808
7869,7869,IDUA,0.07452591069992788,6.63853946706619,0.08260366889930283,0.00682336611562565,0.5163931092388525,0.11418928576985955,0.6499427007752211
7870,7870,IER2,0.031098739963633368,6.723553441982457,0.05165222754828919,0.002667952610700244,0.6852243767560631,0.07636208534160659,0.7881099361935705
7871,7871,IER3,-0.15316268762367474,8.422713969181597,-0.51750412987024,0.2678105244327542,1.1925216654809275e-05,0.03216288921795935,6.58273175273757e-05
7872,7872,IER3IP1,-0.015353312414125388,7.1421060436344375,-0.025698766502683143,0.0006604265997594293,0.8402518343072611,0.07584911307111583,0.899617001479469
7873,7873,IER5,-0.13305703776667688,8.10990906909738,-0.2104257198712588,0.04427898358333748,0.09512306329902948,0.07850706697026734,0.17846906391790707
7874,7874,IER5L,-0.3591412333524793,9.059118237097223,-0.5291612048954634,0.2800115807664186,6.942016967771909e-06,0.07313818587194698,4.081709949418971e-05
7875,7875,IFFO1,0.1793450994667231,5.992864886206252,0.2636170832096593,0.06949396655996845,0.03531239014200547,0.08334503163341993,0.0780801108199523
7876,7876,IFFO2,-0.16496835499319853,8.004143170455839,-0.28734931052289325,0.08256962625798213,0.021319698847806816,0.06983629596384237,0.05065198046377136
7877,7877,IFI16,-0.0012692345707464145,7.025832569143067,-0.003859753461511851,1.4897696783652713e-05,0.9758520835939568,0.04176218833115779,0.9860058263450511
7878,7878,IFI27,0.07595550006369806,6.1377132128472764,0.18341411661373835,0.033640738173198015,0.1468544209767986,0.05170111756221223,0.25251171083472873
7879,7879,IFI27L1,0.02241416308055192,6.858604942137276,0.0213426006017534,0.00045550660044596465,0.8670595256127865,0.13334612844014848,0.9177161164181966
7880,7880,IFI27L2,-0.1216477746884818,7.925086490602123,-0.16048636811551026,0.02575587435090707,0.2052210155569962,0.09501760359967057,0.3288000215956461
7881,7881,IFI35,-0.049620737266282036,7.416397103985294,-0.07888890157187793,0.0062234587912174425,0.5354952227433993,0.07963350463360205,0.666292177000018
7882,7882,IFI44,-0.11972054582526688,7.5068392252051215,-0.2891967970056066,0.08363478739830202,0.02046340422460477,0.05032846233817488,0.04889495955906613
7883,7883,IFI44L,0.04674443753446497,6.828196928135633,0.16138047643925685,0.02604365817576153,0.20267484486084572,0.03630386346792545,0.32565896381249493
7884,7884,IFI6,-0.10138595309436356,7.77125775372466,-0.5934800519109931,0.35221857201627504,2.3613316273455533e-07,0.017461842378701582,2.088833185872874e-06
7885,7885,IFIH1,0.13578262155417878,6.354689072448242,0.14236390298967694,0.020267480874454145,0.2617810456881902,0.1198953170080692,0.3964623294900363
7886,7886,IFIT1,0.09601034082137888,6.421111609281001,0.5860212735687279,0.34342093307511384,3.62935335450426e-07,0.016859795435256668,3.0228325727611443e-06
7887,7887,IFIT2,0.2058431561152128,5.76599523488766,0.568711620535593,0.3234329073322203,9.451937049420356e-07,0.03780975996739135,7.019262579053423e-06
7888,7888,IFIT3,-0.08753489701056165,7.580299216579603,-0.3003520857181493,0.09021137539524253,0.015890431369378358,0.035304086572838296,0.039160952691918556
7889,7889,IFIT5,0.1048419891388128,6.263989644831524,0.2503148241453577,0.06265751118692132,0.04605016331929943,0.051499378623697765,0.09781834961134926
7890,7890,IFITM1,-0.16051822338630622,8.72738535126597,-0.6372800934895678,0.4061259175580723,1.4954134265337884e-08,0.02465161253380065,2.0189013560841138e-07
7891,7891,IFITM10,0.1749952711598682,6.0961639140000035,0.2005371904407747,0.04021516474987954,0.1120908877509909,0.10857316149670077,0.20373746636290985
7892,7892,IFITM2,-0.1888619789396349,8.909105535864418,-0.6707374123576516,0.4498886763362384,1.3288104530967388e-09,0.02652292715708773,2.679272845606134e-08
7893,7893,IFITM3,-0.20719669583123032,9.384087115133314,-0.6940706237303825,0.4817340307254823,2.0262703796247357e-10,0.027293527172753226,5.913596370724212e-09
7894,7894,IFNA1,-0.006401083400451306,7.035639633127733,-0.003674285911714725,1.3500376961025304e-05,0.9770121098142645,0.22124922687651416,0.9866929913029558
7895,7895,IFNA10,-0.6270480717971758,9.012032759230724,-0.3859544768598507,0.14896085820816102,0.001633870282191082,0.1903459657151044,0.005237042770995837
7896,7896,IFNA14,-0.12509431307519756,7.4569799268457055,-0.11806503146681695,0.01393935165526048,0.35280629536169883,0.13362024027438624,0.49542963011851293
7897,7897,IFNA16,-0.2883964197426531,7.926769562478634,-0.17863273534562585,0.031909654137060414,0.157866331566543,0.20173948877619305,0.2675375966562442
7898,7898,IFNA17,-0.10539716178581188,7.483066646406423,-0.10786261342592858,0.01163434337507131,0.3962303785558213,0.12337323588051935,0.5384943421379635
7899,7899,IFNA2,0.050416507155663225,6.854778895723013,0.029294586972607676,0.0008581728258956751,0.8182572903224409,0.21847568048565166,0.8854368190052198
7900,7900,IFNA21,-0.1886255344305785,7.769136354955157,-0.19097858866053172,0.03647282132676859,0.130618364762712,0.12312661605255225,0.23003746656933377
7901,7901,IFNA4,-0.31729312942724586,8.20868632491225,-0.2841379533434145,0.08073437653018438,0.02288061357256188,0.13597406630449185,0.05386819818589123
7902,7902,IFNA5,0.01565820352377728,6.96874085584576,0.01217298229572106,0.0001481814979719384,0.923943104596226,0.16334916505614425,0.9546251219061631
7903,7903,IFNA7,-0.06212304688999366,7.251947950071357,-0.05691773986890485,0.00323962911178432,0.6550700535187284,0.13838997736451988,0.7638956386078656
7904,7904,IFNA8,-0.24740172606780245,7.7549371960362325,-0.10973232174521703,0.012041182435595831,0.3880454178056605,0.2846044806964137,0.530801814325158
7905,7905,IFNAR1,-0.08621001255062251,7.532970891874495,-0.0843841010347918,0.00712067650744995,0.5073615421747752,0.12928539564427408,0.6420965575240932
7906,7906,IFNAR2,-0.2125431776244036,8.470624343859459,-0.2263875212902037,0.05125130979592245,0.07204426979122222,0.1161380245701506,0.14190637277868992
7907,7907,IFNB1,0.058884468141555464,6.7620336065137545,0.08322997032258407,0.006927227959898225,0.5132068378567831,0.0895397153764597,0.6470268617250234
7908,7908,IFNE,-0.1209397637846722,7.406333290201287,-0.08943200817985622,0.00799808408708187,0.4822021498048883,0.17105530350758827,0.6192674388580748
7909,7909,IFNG,-0.0026228508155393183,7.026241566244898,-0.003407575704345328,1.1611572180844556e-05,0.9786803592842854,0.0977529134054046,0.9875561299477613
7910,7910,IFNGR1,-0.057144851578748164,7.503388522510263,-0.07342921079248341,0.005391848997606962,0.5641859411236299,0.0985685597512411,0.6910120378245562
7911,7911,IFNGR2,0.2717491563299311,4.319981897176536,0.38163090438337016,0.14564214718046906,0.0018610546800910766,0.08358892326406663,0.005879086666283335
7912,7912,IFNK,0.05124549363819672,6.8635517621416495,0.03209877478207815,0.0010303313425105759,0.8012003498189411,0.20265043096663596,0.8728217213631818
7913,7913,IFNL1,0.05478969570343559,6.779833605368147,0.07229215255525913,0.005226155321072859,0.5702507397866539,0.09600062627735267,0.6956667100490107
7914,7914,IFNL2,0.227170011958092,5.9922955277696826,0.2985416426669137,0.08912711240625917,0.016566788840600748,0.09223146897339823,0.04064738413134027
7915,7915,IFNLR1,0.3543009076637069,4.797423508684302,0.6288083079188658,0.3953998881077871,2.6372640449219353e-08,0.05564065844609874,3.197645738677744e-07
7916,7916,IFNW1,0.2701897968877149,6.049650629489431,0.24059930437321206,0.05788802526487352,0.05548053221494283,0.1384299285366225,0.11429137415473621
7917,7917,IFRD1,-0.20154930079747624,8.208180996706837,-0.476165140205895,0.22673324074729964,6.977857267799222e-05,0.04727075338962095,0.00031580159787689566
7918,7918,IFRD2,-0.2878206880254978,9.443356008021688,-0.7683362415441516,0.5903405800701929,1.2559183256557182e-13,0.030449931240133107,2.2069525342750906e-11
7919,7919,IFT122,0.1766108989513466,6.2407391082908985,0.12426224409854204,0.01544110530840565,0.3279242490040598,0.17910318703587266,0.4696249991523653
7920,7920,IFT140,-0.5722513531841188,9.689171928579661,-0.6046298597976004,0.3655772673588659,1.216620664715102e-07,0.09573941303677598,1.181431412305181e-06
7921,7921,IFT172,-0.20965754909080536,8.802956907833153,-0.2555400780236873,0.06530073147635221,0.0415498045096506,0.1007375972786476,0.08968909655666704
7922,7922,IFT20,-0.15187952427484733,8.385658794527007,-0.16501379345416906,0.027229552030135155,0.19255925532170004,0.11528911872145438,0.31286544672804734
7923,7923,IFT22,-0.458501702117704,9.865378169073633,-0.7215780755145101,0.5206749190632239,1.7346063243676363e-11,0.05586976640510849,8.3596520796878e-10
7924,7924,IFT27,-0.43969086673650376,9.292094429384157,-0.26501852237210466,0.07023481720029373,0.034313858717831554,0.2031711370216349,0.07624323933250998
7925,7925,IFT43,-0.3838419691427862,9.459144414674387,-0.43605656465985904,0.19014532758295785,0.0003160727855540472,0.10060448238338764,0.0012075787175675533
7926,7926,IFT46,-0.2658215260764481,8.87349573321803,-0.4178321240976118,0.17458368392792206,0.000591745111045479,0.07340556743770663,0.0021226172568643113
7927,7927,IFT52,-0.1742980047926284,8.112955462704438,-0.1787150129832268,0.03193905586559493,0.15767181998535135,0.1218672141838807,0.2673334843237381
7928,7928,IFT57,0.3198215466492847,4.896448195998053,0.4347252077186793,0.18898600622604889,0.0003312870583514672,0.08414168885019548,0.0012605906253032899
7929,7929,IFT74,-0.13119432283126647,7.753857689261477,-0.2655405969024563,0.07051180860331277,0.033947946580501015,0.06049370841606344,0.07553095481359802
7930,7930,IFT80,-0.2876493364333297,8.47543666339307,-0.4264158568371247,0.1818304829621392,0.0004423450961390043,0.07749181500118804,0.001633802329334835
7931,7931,IFT81,-0.445766297658016,9.29380147793821,-0.4474448774058499,0.20020691831673607,0.00020973784313348823,0.113151591500403,0.0008382932803720354
7932,7932,IFT88,-0.24797627041511536,8.822741922699214,-0.42719429162925804,0.18249496280062352,0.0004306601668004919,0.06665520324115733,0.0015958155222561006
7933,7933,IGBP1,-0.2396192331280492,9.398199869800543,-0.27838390888474895,0.07749760072595224,0.025919948217458973,0.10499423479539764,0.05987801137711479
7934,7934,IGDCC3,0.21387156917934855,5.938226715798559,0.16314732077172667,0.026617048274992675,0.1977095567991657,0.16425520203744495,0.3195881507133485
7935,7935,IGDCC4,0.0987264751970052,6.631707300315112,0.20319067214230804,0.04128644924564292,0.1073246056786922,0.06041968448546727,0.19685874436490594
7936,7936,IGF1,0.2624078261916185,5.551111636175404,0.7495346094405566,0.5618021307492077,1.0371317833797262e-12,0.02943231199138025,1.0501353504206115e-10
7937,7937,IGF1R,0.11664297177787693,6.316956234821997,0.14895940274677932,0.02218890366667721,0.2400923605846115,0.09833820789422107,0.37102690847497055
7938,7938,IGF2-AS,0.13086925187483064,6.367230248209576,0.19097084176258605,0.03646986240351068,0.13063426676166745,0.08542940157929775,0.2300467631718231
7939,7939,IGF2BP1,0.19932993837371732,6.145897208886682,0.14481565991160347,0.0209715753556332,0.2535694628752473,0.1729652307731003,0.38644849873766485
7940,7940,IGF2BP2,0.24956659964624006,5.453512637599739,0.3180412952591336,0.1011502654901074,0.01043541805019358,0.0944823421890876,0.027173999263701534
7941,7941,IGF2BP3,-0.3475940167447419,8.195731887085682,-0.2872295350418068,0.08250080580033249,0.02137624915114356,0.14721436770516855,0.05076800563369311
7942,7942,IGF2R,0.15473867545542686,5.7391922709458045,0.23893965915350404,0.057092160716392684,0.05723843697596686,0.0798636975989931,0.11727678614008537
7943,7943,IGFALS,0.15118467776832045,6.016306969537148,0.2775905294188913,0.07705650202306039,0.026364590220869063,0.06644997868852515,0.06075611378449713
7944,7944,IGFBP1,-0.21766950153051026,7.710410716157145,-0.10131281924735663,0.01026428734384756,0.42569448527945575,0.27145444521999706,0.5668335533866208
7945,7945,IGFBP2,-0.07978842008934257,7.749364212544178,-0.5611365799475972,0.3148742613552862,1.4128333389578431e-06,0.014947225331624863,9.946328333918106e-06
7946,7946,IGFBP3,0.10651256578231123,6.135876618618479,0.5450024369693948,0.2970276563025791,3.219973253046091e-06,0.020810172359109255,2.0502358363632193e-05
7947,7947,IGFBP4,0.07356575596454255,6.379890274036572,0.1269642687235711,0.016119925532511178,0.3174322932777413,0.07299101862260768,0.45823587167052116
7948,7948,IGFBP5,0.2902080980271909,5.445002414138832,0.42158922061835497,0.17773747094159206,0.000521473140672731,0.0792737556876342,0.0018880623409576977
7949,7949,IGFBP6,0.18368922252204534,5.825430393904532,0.4098491647396632,0.16797633783779956,0.0007703733736769957,0.05191963320175332,0.0026846532679393855
7950,7950,IGFBP7,0.09796069926470456,6.295660148854593,0.1332117212471611,0.01774536267763135,0.2940053698058187,0.09256048803298957,0.4326664140771324
7951,7951,IGFBP7-AS1,0.042104306738635,6.8856790666324565,0.02787645948721152,0.0007770969935421451,0.8269158839212697,0.19174508997010425,0.8911000051405332
7952,7952,IGFBPL1,0.13329718441434665,6.387557398870361,0.18670681624813448,0.03485943523351465,0.13961128410772128,0.08907590484085512,0.242502795969576
7953,7953,IGFL1,0.016090021669617423,6.945750120044519,0.013756592964049005,0.00018924384997852256,0.9140839342200312,0.14852815940214342,0.948021694261847
7954,7954,IGFL2,-0.1129890328092466,7.5538326234829745,-0.2531738023378326,0.06409697419019593,0.04354063013889075,0.05483238138636701,0.09326135961005728
7955,7955,IGFLR1,0.16716909357370816,5.9241304467521285,0.2729072127383355,0.07447834676460711,0.029122312265999425,0.07484079994992256,0.06616762901271823
7956,7956,IGFN1,0.12794796528888402,6.462641931739416,0.13025587359235027,0.016966592605306332,0.3049444935293521,0.1236870870913508,0.4445353757911895
7957,7957,IGH,0.29899277630551163,5.323811963253156,0.3194893046040499,0.10207341575637938,0.010071420525181531,0.11262347978630367,0.026330630384257644
7958,7958,IGHD,0.2094869367398619,5.8624777460001045,0.4517214493587576,0.2040522678107766,0.00017912760833298808,0.05254515330164502,0.000727768922786277
7959,7959,IGHG1,0.1972994092673004,6.093862669509921,0.14120223389879294,0.01993807085800943,0.2657336907742065,0.17567709132121612,0.40114765240261013
7960,7960,IGHM,0.10987948375434864,6.086115786369198,0.5334657553533179,0.28458571213468603,5.655780466512747e-06,0.02212549645152482,3.4011642877626645e-05
7961,7961,IGHMBP2,-0.2969665000682146,8.61949622605691,-0.1624906397549496,0.02640320800797281,0.19954475976848512,0.2290196962680149,0.32182481364314774
7962,7962,IGHV1-69,-0.0717262085788296,7.2381906994702065,-0.11847977410919885,0.014037456872966784,0.3511056071905125,0.07634278880845984,0.4937748867462415
7963,7963,IGHV3-54,0.2230094350989815,5.872665370295406,0.3513812379737656,0.12346877439997607,0.004412767593866549,0.0754627313451463,0.012698801627266462
7964,7964,IGHV5-78,0.29692304391107915,6.027884695885664,0.19876825250218047,0.039508818202770565,0.1153576900727312,0.18592925569525812,0.20841187300692537
7965,7965,IGIP,0.21354857464874966,5.514112477008026,0.3125494452014143,0.09768715569571187,0.011921684017013413,0.08242532528273773,0.030487017877707304
7966,7966,IGJ,0.1576861462957566,5.114314862472819,0.6073336578617471,0.3688541719717296,1.0319165069001149e-07,0.02619601332802933,1.0245828499276472e-06
7967,7967,IGK,0.10716296376819634,6.140914886485644,0.5058219993290123,0.2558558950051993,2.0111023532864453e-05,0.023210242633146347,0.00010446251249800426
7968,7968,IGKC,0.26023715711717205,4.98228805148819,0.5553063411804351,0.30836513255520165,1.9122209699469373e-06,0.04949704453920877,1.2928237622291891e-05
7969,7969,IGLC1,0.24336790531654376,4.8789470540987665,0.5937349137918527,0.3525211478554188,2.3264573755933718e-07,0.04188781103197757,2.063039904523934e-06
7970,7970,IGLJ3,0.15691866323421408,5.779470886010111,0.5305753695954684,0.28151022282136784,6.49207364886968e-06,0.03183772054506102,3.8527227971025736e-05
7971,7971,IGLL1,0.2981004827955569,5.2180567656758825,0.3704852969751648,0.137259355274776,0.0025825911123531927,0.09491524796546907,0.007888012769817826
7972,7972,IGLL3P,0.16577220314926308,5.2646252790621535,0.5089099611369022,0.2589893485443633,1.754880414531861e-05,0.03561124345084519,9.271025951863247e-05
7973,7973,IGLL5,0.10684252775875808,5.9010978196620405,0.5435121499410818,0.29540545713357697,3.467098193197941e-06,0.020956014497398517,2.190837799057526e-05
7974,7974,IGLON5,0.022335420038244173,6.908520041000713,0.03023698910641249,0.0009142755102213076,0.8125151811144837,0.09376939474563116,0.8812048002721563
7975,7975,IGLV1-44,0.1599306151969221,5.76025856073834,0.5667517855034216,0.3212075863713165,1.0497912939605758e-06,0.029526458270142438,7.695744912226224e-06
7976,7976,IGLV6-57,0.21286439972354812,5.672630358896303,0.4682115978985764,0.21922210040673812,9.557721134354749e-05,0.0510186283537662,0.0004175419595692237
7977,7977,IGSF1,0.3990458386975307,5.1548453500983475,0.2612467896130819,0.06824988508314188,0.037056246775870834,0.18725167309031765,0.08127752698586883
7978,7978,IGSF10,0.6143743031362512,4.4181026520538635,0.492964401947027,0.24301390158699,3.497958051261077e-05,0.13771003567278936,0.00017176481088448668
7979,7979,IGSF11,0.3221034516011625,5.961498014795393,0.28401992873678633,0.08066731991964919,0.022939778352699697,0.13809789827372984,0.053989881559364405
7980,7980,IGSF11-AS1,0.26171680313964824,6.274268717424773,0.13046530209874316,0.017021195051716315,0.3041608704787697,0.2525880584196114,0.4436319559653639
7981,7981,IGSF21,0.1295411963709544,6.449493525934145,0.1931252867267746,0.0372973763732989,0.1262680492476752,0.08358320016424457,0.22390555244500546
7982,7982,IGSF22,-0.1669730441363881,7.986291907911121,-0.2404584540367424,0.05782026811774015,0.055627996564791886,0.08560070635645597,0.11454067372925437
7983,7983,IGSF3,0.5711600853471807,3.857032878558925,0.6190216199575268,0.3831877659748407,4.9739576027170995e-08,0.09203068978227727,5.520812500606806e-07
7984,7984,IGSF5,0.19777447364068687,6.276704187426162,0.2745165774715649,0.07535935130670171,0.028148546292394355,0.0879816916050564,0.06421118402631411
7985,7985,IGSF6,0.21055986148765676,6.161361505497402,0.3938225003835725,0.15509616180836902,0.0012833847145778932,0.06241412089014022,0.004231123789265423
7986,7986,IGSF8,0.12148670518050007,6.255913686309468,0.172880875733909,0.029887797194523287,0.1719077396793677,0.08790163212869226,0.28610132193630045
7987,7987,IGSF9,0.19848532340346173,5.926327713468772,0.6001948669931315,0.36023387836490284,1.588640097386583e-07,0.03359316297408977,1.4822060021071286e-06
7988,7988,IGSF9B,0.17917985084655558,6.288889081681813,0.1002170822402324,0.010043463572745505,0.4307425527831476,0.2259225781309541,0.5717622888634952
7989,7989,IHH,0.06477108448834729,6.507317485870504,0.10382359543031076,0.010779338968076844,0.41425523314480894,0.07880174754151552,0.5553579566489715
7990,7990,IK,-0.027733656850142997,7.281518680105085,-0.027251151830985174,0.0007426252761154067,0.830740391634594,0.12920077257300355,0.8934531465481336
7991,7991,IKBIP,-0.16942350328943093,7.714849711309979,-0.1906689688594347,0.036354655685920084,0.13125506051860827,0.11077873685214278,0.23087712903342233
7992,7992,IKBKAP,-0.4310814362722411,9.297008275050878,-0.5892338313882834,0.3471965080525161,3.019970717640655e-07,0.07507010728889818,2.574703381516078e-06
7993,7993,IKBKB,-0.16980080273525386,8.039108071792128,-0.2410690850654385,0.05811430377428764,0.05499098751547382,0.08681634051660463,0.11339076696320564
7994,7994,IKBKE,-0.2890220987694457,8.870272586538668,-0.23054572256610745,0.05315133019352858,0.06683380861488465,0.15492390077297774,0.13318175444513916
7995,7995,IKBKG,0.15049984991678347,5.93129226931747,0.11971135765402005,0.014330809151368704,0.34608533197048386,0.15851503352703586,0.4885260324503506
7996,7996,IKZF1,0.4907089943775096,4.8151594415148224,0.5919879807981584,0.35044976940948075,2.5755858739383887e-07,0.08484410153080385,2.2480577226979364e-06
7997,7997,IKZF2,-0.1624330918360272,7.7462509146995595,-0.10448833019981807,0.010917811147946216,0.4112566375567317,0.1963482649638192,0.5528286910454939
7998,7998,IKZF3,0.2541909731685849,5.842503939974698,0.4582040834452292,0.20995098208588253,0.00014046502463014993,0.06262277990796873,0.0005878952664023767
7999,7999,IKZF4,-0.27191270197013623,8.26045768962444,-0.13492047941453345,0.018203535765447545,0.2878001251461809,0.25361007755154,0.4263450342071794
8000,8000,IKZF5,-0.06149803159533065,7.36250213877042,-0.09093876755221872,0.00826985944391647,0.4748226772504232,0.08552893467764522,0.6123323651654308
8001,8001,IL10,0.36195518725810377,5.833702384272067,0.286724782225749,0.08221110074240318,0.021615963074798558,0.15359077399452378,0.05122495955184535
8002,8002,IL10RA,0.16942052730318052,5.956050597017362,0.6089974754613295,0.3708779251182727,9.317670004942904e-08,0.028023485706816332,9.424294439842999e-07
8003,8003,IL10RB,0.31429505106099664,4.269420640989951,0.6328609852737629,0.4005130266816779,2.0147374225894954e-08,0.04883410695421727,2.561898936357929e-07
8004,8004,IL10RB-AS1,0.10609454747212664,6.571047003880074,0.12660116988650946,0.01602785621663283,0.3188295771033041,0.10557252358312144,0.45971189448560373
8005,8005,IL11,-0.006588368087406789,7.047186853956061,-0.005952334146706532,3.5430281794048556e-05,0.9627678387907134,0.14056817718812828,0.9778540607951137
8006,8006,IL11RA,0.2318287702240817,5.774934381972628,0.32341810129888954,0.10459926824777878,0.009138824233341294,0.08614218550427795,0.024178781220420748
8007,8007,IL12A,0.2265367832596669,6.2716692130279,0.1688762701406313,0.028519194616611482,0.1822082280262228,0.16791572476198838,0.29946259698754213
8008,8008,IL12A-AS1,0.2714202820341452,6.073285872020238,0.25778952009108724,0.06645543666879307,0.03972757838808949,0.12919589704608966,0.08632921607546702
8009,8009,IL12B,0.1520516376526376,6.568425618859124,0.08401514352973917,0.007058544342322676,0.5092264748365302,0.2290337611850797,0.6438171013886654
8010,8010,IL12RB1,0.1323774882949612,6.331315795646996,0.1254733740111922,0.015743567585752526,0.3231945900357941,0.13292933933110884,0.4645412748722369
8011,8011,IL12RB2,0.10070908357048547,6.682117108264058,0.07543241753475605,0.005690049615137771,0.5535756356801949,0.16907354760553767,0.6818542967211546
8012,8012,IL13,0.09107441525688748,6.57751861511932,0.11466951831076365,0.013149098429622565,0.3669204309065493,0.1002024475392848,0.5101845708921852
8013,8013,IL13RA1,0.11622973679984715,6.036303004281892,0.15293884304402022,0.023390289711643454,0.22762116112960895,0.095381495639112,0.3559457137681746
8014,8014,IL13RA2,-0.06633846778920209,7.299421495664348,-0.32977514240968225,0.10875164455132623,0.007788754865657116,0.024118541741837363,0.0210122694176909
8015,8015,IL15,-0.1346434150544757,7.701537515230116,-0.2062079314011811,0.042521710972754215,0.10209686608440144,0.0811424983974123,0.1890957607815355
8016,8016,IL15RA,-0.2044850217503172,8.448487396198058,-0.3015409955026098,0.09092697196870496,0.015459272870865163,0.08211427811985382,0.038246378843663324
8017,8017,IL16,0.27488655946674045,5.520433568066206,0.5358438542136091,0.2871286360984956,5.04429827263322e-06,0.055007890636526204,3.073558781482059e-05
8018,8018,IL17A,-0.4007063985885273,8.423650468064311,-0.4091212993223721,0.16738023755922599,0.0007888738136409101,0.11350152588184464,0.002744267057733961
8019,8019,IL17B,0.06467277980908608,6.741455139495036,0.1140022520638642,0.012996513475632828,0.3697338781875956,0.07157668760328788,0.5127825753908276
8020,8020,IL17C,0.1994319315244334,5.7148160253972815,0.2761580356602944,0.07626326065975242,0.02718370573866373,0.08814857061557352,0.06237820788076328
8021,8021,IL17D,-0.13426918630322332,7.58352852534832,-0.1546663600593457,0.02392168293400717,0.22235002219996194,0.10892485237855763,0.3494187032467472
8022,8022,IL17F,-0.060967638623004125,7.270022622501866,-0.07715611006038459,0.005953065319650179,0.5445228458420528,0.10005450574324884,0.6742319301680858
8023,8023,IL17RA,0.5328586497159098,3.4510919855708133,0.5287085293945817,0.2795327090545812,7.0920810577772735e-06,0.10864431169086716,4.1586519173075236e-05
8024,8024,IL17RB,-0.16798386306493376,8.360596838624588,-0.4828205567865563,0.2331156900556803,5.33058502808114e-05,0.038694647374758015,0.00024947875250291135
8025,8025,IL17RC,-0.4379759824664693,9.761484512479866,-0.3328044543436383,0.11075880483096684,0.007209173781640338,0.1576068565759719,0.01961978864413994
8026,8026,IL17RD,-0.2724464712868547,8.14541178083467,-0.6004067318905627,0.3604882436995061,1.5686647992570252e-07,0.04608547370380208,1.467362256065265e-06
8027,8027,IL17RE,0.17181853177716258,6.253588005859236,0.14354466850249484,0.02060507185549113,0.2578042413994001,0.15044093276897916,0.39174449845653003
8028,8028,IL18,0.0026108438811198124,6.995388999965496,0.007882772112452165,6.213809617685357e-05,0.9507060107650198,0.042062259036849486,0.9702939531815199
8029,8029,IL18BP,0.4782628383485588,4.29652577079791,0.6640630011540539,0.4409796695017292,2.207061203624386e-09,0.06838727669377248,4.07450216236028e-08
8030,8030,IL18R1,0.21109270004356112,6.167978957415185,0.29558145187928203,0.08736839469506431,0.017725804230505203,0.08664588550381433,0.043148863602921556
8031,8031,IL18RAP,0.4038570799350045,5.158597262738304,0.4770493552818815,0.2275760873748588,6.734781682054823e-05,0.09449229516631943,0.00030677681389334706
8032,8032,IL19,0.07703813862976604,6.666894791303578,0.08716644196380753,0.00759798860462983,0.4934114322913974,0.11181612436434657,0.629815771663437
8033,8033,IL1A,-0.3755003899419692,8.525493242837241,-0.5157366663431315,0.26598430901072656,1.292242221605425e-05,0.07922079764212109,7.057630594921937e-05
8034,8034,IL1B,-0.10837502620276443,7.690112441920579,-0.4217874636087259,0.1779046644574823,0.0005179851628617781,0.029586990706871225,0.0018779455385521187
8035,8035,IL1F10,-0.07620854869243186,7.403574994838617,-0.07192519604436018,0.0051732338260196435,0.5722144483276805,0.13421483530278705,0.6971532167181079
8036,8036,IL1R1,0.4007536640444979,4.724043435638542,0.6485938511538709,0.4206739837546098,6.819166813622288e-09,0.05972695112650408,1.057044075511744e-07
8037,8037,IL1R2,0.13191309297910814,5.805271749252903,0.7312431081578504,0.5347164832283537,6.814853771845528e-12,0.015627485564179002,4.074067778954894e-10
8038,8038,IL1RAP,-0.47340307180769,9.139108331392144,-0.4577051088697772,0.20949396668549455,0.00014314331773187728,0.11678903267444934,0.0005963386967071571
8039,8039,IL1RAPL1,0.3858998064059136,5.443787644895483,0.3049195734232165,0.09297594625659633,0.014288431308002862,0.15307448770137225,0.03567988698971425
8040,8040,IL1RAPL2,0.055088942875603536,6.774902285450845,0.06599993444895066,0.004355991347265785,0.6043476377804935,0.10577356254051863,0.7231267596494965
8041,8041,IL1RL1,-0.2489591465606937,8.133396847349779,-0.17437080909685196,0.030405179065090788,0.16818600531762268,0.1785474296821006,0.2812190522085645
8042,8042,IL1RL2,-0.20594344189818936,8.058534196121602,-0.3519896327001245,0.12389670152836856,0.004340254588162874,0.06955044411284961,0.012520076342968834
8043,8043,IL1RN,-0.19105507113797832,7.9361991241456735,-0.36479139063432137,0.13307275868092205,0.00303991842768545,0.06193119637469829,0.009126498482119565
8044,8044,IL2,0.2895301991753578,6.132091290065513,0.16318672563949838,0.026629907424940917,0.19759981787939407,0.22230651735262705,0.31944935096515703
8045,8045,IL20,0.06288315032486679,6.787468875724039,0.06459731699505443,0.004172813362959548,0.6120682165983795,0.12337181534919245,0.7298154837752324
8046,8046,IL20RA,-0.2051948825076845,8.199349997439647,-0.4742499557694647,0.2249130205473392,7.532353313051116e-05,0.0483769631607402,0.00033883072495663046
8047,8047,IL20RB,-0.2373628771448908,7.890219640451832,-0.3448419889230129,0.11891599732437938,0.0052624469260843295,0.0820550793065255,0.014865417190758696
8048,8048,IL21,-0.08228862431545039,7.368791970619857,-0.07257978027738081,0.005267824505112876,0.5687137407184756,0.1436089116810676,0.6945742516078387
8049,8049,IL21R,0.24872627896397045,6.038747666193178,0.2705995983931082,0.07322414265051146,0.03056779131837225,0.1123792258842712,0.06902455901974464
8050,8050,IL21R-AS1,0.059909771682237024,6.6911946097623325,0.06974353556373805,0.0048641607529303936,0.5839534579377119,0.10882759802524047,0.7066110936321609
8051,8051,IL22,-0.3808565217976109,8.410720357106186,-0.3452689960101756,0.11921067960587466,0.005202858403909776,0.13147524545124142,0.014723980493552823
8052,8052,IL22RA1,0.13836791376122434,6.005304485904308,0.39095030313940266,0.15284213952479084,0.0014025961577527766,0.04137139512326896,0.00457703734118993
8053,8053,IL22RA2,-0.008724511559029462,7.044513382328581,-0.008266950578962885,6.834247187501477e-05,0.9483068016543896,0.13402477764576595,0.9690785527428789
8054,8054,IL23A,-0.1742992055774866,7.9945474913839485,-0.3301906747331805,0.10902588168075304,0.0077069179744578605,0.06328012137058063,0.020820023545020577
8055,8055,IL23R,0.01674368388619794,6.947732929371674,0.015746236112051133,0.0002479439516964632,0.9017153411153579,0.13502822695657346,0.9395941541648097
8056,8056,IL24,-0.02823570540866494,7.126006148912227,-0.029685133102206582,0.0008812071272957211,0.8158764980955044,0.12074589105382108,0.8836111811081845
8057,8057,IL25,0.07774070488228826,6.6178178124477895,0.08440184657213373,0.007123671704786003,0.5072719338622266,0.11655965659742172,0.6420206737455592
8058,8058,IL26,-0.2383722696745616,7.7200096225833805,-0.17723512773195185,0.03141229050216129,0.1611975388922415,0.1681045859461997,0.27207581486449645
8059,8059,IL27,-0.1043128415697192,7.609014361248693,-0.11425924489577145,0.013055175044151872,0.3686487540458705,0.1151852896728994,0.5118348893289303
8060,8060,IL27RA,-0.3702971119587937,8.9087880693916,-0.7293268014780071,0.5319175833541404,8.227688881260849e-12,0.044115730032594336,4.676393772275688e-10
8061,8061,IL2RA,-0.15991066464633347,7.785975663130166,-0.17173654451563655,0.02949344072217121,0.17480674476829922,0.11649790107607592,0.28973900175717715
8062,8062,IL2RB,0.17769075710976484,5.817470270237053,0.4734005241868246,0.2241080563003603,7.791060917075021e-05,0.04198951707767986,0.0003486576238050415
8063,8063,IL2RG,0.1809722491499396,5.275754264148966,0.5957965897771168,0.35497357639004207,2.0616585608152682e-07,0.030981816620787337,1.853267585490022e-06
8064,8064,IL3,-0.11122714538990096,7.432626147177514,-0.10894540055528526,0.011869100302151549,0.391477974758144,0.1288882380437975,0.5342384993491887
8065,8065,IL31RA,-0.05831294073766189,7.206765208294,-0.03080210511586126,0.0009487696795685664,0.8090765878477335,0.24031594080845015,0.8783877798103605
8066,8066,IL32,0.17255755596770314,5.354798560555932,0.4438714371245901,0.19702185269504893,0.00023891216913884923,0.044241801213449436,0.0009415182934853104
8067,8067,IL33,-0.07844790651507931,7.42875566325193,-0.6538825752729583,0.427562422245596,4.670885275967919e-09,0.011527889817885564,7.656928134071558e-08
8068,8068,IL34,0.2267040656469109,5.529657353896594,0.3467922096592223,0.12026483668032599,0.0049951107517285315,0.07786998779914656,0.014187975252974994
8069,8069,IL36A,0.1581179395510549,6.345237391590074,0.234155523942863,0.05482880939295669,0.06255996756960054,0.08337505468731159,0.1262333300148807
8070,8070,IL36B,0.16908989202937938,6.4062008433443784,0.11207374087804757,0.012560523394399756,0.3779384536587377,0.19040273244478426,0.5207926957670992
8071,8071,IL36G,-0.025422344736409315,7.107205473474134,-0.02053298565788061,0.000421603500026731,0.8720592911437349,0.15720852237586322,0.9210126780002721
8072,8072,IL36RN,0.014334651059847502,6.9647894981613305,0.014113020897421431,0.00019917735885105402,0.9118666252132204,0.1289816835010552,0.9470729865224119
8073,8073,IL37,0.07039948126268063,6.675338128981367,0.07031411406941816,0.004944074637367149,0.580872761629958,0.12683959604124848,0.7043395292623743
8074,8074,IL3RA,0.30772372559472577,5.220721319876323,0.5297714667454335,0.28065780697760795,6.744396541905262e-06,0.0625668572275565,3.979561501769985e-05
8075,8075,IL4,0.18686494129672984,6.396472377275299,0.16201235656386298,0.02624800367937628,0.2008890198226833,0.14454664815798116,0.32355907209075546
8076,8076,IL4I1,0.002958674588763328,6.9995742464508925,0.0044521010802190935,1.9821204028488026e-05,0.9721475287510138,0.08439797700173185,0.9837762099820235
8077,8077,IL4R,0.08625197784103797,6.316580496350333,0.1007105158915665,0.010142608011145469,0.4284651196243173,0.10821431446843802,0.5695422113722051
8078,8078,IL5,0.507297860938661,5.302020487266251,0.3419394509467273,0.11692258811374932,0.005683671348263159,0.17705873798920455,0.015895635160356286
8079,8079,IL5RA,0.32149364630834953,5.799511134874264,0.13816524881342626,0.01908963597967598,0.2762558173958101,0.2926795561533957,0.41340057533731384
8080,8080,IL6,-0.15459958981357494,7.639386231874345,-0.2061611856360556,0.04250243446286419,0.10217632200826393,0.09319109797104463,0.18922673848361887
8081,8081,IL6R,0.1962849132496765,5.930974363935055,0.7734021460615863,0.5981508795326673,6.872149683776376e-14,0.02043229799045636,1.3652880862585084e-11
8082,8082,IL6ST,0.4004357732369969,4.5381913097191235,0.5972358040901622,0.3566906056872226,1.893932072221345e-07,0.06829692255808126,1.7211776463277848e-06
8083,8083,IL7,-0.02300573395330254,7.170791616348202,-0.07755190596884849,0.006014298119401119,0.5424543153902193,0.03756106011806788,0.6720933859580729
8084,8084,IL7R,0.10607438148048108,6.215730213757492,0.3987573192923774,0.15900739968924302,0.0010996951321505057,0.030981474472169306,0.003691504896406635
8085,8085,IL9,-0.2022782405949519,7.66966488398969,-0.17627710174428354,0.031073616599364487,0.1635107341842924,0.14345074635127752,0.2751223736410919
8086,8086,IL9R,0.2148297568910056,6.035589424860543,0.2197935436328052,0.048309201822665834,0.08096712886570813,0.12109650145370705,0.156422800926658
8087,8087,ILDR1,0.2793164720254327,5.1734566918753915,0.5170011524679968,0.2672901916532369,1.2201449358772455e-05,0.05873205470062193,6.716379915206342e-05
8088,8088,ILDR2,-0.28728611951998284,8.053260536245755,-0.16853971395165218,0.028405635178904737,0.1830938146296996,0.21338261818048287,0.3004961762191378
8089,8089,ILF2,-0.27534154032582786,9.746510900322392,-0.6565520749071767,0.43106062706491904,3.847873255232053e-09,0.040173503659270735,6.514909721817835e-08
8090,8090,ILF3,-0.3548697914203947,9.667998053704627,-0.7144702975665953,0.5104678061048993,3.364654486423846e-11,0.04413464492480671,1.3799544110512952e-09
8091,8091,ILF3-AS1,-0.08825239570498927,7.463361302721353,-0.16098569994357914,0.0259163955863241,0.20379627590696692,0.06871340586128581,0.3270012118231601
8092,8092,ILK,0.249793249294435,4.707704495829255,0.2546931099574,0.06486858025977225,0.042253565984938485,0.12044921688659778,0.09097206532183968
8093,8093,ILKAP,-0.3910687359980448,9.725109717897423,-0.6154255333704416,0.3787485871242925,6.245874632115571e-08,0.06360854139584428,6.682530393204679e-07
8094,8094,ILVBL,-0.3472078131935737,9.461702111532759,-0.3415269991120294,0.11664069112246812,0.005745873114224852,0.12134930619569664,0.016050939407706293
8095,8095,IMMP1L,-0.21769515851981786,8.396998653426671,-0.4416143782734665,0.1950232590978603,0.0002592055616708408,0.05616960721103878,0.001010822337111842
8096,8096,IMMP2L,-0.4412172298416545,9.382972255311762,-0.6809218803811921,0.4636546071818584,5.972326086306336e-10,0.060267282089568525,1.4027193210299751e-08
8097,8097,IMMT,-0.017335797325677558,7.186102886689974,-0.01685089974594011,0.0002839528222477247,0.8948580582546253,0.13063610198031067,0.9353292427601076
8098,8098,IMP3,-0.3023345513198418,9.742162062295279,-0.4531730850061616,0.20536584497400176,0.00016970714575420944,0.07552860144513908,0.00069431480092715
8099,8099,IMP4,-0.3827111299835089,10.334272168506773,-0.7446603309225528,0.5545190084496858,1.7395779609386217e-12,0.043564388024183685,1.5128739254669018e-10
8100,8100,IMPA1,0.2936408385804536,4.089348145254476,0.6913391507549724,0.4779498213666065,2.5483130542398803e-10,0.038974951501864384,7.14815015408868e-09
8101,8101,IMPA2,0.2667712628845117,4.413606846279008,0.3899673037628719,0.152074498004084,0.0014456275496721972,0.08000071211194335,0.00470187212198129
8102,8102,IMPACT,-0.17387674938630893,8.0703680414629,-0.4610874146322081,0.21260160393221375,0.00012586926046432328,0.04249713595964075,0.0005330918903490945
8103,8103,IMPAD1,0.02014750039531523,6.8890485245604465,0.017383943568527595,0.00030220149399375187,0.8915518567560614,0.1471673238500723,0.9334053112576151
8104,8104,IMPDH1,-0.2919948456864438,9.103488972200925,-0.4894227484238046,0.2395346266747108,4.05836332607666e-05,0.06607465602988145,0.0001963007769180033
8105,8105,IMPDH2,-0.28089050094478324,10.109864955000523,-0.7626467938102677,0.5816301321090811,2.428212327448917e-13,0.030255055785742637,3.6515929132573816e-11
8106,8106,IMPG1,0.0392599659312612,6.902205709983781,0.02353727768860069,0.0005540034409902997,0.8535329454188632,0.2117763743793026,0.9084107987917667
8107,8107,IMPG2,0.12084851300241135,6.606123188799957,0.0732413391710586,0.005364293763570043,0.5651859111137212,0.2089879339674407,0.6916309281853319
8108,8108,INA,0.3132119257311755,5.588044689427581,0.27998418448779505,0.07839114356329566,0.02504231291825192,0.1363899169029168,0.05812339616771118
8109,8109,INADL,-0.1457471845239805,7.71638189404554,-0.10411722140154143,0.0108403957923776,0.412929143828331,0.17681330653439625,0.5543457046218421
8110,8110,INCENP,-0.2042789434272302,8.009552626930269,-0.3379146705383659,0.11418632456505234,0.006316739350333094,0.07225899242765997,0.01743867805092595
8111,8111,INE1,0.06598603322455616,6.675052521187798,0.06918527566616807,0.004786602369003668,0.5869748058027071,0.12083718733096452,0.7090784011858542
8112,8112,INF2,-0.2717066881386943,8.50557001979066,-0.21251915692189224,0.045164392058791865,0.09180285196802836,0.15866118841356405,0.173441873963327
8113,8113,ING1,-0.08884131572423372,7.584935581549496,-0.08008758392750946,0.006414021099345872,0.5292935961845927,0.14042895757365442,0.6610050206133753
8114,8114,ING2,-0.02489860447049884,7.1503346327264445,-0.022205014768994686,0.0004930626808912721,0.861739405064361,0.14237082494688966,0.9142155015024855
8115,8115,ING3,-0.05351992153167348,7.31219464130928,-0.06270685439813613,0.003932149588509044,0.6225408333661244,0.10818052111188843,0.7378967252358974
8116,8116,ING4,0.2777810283795943,5.016213051349567,0.2268398941073841,0.051456337558649236,0.07146215274658559,0.15146628167682868,0.14099060839352323
8117,8117,ING5,-0.512331639813532,9.630881623738613,-0.3985079854475141,0.1588086144654361,0.0011083741788643737,0.14974961425727515,0.0037189096441444087
8118,8118,INGX,0.04055518682034738,6.874469401561347,0.0404295154020372,0.0016345457156435627,0.7510985438659674,0.12729073620641793,0.8381016626690124
8119,8119,INHA,0.04148132959398211,6.841214215477043,0.04756622974686979,0.0022625462123320003,0.7089688688438047,0.11062829829642888,0.8068913047150151
8120,8120,INHBA,-0.2282542542298497,7.956295194136902,-0.6093534018958537,0.3713115684020499,9.115689416490284e-08,0.03771998665628956,9.228623390093365e-07
8121,8121,INHBA-AS1,-0.274121409478636,7.948169838559169,-0.16774482183354902,0.028138325251969104,0.18519777406621493,0.2045974501202312,0.3031107095007093
8122,8122,INHBB,-0.0022715980954977244,7.02622323377341,-0.0035153090630620338,1.2357397808846076e-05,0.9780064850135816,0.08206716932362577,0.9872811848383345
8123,8123,INHBC,-0.04257195099421225,7.193391876763807,-0.04121767057818202,0.0016988963678915318,0.7464075550890934,0.13106147173353222,0.8351049137408586
8124,8124,INHBE,-0.37700355767714216,8.174313837533727,-0.18965302641889292,0.035968270429845316,0.13336071617648504,0.2478765771586797,0.23357540511175862
8125,8125,INIP,0.17541747402150046,5.902057935406548,0.10054733354579314,0.010109766283168977,0.42921752709009664,0.22044485647135545,0.5702273343028248
8126,8126,INMT,0.17139086514931276,6.173346772448639,0.18885686506755486,0.035666915483144615,0.13502859670113027,0.1131807541404465,0.235978719752709
8127,8127,INO80,-0.2387930467449313,8.856820020992343,-0.2524273941280415,0.0637195893062736,0.044184676518236335,0.1162498273220424,0.09445401480774017
8128,8128,INO80B,-0.4231983213701292,9.978331402210411,-0.4883976585033312,0.2385322728315365,4.2354329558543955e-05,0.09602852746305572,0.0002039090721632435
8129,8129,INO80C,0.07434880531442682,6.544129975759826,0.0727442546945781,0.005291726591069647,0.5678357060588477,0.12945752984557407,0.6939324048930218
8130,8130,INO80D,0.0177553104038038,6.903156906677011,0.01840207489604321,0.0003386363604795837,0.8852420579165182,0.12251579544901993,0.9294955762307119
8131,8131,INO80E,-0.31497774238029336,9.188808328244829,-0.6468522761516126,0.4184178671625221,7.71167467528306e-09,0.0471611556160509,1.1596966325920462e-07
8132,8132,INPP1,-0.06918355068938495,7.594698352464062,-0.14596177105785205,0.021304838610344816,0.2497915008108477,0.05955134832450885,0.38198509608603687
8133,8133,INPP4A,0.3515596120133087,5.221809754907473,0.29828712411193514,0.08897520841096901,0.01666382295452187,0.14286759123959686,0.04086231299741491
8134,8134,INPP4B,-0.33077682130727754,8.555378506338434,-0.5598399406044028,0.31342075909594125,1.5119625393545788e-06,0.062175699461346975,1.054138724717431e-05
8135,8135,INPP5A,0.4014949529806234,3.9216324990596503,0.4858080579491071,0.2360094691682829,4.715076782300162e-05,0.09174101049822332,0.00022357124528292097
8136,8136,INPP5B,-0.16383729431536492,7.826918604186503,-0.1098907393549614,0.012075974595980064,0.38735656860178747,0.1881991253394995,0.5300604419002658
8137,8137,INPP5D,-0.19945803739776108,8.032808670250116,-0.3710465557214343,0.13767554651273944,0.0025410175575070093,0.06339611477804963,0.007773094392967126
8138,8138,INPP5E,-0.2551381043319615,8.674397189758444,-0.2990926791075859,0.08945643069575336,0.016358365806575178,0.10337703277616808,0.04017697760478456
8139,8139,INPP5F,-0.16559156750356305,7.838166241872041,-0.2058911814818795,0.04239117861200424,0.10263620027784827,0.09995365872749684,0.18991599735254244
8140,8140,INPP5J,0.3819429484951062,4.567068278747464,0.4900929513468042,0.2401911009598209,3.946326022707129e-05,0.08627329459500005,0.00019148037199579403
8141,8141,INPP5K,0.5023324892010214,3.471782492772757,0.3989583483144192,0.15916776368976945,0.0010927422124653963,0.1466299014205491,0.0036710103336857207
8142,8142,INPPL1,-0.21468579783193126,8.496243207653693,-0.2231220291291308,0.04978343988270068,0.07635952125644954,0.11911770494808055,0.1490235609957115
8143,8143,INS,0.34819099953625576,5.689672908649403,0.3109197090589435,0.09667106548129807,0.012396555835539134,0.13517500802452134,0.031544937322984724
8144,8144,INSC,-0.0993138010102564,7.477448071295668,-0.26609254951987643,0.0708052449099879,0.03356463809656431,0.045691395172086716,0.07477800802274694
8145,8145,INSIG1,-0.0759406202173008,7.58143091035075,-0.2232772540838188,0.049852732191210176,0.07614984499451265,0.04210457369128035,0.14865454731417752
8146,8146,INSIG2,-0.07028931583357909,7.528869892644946,-0.12548912023515044,0.01574751929739205,0.32313338559753946,0.07057333742340653,0.46448413309755837
8147,8147,INSL3,0.11930666778941658,6.5084423068845245,0.13341417260315913,0.017799341451385536,0.2932656448679377,0.1125555759667376,0.4320181999738225
8148,8148,INSL4,-0.2880015888102126,8.235143119025539,-0.26735965252162913,0.07148118379648627,0.03269833164495378,0.13182522622091125,0.07309462880660039
8149,8149,INSL5,0.04569117916468818,6.69317636502813,0.6294475835584392,0.3962042604475583,2.5282508118432865e-08,0.007163445694863256,3.094927717946092e-07
8150,8150,INSL6,0.015723043786560108,6.9545340429045845,0.01496435271643629,0.00022393185222191415,0.9065732992013792,0.1334240782932797,0.943475816715007
8151,8151,INSM1,0.09611371036429854,6.580000869192817,0.5754014708762332,0.3310868526865326,6.57188219742285e-07,0.017350156501267425,5.0899180609868315e-06
8152,8152,INSM2,0.2598246562663241,5.655428914427496,0.2494188678442117,0.06220977163668834,0.04686063444151108,0.12811738469494255,0.09917582474891737
8153,8153,INSR,0.26347081049992954,5.2420621955732445,0.4979095015000302,0.2479138716840085,2.8346813137710637e-05,0.058280066418456525,0.00014255695273969436
8154,8154,INSRR,0.09886355810465314,6.563123385791262,0.12269717692446615,0.015054597225233753,0.334100624868613,0.10155747633643428,0.47626548821867
8155,8155,INTS1,-0.33344878614288764,8.85860841706824,-0.3739799636673608,0.1398610132246405,0.0023332963520672875,0.10501933827057303,0.007202784391164235
8156,8156,INTS10,-0.4589656319240426,9.398386084491113,-0.4695690706588643,0.22049511211942951,9.062997542436048e-05,0.1095958878909214,0.00039825327066041525
8157,8157,INTS12,-0.2565216614067342,9.061517094137244,-0.3824698063233327,0.1462831527490076,0.0018148790765073848,0.07870239874897429,0.0057449505045705914
8158,8158,INTS2,-0.21984261493494686,8.313450307264336,-0.5623069189786295,0.316189071131239,1.3286241003915264e-06,0.04105921366214039,9.427049441015238e-06
8159,8159,INTS3,-0.6542763270279421,10.807429857224959,-0.5125749826478695,0.2627331128364637,1.4902230164001972e-05,0.13919393773370284,8.005651059326784e-05
8160,8160,INTS4,-0.7461944857782342,10.20862681817383,-0.3771616325988681,0.14225089710464356,0.002125262779035011,0.2327066637762457,0.006620046818182273
8161,8161,INTS4L1,-0.058331515803812926,7.206860342544347,-0.06577257667017262,0.0043260318418337365,0.6055962089466209,0.1123883092653909,0.724140580051854
8162,8162,INTS5,-0.3957421471296599,9.870000215965074,-0.5703972382939599,0.32535300945337664,8.631386769381495e-07,0.07237312752347798,6.490023628158204e-06
8163,8163,INTS6,-0.21829001150798372,8.179571793029055,-0.2705214415668616,0.07318185034741291,0.030617782152851464,0.09865829162359124,0.06911786023843437
8164,8164,INTS6-AS1,-0.18042760531977475,7.6576298870077375,-0.11794956727380525,0.01391210042007791,0.3532806695119881,0.1929161575624993,0.4958522072030096
8165,8165,INTS7,-0.3460578720113813,8.841878800024439,-0.6304386723366046,0.39745291957754064,2.3676340760386707e-08,0.0541134889199776,2.9188384305121675e-07
8166,8166,INTS8,-0.3381261538549298,10.020360946785194,-0.6076456918639209,0.3692332868407832,1.0123924277355011e-07,0.05612636030552106,1.0079704837982656e-06
8167,8167,INTS9,-0.5304940271020882,10.330702668947396,-0.420909151946806,0.17716451419257942,0.0005336014398702249,0.14519537788625966,0.0019306832381603542
8168,8168,INTU,-0.2366792026108251,7.8865005695943795,-0.4235845158048724,0.17942384202964815,0.00048732110471900927,0.06428114793503828,0.0017807861158775137
8169,8169,INVS,-0.5227601969470101,9.140950204272439,-0.4671726266135801,0.2182502630570315,9.953039557366275e-05,0.1256501907206553,0.0004332323047532999
8170,8170,IP6K1,-0.1996299863755127,8.436772132871369,-0.15955927637988354,0.025459162678872063,0.2078849811222684,0.15685844147596698,0.33218338741165304
8171,8171,IP6K2,0.1056560952452524,6.152593004826577,0.15220231433904335,0.023165544490160964,0.22989472269062675,0.08713405797663554,0.3588531838726679
8172,8172,IP6K3,0.13318035801171818,6.521003004699942,0.14503937099825445,0.02103641913956929,0.2528290055404257,0.11538296461795905,0.3855642334491492
8173,8173,IPCEF1,0.05950931991289545,6.749946709791992,0.0973308853960935,0.009473301251987486,0.4442002102988323,0.07728079147446297,0.5843589123813144
8174,8174,IPMK,0.33154420038266635,5.411667592304079,0.32786506327335113,0.10749549971523854,0.008174781116995003,0.12132649638461987,0.02193073402979767
8175,8175,IPO11,0.036846677725288636,6.887752498930857,0.03326148435551654,0.0011063263415322716,0.7941545134514731,0.14061138820934105,0.8675486045902059
8176,8176,IPO13,-0.22256181964443386,8.484427415328643,-0.18098066732239568,0.03275400194445966,0.15238497110238036,0.15359996056237168,0.26011854099978393
8177,8177,IPO4,-0.23935655316732796,8.623448733737797,-0.7575044574202643,0.5738130030115689,4.3381823953829006e-13,0.026197773459889488,5.5160893627546903e-11
8178,8178,IPO5,-0.3408737029041365,9.55689197520326,-0.6664895961076233,0.4442083817197028,1.8380142308541953e-09,0.04842395704570269,3.502358937102249e-08
8179,8179,IPO5P1,0.5776551314835167,4.62004783261398,0.400566575788721,0.16045358163910114,0.0010385308099304805,0.16781100548280406,0.0035138114985232838
8180,8180,IPO7,-0.3089374665235475,9.787693411596964,-0.760259678332375,0.5779947784980463,3.184628026760218e-13,0.033525224187948496,4.449233543193066e-11
8181,8181,IPO8,0.01192776074546438,6.92202421844874,0.016183347771190067,0.00026190074508328253,0.89900105366366,0.0935918062659114,0.9381625895963767
8182,8182,IPO9,-0.9282928313872252,11.620710418995285,-0.6736014747245663,0.4537389467511106,1.0645581883744434e-09,0.12935589987340607,2.251270270434431e-08
8183,8183,IPO9-AS1,-0.032896929249517134,7.161550714866237,-0.03145926686878109,0.0009896854719211874,0.8050824411659669,0.13273819405131818,0.8759073685414497
8184,8184,IPP,-0.2385167326783388,8.293877177850138,-0.28852748897214325,0.08324811189257025,0.02077018002059581,0.100522138041991,0.04952959457614824
8185,8185,IPPK,-0.14957486180320126,7.784815210799119,-0.10590549893546032,0.011215974704768785,0.4049059655081365,0.17835897818243499,0.5471599802233196
8186,8186,IQCA1,0.3955025876053354,5.635762340734623,0.15748480239096566,0.024801462984121503,0.2139343008069298,0.31496431758678883,0.339133556637702
8187,8187,IQCB1,-0.24539828173164074,8.71255078871475,-0.4868810827302048,0.2370531887205365,4.510543561336334e-05,0.0559113402764814,0.00021523979907610912
8188,8188,IQCC,0.0911091817017796,6.483475027222079,0.12092493659309896,0.014622840290045003,0.3411823228915236,0.09498426767195428,0.48349605406818563
8189,8189,IQCD,-0.12498073442463375,7.5574653972655845,-0.13950076472053966,0.019460463357615355,0.27159505690487945,0.1126686768542076,0.4082881608660302
8190,8190,IQCE,-0.3517269025553548,9.125191509082438,-0.4377008489630882,0.19158203318300812,0.00029816386266270673,0.09175935080334692,0.0011457384141776693
8191,8191,IQCF1,-0.31150206692009635,8.191298846560851,-0.1833115399786886,0.03360312068935835,0.14708448318115366,0.212154887620368,0.2528269950220577
8192,8192,IQCF2,-0.0163473237727346,7.082875472188065,-0.016999174032540306,0.00028897191778859264,0.8939382064164636,0.1221125332643724,0.9346384636900598
8193,8193,IQCF3,0.12351780375232425,6.544661420203045,0.1344409494212984,0.018074368881300117,0.2895327410002021,0.11562225724440535,0.4280512896813167
8194,8194,IQCF4,0.12165252902859247,6.650202006302094,0.07367092243146013,0.005427404811902213,0.5629006247396995,0.20914497457992146,0.6900371246798308
8195,8195,IQCF5,0.20533204124669865,6.197422135743568,0.1796069938726623,0.03225867224797455,0.1555744558722804,0.14282929083654655,0.26446069879223105
8196,8196,IQCF5-AS1,-0.13719284932288953,7.495840259855398,-0.10551520859142872,0.011133459244092713,0.4066492164688279,0.16420614692584087,0.5486939237729745
8197,8197,IQCF6,0.08771640544032208,6.683235371595909,0.09658449626453366,0.009328564918673718,0.4477181557080466,0.1148001307810664,0.5874537482948224
8198,8198,IQCG,-0.11224425006254073,7.509563154705102,-0.11595084259930286,0.013444597899488306,0.3615545090628933,0.12211108452809805,0.5042807480198992
8199,8199,IQCH,-1.1377797189325165,10.848204599326005,-0.4906420235098486,0.24072959523383886,3.856678863385609e-05,0.25662315299315364,0.0001875827097542659
8200,8200,IQCH-AS1,-0.3348095122401893,9.237326253678921,-0.4802285727747324,0.23061948210925645,5.923899723300862e-05,0.07766485570042353,0.0002739898515764207
8201,8201,IQCJ-SCHIP1-AS1,0.12388897324855196,6.400645501923328,0.1532061768472754,0.02347213262415862,0.2267998189160486,0.10148523329104074,0.35489197764484665
8202,8202,IQCK,-0.23636717929984,8.256488502840954,-0.2019840322003489,0.0407975492639116,0.10947222591543332,0.14555577128869066,0.19981633953124647
8203,8203,IQGAP1,0.005849204267414389,6.959724160898827,0.00809212142476123,6.548242915307973e-05,0.9493985609474516,0.09179612163747253,0.9695004167366341
8204,8204,IQGAP2,0.4392249779290445,4.298263033014547,0.6371895630946768,0.4060105393167851,1.5046450178520405e-08,0.0674701849946771,2.0285759001807986e-07
8205,8205,IQGAP3,-0.5194843601228536,9.462564322707957,-0.5917613829983864,0.3501815344081631,2.6096828182557824e-07,0.0898723371418386,2.270754336014033e-06
8206,8206,IQSEC1,-0.21781797098692984,8.449483835749367,-0.2401843132650756,0.05768850433861595,0.05591592372920941,0.11180223060870616,0.11507325165510116
8207,8207,IQSEC2,0.3878463855684292,4.824407011108375,0.3671522482633808,0.13480077340485525,0.002842212673677165,0.12478884730107813,0.008598507327253285
8208,8208,IQSEC3,0.13280025252443187,6.493977619948468,0.08939453361614028,0.007991382640447233,0.4823864563337383,0.18790996668759186,0.6194673967803536
8209,8209,IQUB,-0.16112186366247974,7.4970301681492435,-0.08809324701305102,0.007760420169302423,0.4888095207090604,0.23137918521966164,0.6254215641138517
8210,8210,IRAK1,-0.3718183659006589,9.891416206887133,-0.7241417413028732,0.5243812614971574,1.3590639254074247e-11,0.0449718640848514,6.974059076942603e-10
8211,8211,IRAK1BP1,-0.1889361496006373,7.854574738072418,-0.5626601561699003,0.3165864513411365,1.3041474596565772e-06,0.0352545232066103,9.274651309971487e-06
8212,8212,IRAK2,-0.4973843258894393,9.147510781218642,-0.7165743126352552,0.5134787455286884,2.7712367615994274e-11,0.06148737088738964,1.1836515201663827e-09
8213,8213,IRAK3,0.4267940030036956,5.430937565196072,0.3383196595999074,0.1144601920717972,0.006250351715483185,0.15076456290725718,0.017286253690777572
8214,8214,IRAK4,-0.3615281100080031,9.29803152265797,-0.4709601644014823,0.22180347645307125,8.580586161862154e-05,0.08600163242206317,0.0003799071628197198
8215,8215,IREB2,0.043891166809991417,6.784119971312734,0.04653908712713439,0.0021658866306270056,0.7149825077011749,0.11964446029318535,0.8119858508636952
8216,8216,IRF1,0.029732556116100532,6.7872238300669885,0.062386041799859376,0.0038920182114538025,0.6243255390456913,0.06040907429221675,0.7391183431720073
8217,8217,IRF2,-0.022334152099884173,7.182260023986398,-0.03206152662805401,0.0010279414897214165,0.8014263320021305,0.08842317347889106,0.8729488746020234
8218,8218,IRF2BP1,-0.2620201815882723,8.845228697962824,-0.3315532596491811,0.10992756398399728,0.0074438140568254575,0.09468872581408437,0.0201974431024377
8219,8219,IRF2BP2,-0.44183170703533703,10.777236604258313,-0.4884149053438724,0.23854911976206386,4.232395602827577e-05,0.10025200599225126,0.00020380815383418097
8220,8220,IRF2BPL,0.10418577135510243,6.088555583326956,0.13885105391086774,0.0192796151721587,0.2738558514400252,0.094370441626055,0.41057521897907406
8221,8221,IRF3,-0.4567263482114704,10.60689493617622,-0.5914386871877602,0.3497997207023812,2.6589743670482605e-07,0.07908134887509917,2.3078192352076185e-06
8222,8222,IRF4,0.42952300823983547,4.973302914835814,0.580042069463153,0.3364488023470972,5.083151619938656e-07,0.076606974936645,4.073858191331295e-06
8223,8223,IRF5,0.37349543180900696,5.040841043966581,0.4156322120848295,0.17275013572252867,0.000636778502886163,0.103800298705013,0.002267999749999977
8224,8224,IRF6,0.2818824972580693,4.752103505458532,0.5383778328487402,0.28985069090290605,4.461022229336786e-06,0.05603507145492288,2.756160809594525e-05
8225,8225,IRF7,0.0204638791892196,6.878837439843293,0.04663112084119473,0.002174461430906105,0.7144429645308263,0.05567286505019798,0.8114156604035792
8226,8226,IRF8,0.08793909827310248,6.253321493725332,0.2228902762189809,0.04968007523297358,0.07667342519671756,0.048846107211703585,0.1495283701940669
8227,8227,IRF9,-0.06862266522716268,7.624083444369162,-0.1494824328495593,0.02234499773062301,0.2384269498793145,0.0576466922591288,0.3691117815010406
8228,8228,IRG1,0.2124946529088368,6.081025723254591,0.21999570902500107,0.04839811198941293,0.08068113327983573,0.11966457394429347,0.15596767909077333
8229,8229,IRGC,-0.001752424344485833,7.023558111843594,-0.00151888570077229,2.3070137720105304e-06,0.9904961435240976,0.14652706090543846,0.9943071568706812
8230,8230,IRGM,0.3148791739087207,6.069054253872997,0.19917945038421075,0.03967245345535626,0.1145918676485958,0.1967493273533581,0.20725690252487616
8231,8231,IRGQ,-0.6295074958231813,10.4350821024391,-0.4343967523030948,0.18870053841147635,0.0003351419013676366,0.16577120152158809,0.001273223084993861
8232,8232,IRS1,0.0670515166353185,6.672635669865618,0.15123496052035607,0.02287201328359366,0.232904678561554,0.05565911412282597,0.36266274640472074
8233,8233,IRS2,-0.08721102806350045,7.7278020094917235,-0.21081480092162286,0.04444288028762346,0.09449897999469999,0.051357371602490924,0.17752888104322273
8234,8234,IRS4,-0.09668474890404782,7.449171938545956,-0.10317785494248682,0.010645669750532851,0.4171801909594745,0.11837270273349006,0.5582759559698907
8235,8235,IRX1,0.6466780710744627,4.8159210254996365,0.4075286961942437,0.16607963822178012,0.000830763844683883,0.1840332871621047,0.002873373431820714
8236,8236,IRX2,-0.14804993964161786,7.704229139572173,-0.4121028689515434,0.16982877459809295,0.0007155543134396798,0.041571011329203066,0.002513843065791088
8237,8237,IRX3,-0.09462612072973643,7.418714983550791,-0.4960696564171188,0.24608510401779826,3.066488455794969e-05,0.02103457253370609,0.00015268983101917696
8238,8238,IRX4,0.1301680103430527,6.492475444534537,0.1264432156207263,0.015987886776509485,0.31943864395447635,0.1296919774614443,0.4603649563978561
8239,8239,IRX5,-0.10237838558473476,7.456347217653931,-0.3195972364624693,0.10214239355444753,0.01004473602836356,0.038549002962140484,0.02627038148480832
8240,8240,ISCA1,-0.07139180075764882,7.615283711194782,-0.0943598276984957,0.008903777083289797,0.4582947556757266,0.09565843317919144,0.5972062182066349
8241,8241,ISCA2,0.6713307689404282,1.3149736043152531,0.5964191497648004,0.3557158022061674,1.9874566452762185e-07,0.1147434406549872,1.7963007402203444e-06
8242,8242,ISCU,0.18476910660631304,5.024240650658042,0.2058274623158228,0.042364944243371463,0.10274496235857412,0.11156557611859444,0.19006852553177198
8243,8243,ISG15,0.10165890460900913,6.179301662360525,0.3676057187376233,0.13513396444860462,0.002805576393357884,0.032661922437113626,0.008497168782960137
8244,8244,ISG20,0.12332957209495805,6.045536991275752,0.4004834907906149,0.16038702639583655,0.0010412709031842947,0.03583656148373605,0.003521586976176152
8245,8245,ISG20L2,-0.5384478504659199,10.444538181878897,-0.5224358453775036,0.2729392125353069,9.508497347935233e-06,0.11160925185111946,5.3831767338441174e-05
8246,8246,ISL1,0.06485282519028482,6.6709209833636605,0.23567323183144506,0.05554187220187805,0.060830207231459724,0.03396363399266232,0.12335219941916474
8247,8247,ISL2,0.14705448873308216,6.415325933435116,0.2260570948193429,0.05110181011816138,0.07247185475089109,0.0804774316624821,0.1426059077356244
8248,8248,ISLR,0.2446627632565509,5.731801101477719,0.5419195499644652,0.2936767986336885,3.750723397275543e-06,0.048188005266419434,2.3590448785362154e-05
8249,8249,ISLR2,0.08207557318639516,6.646930639795937,0.12851052829348425,0.01651495588227041,0.3115258756125572,0.08043836799781835,0.4518801322824501
8250,8250,ISM1,0.1150767156539824,6.600615067641589,0.10486431636944477,0.010996524847631,0.4095661574344809,0.13859986029964566,0.5511530660728116
8251,8251,ISM1-AS1,0.09499930074648104,6.660028189213756,0.07195977721598412,0.005178209536974067,0.5720292590803077,0.1672273849576418,0.6970117941359476
8252,8252,ISM2,0.09791669508293883,6.555489709861328,0.10200041684493097,0.01040408503653968,0.4225439992699172,0.12127964084602255,0.5634428174345207
8253,8253,ISOC1,0.1906759531191787,5.392839850721458,0.3306780953444882,0.10934800274065844,0.007611881885586574,0.06911123866016615,0.020596689020664406
8254,8254,ISOC2,-0.07680460212182627,7.595991581602907,-0.13703211604075435,0.01877780082660677,0.2802517717344989,0.07051032514831715,0.41768247713737755
8255,8255,ISPD-AS1,0.4992061004424847,5.424480276452452,0.2640286820396388,0.06971114493958869,0.035016646483073954,0.2316017519990225,0.07758189887364093
8256,8256,IST1,0.3071232918059216,4.854566069578103,0.29189323604543554,0.08520166124907635,0.019266242182221487,0.12780727095665045,0.046372176776259454
8257,8257,ISX,0.12954069161984716,5.932723301688111,0.6736447238180423,0.4537972139278865,1.0609799090364527e-09,0.018049135677693128,2.248093926632523e-08
8258,8258,ISY1,-0.4806447972179448,10.185842244908542,-0.417775573828448,0.17453643008768902,0.0005928655390291317,0.13274993348305045,0.002125580007893352
8259,8259,ISYNA1,-0.05897429521237702,7.320388651568374,-0.05060402662427945,0.0025607675105907834,0.6912879026898245,0.14781723092632928,0.7927260926047527
8260,8260,ITCH,0.2540445888199053,5.591762814063883,0.2267271266874443,0.051405189975944406,0.07160690974925048,0.13859609432866946,0.14120166360753594
8261,8261,ITFG1,0.30448227980450443,4.940022690687382,0.2977380103723643,0.08864792282049411,0.016874829445108194,0.12398666828325787,0.041290896229809936
8262,8262,ITFG2,0.09175570154810136,6.556530279603349,0.0948696180196468,0.009000244423193695,0.4558590901983688,0.12227758058767847,0.5949631508103711
8263,8263,ITFG3,-0.173154191495364,8.341507623256463,-0.2695508645519151,0.07265766858068487,0.03124431202080482,0.07856271390046159,0.07031756150597883
8264,8264,ITGA1,0.15596562007740028,6.300793818366191,0.3255864727626908,0.10600655124605037,0.008657043325461059,0.05752198264889564,0.02306450211772382
8265,8265,ITGA10,0.021574593792697928,6.917070930492195,0.023598720438437026,0.0005568996063315053,0.8531548368230967,0.1160746450946486,0.908267439722932
8266,8266,ITGA11,0.08670276385001667,6.627479814913781,0.06459253493400663,0.004172195569200867,0.6120946116982577,0.1701166776098955,0.7298154837752324
8267,8267,ITGA2,-0.21131702659212945,8.618952531005204,-0.6970701025499748,0.4859067278690324,1.5707348770340708e-10,0.027604707545353657,4.8384443473930016e-09
8268,8268,ITGA2B,0.24103377907405724,6.068001971810216,0.15828323190768534,0.025053581503142103,0.21159152462990108,0.1909578560190481,0.3364791227151783
8269,8269,ITGA3,0.195871682537549,5.7188223511514185,0.31051280511019835,0.09641820213740404,0.012517637779195623,0.07615177514581246,0.03179700247606818
8270,8270,ITGA4,0.15203806572285067,6.260583337418794,0.5997465723508049,0.35969595104653923,1.631700054844109e-07,0.02576213433157987,1.5145505652657172e-06
8271,8271,ITGA5,0.16953437254540007,5.866027188656075,0.255279916562788,0.065167835800304,0.04176493972482189,0.08154777059544044,0.09004295428685218
8272,8272,ITGA6,-0.19747917331243967,9.02238214027274,-0.7190456690840218,0.5170266742284886,2.2015289385999548e-11,0.024239884926942536,9.876505484900421e-10
8273,8273,ITGA7,0.34787362428777424,5.171160170273168,0.34146093099542457,0.1165955673962621,0.005755892272526711,0.12160863788449865,0.016076853754877586
8274,8274,ITGA8,0.41933650737131,4.853343231950127,0.6427843786525504,0.4131717574397453,1.0247078396380297e-08,0.0634683223436247,1.4793365511574356e-07
8275,8275,ITGA9,-0.05337351352590327,7.282319912128187,-0.07183499520891587,0.005160266536664968,0.5726976229731395,0.09411751291337042,0.6975906752999964
8276,8276,ITGA9-AS1,0.2342085147893296,6.145656447156397,0.2283126809498012,0.0521266802824857,0.0695929658520213,0.12683874933522335,0.1377546321321317
8277,8277,ITGAD,0.2709054859518576,5.502537986596988,0.2638338949211052,0.06960832410924077,0.035156347588459605,0.12578367352576122,0.07779590302759991
8278,8278,ITGAE,-0.228933414236131,9.011053765359913,-0.34812604028065275,0.12119173992148664,0.004819237254707646,0.07829317321643173,0.013747936075707295
8279,8279,ITGAL,0.22365474106860173,5.783752701220955,0.4807061765233351,0.23107842814768376,5.810187329688612e-05,0.05181357807685116,0.00026913284839445327
8280,8280,ITGAM,0.2375953328793031,5.814995884401598,0.5790819221799349,0.3353358725956082,5.362357534616874e-07,0.042481825772864384,4.262916755217637e-06
8281,8281,ITGAV,-0.29049488758584263,9.709980868851515,-0.5052138009851102,0.2552409847058225,2.06549437229059e-05,0.06301955435320007,0.00010697986278869343
8282,8282,ITGAX,0.2583818888733093,5.797442733636341,0.1890553677246697,0.03574193206551007,0.1346112888692099,0.17044091309422746,0.235346961122456
8283,8283,ITGB1,-0.22148383147042505,8.434421146448125,-0.11449582518498334,0.01310929398479027,0.3676515304945383,0.24405688344559234,0.5108236532181174
8284,8284,ITGB1BP1,-0.5883767161573065,10.460088672918543,-0.7505255888013492,0.5632886594456119,9.322679265142196e-13,0.065794768674934,9.924762885736259e-11
8285,8285,ITGB1BP2,-0.2401598106263312,7.966157787700423,-0.19779589070511536,0.039123214379829935,0.11718424974600215,0.1511544974022418,0.2110092568465459
8286,8286,ITGB2,0.23221956569189134,5.598972170427811,0.4835730116503109,0.2338428575965517,5.1689266968617764e-05,0.053382614010925165,0.00024238438202802461
8287,8287,ITGB2-AS1,0.20131643420602924,6.147806484206901,0.23387126212073656,0.054695767245946283,0.06288831606602427,0.10628998029070366,0.12676593916129159
8288,8288,ITGB3,0.7139463197843586,4.211706435212586,0.3115294101945898,0.097050573416189,0.012217022136921423,0.2765682838976025,0.031157650968676648
8289,8289,ITGB3BP,-0.16864418040819087,8.459308030687527,-0.5855664908452889,0.3428881152008658,3.72443488963756e-07,0.029649608227286895,3.0913237844040384e-06
8290,8290,ITGB4,-0.35655298325249435,9.240853586004617,-0.5302118751762451,0.2811246325779101,6.605053469231406e-06,0.07241117264807073,3.911195867547336e-05
8291,8291,ITGB5,-0.21386766899296203,8.404090003883258,-0.1987483981785381,0.03950092577853472,0.11539476624425188,0.13393501460535567,0.20841314954289195
8292,8292,ITGB7,0.250405735075368,5.263714173179094,0.44764503978986064,0.2003860816484659,0.0002082045045573889,0.06352648449977431,0.0008330873145214813
8293,8293,ITGB8,-0.4769355527795232,8.977706709121602,-0.5352821564015303,0.28652698696187234,5.1828881952652336e-06,0.09558062409273432,3.143849968304443e-05
8294,8294,ITGBL1,-0.2388109000634805,7.783038571762034,-0.10697091348162556,0.011442776331093422,0.4001694860936009,0.2818989791745441,0.5424180158585958
8295,8295,ITIH1,0.07428399047735729,6.6837343070963176,0.08200738002625069,0.0067252103787699,0.5194359627213825,0.11465187196364147,0.6527349517952891
8296,8296,ITIH2,-0.017183176663670918,7.088420770585032,-0.023514469616909485,0.0005529302813645592,0.8536733109071807,0.09277956297986124,0.9085026470473312
8297,8297,ITIH3,0.2088899682869584,6.196334702438956,0.2073666539183172,0.043000929157279134,0.1001426237890256,0.12515222566160136,0.18619288384574134
8298,8298,ITIH4,0.2591634896695758,5.904835652635791,0.20612268615665488,0.042486561748434834,0.10224179738460452,0.1562516527611346,0.18930404028076356
8299,8299,ITIH5,0.1971517156350436,6.066701800505895,0.6341054748167143,0.4020897531925307,1.8533988000711467e-08,0.030532418831768906,2.397571745253326e-07
8300,8300,ITIH6,0.1642053745667614,6.308380632925092,0.1612061046136692,0.025987408164713253,0.2031696362724562,0.1276710190716123,0.32621327748795426
8301,8301,ITK,0.11983186326747272,6.469099158914408,0.3210119945560179,0.10304870064883284,0.009700596557429731,0.044899307121534685,0.025471858669957662
8302,8302,ITLN1,0.0916290065341366,5.949027174854304,0.6277922168126706,0.3941230674905673,2.8197326182114028e-08,0.01442824189921931,3.3754179020103885e-07
8303,8303,ITM2A,0.11751160749542044,6.132617741767397,0.6707772694427221,0.4499421452010342,1.3247387619226634e-09,0.01650101923566192,2.6735524594068294e-08
8304,8304,ITM2B,0.4518909996069409,1.7307250596018626,0.6780174371690486,0.4597076451052848,7.526557995076759e-10,0.062217333575089115,1.7013320812462132e-08
8305,8305,ITM2C,0.21666181343083665,4.534694382420108,0.7517974018612965,0.5651993334453957,8.124780447292585e-13,0.024134083398429453,8.993574796625962e-11
8306,8306,ITPA,-0.4013180481496394,10.515569028447073,-0.6283941423077194,0.3948791980866543,2.7102479182996463e-08,0.06309308452385434,3.26420571027691e-07
8307,8307,ITPK1,-0.29635738289014635,8.928711397016173,-0.2335704664374665,0.05455516279181568,0.06323727469630161,0.15668234955393365,0.12732712073904337
8308,8308,ITPK1-AS1,0.12459401612182135,6.5501331129278135,0.11171068340423326,0.012479276786640837,0.3794951759417153,0.140760156360046,0.5224059522610034
8309,8309,ITPKA,0.1922252217320452,5.798998261824934,0.6963616391940302,0.4849195325409966,1.668576412514387e-10,0.025160381820949592,5.075264376873158e-09
8310,8310,ITPKB,0.5540473281211078,4.6237386328144785,0.4248503147098605,0.1804977899090675,0.00046672339663360166,0.1499305521491012,0.0017127427815795027
8311,8311,ITPKB-IT1,0.22802211289951915,5.689461442065554,0.2397861971885169,0.057497420362130326,0.05633621574723049,0.11724604841406197,0.11573482136479235
8312,8312,ITPKC,0.1923053123262632,5.832899272084237,0.2694852994090453,0.07262232659758279,0.031287019964064314,0.08727476250868653,0.07039904585638121
8313,8313,ITPR1,0.3092107139238462,5.624285871180708,0.5795103349853925,0.33583222835488186,5.236041610731524e-07,0.05522508615966711,4.176297645686599e-06
8314,8314,ITPR1-AS1,0.23666381156280786,6.265505394326628,0.1589139634997667,0.02525364779520518,0.2097536473907345,0.186732434656468,0.3344303090107129
8315,8315,ITPR2,0.17892168921773374,5.955484994957888,0.2891989633373791,0.08363604039541474,0.020462417584701333,0.07521499192363625,0.04889495955906613
8316,8316,ITPR3,-0.3379217914640107,9.23890689550749,-0.2537409668254494,0.06438447824551381,0.043056435191652837,0.16359818186924044,0.09241620617258818
8317,8317,ITPRIP,-0.8541145338577661,11.475986873823919,-0.5357726806432949,0.28705236532370204,5.061665711946067e-06,0.17094976912591514,3.0806737209722334e-05
8318,8318,ITPRIPL1,0.024364596636212463,6.907306958930062,0.028873668355397845,0.0008336887242975028,0.8208250665144833,0.10712240355883144,0.8872400327129447
8319,8319,ITPRIPL2,-0.09416818013472074,7.670869096552602,-0.0851773168677858,0.007255175308795187,0.5033640341879126,0.13989532228637566,0.638567554794332
8320,8320,ITSN1,0.8518361837109608,3.1905675594457983,0.5652857956810826,0.3195480307987947,1.135031211718651e-06,0.15786683565282006,8.225937379440225e-06
8321,8321,ITSN2,0.3512152875921345,4.702067068801772,0.2535109238534663,0.064267788513038,0.04325228769456826,0.17019887248977816,0.09279979094678248
8322,8322,IVD,-0.14025365340356774,7.958287056327047,-0.16842772125676875,0.028367897287747787,0.18338919197633374,0.10424511022749997,0.3008555266854172
8323,8323,IVL,0.0024955100975868755,7.0044702094412274,0.0039381004032903,1.5508634786395233e-05,0.9753620692695936,0.08047728835783018,0.9857866895376202
8324,8324,IVNS1ABP,0.2035452279934113,5.476460881883538,0.3470146191388878,0.12041914589610735,0.004965397202824353,0.06986428081261,0.014114685800362478
8325,8325,IWS1,-0.4203972133764304,10.14646148951534,-0.44979584372867293,0.2023163010355888,0.00019236412464182097,0.10601416678092224,0.0007761589564223277
8326,8326,IYD,-0.24081659106507394,7.961071120408387,-0.30893990010331496,0.09544386187584622,0.012995341242463687,0.09415303421185107,0.03283711955724051
8327,8327,IZUMO1,0.03153878113946563,6.912080750351663,0.029080346421766594,0.0008456665480099532,0.8195640096718579,0.13767838818409206,0.8864078828011229
8328,8328,IZUMO2,-0.020425088533733732,7.101034740128653,-0.03107291156908688,0.0009655258333802933,0.8074300660816238,0.08344040267899958,0.8774035568545546
8329,8329,IZUMO4,-0.10363499643895092,7.5260610892514785,-0.09892129231428612,0.009785422073128444,0.4367557563324808,0.13239923279986365,0.5771996214898599
8330,8330,Igk,0.11296012195219166,6.434961891434998,0.13476228711440494,0.01816087402830531,0.2883709425403896,0.10548266706658026,0.42695697803310106
8331,8331,JADE1,-0.08487221957198758,7.436880989072316,-0.09117523760648644,0.008312923952599261,0.4736700640496435,0.1177281008399001,0.6113920985274501
8332,8332,JADE2,-0.11825053286089487,7.703969968992897,-0.08057150488961529,0.0064917674001773,0.5268000712524186,0.18578537416367435,0.6590326714599147
8333,8333,JADE3,-0.21210481437483664,8.366219435797909,-0.6806890376763204,0.4633375660127151,6.084693393318508e-10,0.028990554562776643,1.4251309436566181e-08
8334,8334,JAG1,-0.3059244691572083,9.2944635377268,-0.4916432017452495,0.2417130378223201,3.6980511154254464e-05,0.0688153188573716,0.0001802820731754571
8335,8335,JAG2,-0.2717134849498822,8.60498325864354,-0.5798033918421693,0.3361719731916842,5.151252077491864e-07,0.04849113935398475,4.119289650594029e-06
8336,8336,JAGN1,0.14171197028161875,5.68867293309495,0.10632116219907296,0.01130418953136158,0.4030541872346137,0.16831480690801562,0.5451421482800654
8337,8337,JAK1,-0.2625264916137837,8.989792776323869,-0.2824911542912197,0.07980125225278567,0.023717929883443758,0.11321742046070725,0.05553160034879171
8338,8338,JAK2,-0.04208841073178659,7.218082500573369,-0.05008381359065005,0.0025083883837829822,0.6943043944249887,0.10659182988082468,0.7948383200080953
8339,8339,JAK3,0.1462318693274577,6.3599586057710935,0.13455097312461178,0.018103964368780003,0.28913460390567536,0.1367703937431291,0.4277074832691714
8340,8340,JAKMIP1,0.22657428322291334,6.0892359517280985,0.20646738202976264,0.04262877984222396,0.1016567376410118,0.13636518402798986,0.18845789346940423
8341,8341,JAKMIP2,0.6697969502255342,4.637729965977298,0.4477087279441909,0.2004431050774055,0.00020771878082530702,0.16989337601444668,0.0008316047696010397
8342,8342,JAKMIP2-AS1,0.19330067606108856,6.367609979820516,0.1583628321162528,0.02507878659588047,0.21135895497167906,0.1530625796388887,0.3362705289774234
8343,8343,JAKMIP3,0.05636961941317621,6.791808871251173,0.05829080028546716,0.0033978173979202185,0.6472938442120411,0.12260555765231,0.7578396444493947
8344,8344,JAM2,0.19694624556420648,6.055447190420893,0.6643753497064876,0.4413946052976177,2.155890054217368e-09,0.02813785023302945,3.9868316929186254e-08
8345,8345,JAM3,0.4667699947685394,4.710466767769622,0.7202500611063354,0.5187601505236799,1.966211189519791e-11,0.057095854004173614,9.094578033600057e-10
8346,8346,JARID2,-0.2924528740421985,8.734640569761849,-0.3115759226143286,0.09707955555297007,0.012203418737507896,0.11327156543587295,0.031126623411158242
8347,8347,JARID2-AS1,-0.003426733642530839,7.030285646539168,-0.0036696089850401627,1.3466030103087493e-05,0.9770413627652974,0.11859374646806865,0.9866929913029558
8348,8348,JAZF1,0.26327798683224884,5.834542316922005,0.6284935804827446,0.3950041807080202,2.692552714847046e-08,0.04138033901495418,3.2519369235924585e-07
8349,8349,JAZF1-AS1,-0.2299922321490621,7.732983463954913,-0.13247991678935406,0.017550928352514168,0.2966894391159428,0.21853565302914432,0.4354917511052492
8350,8350,JDP2,0.19791472208806465,5.948380373049457,0.21099502164649656,0.044518899159605566,0.09421099423063926,0.11644506786450765,0.17714153686415673
8351,8351,JHDM1D-AS1,-0.1790095530674469,8.211766340313027,-0.3061574007077832,0.09373235400814613,0.013878991738964242,0.07069095346621669,0.03477375519001165
8352,8352,JKAMP,-0.15895491063502645,8.254384416296013,-0.20658715527498855,0.04267825272461225,0.10145405382113197,0.09561009538633217,0.18813046202231656
8353,8353,JMJD1C,0.025470940628490462,6.869795056703159,0.030185014556414293,0.0009111351037709428,0.8128316118219457,0.10711734715440084,0.8813107478406305
8354,8354,JMJD1C-AS1,-0.1773221153423918,7.823533319264528,-0.22259154214442275,0.049546994634232316,0.07707956667942026,0.09863333654281148,0.15021220450349584
8355,8355,JMJD4,-0.3610402765328133,8.887649905622775,-0.34432348623462194,0.11855866317276388,0.0053356114030942954,0.1250229863424614,0.01503678617048503
8356,8356,JMJD6,0.09743831834279716,6.498881589133839,0.0657925073212994,0.004328654019623236,0.6054867115718952,0.18767892286003054,0.7240896144847244
8357,8357,JMJD8,-0.14425613854022756,8.135340104110883,-0.1386932733437319,0.019235824070799136,0.2744067673896374,0.13081735289794347,0.411173439511666
8358,8358,JMY,-0.0824836335267701,7.453289353323126,-0.13347909427616994,0.017816668608786668,0.2930286896814698,0.07777767701048563,0.4317866273171086
8359,8359,JOSD1,0.3097457966910149,4.110555767041888,0.5651238102357558,0.3193649208953785,1.1448382796626645e-06,0.05742792642928084,8.288690386524573e-06
8360,8360,JOSD2,-0.2659148818165024,8.602769327244353,-0.4440733105743901,0.1972011051644987,0.00023716987145463457,0.068138961320653,0.0009355033818488364
8361,8361,JPH1,-0.2538099835932782,8.5096469930808,-0.6696428898703506,0.4484215999539145,1.445385326657572e-09,0.035749767336549734,2.863661413428154e-08
8362,8362,JPH2,0.3550967030317497,5.294115295811583,0.2701102154019832,0.07295952846450574,0.030881941081381942,0.1607530172822466,0.069639532866534
8363,8363,JPH3,0.059298636771135727,6.7829103344225885,0.049741142456829666,0.0024741812529106236,0.6962939842622422,0.15121510707678693,0.7965685577261796
8364,8364,JPX,-0.05289398665203215,7.245489195252925,-0.10875941990351423,0.011828611417748928,0.3922918428039411,0.06139877574459113,0.5347163560875087
8365,8365,JRK,-0.09421729324969287,7.548222162494509,-0.052332556670869536,0.002738696487709773,0.6812994090968651,0.2283322782232457,0.7851953983612334
8366,8366,JRKL,-0.14767218839709356,7.944256550087293,-0.13729717873811212,0.0188505152894451,0.2793136226973818,0.1353034414283108,0.4166806626833703
8367,8367,JSRP1,0.06920368849692718,6.654112792772684,0.11587173486833854,0.01342625894139855,0.3618843991053711,0.07533914104421717,0.5046108604395886
8368,8368,JTB,-0.5577263909514841,13.43242525968807,-0.36097302506506973,0.13030152482462753,0.003385655591510739,0.1829932017468541,0.010041962996050547
8369,8369,JUN,-0.2256049404771711,8.774993133192492,-0.45837581389444,0.21010838676339028,0.0001395539457591706,0.05555393398775702,0.0005847601964811996
8370,8370,JUNB,-0.11279673879125575,7.955977990299523,-0.2566473340294415,0.06586785406441972,0.04064439428839076,0.05394709957230796,0.08805547841930572
8371,8371,JUND,0.34316989820826393,4.610829260607874,0.4641301322837751,0.21541677969375456,0.00011198898849428191,0.08317505263779873,0.0004805075383086338
8372,8372,JUP,-0.14875506661322624,8.425781279530058,-0.20222070519607807,0.04089321360999912,0.10904839517078904,0.09149213949200756,0.19914566930970196
8373,8373,KAAG1,0.23670158137426314,6.067021048803843,0.24730080331548016,0.0611576873204818,0.04882323342285667,0.11778123799202288,0.10258465115604627
8374,8374,KAL1,0.03774428134886515,6.8497937931804165,0.03924783454366042,0.001540392516366544,0.7581485397899146,0.12204074950716098,0.843144342088671
8375,8375,KALRN,0.5331766850712435,4.6248051153767475,0.2342869237807692,0.05489036265465596,0.06240865683235083,0.2809754343373049,0.12601020640601931
8376,8376,KANK1,-0.5291982683211571,10.278840243760632,-0.5347001711526848,0.2859042730307104,5.3302282404911344e-06,0.10621612753108327,3.2196957474988985e-05
8377,8377,KANK2,0.6695999744460801,3.0782908212640137,0.6908854483746967,0.4773227027759057,2.646571530850976e-10,0.08898777672254668,7.404587403175437e-09
8378,8378,KANK3,0.308890653857721,5.528008605963496,0.4278166725085905,0.18302710527632254,0.00042152070316174464,0.08288101130925944,0.0015659685755648619
8379,8379,KANK4,0.10369340287649882,6.579146135828881,0.2176166559480499,0.047357008946011935,0.08409781620922999,0.059064732037146725,0.16129113541855244
8380,8380,KANSL1,0.10271507125859856,6.268508991051108,0.21022190926256315,0.04419325113399734,0.09545125700656096,0.06066600510201861,0.17897627244584619
8381,8381,KANSL1-AS1,0.025165373533681902,6.87088701553929,0.06316409510691835,0.003989702910675828,0.6200009050195849,0.05049741789275337,0.7360184575311839
8382,8382,KANSL1L,-0.415137117655681,8.830191393779588,-0.6072871902107514,0.36879773139406935,1.0348542219187984e-07,0.06897407358027549,1.0270287889849487e-06
8383,8383,KANSL2,-0.3510417537790657,9.539676990424667,-0.6026894743960279,0.3632346025477605,1.3679400255032274e-07,0.05902813361494974,1.3078472959060658e-06
8384,8384,KANSL3,-0.07661540706059743,7.418168320893513,-0.03352668150333101,0.0011240383726257976,0.7925497309964046,0.2900584225166016,0.8664074120211592
8385,8385,KARS,-0.3880620028779138,11.298948919458985,-0.6850965581676389,0.4693572940131451,4.263243642705462e-10,0.0524028116977178,1.0785109939577895e-08
8386,8386,KAT2A,-0.3474661542996225,9.563757531463594,-0.6675455382567209,0.4456170456464553,1.6964449338829051e-09,0.04921989689193453,3.2800459860030635e-08
8387,8387,KAT2B,0.19606367616502726,5.667967299841691,0.6293554646521088,0.39608830088747177,2.5436922073613307e-08,0.030746239834900088,3.105053819076078e-07
8388,8388,KAT5,-0.20045964191166676,8.699708766725596,-0.16664057340492452,0.02776908070472204,0.18814942560886305,0.15063818294953554,0.3070723938644954
8389,8389,KAT6A,0.4110678968342725,4.52111991235534,0.2982504089383621,0.08895330643190025,0.0166778605547768,0.16707327530175295,0.04087821961671665
8390,8390,KAT6B,0.4868016870012672,4.152689161783759,0.5110248105530144,0.2611463570007443,1.5972761262861897e-05,0.1039904490209351,8.525761526923203e-05
8391,8391,KAT7,-0.10257410753532033,7.798767212828776,-0.0908960253868766,0.008262087431131713,0.4750311732592629,0.14272349331163864,0.6125282873007823
8392,8392,KAT8,-0.06444622794411557,7.452037949556817,-0.0552309205424398,0.003050454583965298,0.6646733276673225,0.14796396697178438,0.7720865653848565
8393,8393,KATNA1,-0.2310013641386196,8.693606799088494,-0.4140541730335346,0.1714408582064842,0.0006709729658150633,0.06449459062990252,0.002375334244682883
8394,8394,KATNAL1,-0.3295450582371133,8.451153588035634,-0.2951793788509555,0.0871308656988359,0.01788845334894041,0.13546815179917535,0.04350078127695728
8395,8395,KATNAL2,0.2766875609179755,6.023340898784191,0.21253274690578333,0.04517016850731776,0.09178159885652452,0.1615589137063818,0.17342879316794488
8396,8396,KATNB1,-0.38871240008642977,9.449576852618039,-0.3885396028259208,0.15096302296412428,0.0015102408012715107,0.11707402802283745,0.004889991709260551
8397,8397,KATNBL1,-0.053280668339346735,7.3147829970503135,-0.06361802836176297,0.004047253532638078,0.6174837165688631,0.10614828467984506,0.7339779274508031
8398,8398,KAZALD1,-0.3681952422609909,9.188264562740825,-0.48260470581067294,0.23290730207060625,5.3778137008979e-05,0.08486228073870661,0.00025147172466625785
8399,8399,KAZN,0.007049208208358031,6.975969385162787,0.0070561132457402235,4.978873413671063e-05,0.9558699776780826,0.1268726874933259,0.9735379722800714
8400,8400,KB-1000E4.2,0.0742573515772287,6.787730008803977,0.047344839149980986,0.002241533794137573,0.7102635699956772,0.19896820248689406,0.8078076043140147
8401,8401,KB-1410C5.2,0.027545849909485928,6.9203131767507875,0.01807461999518584,0.00032669188797037176,0.8872706820029267,0.19351748217399375,0.9305427459692648
8402,8402,KB-1568E2.1,-0.08378566205412152,7.276921546354168,-0.07077416747202077,0.005008982781357646,0.5783942364821473,0.14997147799327978,0.7021204771019058
8403,8403,KB-1836B5.1,0.007734910135346853,6.98131391794243,0.00648490582138615,4.2054003512247975e-05,0.9594392610779044,0.15147697450234615,0.9755382690026227
8404,8404,KB-431C1.4,-0.08516197242211107,7.493553821626586,-0.2116915727683467,0.04481332198113622,0.0931043808603442,0.049933318035055664,0.175411116019728
8405,8405,KB-431C1.5,-0.10243559803126992,7.363354348040457,-0.0860291489601861,0.007401014470813889,0.4990892653439553,0.15065944016729274,0.634855383048834
8406,8406,KBTBD11,0.3686016441759832,4.218791938582042,0.6982515492589092,0.4875552260424669,1.419615953808537e-10,0.04799246419914613,4.454836442094509e-09
8407,8407,KBTBD12,-0.01615507342671745,7.078642774756433,-0.02605951027113096,0.0006790980755711801,0.838039479519398,0.07870445705643916,0.8983197638040449
8408,8408,KBTBD2,-0.2946987014410304,9.1117251341051,-0.4383466277806953,0.19214776608670747,0.0002913875016865723,0.0767415687331589,0.0011241753695034249
8409,8409,KBTBD3,-0.07566460741602211,7.3805617571889535,-0.09909731637025623,0.009820278111786656,0.4359361466790266,0.0964921667669158,0.5766414547879983
8410,8410,KBTBD4,-0.2776012002216465,8.75621383441314,-0.3699127825027471,0.13683546665892465,0.0026256223630790523,0.0885468160545657,0.00800814820739111
8411,8411,KBTBD6,-0.16858562973360916,7.821438007175804,-0.27615204608510674,0.07625995255699093,0.027187175108946325,0.07451630790049715,0.06237955890911556
8412,8412,KBTBD7,-0.04390666429139052,7.253110071382665,-0.06707061279582985,0.004498467100808134,0.5984830574763463,0.08295131808671906,0.7181332415166111
8413,8413,KBTBD8,0.1437089603459234,6.2827291736346575,0.2590482121973262,0.06710597624263095,0.0387371412723174,0.06804928381923676,0.08449363358702995
8414,8414,KCMF1,-0.07486052677611015,7.484713760242513,-0.06791671589470756,0.004612680297922423,0.5938664768325256,0.13966140558156895,0.7145972071395856
8415,8415,KCNA1,-0.11013037027051807,7.421826361595683,-0.08887495399906449,0.00789875744833583,0.4849456857436415,0.15675083481628685,0.6219424829599383
8416,8416,KCNA10,0.10530281809132444,6.599182119734154,0.10392688335570208,0.010800797084029706,0.4137884787403317,0.12798472053171595,0.5551079877721362
8417,8417,KCNA2,0.2255827063743985,6.113470780711149,0.18797920176115213,0.03533618029475994,0.13688538491897834,0.14968840198475358,0.23855247146470918
8418,8418,KCNA3,0.3159958554949376,5.80758103122184,0.34524281359980546,0.11919260034231002,0.005206494952114944,0.1090941271213815,0.014732346555344195
8419,8419,KCNA4,-0.09873163576853757,7.472663893909898,-0.06903696041563215,0.00476610190342956,0.5877786858806735,0.18119299586085,0.7097953677864631
8420,8420,KCNA5,0.3026816315922553,5.742461329829093,0.2970284797550949,0.08822591778562285,0.017150863279483338,0.12357646013314197,0.04190003884445078
8421,8421,KCNA6,0.05147550620849497,6.8135344238738105,0.04365380317754263,0.0019056545318636312,0.7319665783020812,0.1496127111745216,0.8248384831139094
8422,8422,KCNA7,0.14463690449381925,6.512289713270353,0.14048526677085812,0.019736110179679172,0.2681931168560825,0.12945654006592766,0.40404354706542833
8423,8423,KCNAB1,0.4062237258634828,5.366047420896359,0.2500997618303153,0.06254989086758042,0.04624364794471368,0.19972399489076398,0.09812897562398577
8424,8424,KCNAB2,0.24955162071837025,5.641284660770631,0.28645293087959217,0.08205528160950841,0.021746012032834074,0.10600333856233303,0.051471187077387896
8425,8425,KCNAB3,0.09440586405242823,6.572854737575463,0.08580233629876845,0.007362040914326956,0.5002256433421742,0.13921930225708762,0.6360292306634806
8426,8426,KCNB1,0.6992120197822115,4.437154849111816,0.3786141879684905,0.1433487033310394,0.0020359288234793114,0.2170791910632746,0.006380323975751735
8427,8427,KCNB2,0.16413360889436907,6.3853541087607155,0.14746833631185605,0.02174691021458668,0.2448839888473771,0.13980686823736155,0.37668438545886856
8428,8428,KCNC1,0.18193017125224356,6.355301403438762,0.1591469089771075,0.02532773863696774,0.20907773147186506,0.14333094981268318,0.33362156620906624
8429,8429,KCNC2,0.17772512275581714,6.2340883452132765,0.15015666751013787,0.02254702479775009,0.2362918405653273,0.1486128261968463,0.3666653635275672
8430,8430,KCNC3,0.0036789485118584454,6.998189616981197,0.0029641505392608704,8.786188419400508e-06,0.9814541435352784,0.1576252182432233,0.989219896590945
8431,8431,KCNC4,-0.5086342661383132,9.337758112701543,-0.4625764482236942,0.21397697045124803,0.00011889022431106324,0.12380662595086908,0.0005065055690450668
8432,8432,KCND1,0.15846455662886094,6.3852419791888835,0.14553658813556716,0.0211808984861417,0.2511885427512044,0.13680920641166205,0.3836569257495649
8433,8433,KCND2,0.16071591237919794,6.562910617830551,0.07914348371008771,0.006263691013768918,0.5341751089174414,0.2570889730890713,0.6654142880583981
8434,8434,KCND3,-0.06673910743473556,7.3003236718913405,-0.08821619224963811,0.007782096575025111,0.4882007543687159,0.09570613343274573,0.6249327502426283
8435,8435,KCNE1,0.04817681308639488,6.852533091202104,0.0433225188723984,0.001876840641449316,0.7339250704103458,0.1410979129205352,0.8261759837675334
8436,8436,KCNE1L,-0.0207181996799194,7.099474280424642,-0.023937892973176042,0.0005730227199952307,0.851068219251705,0.10988686484588643,0.9067592761572285
8437,8437,KCNE2,0.26134898482433483,5.747151044773049,0.4343025297046986,0.18861868730790066,0.00033625525441975895,0.06884067407735264,0.0012763553960490589
8438,8438,KCNE3,-0.18179213987709508,8.33094974297855,-0.4849328430181053,0.2351598622376223,4.8882189501676846e-05,0.0416373416438927,0.00023127459332724759
8439,8439,KCNE4,0.4572605865023741,5.329464636071314,0.2809411311080465,0.07892791914826859,0.024529587992251745,0.1983806947456496,0.057135444549017055
8440,8440,KCNF1,0.24468974701704735,5.597441399047597,0.3133950944927217,0.09821648525210196,0.011681538624958156,0.0941626947878176,0.029950712635977844
8441,8441,KCNG1,0.4044541818187019,4.743839784572931,0.5858466069866503,0.34321624691777064,3.665597503543517e-07,0.07105600181455954,3.047159844116501e-06
8442,8442,KCNG2,0.2002939785797013,5.883623019995503,0.3192942204837712,0.1019487992343391,0.010119808344788265,0.0754973208176267,0.02644117395106055
8443,8443,KCNG3,0.5019157872613073,5.31317929597497,0.34809232508208865,0.12116826678105448,0.004823614576145525,0.17166961324250254,0.013758610859645857
8444,8444,KCNG4,0.03163030989389508,6.904111829382753,0.03806687576230467,0.0014490870303027388,0.7652138854330951,0.10544973045609676,0.8478928066604999
8445,8445,KCNH1,0.041978528525997434,6.849545880573152,0.05695240152743124,0.0032435760397417517,0.6548732960476353,0.0934574326149066,0.7637895850655217
8446,8446,KCNH2,0.4004894693912104,4.9096167938331305,0.4281901977446967,0.18334684544464244,0.00041612078529058887,0.10734389686141282,0.0015490967174604953
8447,8447,KCNH3,0.16442722905180146,6.061496471454446,0.1923868653884366,0.037012705973988425,0.12775187350270215,0.10651548597545546,0.22608382393255913
8448,8448,KCNH4,0.09750047982010912,6.518612995033678,0.11073384479795872,0.012261984383738413,0.3837027363102943,0.11113514318325757,0.5265244759393842
8449,8449,KCNH5,0.057252551281694875,6.822703385456007,0.053142429265426096,0.002824117788230816,0.6766380339351638,0.13662918556851186,0.7817219710235793
8450,8450,KCNH6,0.4475281508953411,5.2929445629189065,0.2942466869406404,0.08658111277554323,0.0182706694942236,0.18460689866011235,0.04428106859512166
8451,8451,KCNH7,0.4575971657483149,5.346128077450941,0.21899613009333516,0.04795930499585696,0.08210303629821762,0.25892786898772324,0.15809543402435555
8452,8452,KCNH8,-0.3839124810504336,8.494080856297106,-0.6622287484312271,0.4385469152487895,2.5316254258514427e-09,0.05516772722526205,4.583808411104765e-08
8453,8453,KCNIP1,-0.038563076343713434,7.165377095976602,-0.04020957885502528,0.0016168102316984955,0.7524091867771479,0.12170122031241455,0.839131737120005
8454,8454,KCNIP2,0.025858984740171724,6.906300659792631,0.01919995406468329,0.0003686382360859485,0.8803021935858247,0.17101545961339676,0.9265100365541208
8455,8455,KCNIP2-AS1,0.22373026753491604,5.668785467154122,0.27937074622029395,0.07804801384368389,0.025375726364278702,0.0976567172965277,0.058767276091541434
8456,8456,KCNIP3,0.13320501737790302,6.372684652673789,0.08923371603435151,0.007962656077299282,0.4831778095623782,0.18882512035360266,0.6201526473490576
8457,8457,KCNIP4,0.4035981904451713,5.103718068384257,0.5798835684266651,0.3362649529312428,5.128280663607803e-07,0.07201283987966099,4.1039511371185136e-06
8458,8458,KCNJ1,0.2552450459329105,6.1201140843784545,0.2562873577505391,0.06568320974275282,0.04093694201191184,0.12225914939869605,0.08859579045252357
8459,8459,KCNJ10,-0.06687961384403243,7.267182417163799,-0.04343798134040528,0.0018868582229293973,0.7332422849600629,0.19535213618002845,0.825664855102558
8460,8460,KCNJ11,-0.06004016367269908,7.269295690351457,-0.06632185137981726,0.004398587970446568,0.6025817109715921,0.11471814969876748,0.7215978666386037
8461,8461,KCNJ13,-0.11651791520338382,7.384719281526897,-0.06303575033135014,0.0039735058198363095,0.6207134032931854,0.23428548300934804,0.7364425130568666
8462,8462,KCNJ14,0.07243569306320838,6.756182804686818,0.055781388586764055,0.003111563312667571,0.6615334429382738,0.16466099415139288,0.7694819688193926
8463,8463,KCNJ15,-0.27066939531979683,8.12301531419192,-0.19664345240699552,0.03866864737454232,0.11937766812714025,0.17139587710858795,0.21405344069663176
8464,8464,KCNJ16,0.4560299196518265,5.511375266419538,0.3068003680649269,0.09412646584477463,0.0136703319768097,0.17966993138626056,0.03430652902512621
8465,8465,KCNJ2,0.15596634633789844,5.787631145687177,0.5716616442014959,0.3267970354511577,8.060308908074341e-07,0.02842948611608514,6.126570354663034e-06
8466,8466,KCNJ2-AS1,0.2365013699566393,6.240666162060896,0.15636403870283613,0.02444971259946204,0.21725358499014985,0.18972552680570529,0.34345352481834535
8467,8467,KCNJ3,-0.049718395383028635,7.1894040505458845,-0.05578875151103199,0.003112384795159673,0.6614914838044552,0.11300501486923432,0.7694819688193926
8468,8468,KCNJ4,0.36663934914248747,5.369638331054547,0.3712371819622332,0.1378170452712602,0.002527033923299712,0.11646393979756475,0.007736160123610036
8469,8469,KCNJ5,0.44633566783648576,4.6311033822236185,0.3531438302306669,0.12471056482998605,0.004205579188469878,0.15017234732843546,0.012177004589693168
8470,8470,KCNJ6,0.3855065786633533,5.557831698132565,0.2618572945833081,0.06856924272648939,0.03660039110969734,0.1804457093323424,0.08039683946345942
8471,8471,KCNJ8,-0.1364858938704996,7.578509335219356,-0.1433561097781981,0.020550974210738784,0.25843654680824085,0.1196648596525642,0.39251251375595847
8472,8472,KCNJ9,0.09277364564883828,6.604815431995879,0.0921928504341812,0.008499521671179306,0.4687271395986331,0.127255921319563,0.6068567624063373
8473,8473,KCNK1,0.3757595805094401,4.7645190017006795,0.3582837052910502,0.1283672134770841,0.0036496927274689774,0.12435233357887747,0.010716487595029248
8474,8474,KCNK10,0.4836732169621859,4.899629586196943,0.4974006104488996,0.2474073672749379,2.8971167781908905e-05,0.10713462700954872,0.00014529194958713232
8475,8475,KCNK12,0.21592514294755305,6.168239176169527,0.16553599983444192,0.02740216724118836,0.19113567126484668,0.16337348131042867,0.3112062376872372
8476,8476,KCNK13,-0.06726609381362028,7.264325471622045,-0.06959687650496048,0.004843725219246721,0.5847465042299705,0.12244928618686485,0.7073102887081932
8477,8477,KCNK15,-0.0801650805755397,7.322305727292994,-0.07469829849256078,0.005579835797683708,0.5574529257129425,0.1359138266862369,0.6853436531346525
8478,8478,KCNK16,0.18320499686585495,5.997852730168463,0.16414323858776772,0.02694300277408084,0.19494934320127005,0.13982589636643947,0.31587190624942035
8479,8479,KCNK17,0.12863213787617314,6.5215930543755505,0.13711719345050907,0.018801124739744327,0.27995042590733155,0.11801582545715228,0.41734314147206836
8480,8480,KCNK2,0.2648017236350434,6.0710157011421595,0.23894295841449614,0.05709373737587165,0.05723489807859933,0.13666741705264754,0.11727678614008537
8481,8481,KCNK3,0.4632308262777153,4.8296784946667195,0.4089375858920449,0.16722994915521358,0.0007936064544942309,0.13128258749864213,0.0027567449105024974
8482,8482,KCNK4,-0.031101054264168093,7.149759411865352,-0.037815787949948734,0.001430033818275488,0.7667185554357945,0.1043747292895244,0.8488171873666464
8483,8483,KCNK5,0.22308320051889852,5.483351827061411,0.6770797292189221,0.4584369597191689,8.105612412627751e-10,0.030793263536743814,1.8039777676819522e-08
8484,8484,KCNK6,0.11204218140327324,6.4264593903468965,0.1733873602255534,0.030063176685985817,0.17063589723707615,0.08082393674255803,0.2844369451673377
8485,8485,KCNK7,-0.301071304003182,8.531821813394192,-0.2894336305195031,0.08377182647570024,0.020355779509687647,0.12645218778516962,0.048664650616282404
8486,8486,KCNK9,0.10830812635578788,6.545602489398608,0.1032296015530664,0.010656350636804849,0.4169453617311656,0.13253620541296215,0.5581006186357023
8487,8487,KCNMA1,0.35958383995638543,5.181297329678063,0.5377508972320916,0.2891760274739195,4.599156241200534e-06,0.07159854724528769,2.8277889949800557e-05
8488,8488,KCNMB1,0.34000053069526065,5.491984515401295,0.5196613160500004,0.2700478833988184,1.0805219937793562e-05,0.07099218570589692,6.036566497945472e-05
8489,8489,KCNMB2,0.5775752590592882,4.99082543030276,0.3170569545052585,0.10052511240014957,0.010689329951460241,0.21941684929747854,0.027721849113637308
8490,8490,KCNMB3,-0.033396280457090616,7.180489439181744,-0.032885196032289885,0.0010814361180821349,0.7964329978326881,0.1289041388144404,0.8691169405395515
8491,8491,KCNMB4,0.2422201911443312,5.816697340115073,0.3403000017406932,0.1158040911847158,0.005934470669627695,0.08500154057772767,0.016513873342429677
8492,8492,KCNN1,-0.001853553013219336,7.0273635127008625,-0.002404792811950845,5.7830284684104526e-06,0.98495343571368,0.09788817824259753,0.9910104291548145
8493,8493,KCNN2,-0.16037756228732214,7.646100090546813,-0.4523222792825693,0.20459544433537855,0.00017517180414300564,0.040160010777065616,0.0007135713729715551
8494,8494,KCNN3,0.4729535140345748,5.042226602832692,0.4158689035416829,0.17294694493296153,0.0006317882836009423,0.1313508385320308,0.00225281990472228
8495,8495,KCNN4,-0.22411170553064724,8.793765594721165,-0.7670762026763829,0.5884059007124193,1.4556946301442195e-13,0.023804812016440552,2.4248513242902364e-11
8496,8496,KCNQ1,-0.29343960887552706,9.344147939399338,-0.5925046010819464,0.3510617023032764,2.4994104691443423e-07,0.05066789545433331,2.1877418637558907e-06
8497,8497,KCNQ1-AS1,0.003266370702889173,7.002732516143857,0.003734051667211888,1.3943141853407879e-05,0.9766382933404578,0.1110928929333868,0.9865240340651
8498,8498,KCNQ1DN,0.1748280501992342,5.960217388409905,0.1952135953890674,0.03810834782472652,0.12214255173565505,0.11154966924857343,0.21800024378435753
8499,8499,KCNQ2,0.18344045234517367,6.209214493783821,0.2075190369198876,0.043064150684157664,0.09988780200071228,0.10982032813841544,0.18581482280950298
8500,8500,KCNQ3,0.041169941212293344,6.846943696304669,0.02971608399601504,0.0008830456480582211,0.8156878902121567,0.1758737360062652,0.8835394789187802
8501,8501,KCNQ4,-0.03930409235932138,7.194787254321794,-0.050463790929084935,0.002546594194934396,0.6921006010296096,0.09878894860301968,0.793373377938177
8502,8502,KCNQ5,0.3691249780847107,5.83929806527501,0.19010611902490074,0.036140336490709725,0.13241850164518562,0.2420964362316067,0.23238906239288556
8503,8503,KCNRG,0.2513535109840657,6.006343125974575,0.2397231386632806,0.057467183210574466,0.05640302152867964,0.12927882497881246,0.11581712793509934
8504,8504,KCNS1,0.1918068391910613,5.756649861004846,0.25872990322171424,0.06694116282111763,0.03898565740083485,0.0909444358038724,0.0849501319194082
8505,8505,KCNS2,0.13803252134084065,6.486473427736916,0.09124650237588183,0.00832592419583181,0.4733229965907473,0.19131711801178974,0.6111328780501023
8506,8506,KCNS3,0.046439564335703336,6.7206275416607815,0.1918729919577997,0.03681524504283787,0.12879225983663845,0.03016707787233168,0.22758028451753615
8507,8507,KCNT1,0.1623801028200211,6.32066680028859,0.18384384011430055,0.03379855754797252,0.1458935408713896,0.11026094876168,0.2511187208942009
8508,8508,KCNT2,0.5627363252675696,5.140246164626788,0.5491064136041521,0.3015178534612142,2.6218948079173767e-06,0.10877528857145118,1.7101545802846622e-05
8509,8509,KCNU1,-0.2778599396911255,7.905011995687679,-0.18871743918846265,0.0356142718538511,0.1353222912628197,0.18362991997928485,0.2364285403378952
8510,8510,KCNV1,-0.13961268348291578,7.497184476617853,-0.2469090605118115,0.060964084162825415,0.04919349596919932,0.06958779968187066,0.1032253057376949
8511,8511,KCNV2,0.0513386953961707,6.848568740850295,0.045800076404463035,0.002097646998654651,0.719319940041067,0.1422089089300537,0.8151589984608983
8512,8512,KCP,0.1177749705280485,6.489695650227424,0.13007406258565088,0.01691926175753582,0.30562583847840197,0.11401475234286085,0.44528880658344844
8513,8513,KCTD1,0.29045318777383794,5.49076564671725,0.39050494855005335,0.1524941148420798,0.001421947013636641,0.08696111952754344,0.004633899560617226
8514,8514,KCTD10,0.1876669379628235,5.518809857588968,0.25395468606355365,0.06449298257363809,0.0428751360421625,0.0907735284093574,0.09207984527198458
8515,8515,KCTD11,-0.22382434006975988,8.28163281977558,-0.3274012718578003,0.10719159281410524,0.00827099557207916,0.0820370889709894,0.022159579709821544
8516,8516,KCTD12,0.11347919658028273,5.994868472138967,0.7015109871603185,0.4921176651066445,1.0711873407197059e-10,0.014640890211920872,3.5306791268318462e-09
8517,8517,KCTD13,-0.22512158286858835,8.225174335860821,-0.3790722531912278,0.1436957731394743,0.00200846266223555,0.0697932361696183,0.006304284526846041
8518,8518,KCTD15,-0.3268115804857492,8.696882539740638,-0.4186906610097401,0.17530186961677308,0.0005749694454665348,0.09002348544589661,0.002067583580592772
8519,8519,KCTD16,-0.2947397334489508,8.117577665099226,-0.3917981037654323,0.15350575411418846,0.0013664121751278556,0.08790073713362133,0.004481923000968451
8520,8520,KCTD17,0.2087361942238652,5.912756577623731,0.1934912115509374,0.037438848947449616,0.12553760912746165,0.13441719767755025,0.22285251983820095
8521,8521,KCTD18,-0.030217103724331708,7.206469639598817,-0.02582784518193264,0.0006670775867418813,0.8394600834228667,0.14853332864356908,0.8992138952573298
8522,8522,KCTD19,0.0628209513311033,6.692458229697831,0.07980349643564709,0.006368598043354338,0.5307601518651973,0.09965507002600196,0.6623414446286433
8523,8523,KCTD2,0.2229885506233451,5.503086979527875,0.16320224522193796,0.026634972845481573,0.1975566092121538,0.17119791053191033,0.3194033427272801
8524,8524,KCTD20,-0.28444568826654193,9.052300818156839,-0.6578495630856931,0.4327660476520373,3.4994763376059733e-09,0.0413578571339244,6.028731908580537e-08
8525,8525,KCTD21,0.09785649993924687,6.475867977308053,0.12859603920777032,0.016536941299926403,0.31120131669968976,0.0958396605203941,0.4514983594487325
8526,8526,KCTD3,-0.10917938823175856,7.829417291300754,-0.22053978655097095,0.04863779745194784,0.07991542176209944,0.06132404706974839,0.15480530085501953
8527,8527,KCTD4,0.5568056553317442,4.985162177509872,0.4605973774868758,0.2121499441477876,0.00012824714963790082,0.13627246664420206,0.0005421026791740664
8528,8528,KCTD5,0.234002664577782,5.380385531006854,0.24048991510343895,0.05783539926645929,0.055595030557617005,0.11994757724850387,0.11448368074602475
8529,8529,KCTD6,0.07981198306867704,6.515984469436388,0.11676370880975108,0.013633763695008344,0.3581754085474461,0.08621512747973421,0.5007365755895823
8530,8530,KCTD9,0.2289547560743838,5.2415320571581265,0.5451393428013581,0.29717690306989664,3.1981172091273137e-06,0.044716655227620895,2.0399183553358462e-05
8531,8531,KDELC1,-0.20817686961053036,7.996090553172932,-0.4544018917806143,0.2064810792538011,0.00016209031152405727,0.05182927590539308,0.0006668789223656172
8532,8532,KDELC2,-0.11280604468370545,7.811057828040905,-0.2282855797028052,0.052114305900245836,0.06962700417006816,0.06109927156266354,0.13780941187303042
8533,8533,KDELR1,-0.47901659405140296,11.63027708423413,-0.55188623522805,0.3045784166341905,2.2776932201757612e-06,0.09192406774607577,1.5051402710682364e-05
8534,8534,KDELR2,0.27175035247817103,4.142149240000792,0.2963268401499289,0.08780959619324154,0.017427617857836114,0.11123617096418836,0.04249944422426138
8535,8535,KDELR3,-0.19574802982686806,8.457384287074998,-0.4680328978140223,0.21905479343619105,9.624668203690555e-05,0.04693917542952599,0.0004201213262465611
8536,8536,KDF1,0.024858092926694463,6.855448062307124,0.03210898730248656,0.001030987065591243,0.8011383939404337,0.0982700919840822,0.8728217213631818
8537,8537,KDM1A,-0.24480842512255546,9.080462167028816,-0.51417729269567,0.26437828832384874,1.3866099260862326e-05,0.05186147822799166,7.504883266532707e-05
8538,8538,KDM1B,-0.15776359414634736,7.887655622678818,-0.43761937068173495,0.19151071359587774,0.0002990289903308303,0.041167220384342236,0.0011485407565828539
8539,8539,KDM2A,-0.0627013482033067,7.4874653524664785,-0.06464472351400803,0.004178940278202541,0.6118065778014601,0.12292454383607848,0.7295925679988225
8540,8540,KDM2B,-0.1915453077541024,8.367805739450718,-0.43654432171304697,0.19057094481990425,0.00031066048357445536,0.05013450417479656,0.0011894188068961866
8541,8541,KDM3A,-0.2596336642791152,8.459382458394547,-0.2945141144303164,0.08673856359867349,0.018160371368608902,0.10699330542290098,0.04406306352798048
8542,8542,KDM3B,-0.13853797474956145,8.215327523798011,-0.2113894733775583,0.04468550945484144,0.09358307101291463,0.08135098497132934,0.17611379184710751
8543,8543,KDM4A,0.21707337295658344,5.494996257840104,0.20076044213728492,0.040304755127158136,0.11168370607377882,0.13452383441414012,0.20313376911033768
8544,8544,KDM4B,0.12969726479284147,6.250567358272824,0.07847018807963531,0.006157570417253339,0.5376699075923828,0.20926136117689687,0.6681534401993027
8545,8545,KDM4C,0.3636761600991904,5.086104998324044,0.425266973954945,0.18085199913679587,0.00046011863578640966,0.09829660517643167,0.0016919458410519104
8546,8546,KDM4D,-0.12627887996142598,7.477513505784713,-0.09237520235411976,0.00853317800996457,0.4678443403906691,0.17286957592284505,0.6059674137902948
8547,8547,KDM5A,0.053105408548675584,6.670129303558607,0.06823922863723847,0.004656592325005305,0.5921109492445069,0.09860416794568752,0.7133727943635139
8548,8548,KDM5B,-0.4733765965472029,10.147146293259816,-0.4065189948371163,0.16525769316337946,0.0008583538825949845,0.1351158531009854,0.0029621758290987077
8549,8549,KDM5C,0.02934225413921753,6.834095280187388,0.03299127077437952,0.0010884239473084284,0.7957905264954241,0.11289172478077357,0.8686591025761006
8550,8550,KDM5D,0.002150893901796059,7.001983562750724,0.016324162916442952,0.0002664782949225713,0.898126892175676,0.01673147968158589,0.9374337422308894
8551,8551,KDM6A,0.19161808185803408,6.005557343741818,0.30410871165779496,0.09248210850616392,0.014562240700393272,0.07623236270409749,0.036300831399449326
8552,8552,KDM6B,-0.00815399809278173,7.064698993636724,-0.007348398901671526,5.3998966418087293e-05,0.9540439121871338,0.14091924612003992,0.9724005586877823
8553,8553,KDM7A,-0.169919738804194,8.234559998360506,-0.3003963416179175,0.0902379620574286,0.015874199045927514,0.06851998405013025,0.0391343101479463
8554,8554,KDM8,0.18583681804269309,6.051489738665827,0.1882903263867597,0.03545324701083248,0.13622498233863822,0.12310325870019065,0.23761192046260254
8555,8555,KDR,0.053414486263254304,6.7480109215166655,0.0720215137657117,0.005187098445104599,0.5716987163316001,0.093944567250145,0.6967266420260454
8556,8556,KDSR,-0.05430998802711005,7.303607539437233,-0.07064919773486772,0.004991309140580438,0.5790670275255707,0.09738455067888156,0.702735541797278
8557,8557,KEAP1,-0.4164331573374007,10.477797111650636,-0.7395366376213862,0.5469144383843455,2.959131654659997e-12,0.04813709458600653,2.2484209116372714e-10
8558,8558,KEL,0.0367119938595733,6.793413953140477,0.041077034170492806,0.0016873227362438337,0.747243937064468,0.1134086918811562,0.8355845368561403
8559,8559,KERA,-0.2629983371385975,7.796832356106671,-0.20641483727624396,0.04260708504777826,0.10174575461471773,0.15832932159052662,0.18859062879240882
8560,8560,KGFLP2,0.17786397230342813,6.320017888742077,0.1875444082256217,0.035172905056698636,0.1378123236273953,0.11830763377577942,0.23997474012152178
8561,8561,KHDC1,-0.04568013886596976,7.22594616006386,-0.041807449138808635,0.0017478628034940712,0.742903252715738,0.13864302482557445,0.8329055106165832
8562,8562,KHDC1L,0.09635733176959543,6.683488815575809,0.07999444839128815,0.006399111773426463,0.5297741716742905,0.15248778576716365,0.6614922266970398
8563,8563,KHDC3L,0.1802214989498821,6.264588432949058,0.2334835310831671,0.054514559287064265,0.06333842026874974,0.09531953671282067,0.12749521202080086
8564,8564,KHDRBS1,-0.7246406206366012,13.034882363736296,-0.6733609451231717,0.4534149624171711,1.0846689868540743e-09,0.1010433592789122,2.2870990175584206e-08
8565,8565,KHDRBS2,0.12024573181393786,6.463801586108276,0.15875065010312026,0.025201768908163315,0.2102284378465607,0.0949763944934009,0.3349147959661055
8566,8566,KHDRBS3,-0.11008740246712354,7.586579620983306,-0.17315052123690355,0.029981103004611386,0.17122976927566036,0.07952580501306104,0.28527316923099133
8567,8567,KHK,-0.3319369703238647,8.92033541583114,-0.41466805951304375,0.1719495995803132,0.0006574775994782073,0.09250976598505324,0.0023332804681580758
8568,8568,KHNYN,-0.11973004517344787,8.010199535089795,-0.10437458938935594,0.010894054910196654,0.4117688251496414,0.14488850382379562,0.5532233471035789
8569,8569,KHSRP,-0.4382307441951546,9.893271650425582,-0.3811876856756122,0.14530405171072935,0.0018858733217235189,0.1349814092277248,0.005952279082046757
8570,8570,KIAA0020,-0.5030127540723973,10.011006777890435,-0.6795146258734921,0.4617401267759919,6.682777464896936e-10,0.0689731952557182,1.5492635757331395e-08
8571,8571,KIAA0040,-0.10256968511912014,7.6259705076793285,-0.15022447852880533,0.02256739394925149,0.236077834781186,0.08572863003416137,0.3664706460348805
8572,8572,KIAA0087,-0.41770997785918257,8.289011877533921,-0.2449552973478061,0.060003097698752124,0.051074601215054666,0.2099690967661613,0.10650173223996233
8573,8573,KIAA0100,-0.15174128537601245,8.134761239406789,-0.25534707355168496,0.0652021279714096,0.04170931774185304,0.0729685786035316,0.08995272141219277
8574,8574,KIAA0101,-0.2061000752668112,8.760401751040048,-0.7135702404010622,0.5091824879860297,3.65392058164429e-11,0.025698371381235968,1.4792119085252062e-09
8575,8575,KIAA0125,0.2447426005809536,5.764353402335526,0.4916101601730995,0.2416805495854205,3.703188384329326e-05,0.055057815169501305,0.0001804512701679828
8576,8576,KIAA0141,-0.04030412376550418,7.268504484492618,-0.034016618300326464,0.0011571303205901047,0.7895872441785659,0.15038727466019025,0.8647827343100137
8577,8577,KIAA0196,-0.19646052239138026,8.595133401926917,-0.28855956773642394,0.08326662413223182,0.020755388075765376,0.08278763811779041,0.049515230334347675
8578,8578,KIAA0226,0.967239903407499,2.098810018835197,0.4800263122726691,0.2304252604740981,5.9726724384018776e-05,0.22449088844876214,0.00027583327288034263
8579,8579,KIAA0226L,-0.116728282423571,7.949015770414717,-0.486977987585446,0.2371475603927708,4.4924821098202084e-05,0.02658833790914164,0.00021456704915782224
8580,8580,KIAA0232,-0.00169596534184596,7.026847354151736,-0.003403006445297476,1.158045286673616e-05,0.9787089404206376,0.0632930234240878,0.9875561299477613
8581,8581,KIAA0247,0.3644615332011662,3.8451182457621735,0.5990749027582483,0.3588907391148046,1.6982800754430634e-07,0.061864392462995625,1.566280026989759e-06
8582,8582,KIAA0319,-0.19097403178596992,7.874064610507252,-0.375816051448634,0.14123770452644227,0.002211128948752564,0.05980529417425584,0.006860867944581857
8583,8583,KIAA0319L,-0.10356634445975224,7.807975922083756,-0.11443190460950252,0.013094660792558287,0.3679208041385552,0.11418614877713355,0.5111519223468539
8584,8584,KIAA0355,0.014627078202058313,6.9169264209091486,0.024573415134655874,0.0006038527313801344,0.8471611827152328,0.07557272050702503,0.9040198793524055
8585,8585,KIAA0368,-0.2468089300826869,8.661440630295107,-0.2400797559120028,0.05763828919876684,0.056026057692484636,0.12674134152467115,0.11523976817351395
8586,8586,KIAA0391,-0.10348413466303832,7.474990973060199,-0.09491776918282736,0.009009382906644492,0.455629402396102,0.13783679819224007,0.5947350638268589
8587,8587,KIAA0408,0.4279589358737205,5.713203743510271,0.2760099417470147,0.07618148794319045,0.02726959628314578,0.1892669829085828,0.06256204126618518
8588,8588,KIAA0430,0.012147188745891069,6.938233755691424,0.02042428440594863,0.0004171513934950764,0.8727309584684815,0.07551660957226339,0.9212351401931413
8589,8589,KIAA0485,0.1584878497713879,6.1802453522337535,0.28318419400512723,0.08019328773433354,0.023362445610973958,0.06816782013202638,0.05485944043652581
8590,8590,KIAA0509,0.09563765186468992,6.643993205025527,0.13135265753408293,0.017253520641266073,0.30085512149297244,0.09166740650993443,0.4403526634626778
8591,8591,KIAA0513,0.4824434007644094,4.376721923273847,0.6354224280931052,0.4037616621237375,1.6960236783245315e-08,0.07445569715126732,2.22995705853781e-07
8592,8592,KIAA0556,-0.05525633724336365,7.382925114814535,-0.07333543956212119,0.0053780866957695295,0.5646849462318929,0.09543361192032834,0.6912913398525434
8593,8593,KIAA0586,-0.4961010349075385,10.118339137112986,-0.5803537497975877,0.336810474904121,4.995495728923995e-07,0.08840978255442564,4.012517062679863e-06
8594,8594,KIAA0753,-0.4539994985370837,10.229895108237466,-0.6321135756175392,0.3995675724799905,2.1179296539978338e-08,0.07067999016399527,2.6680492528983763e-07
8595,8595,KIAA0754,0.08439015722313313,6.6730254216943825,0.06080283191751652,0.0036969843691897655,0.6331644221551771,0.17594132832143772,0.7466740489990938
8596,8596,KIAA0825,0.3126855009444213,6.030837816705381,0.1544296596453485,0.023848519778178177,0.22306717594687936,0.25406204720484904,0.3503168971738104
8597,8597,KIAA0895,-0.24633862021432865,7.908873493591474,-0.6367875170439947,0.4054983418630559,1.5462984923877767e-08,0.0378807573775079,2.0746650466330426e-07
8598,8598,KIAA0895L,-0.12773225283963174,7.580924615373312,-0.2383243553548823,0.056798498355320214,0.05790154288305975,0.06610564423542227,0.11831080497571796
8599,8599,KIAA0907,-0.08596715323511543,7.594716779272474,-0.2520178272834834,0.06351298526868766,0.04454139554449823,0.04192338270109864,0.09507579305235182
8600,8600,KIAA0922,0.16397300917203947,6.119336353450666,0.3786618083393522,0.1433847650948283,0.0020330578732457878,0.05090001548394225,0.006372248986124987
8601,8601,KIAA0930,-0.3829845918074487,9.41755627927847,-0.5634751332699136,0.3175042258135469,1.249279735085629e-06,0.07131168288452652,8.948556385605275e-06
8602,8602,KIAA1024,-0.20932684316244607,7.720592978392857,-0.15464226240434942,0.023914229321535658,0.22242295943312845,0.1698419139606389,0.3494825995156288
8603,8603,KIAA1033,-0.28663049296996657,9.400045328067904,-0.37765048058666784,0.14261988548734114,0.002094814157655186,0.08925307907461448,0.006541196911899504
8604,8604,KIAA1045,0.4610942121665929,5.108793110914772,0.2869936267859106,0.08236534181573055,0.02148800260099041,0.19545936232367173,0.050983093713646024
8605,8605,KIAA1107,-0.3413585954056572,8.503103484860036,-0.5568253754173222,0.3100544987086419,1.7681957660784272e-06,0.0646700762751058,1.205613328539935e-05
8606,8606,KIAA1109,0.42649889070536895,4.953280541555868,0.2634725845660477,0.06941780281791317,0.035416707776403336,0.19831885181900635,0.07826008233653207
8607,8607,KIAA1143,-0.4001936610408891,10.381595261232434,-0.6002988410795258,0.3603586986014218,1.5788073097883197e-07,0.06771347541764154,1.474575587942648e-06
8608,8608,KIAA1147,-0.13605439572478364,8.028226717854194,-0.19709343345621094,0.03884582151155786,0.11851752140460728,0.08594905519598406,0.21286912862343096
8609,8609,KIAA1161,0.3742194264417728,4.927456115800774,0.6752559078161654,0.4559705410406337,9.355326160898966e-10,0.05191266208820837,2.0258958801426714e-08
8610,8610,KIAA1191,-0.09472784041461277,7.9074173051990515,-0.08544942941999674,0.007301604988203004,0.5019964381254187,0.1402753252850249,0.6373393488871025
8611,8611,KIAA1210,0.11540978064491984,6.6603817785772526,0.08190374225048963,0.006708222994634643,0.5199657441142267,0.17835342159891313,0.6531998021112414
8612,8612,KIAA1211,0.2286342798246445,5.671818723011023,0.6579767035332216,0.43293334239244496,3.4669964093820804e-09,0.03323166033998316,5.98706596851427e-08
8613,8613,KIAA1211L,0.003110676771584257,6.999011541846403,0.003174624176049538,1.0078238659158207e-05,0.9801375257877304,0.12444129837071405,0.9886290987439238
8614,8614,KIAA1217,0.07692486718855758,6.554036646226175,0.07327288125493958,0.005368915127400474,0.5650179664200429,0.13297152667960968,0.6916208276991707
8615,8615,KIAA1244,-0.21624915528465027,8.321515636348702,-0.5072428644664353,0.25729532355211443,1.88917343089296e-05,0.04666064176939335,9.881654745407499e-05
8616,8616,KIAA1257,-0.4499788810398336,8.732320926624602,-0.5165458336979147,0.2668195983106738,1.2456631874889564e-05,0.09473115826889708,6.832531997232357e-05
8617,8617,KIAA1279,-0.18322945026934945,8.387478328529037,-0.2997646681776165,0.08985885628763655,0.016107238660784316,0.0740582361611097,0.039645630052203264
8618,8618,KIAA1324,-0.07681714118845473,7.676423026706594,-0.2088509089046227,0.04361870215028701,0.09768200452501884,0.04568161650098992,0.18245866980730677
8619,8619,KIAA1324L,0.07387283692539001,6.595998809269105,0.2623079308949447,0.06880545061038708,0.03626690513674435,0.034514193026222724,0.07974815503007705
8620,8620,KIAA1328,-0.2734004995106441,8.22296232249273,-0.15018863892267245,0.022556627261444882,0.2361909248480557,0.2285662908119213,0.36656736741809265
8621,8621,KIAA1377,0.23440754612549386,6.0432047471369374,0.32291538878059284,0.10427434831132144,0.009253796804484935,0.08725182255463516,0.024446867122254638
8622,8622,KIAA1407,-0.2252906644847556,8.11693606119821,-0.3493800058220521,0.1220663884682172,0.0046589021548157005,0.07673264020425903,0.013327414288313605
8623,8623,KIAA1429,-0.3919062532915144,9.077041310557913,-0.3329968114276137,0.11088687642095774,0.007173680811391975,0.14093692241420847,0.019537927049514934
8624,8624,KIAA1430,-0.7199007347916929,10.314713082605696,-0.6813225777845938,0.4642004549990439,5.783560245301028e-10,0.09822570654884592,1.3747859178045419e-08
8625,8625,KIAA1432,0.2271111222443863,5.900124369964808,0.19401103214847287,0.037640280595315774,0.12450549874730993,0.1458427520484995,0.2214328659143394
8626,8626,KIAA1456,0.3103266785185946,5.905426768769841,0.266359534366427,0.07094740154789983,0.03338052793402105,0.14261827278810105,0.0744061072991483
8627,8627,KIAA1462,0.6100266910414897,5.041053144339902,0.31451141653610243,0.09891743113154572,0.011370946095400949,0.233829269210404,0.02923398286785083
8628,8628,KIAA1467,0.4324656269193959,5.128255013060919,0.3387496364303423,0.11475131618168907,0.006180539268589764,0.15254906744388896,0.017121603922388557
8629,8629,KIAA1468,0.13958192173470865,5.900582802675323,0.21731733364635186,0.04722682350315981,0.08453566068672204,0.07962211721876114,0.16195874831203802
8630,8630,KIAA1522,0.3032763326495031,4.295400373475315,0.4183667576627329,0.17503074391722784,0.0005812470506086492,0.0836188879888405,0.0020863425958777223
8631,8631,KIAA1524,-0.2692882171502113,8.00079358542722,-0.6591650025077291,0.4344985005310146,3.176950511437113e-09,0.03901613503610254,5.570596220661593e-08
8632,8632,KIAA1549,-0.4135217516342444,8.85966021441755,-0.767332544510637,0.5887992338651687,1.4127344260691723e-13,0.04388800639052045,2.3715320927541027e-11
8633,8633,KIAA1549L,0.4726944860606734,5.3765060876373605,0.2514872446373028,0.06324583421526257,0.04500703609743775,0.23103700469596086,0.09594663909197194
8634,8634,KIAA1551,0.08775090506664665,6.421846286662699,0.14685639579350854,0.02156680098545964,0.2468693135775622,0.07506344365446288,0.3790154672443693
8635,8635,KIAA1586,-0.12112573538334552,7.421840470491266,-0.1068377147240984,0.011414297287467831,0.4007598599401235,0.14316048295622236,0.5430482927853935
8636,8636,KIAA1598,-0.06194640859524968,7.516896819334747,-0.1048056550499631,0.010984225330451857,0.4098296401771924,0.07465126657635192,0.5514390989211571
8637,8637,KIAA1614,0.2421407903740393,5.748511055990626,0.22989838472531746,0.05285326729931007,0.06762446185303526,0.13018016681808378,0.1345344714219089
8638,8638,KIAA1614-AS1,-0.15271301484787714,7.647259378336674,-0.2038053921970548,0.04153663788859533,0.10624309714886987,0.0931648940185542,0.19525539071193898
8639,8639,KIAA1644,0.5362241939273369,4.4715118540153895,0.5611234914287295,0.3148595726331675,1.4138027846154982e-06,0.10045739372466887,9.946685932699355e-06
8640,8640,KIAA1652,0.1514232495506893,6.175599963041776,0.1987895934680181,0.03951730247117991,0.11531784792113915,0.09480862421201283,0.20836111779159516
8641,8641,KIAA1654,0.062273586311469,6.732109579952207,0.04639161328703882,0.0021521817833741567,0.7158473555799032,0.17029453578120485,0.8125419061265753
8642,8642,KIAA1656,0.4194761310950748,4.857002684673395,0.3445361607735509,0.11870516608057807,0.005305493796474325,0.1451567417236314,0.014971392775951461
8643,8643,KIAA1661,0.02789805285282437,6.912514674885116,0.0203153592966066,0.0004127138233502201,0.8734040988045088,0.17436684205525255,0.9216688153409501
8644,8644,KIAA1671,0.6063213459744042,3.5085733261146297,0.3995719516128511,0.1596577445157026,0.001071764279706339,0.17666077021063933,0.0036094954085599956
8645,8645,KIAA1683,0.2748877178719392,5.679821711707332,0.3445800892486438,0.11873543790660332,0.005299291623013932,0.09510918606932564,0.014957789376481583
8646,8646,KIAA1715,-0.01009146621367585,7.086418226673641,-0.017328786405614437,0.00030028683829140773,0.8918938844476321,0.07394776644368703,0.9335113902879263
8647,8647,KIAA1731,-0.4211801937518168,9.045767373858817,-0.3926987509825895,0.15421230902328584,0.0013288946431198006,0.12526889760445978,0.004370779692703415
8648,8648,KIAA1751,0.15955159164036722,6.2281392064385175,0.11911082282631474,0.014187388114361744,0.3485276793535209,0.16890840324078993,0.4911412049456951
8649,8649,KIAA1755,0.2986162071929465,5.7589569069840225,0.2114837829310816,0.04472539044284085,0.09343342693505644,0.17526878554061695,0.17590808362880758
8650,8650,KIAA1804,-0.16421879366328238,8.266936465711366,-0.29544793632498284,0.08728948307869111,0.017779674013160326,0.06743922632733039,0.04326540518653634
8651,8651,KIAA1841,-0.4371772156692652,9.122871770297172,-0.36375345863580705,0.13231657866951174,0.0031306438169945586,0.14217891425653606,0.00936770648846444
8652,8652,KIAA1875,0.10793314489257846,6.610220680703932,0.10273371176048546,0.010554215532086507,0.4191988654640626,0.13272172222778322,0.5601821309240528
8653,8653,KIAA1919,0.4309478372250134,4.937381989497174,0.42595720093330175,0.1814395370269332,0.0004493642892026334,0.11624874640200387,0.0016566196259249278
8654,8654,KIAA1958,-0.32102540338018265,8.865317159405445,-0.4300292574503967,0.1849251622633396,0.00039044157946211517,0.08559419158264463,0.0014620460666180362
8655,8655,KIAA2013,0.5288178224811182,3.225710857438444,0.4922202185121518,0.24228074351215045,3.609394198262754e-05,0.1187695065518427,0.00017651633099227627
8656,8656,KIAA2018,0.773536510159,2.98650198275715,0.6358337941716261,0.4042846138106858,1.6495177856371237e-08,0.11925065523265888,2.186065339533165e-07
8657,8657,KIAA2022,0.9105778007912696,3.9781713533276943,0.6791603636552969,0.4612587995603951,6.873897815521392e-10,0.1249795556357346,1.5835559276076144e-08
8658,8658,KIAA2026,0.27478847618863633,5.566405417507537,0.2276498426492713,0.051824450858238,0.07042930211235078,0.14927246084164214,0.13919380644728999
8659,8659,KIDINS220,0.5202381492737636,4.1948147688307715,0.4103279412490069,0.16836901936964846,0.0007584192662062929,0.14683871993179826,0.0026485355925975284
8660,8660,KIF11,-0.13411869036711438,7.954914376381337,-0.6097629831891378,0.3718108956677168,8.888376307437261e-08,0.02213999930114753,9.028038880748306e-07
8661,8661,KIF12,-0.0461617928534994,7.282723773085553,-0.05964144615780086,0.0035571020997938593,0.6396810435141052,0.0981216551962154,0.7519021330563941
8662,8662,KIF13A,-0.4430358671977978,9.39336214109937,-0.3989738136054209,0.15918010394285312,0.00109220896611144,0.12931536807306165,0.00367012561756751
8663,8663,KIF13B,0.32782499355194505,4.283912729689515,0.5544038471954154,0.3073636257850775,2.002919584376082e-06,0.062498936709728226,1.3474129729625368e-05
8664,8664,KIF14,-0.1541608283531463,7.823844133391132,-0.6496607415116197,0.4220590790614275,6.321767068815755e-09,0.022910432606755755,9.88432244586319e-08
8665,8665,KIF15,-0.1458692198263674,7.985893022447707,-0.5972589554683161,0.35671825988710404,1.891342199398624e-07,0.024877443980376262,1.720160240570231e-06
8666,8666,KIF16B,0.20114813723566055,5.4816499899986235,0.2645060692798545,0.06996346068587918,0.03467621881067689,0.09313963558127578,0.07694574427146306
8667,8667,KIF17,-0.06331183982047275,7.315136375506826,-0.05868060846119521,0.0034434138093760954,0.6450929808991834,0.13678720098126776,0.7560883579439174
8668,8668,KIF18A,-0.14970214755090674,7.82938155912391,-0.6606757867487747,0.4364924951961125,2.841356096319603e-09,0.021601984366581242,5.051688527569869e-08
8669,8669,KIF18B,-0.18005304123554974,8.16892756304278,-0.5676989188574652,0.3222820624719348,9.979552560529812e-07,0.03315973412362005,7.358093656733846e-06
8670,8670,KIF19,0.0618357090787731,6.7444004572397045,0.05510543376354347,0.003036608830268276,0.6653899142406605,0.142294685724803,0.7726015331303755
8671,8671,KIF1A,0.06717197846971075,6.7190903936696245,0.0511536945051032,0.002616700461521425,0.6881058018108406,0.16655065149436246,0.7902686944801462
8672,8672,KIF1B,0.2917938099333961,5.2417633601645175,0.33606747738452897,0.11294134935560088,0.006627453101012711,0.1038555981931192,0.018217504049559567
8673,8673,KIF1C,0.2442437166493999,5.2925290095359205,0.2748931735157488,0.07556625684555959,0.027924677621547683,0.10849294420271777,0.06381875506028206
8674,8674,KIF20A,-0.1302262064078141,7.882593320761293,-0.6505877781091627,0.4232644570250171,5.917691060756518e-09,0.01930567552776021,9.36751461408497e-08
8675,8675,KIF20B,-0.2957802490614156,9.091288590776012,-0.6426596517699393,0.4130114280130597,1.0336091924617163e-08,0.04478237416441527,1.4899274197186332e-07
8676,8676,KIF21A,0.002256777348607492,7.003736606013779,0.00273114291586001,7.459141626852318e-06,0.9829117799643056,0.10494139258765353,0.9899200086440963
8677,8677,KIF21B,-0.3532157605801613,9.158978444453352,-0.5936650197815369,0.3524381557122125,2.335972788693161e-07,0.06080557428830319,2.0697827634676925e-06
8678,8678,KIF22,-0.2278215132558213,8.59727490093496,-0.3855774736394775,0.14866998817820198,0.0016526394245370765,0.06923667542317545,0.005290156206703679
8679,8679,KIF23,-0.22226199084767406,8.065189262335839,-0.6411334762480111,0.411052134365859,1.148633132185062e-08,0.03378775432099562,1.6236064280331276e-07
8680,8680,KIF24,-0.11312284403099307,7.399989839931099,-0.08355080059349701,0.006980736279814301,0.5115785108340549,0.17134944083103154,0.6457882647962568
8681,8681,KIF25,0.2451978885425952,5.851169489075595,0.2261829264081466,0.05115871619855306,0.07230878536596236,0.13410897671637434,0.14234970428181043
8682,8682,KIF25-AS1,0.24960595955756515,6.0009977134772505,0.16166929283350304,0.02613696024528496,0.2018571945905842,0.19349979477720775,0.32461143241193385
8683,8683,KIF26A,0.1901151034653616,6.061553904955972,0.3977375531907307,0.1581951612181493,0.0011355838649104984,0.05569675417861529,0.003799608868145371
8684,8684,KIF26B,-0.4296528053996124,8.763070325561861,-0.3791807481352595,0.14377803975641512,0.0020020059528849826,0.13315844323988787,0.006287736968723199
8685,8685,KIF27,-0.5522747058185298,8.924482913853037,-0.4298242180304911,0.18474885840552316,0.00039323127373583377,0.1473377842181304,0.001470966182889874
8686,8686,KIF2A,-0.18774054081769614,8.33940049280546,-0.35376248908125346,0.125147898680964,0.004134925278428479,0.06304022557916443,0.011999706098146438
8687,8687,KIF2B,0.15891399991618962,6.426787551816537,0.16570481944859375,0.02745808718849105,0.19067707323587374,0.12011170667338865,0.31052959471481134
8688,8688,KIF2C,-0.16289362648628306,8.142051239288994,-0.6185512579568899,0.38260565872005103,5.125163111794126e-08,0.026279304986388988,5.65098814592168e-07
8689,8689,KIF3A,-0.3396265632245862,8.384509990441522,-0.6584699701306787,0.4335827015638968,3.343671856476627e-09,0.049298997308499584,5.801860100320621e-08
8690,8690,KIF3B,0.2065434826688744,5.415107353890329,0.1777508719231919,0.031595372469454965,0.1599622813704764,0.14522197513067595,0.2703913201996461
8691,8691,KIF3C,-0.4235613425184368,9.22020491505775,-0.3559513841016498,0.1267013878438802,0.003893302629238765,0.1412248656976377,0.011347169372296831
8692,8692,KIF4A,-0.14123708911935315,7.9016025218217285,-0.6178335027859317,0.3817182371647339,5.364293622251155e-08,0.02282835812214314,5.887672498218387e-07
8693,8693,KIF5A,0.12962545358613542,6.39832851757179,0.094688710508149,0.008965951897696047,0.456722612043637,0.1730774666528033,0.5959105961200796
8694,8694,KIF5B,-0.3669827757876457,10.747870212327326,-0.5785939449050332,0.33477095308076865,5.509724239542677e-07,0.06569942282605296,4.362452592588543e-06
8695,8695,KIF5C,0.2134708036725435,5.985740832422029,0.546691918582051,0.2988720538429239,2.95977777517699e-06,0.04152394673829299,1.9109716076761397e-05
8696,8696,KIF6,0.514843304943411,5.171291444100951,0.25218480574067603,0.06359717624646251,0.044395677759366974,0.2508948030223779,0.09482083064198558
8697,8697,KIF7,-0.07640675674760741,7.467079331306595,-0.08759934859020245,0.007673645873427805,0.4912590869299634,0.11034745133071576,0.6278826375180522
8698,8698,KIF9,-0.4219482700474696,9.98134440392386,-0.6944820551815664,0.4823053249692122,1.9570713531867058e-10,0.05551868697276593,5.727078399088934e-09
8699,8699,KIF9-AS1,-0.07782346732917503,7.415019192118128,-0.08666709065903325,0.007511184603301088,0.4959002352761808,0.11361176958526645,0.6320662152760034
8700,8700,KIFAP3,0.2698486458221478,4.7611112809974285,0.4655790755864565,0.2167638756239393,0.00010588703094117979,0.06514443164894984,0.0004579555931758035
8701,8701,KIFC1,-0.24208372093355435,8.729096811189207,-0.4520588345001204,0.20435718984960727,0.00017689632874512306,0.06066439231948866,0.0007197839156286433
8702,8702,KIFC2,-0.08544041245730825,7.484470523753028,-0.15074477508260092,0.02272398721470394,0.23444027291493744,0.07115965648555679,0.36441787101667944
8703,8703,KIFC3,0.08921688613479355,6.5773217304311595,0.0771864019202285,0.0059577406413910535,0.5443643978247541,0.14635677930223254,0.6740742815013181
8704,8704,KIN,-0.4176177053732651,8.829867078885231,-0.33834266822973924,0.1144757611448194,0.006246598498329764,0.1475117158723828,0.017280287491227776
8705,8705,KIR2DL1,0.01631575584516308,6.937516572536744,0.018284661810216072,0.00033432885751397406,0.8859693629835479,0.11330571355719417,0.9298985340930946
8706,8706,KIR2DL2,0.15589962438912344,6.2449310426834845,0.1854403231343548,0.03438811344417391,0.14236483409603246,0.10491711751688566,0.24645539070665784
8707,8707,KIR2DL3,0.05028712804740775,6.781097429998407,0.062017791881144674,0.0038462065098129735,0.6263767956178395,0.1027798278259182,0.740726818976863
8708,8708,KIR2DL4,0.33343805088397244,5.555958352535638,0.4009766215613185,0.16078225103872895,0.0010251028253070995,0.09674701886749827,0.0034728726035709078
8709,8709,KIR2DL5A,0.15180577499861514,6.210993445405218,0.1635934688580324,0.02676282305300401,0.19646961571348792,0.1162614760334664,0.31782395559415005
8710,8710,KIR2DS1,0.006921250734908782,6.9842838761139925,0.005568015366880846,3.100279512582124e-05,0.965170231176197,0.15786344659393664,0.9793712270334355
8711,8711,KIR2DS2,0.4819316415724818,5.08943445166609,0.4559093716885089,0.20785335519341094,0.0001531749758919794,0.11948513270993373,0.0006351980281388001
8712,8712,KIR2DS3,0.10163191754996576,6.474654360221527,0.11875399459872064,0.014102511233152969,0.3499839307740307,0.10791999785590974,0.4926163159513575
8713,8713,KIR2DS4,0.10874238909287594,6.493155135465635,0.11234744153782557,0.012621947620095131,0.3767674177865098,0.12214665365533385,0.5195757773780086
8714,8714,KIR2DS5,0.3245854367482597,5.283581131962811,0.28704427997652504,0.08239441866724169,0.02146396564637145,0.13756638085870504,0.050948391545782505
8715,8715,KIR3DL1,0.18780981550072365,6.211584394977818,0.1734666660638661,0.030090684235312838,0.1704373752310224,0.13541662167180818,0.2841716477231129
8716,8716,KIR3DL3,0.21468941545819428,5.990516785405535,0.2323289936791772,0.05397676130397916,0.0646940816882812,0.11414641598374585,0.12976568534269445
8717,8717,KIR3DS1,0.17599324097354094,6.204921768153924,0.16781194391855278,0.028160848521723507,0.18501944055520125,0.13130294637677448,0.3029333120537489
8718,8718,KIR3DX1,0.3194714214162647,5.597959816248971,0.27332915896063703,0.07470882913812919,0.028864313028310013,0.14278724471839105,0.06563653246120481
8719,8719,KIRREL,0.5370646089454035,4.5193072466907225,0.4515989877050172,0.20394164569619624,0.00017994386567963215,0.13475664261838188,0.0007306739942419716
8720,8720,KIRREL2,0.12452944806876945,6.4306813189470375,0.1958437195754057,0.038354762497130136,0.12091813687034925,0.07919066904861335,0.21631410606587465
8721,8721,KIRREL3,0.21264248553829546,6.145613106544347,0.227035379725169,0.05154506364695168,0.07121176661863522,0.1158427892206044,0.14059908881533056
8722,8722,KIRREL3-AS2,-0.1986312681716461,7.663163049274725,-0.1580115300239813,0.024967643620519543,0.21238672099522546,0.1576422069530408,0.3374594205849004
8723,8723,KIRREL3-AS3,0.044315812176212915,6.8326636445768,0.055080117092781586,0.003033819298954531,0.6655345201205676,0.10202538131698127,0.7727280056410322
8724,8724,KISS1,0.20295546920232765,6.192263572610193,0.2379078384377601,0.056600139590127385,0.058353943277566926,0.10523108954429726,0.11908911899686285
8725,8725,KISS1R,-0.15221941026737204,7.6529894216434355,-0.3715590383074674,0.13805611894797,0.0025035794966444943,0.0483043069749196,0.007673745789078064
8726,8726,KIT,0.16100247571509324,5.854090221495002,0.5465761887498463,0.2987455301083076,2.976953874080206e-06,0.031327361793368334,1.919771773174713e-05
8727,8727,KITLG,0.2300526179644276,5.6149805659139576,0.4531539351339548,0.20534848892738847,0.00016982840358856989,0.05747433250461941,0.0006946796523820326
8728,8728,KIZ,-0.3504332228896221,9.010197112553154,-0.6479437081765229,0.4198310489655431,7.1402330986965135e-09,0.05231779026404923,1.0911908803971277e-07
8729,8729,KL,0.2781945207106096,6.091473429259237,0.40896294671509975,0.16725069178589752,0.0007929516090179763,0.0788362405678861,0.0027557184053480705
8730,8730,KLB,0.2297863042953969,5.985437833894893,0.6296564035117388,0.3964671864833376,2.493575193494265e-08,0.036006019702225736,3.057665391569553e-07
8731,8731,KLC1,-0.3207188583064714,8.975552306620818,-0.4989234978889335,0.2489246567457286,2.713977262972115e-05,0.07075162947301775,0.00013715560707038774
8732,8732,KLC2,-0.3354162496805695,8.749238824726055,-0.4591592648297898,0.2108272304790331,0.00013546598612580594,0.08241588904922928,0.0005689518870353622
8733,8733,KLC3,0.07379779657371725,6.577587570281148,0.07214471833002098,0.005204860382918063,0.5710393335757293,0.12957160412627353,0.6962365164451562
8734,8734,KLC4,0.3147675831075173,5.031433779104093,0.4032698127426812,0.16262654186951714,0.0009528540431829543,0.09071059938968053,0.0032556097041853698
8735,8735,KLF1,0.10637078206368143,6.594103059227427,0.14646441189863718,0.021451823952813653,0.2481467946659373,0.0912400472111322,0.38027166078061514
8736,8736,KLF10,0.1438379684071241,5.706072356661228,0.3687713269659868,0.1359922915922547,0.0027133288460484623,0.0460446693007606,0.008248931090998097
8737,8737,KLF11,-0.3085450770349001,8.586768078406124,-0.4452756402293721,0.1982703957816772,0.00022703161152705132,0.07879665836105719,0.0008999395108215809
8738,8738,KLF12,0.3598482367862133,5.412529285354868,0.4161480163211273,0.17317917148800918,0.0006259492930700938,0.09985766571424064,0.0022356806764692204
8739,8739,KLF13,0.4345147040694253,4.219681060057475,0.4072662294197797,0.16586578162580462,0.0008378574689942138,0.12375085318887258,0.002896058019324772
8740,8740,KLF14,0.016260065459104942,6.944580776259038,0.015869052230076338,0.00025182681868089085,0.9009525878568828,0.13011302231631305,0.9393417568628213
8741,8741,KLF15,0.2177769383321096,5.864780941636719,0.20672068032712135,0.04273343967490791,0.10122846901551427,0.1309026871091231,0.18777646877942109
8742,8742,KLF16,-0.20566044947016232,8.310704673700469,-0.2161767762318237,0.04673239858198396,0.08622056371057966,0.1179650391787761,0.16467432903726886
8743,8743,KLF17,-0.026284939629803702,7.1278288173617455,-0.02763358286945256,0.0007636149022029021,0.8284008957878544,0.12075581720480412,0.8919963382307445
8744,8744,KLF2,0.10945618015344576,6.389915894389845,0.1550899684537908,0.024052898314997826,0.22107059898900944,0.08854700470658365,0.347913068394404
8745,8745,KLF3,0.4054437110241788,3.694290577275539,0.5530487429354194,0.3058629120624476,2.1467010133012285e-06,0.07757002631813463,1.4308036455228719e-05
8746,8746,KLF3-AS1,0.1553352305135604,6.438554397725251,0.1426645970141364,0.020353187241205932,0.2607644091285986,0.13686508530799615,0.395437904739482
8747,8747,KLF4,0.20846846605850736,4.874632143051214,0.6897379258326296,0.4757384063318981,2.9114433746533465e-10,0.027792936875496055,8.011093555034081e-09
8748,8748,KLF5,0.2510251395339208,4.501765116148409,0.3965102672578916,0.15722039204092464,0.0011801740472965002,0.07381148524710375,0.003928773096726474
8749,8749,KLF6,0.2975149491765073,4.541478521892296,0.5786510545033371,0.33483704287782384,5.492282773907777e-07,0.05325498008030847,4.350233484600326e-06
8750,8750,KLF7,-0.4407390249052061,9.052939250066274,-0.6241566285880936,0.38957149701045546,3.5752902618195136e-08,0.07006634717883649,4.1380497391609604e-07
8751,8751,KLF8,0.0962102485718646,6.676297781326006,0.0671911005827929,0.004514643997526993,0.5978246723796928,0.18143922200205936,0.7175818014734354
8752,8752,KLF9,0.35974077040562885,5.121430060131221,0.5913669356625398,0.3497148525949025,2.670052869101825e-07,0.06230009290618034,2.3165062051442312e-06
8753,8753,KLHDC1,0.4347305561684627,5.538643002873262,0.3893464575641025,0.15159066401771545,0.0014734133238747367,0.13061432603469805,0.004783623017767229
8754,8754,KLHDC10,-0.10181083611199987,7.7429531171564285,-0.0985748024595321,0.009716991679935777,0.43837162220776105,0.13053047173106067,0.5788405509242543
8755,8755,KLHDC2,-0.10075293075346152,8.000084121901791,-0.1121930143152,0.012587272461130672,0.3774278702793675,0.11333013006821067,0.520373929594149
8756,8756,KLHDC3,-0.2162159040668245,8.756692205744567,-0.19547084938242992,0.0382088529582886,0.12164153616543638,0.13776857891838198,0.2172313595301439
8757,8757,KLHDC4,-0.6519426342707441,10.300739369245392,-0.4870282405985151,0.2371965071404851,4.483142146590853e-05,0.14847923797081358,0.00021417114137723553
8758,8758,KLHDC7A,0.0879814632622123,6.566123006695437,0.09670478878395908,0.009351816173750138,0.4471501407355624,0.11500244640468404,0.5869218267443693
8759,8759,KLHDC7B,0.10157346763615516,6.538100333274356,0.11004992748448507,0.012110986539340422,0.3866651021826244,0.11650612329507187,0.5295157647356435
8760,8760,KLHDC8A,0.25176155084319257,5.782949830161265,0.1888971240712159,0.03568212348237633,0.1349438823292305,0.16621810371416626,0.2358522818272386
8761,8761,KLHDC8B,0.17051525331288775,5.9396211489121615,0.2394625422060373,0.0573423091197782,0.056679786545743314,0.08780248521010985,0.11628353454474145
8762,8762,KLHDC9,-0.029819051225086112,7.230838947731604,-0.03601477411265239,0.0012970639543853765,0.7775361724266591,0.10508372142370052,0.8558272752820627
8763,8763,KLHL1,0.20353952061315697,6.297772436253251,0.1114790754813456,0.012427584270175552,0.380490274067495,0.23043265286263184,0.5234118146706924
8764,8764,KLHL10,0.28739330001802915,5.927794732760813,0.18865790973338534,0.03559180690497017,0.13544783403319774,0.1899923969361512,0.23656124251866256
8765,8765,KLHL11,0.02789608809439511,6.90740351679473,0.05557521657130443,0.0030886046969473904,0.6627087771942284,0.06364943860184004,0.7703787812170365
8766,8766,KLHL12,-0.2717783144486734,9.11161465880727,-0.3358362840857453,0.1127860097085214,0.006667270368715664,0.09680672563286766,0.01831532916840514
8767,8767,KLHL13,0.06462739648387697,6.712856854517722,0.25761748587435185,0.06636676902822188,0.039864562495645836,0.03078460808439805,0.08656910357432918
8768,8768,KLHL14,0.04698930424109893,6.84269537901536,0.03205993316324006,0.0010278393144314195,0.8014359998135686,0.18604467751117434,0.8729488746020234
8769,8769,KLHL15,0.17404816103432272,6.086070468270655,0.28177250766279965,0.0793957460745825,0.024091372611147948,0.07526818883970793,0.056241771657439495
8770,8770,KLHL17,0.014466458599103857,6.94552040305562,0.011501381975757606,0.00013228178735228194,0.928127854322816,0.1597304186879044,0.9573046719741125
8771,8771,KLHL18,-0.3005894613752861,8.536350152834396,-0.3211847706823772,0.10315965691829124,0.009659279550028856,0.1125590785057545,0.025391010405119548
8772,8772,KLHL2,-0.006733728517444067,7.063761798518827,-0.013714375064600706,0.00018808408341254161,0.9143466118664036,0.0623509234511604,0.9481480572698833
8773,8773,KLHL20,-0.06628515033350127,7.362836160326776,-0.05773082895154304,0.0033328486114323195,0.6504607199920277,0.1455752952887377,0.7604862807163028
8774,8774,KLHL21,-0.09870258403354423,7.624001971321928,-0.1258682646916742,0.01584282005649336,0.3216619043406853,0.09879811662371203,0.46292208004901575
8775,8775,KLHL22,-0.26776761199968985,8.292693909926216,-0.1688989088389479,0.028526841406987236,0.18214876983441708,0.19844984304365,0.2994165655782211
8776,8776,KLHL23,-0.2684711297749809,8.959327270421904,-0.580797183730514,0.3373253686292965,4.873232773443128e-07,0.04778894207035106,3.9288851715901315e-06
8777,8777,KLHL24,0.0840645197240164,6.508832637563042,0.1201728021756876,0.01444150238275695,0.3442159036844852,0.08819661286849008,0.4865849855922401
8778,8778,KLHL25,-0.2408456223893088,8.471849833174907,-0.28810731319739435,0.08300582391782148,0.020964757822641532,0.10166510618248736,0.04992761801927883
8779,8779,KLHL26,-0.4159529287695638,9.384122767179628,-0.4536569209987466,0.20580460197006306,0.0001666697049753244,0.10377302676254783,0.0006835667540228503
8780,8780,KLHL28,0.03023697776628644,6.8317011976872415,0.0348018322585258,0.0012111675285505672,0.7848455125496812,0.11027505049499392,0.8615516588565593
8781,8781,KLHL29,-0.483637627879386,9.104261412914877,-0.6306368357273957,0.3977028185762623,2.3366998959530347e-08,0.07558755865088056,2.8964645819612457e-07
8782,8782,KLHL3,-0.3601389878018031,8.649322115219169,-0.5998599220177863,0.3598319260431846,1.620709749359374e-07,0.061005845972646175,1.5057260147577304e-06
8783,8783,KLHL30-AS1,-0.0362289610887805,7.188441883427934,-0.036569269571175074,0.0013373114769692713,0.7742010579211195,0.12573412440809126,0.8536925366314176
8784,8784,KLHL31,0.26258857897920584,5.929834600334675,0.2454661353669204,0.060253623611971285,0.050577177969498496,0.1317024133023406,0.10566787367555272
8785,8785,KLHL32,-0.26693710708375673,7.824388744150207,-0.3659083714193498,0.13388893627476084,0.002944903338764894,0.08622387811507344,0.008871992459787672
8786,8786,KLHL34,0.5154746488347339,5.033399539250325,0.4476136100478321,0.2003579439000528,0.00020844458966283897,0.1307844159139156,0.000833893883086787
8787,8787,KLHL35,-0.01163607757161311,7.068868856791848,-0.011576052893172092,0.000134005000585518,0.9276624810093972,0.12765010012654682,0.9570524548003094
8788,8788,KLHL36,-0.058111096384740886,7.430371259700494,-0.042549928301859136,0.0018104963984933535,0.738499032320076,0.1732889584382781,0.8297909846021743
8789,8789,KLHL4,0.14492772212688804,6.521384498400088,0.07573559759133185,0.00573588074251615,0.5519781427296686,0.2423295905485649,0.6805994563757489
8790,8790,KLHL40,0.08539647453801437,6.6753867190277,0.1221656685602833,0.01492445057478099,0.3362147041971686,0.08811091086534519,0.4783973598389964
8791,8791,KLHL41,-0.21029501040123166,7.706739404131019,-0.11875492263138365,0.014102731649185915,0.349980138502618,0.2233044276556759,0.4926163159513575
8792,8792,KLHL42,-0.2284535911781296,8.407546440691721,-0.3132233816380829,0.09810888680479612,0.011729959642631677,0.08796806202875955,0.03006418227733329
8793,8793,KLHL5,0.21274549231391546,6.06961171780533,0.37917546806594027,0.1437740355830249,0.0020023197476940744,0.06593537603294572,0.006287736968723199
8794,8794,KLHL6,0.2630048226147678,5.959068311764506,0.4739588400581817,0.22463698206929705,7.620111115972365e-05,0.062055428782227674,0.00034192603857517934
8795,8795,KLHL7,-0.2070597280705436,8.239526934741336,-0.4143006606714631,0.17164503743281082,0.0006655244147055319,0.05776867518209825,0.0023595172233870816
8796,8796,KLHL8,0.3839843544836025,4.3441462457093465,0.6188720712644201,0.3830026405911134,5.0215692629949784e-08,0.06189541129232527,5.56510145292509e-07
8797,8797,KLHL9,0.10443945020373628,6.388549242948286,0.060458197926756066,0.0036551936965508102,0.6350953221665987,0.21898701549022226,0.7482612360618792
8798,8798,KLK1,0.09651918903958193,6.241222559968272,0.33194073524833034,0.11018465171720214,0.0073704455575029455,0.03483431014149524,0.0200159265798503
8799,8799,KLK10,-0.1417774197911815,7.7136057449316215,-0.7028274424468289,0.4939664138563506,9.549980557502078e-11,0.018224355743600026,3.196365208233501e-09
8800,8800,KLK11,-0.11786474282390196,7.816463350374698,-0.7388849576978066,0.5459509807120895,3.163185142523169e-12,0.01365094176400543,2.3701998014304226e-10
8801,8801,KLK12,-0.1299074734408214,7.850524810316057,-0.4593326974924575,0.21098652698569745,0.00013457603913891378,0.031904587907411006,0.0005657627892745443
8802,8802,KLK13,0.21481062826389355,6.001057955637544,0.2161658834115751,0.046727689151106686,0.08623678189760968,0.12322001511396305,0.16467432903726886
8803,8803,KLK14,0.13775539483994614,6.252094502549058,0.16493659755292348,0.027204081212335043,0.1927703419337168,0.10461804733024713,0.3131254537895171
8804,8804,KLK15,0.18021822263780374,6.025657547090431,0.32114118442283546,0.1031316603325016,0.009669688138978548,0.0674949374707204,0.025406102481142983
8805,8805,KLK2,0.3137156842960599,5.523383063408071,0.2569898017793815,0.06604375821860578,0.04036768224543645,0.14982619911519052,0.08753000490887416
8806,8806,KLK3,0.1538949041905509,6.1379880381886665,0.15595449252776705,0.024321803739593348,0.21847547539923415,0.12378949889551336,0.34495708492675287
8807,8807,KLK4,0.2241481311248904,5.784277718908035,0.221350752962818,0.04899615583720647,0.07878480840835231,0.1254149790787591,0.15291610881803971
8808,8808,KLK5,-0.05195919304993941,7.213767727971297,-0.0637710346225117,0.004066744856825586,0.6166362383027546,0.10326620257243488,0.7333328431240679
8809,8809,KLK6,-0.11491388528536915,7.5595655520895555,-0.5221672665733453,0.2726586542806791,9.627373381289447e-06,0.02383615266097364,5.441941283524483e-05
8810,8810,KLK7,-0.12832582005983784,7.715057230502355,-0.3206522213768081,0.10281784707388154,0.009787124699818444,0.04814201496448056,0.02567726985395789
8811,8811,KLK8,-0.12349312812534675,7.54859429952499,-0.2003294666435406,0.040131895205685435,0.11247077345021544,0.0767022126809284,0.20423937937647088
8812,8812,KLKB1,0.24840480909541784,5.797489727145585,0.3320717669357366,0.11027165839582216,0.007345778286884957,0.08961091547806363,0.019956445716032334
8813,8813,KLLN,-0.03259098820152388,7.172820535863528,-0.03634382349738618,0.0013208735064091596,0.7755565579836098,0.11381095196450575,0.8546909548669247
8814,8814,KLRAP1,-0.015585708570658434,7.065933490884737,-0.011641595742930996,0.00013552675144182908,0.927254016654098,0.17001559554889736,0.9568589816842741
8815,8815,KLRB1,0.11057707277850316,6.163000027959906,0.5083908801119684,0.25846128698102183,1.7957127053994253e-05,0.023786930707066202,9.449856290504144e-05
8816,8816,KLRC3,0.25186167423427896,6.111482194392061,0.31838173855799523,0.10136693144721162,0.01034882695506272,0.09523778568193317,0.026993959011308504
8817,8817,KLRC4,0.4085195941240088,5.846765460178692,0.20177697923744187,0.04071394935018705,0.10984405435832163,0.2518369758979053,0.20032617459402519
8818,8818,KLRD1,0.2956166131523282,5.635785546895585,0.5639975040239322,0.31809318454522545,1.215258315433675e-06,0.054969061955581,8.728497121298917e-06
8819,8819,KLRF1,0.20101922001358494,6.324169385974223,0.32174937000492304,0.10352265709856487,0.00952532866813102,0.07512659274617943,0.02507854009828295
8820,8820,KLRG1,0.35290778472711176,5.428014027641862,0.4774160092868284,0.22792604592336102,6.636297982998333e-05,0.08248934714397156,0.0003029485501334979
8821,8821,KLRG2,0.05052939852009975,6.800841201810791,0.04345095297831029,0.001887985314723332,0.7331655902393138,0.1475497981149778,0.8256644056702034
8822,8822,KMO,0.2839498952065141,5.869943162848733,0.3465662680207949,0.12010817812986142,0.005025456666323413,0.09760548389641137,0.01427042540115834
8823,8823,KMT2A,0.4164338391180142,4.908739208442037,0.2979922654954022,0.08879939029508227,0.016776844809329252,0.1694151235645588,0.04109201330910309
8824,8824,KMT2B,-0.13603825408916734,7.801783001975031,-0.14931762119834946,0.022295752000333773,0.23895087562798026,0.11440839508860172,0.36976427123938205
8825,8825,KMT2C,0.08447905584578068,6.506114300139672,0.10622635469744653,0.011284038432307715,0.4034761179209342,0.10042843639347357,0.5456051723165863
8826,8826,KMT2D,-0.07403863896018427,7.439834967522607,-0.07536446455007831,0.0056798025169200106,0.5539339911567476,0.12441108985226965,0.6821792867663427
8827,8827,KMT2E,0.1913014981876369,5.475595334695204,0.3633506983249309,0.13202372997321493,0.0031664923277823264,0.06229460742329593,0.009459289744533906
8828,8828,KMT2E-AS1,0.1879115834714418,6.0485310323354256,0.22023093234274105,0.048501663560552966,0.08034937984880243,0.10570204917548996,0.15546513765420092
8829,8829,KNCN,-0.03552332640189843,7.195435262040332,-0.03944095614635068,0.0015555890217383574,0.7569950026165674,0.11429633165690355,0.842538466939781
8830,8830,KNDC1,0.025932609886036368,6.897676819055258,0.02247266595972385,0.0005050207153373312,0.8600895318272104,0.14651635106126815,0.9129124013193922
8831,8831,KNG1,0.3954117081218558,5.582325865764466,0.39167159644446337,0.15340663946135458,0.0013717576188283054,0.11796930769767565,0.00449605134489586
8832,8832,KNOP1,-0.5541683148047413,10.726546360707813,-0.6029069142020239,0.3634967471926066,1.3501396897341205e-07,0.09313134936366374,1.294257413952739e-06
8833,8833,KNSTRN,-0.1949776932745569,8.429409374183342,-0.6826236413092213,0.4659750356742604,5.208994348445343e-10,0.026508706579903896,1.270278970896215e-08
8834,8834,KNTC1,-0.18567999675829425,8.056182428172542,-0.5665266603713965,0.3209524569115677,1.0624785826404535e-06,0.03430038651445237,7.77559097907368e-06
8835,8835,KPNA1,-0.19560070864192647,8.31799077014957,-0.3060886540397756,0.09369026413188143,0.013901463303742829,0.0772619509076778,0.034817058907750914
8836,8836,KPNA2,-0.16538160413663927,8.629347868381464,-0.6904394928710988,0.4767066933161002,2.7466598733143285e-10,0.02200585871764195,7.63529134231345e-09
8837,8837,KPNA3,-0.17477875359732273,8.503703121944815,-0.2229793125281998,0.0497197738155486,0.07655270639882525,0.0970407327547379,0.149319839404302
8838,8838,KPNA4,-0.4540152947886441,10.318398823782925,-0.4419261693374824,0.19529873914530116,0.00025631141215769817,0.11704214164934025,0.0010007976253651196
8839,8839,KPNA5,-0.03854213227724272,7.1997556600345485,-0.06679943502731804,0.004462164519968884,0.5999660351351979,0.0731132330158137,0.7192750091819028
8840,8840,KPNA6,-0.40220271499689936,9.645744348333123,-0.4254131408943549,0.1809763404456002,0.000457821869763274,0.10866419723107394,0.0016849307596403297
8841,8841,KPNB1,-0.3713997280149382,10.185827043313676,-0.5804830349980364,0.3369605539205316,4.959554748377486e-07,0.06616462999439891,3.986201528740369e-06
8842,8842,KPTN,-0.3625331336685773,9.158143976375312,-0.6127809925822675,0.37550054487010903,7.371058523298269e-08,0.059376228236465364,7.685135884546174e-07
8843,8843,KRAS,0.7309718934513945,2.2165042356636766,0.5123242471324579,0.26247613419983984,1.5070736041017069e-05,0.1556137477209151,8.088148425482642e-05
8844,8844,KRBA1,0.19579718813457989,5.7125687257499616,0.24063413863659255,0.05790478867737485,0.05544411126764677,0.10029996083759976,0.11422721239662172
8845,8845,KRBA2,0.03555374834807965,6.846219076605201,0.04197125146036056,0.001761585949148818,0.7419309022791212,0.1074867099289559,0.8321600294636333
8846,8846,KRBOX1,0.2442583412681225,5.8684957315302935,0.364403213830571,0.13278970225004885,0.0030735713471668554,0.07927451128872585,0.009218585529487294
8847,8847,KRBOX1-AS1,0.12319250674056625,6.525861240654385,0.16417157178045924,0.02695230498086648,0.19487122244543084,0.09400642901385853,0.3157689555564056
8848,8848,KRBOX4,-0.2066099594206376,8.054525863418208,-0.3976636278868503,0.15813636094413136,0.0011382261249907107,0.06054250879626905,0.003806685210297118
8849,8849,KRCC1,0.2723017036102288,4.448287997209297,0.3153168223894203,0.0994246984817612,0.011151324036677313,0.1040800251436158,0.02873416492316126
8850,8850,KREMEN1,0.4127088011899081,4.960719567458289,0.3742648060030465,0.140074145012498,0.002313957299100468,0.12986717667510111,0.007148180501001518
8851,8851,KREMEN2,-0.029451100354754532,7.183258394791328,-0.03865199740477277,0.0014939769033785614,0.7617108440607678,0.09669612790933048,0.8458029088368335
8852,8852,KRI1,-0.299258291425623,8.746130807024826,-0.28204571186783217,0.0795497835830322,0.023948821023180772,0.1292798972207396,0.05596932001478304
8853,8853,KRIT1,-0.25025280450864384,8.575549678619428,-0.3655226235712308,0.1336067883423957,0.0029774135604120635,0.08093313559829624,0.00896369952046757
8854,8854,KRMP1,0.3096732137646298,5.975728150584531,0.32450551500355984,0.1053038292677256,0.00889437505425643,0.11463665458838596,0.023624149613629707
8855,8855,KRR1,-0.6830438691870628,10.5334257895884,-0.5470070506145569,0.29921671342203643,2.9134760626004036e-06,0.13275524740455485,1.8850111782375783e-05
8856,8856,KRT1,0.3918064847599732,5.335415473510426,0.36355177556738383,0.1321698935181974,0.003148549669923159,0.12750489592954753,0.009413775563661493
8857,8857,KRT10,0.1724462528404161,5.599206928579742,0.22980584078159444,0.05281072445733554,0.06773810504309928,0.0927502823931621,0.13472342622229197
8858,8858,KRT12,0.22284178845766212,6.139955241292332,0.3696122199959159,0.13661319317030934,0.0026484681387235146,0.07114709518840515,0.008071007253596638
8859,8859,KRT13,0.045947279877878465,6.865138216144593,0.04441555724525795,0.0019727417254067864,0.7274697025337269,0.1312502222140294,0.8214320737302055
8860,8860,KRT14,0.2156124197515527,6.173104399162992,0.380979163467551,0.14514512299643495,0.001897652050027929,0.06645427155376858,0.005986837870535373
8861,8861,KRT15,-0.17448284196061942,7.780298605817527,-0.2660471722294647,0.07078109785129444,0.033596013921352,0.08028922247371258,0.074840210005851
8862,8862,KRT16,-0.02128229611257871,7.10833528333701,-0.025019601962384952,0.000625980482356177,0.8444203163020828,0.1079956513201994,0.9022933103507657
8863,8863,KRT17P5,0.020275017891135203,6.931526761927603,0.015854153136521276,0.0002513541716762674,0.9010451143919616,0.16239317199209846,0.9393845575491484
8864,8864,KRT18,-0.389997784662502,12.033549607740994,-0.5528817385324963,0.3056782168027156,2.1650750523991774e-06,0.07464735865025739,1.4395056880474113e-05
8865,8865,KRT19,0.2652026664991505,4.813943390599302,0.4115840601534778,0.16940143857242165,0.0007278507760482383,0.07457943379837205,0.002552487215437182
8866,8866,KRT19P2,-0.17715422723190385,7.719665444296938,-0.1993459633123946,0.03973881308894657,0.11428286348791593,0.11059689058607533,0.20683622305313995
8867,8867,KRT2,-0.04412965924528458,7.184699242970972,-0.04119745041466764,0.001697229920668999,0.7465277889713161,0.13592380629050882,0.8351106878458474
8868,8868,KRT20,0.2294848627881821,4.169657003263908,0.7862545783219039,0.6181962619321549,1.3847702317469756e-14,0.022904198558138758,3.844512739548815e-12
8869,8869,KRT222,0.4344596820675136,5.614220187147254,0.3087233625644314,0.09531011459308936,0.01306232158763658,0.16999416197594094,0.03296789906529955
8870,8870,KRT23,-0.150614891760042,7.758875239627974,-0.5726793801589373,0.3279616724592246,7.62662204230612e-07,0.027381519448111187,5.821598177785034e-06
8871,8871,KRT24,0.4339374681839857,5.48177161342522,0.4024338829024785,0.16195303010796575,0.000978639862356815,0.12536345337473007,0.0033321456319711997
8872,8872,KRT25,0.17895437478209342,6.374820740742707,0.18191029255006474,0.03309135453565014,0.15025422096969482,0.12285191325846707,0.2572138462528649
8873,8873,KRT27,0.4252918806867433,5.579460984162881,0.3348915835949801,0.11215237276275357,0.006832159591781699,0.15196942944248892,0.018713687826971
8874,8874,KRT3,-0.08452656673905955,7.395987890349421,-0.09778828550769664,0.009562548782534794,0.4420519828595235,0.10925066262125893,0.5824542554805586
8875,8875,KRT31,-0.033200109850895505,7.161797754206034,-0.041422931768438184,0.0017158592762926848,0.745187364759449,0.1017021018178004,0.8343000922275808
8876,8876,KRT32,0.1023826419734735,6.51146632760284,0.1043774142144757,0.010894644598100234,0.41175610017738,0.12389256102761415,0.5532233471035789
8877,8877,KRT33A,-0.0115647711031842,7.0647256100719416,-0.016620388513617922,0.00027623731434360256,0.896288358391173,0.0883568109711752,0.9361464702739667
8878,8878,KRT33B,-0.06608688152450568,7.307289130669473,-0.07636071061688234,0.005830958125915247,0.5486913343269142,0.10959218117450327,0.6777657204294864
8879,8879,KRT35,-0.10578116509824068,7.3829981537768266,-0.09720504123212938,0.009448820040939972,0.4447922686418952,0.13755049967827174,0.5850325909523956
8880,8880,KRT36,-0.1663194687932256,7.6112108781939245,-0.12851021622192926,0.016514875673407012,0.31152706048694057,0.16300220821056188,0.4518801322824501
8881,8881,KRT37,0.17086237197085868,6.338437466262098,0.14842312695647306,0.022029424615537318,0.2418082343352934,0.14458122611294255,0.37308209730809494
8882,8882,KRT38,-0.09922055108676073,7.4910516088360355,-0.1023767724098809,0.01048100352906455,0.4208252441630693,0.12243805572371318,0.5617661609142687
8883,8883,KRT4,0.06911211241773135,6.6918392436613,0.054216018000976494,0.0029393766078822073,0.6704773993288585,0.1616558734264896,0.7768383997914757
8884,8884,KRT40,-0.101111554270638,7.32860198190845,-0.0472085465568127,0.002228646868006752,0.7110610207595109,0.271706374366267,0.8085075560276823
8885,8885,KRT5,-0.1144952329094934,7.493780685261308,-0.13386791619013966,0.017920618985090255,0.2916121676142268,0.1076436346421468,0.4303435661500669
8886,8886,KRT6A,-0.25495480552716376,7.8298496291213615,-0.4309496388514648,0.1857175912262079,0.00037814004166594257,0.0677997921839055,0.0014210748179042474
8887,8887,KRT6B,-0.12313344867276045,7.699149887179903,-0.5254053915176946,0.276050825435862,8.282180329455185e-06,0.025324431921484383,4.754788309500319e-05
8888,8888,KRT7,-0.5305473941619319,9.44072050794459,-0.5513584979522463,0.3039961932641572,2.3395963072836047e-06,0.10195301557108076,1.543121181519091e-05
8889,8889,KRT71,0.23860087433120505,6.123752178929495,0.2580327913521221,0.0665809214129678,0.039534536318511185,0.11345917522088718,0.08595586184511644
8890,8890,KRT72,-0.04026609051319875,7.210002661510483,-0.040913258828619306,0.0016738947479775954,0.7482182951136753,0.12488657668419738,0.8361529313983856
8891,8891,KRT73,-0.3634874289809324,8.511796496649179,-0.2898041168117593,0.08398642612104383,0.020188384893494237,0.15245439714187922,0.04832314301631676
8892,8892,KRT74,0.2437510914809618,5.828083150196138,0.23297800066544466,0.05427874879406793,0.06392917017409888,0.12921632475117067,0.12848131602042798
8893,8893,KRT75,-0.06804935056769781,7.344398918419741,-0.09441745746393244,0.008914656273953492,0.4580190569375279,0.09112370422324728,0.5970265862867734
8894,8894,KRT76,-0.0818728069279648,7.387796671548769,-0.10990833736409952,0.012079842622140716,0.3872800918833108,0.09403166378170233,0.5300227763213736
8895,8895,KRT77,-0.0974684577469086,7.365613654707104,-0.06813600081262555,0.00464251460673811,0.5926725944617782,0.18125130972823145,0.713731789181949
8896,8896,KRT78,-0.3354475146403499,8.324024658150686,-0.16775958974423905,0.028143279951155398,0.1851585272596659,0.25034706220073377,0.30309229025686485
8897,8897,KRT79,0.12701615036919414,6.394600626192193,0.17809615843322954,0.031718241648674005,0.15913919758474068,0.08912702791306143,0.2693364066977381
8898,8898,KRT8,0.3475881670325542,2.8452984391702536,0.5272282241037488,0.2779696002915928,7.60419965846141e-06,0.07114562989889764,4.415900874335796e-05
8899,8899,KRT80,-0.20158270324292746,8.026130407944974,-0.7220602777275249,0.5213710446719504,1.657144346830894e-11,0.024529203722385567,8.100555492239956e-10
8900,8900,KRT81,0.045438357906512364,6.766402726676028,0.06775097052557738,0.0045901940071576535,0.5947695782982889,0.08497911812508671,0.7151446006725539
8901,8901,KRT82,-0.005151166446271978,7.038529212083473,-0.005933769289436423,3.520961798025883e-05,0.9628838810629536,0.11024818185872287,0.9778540607951137
8902,8902,KRT83,0.35695575782884753,5.137187060547621,0.3851075668119722,0.14830783801583766,0.0016763045695263172,0.10863701403631963,0.005354037677447256
8903,8903,KRT84,-0.034619400315988084,7.13939998563019,-0.02787099965419515,0.0007767926217241461,0.8269492601709416,0.15768936564372002,0.8911000051405332
8904,8904,KRT85,-0.010353258263880588,7.066667054832608,-0.009273206908326464,8.599236636463368e-05,0.9420249137380982,0.1417857481214277,0.9657505802678841
8905,8905,KRT8P12,0.10820050710609552,6.392377323464628,0.12704645998833913,0.016140802995568658,0.31711654775095505,0.1072845929775267,0.4578411121772739
8906,8906,KRT9,-0.0466375392726323,7.227386394436739,-0.053415563738627735,0.0028532224495154018,0.6750686676014561,0.11072648457480126,0.7805751813813292
8907,8907,KRTAP1-1,0.0943292258315214,6.664547200797758,0.09407858437691068,0.008850780038363504,0.4596415156616135,0.12677370220283374,0.5986009755624393
8908,8908,KRTAP1-3,-0.2900127974032404,8.253601056774588,-0.2473634358420325,0.061188669391575336,0.04876424735987818,0.14426964873470935,0.10252913754970815
8909,8909,KRTAP1-5,-0.14429887004106534,7.557622230668743,-0.18017709545229066,0.03246378572562385,0.15424480901397167,0.10004632000018863,0.2625508048418139
8910,8910,KRTAP10-11,0.16666347236159268,6.1395680425241625,0.13996361849095032,0.01958981450108029,0.2699920948569112,0.14973844770630051,0.4064427399462226
8911,8911,KRTAP11-1,-0.3178515114757224,8.335992219223208,-0.28339303687134804,0.08031161334716519,0.023256211500737055,0.13660280344058987,0.05462775355770267
8912,8912,KRTAP13-1,0.2368110218190517,5.8338567127384575,0.3022484746194269,0.09135414040977036,0.015207502383214503,0.09485042370114437,0.03769239602935905
8913,8913,KRTAP17-1,0.06452005046336348,6.7536507275006405,0.06268630373151111,0.003929572675519264,0.6226550936365857,0.1304581495846652,0.7379376123413016
8914,8914,KRTAP19-1,-0.1923767943933836,7.599413557570783,-0.11019051688930212,0.01214195001233158,0.3860550346262444,0.22037376441134512,0.5289479136242532
8915,8915,KRTAP19-3,0.2031678915664828,6.296604165847706,0.1487709048559216,0.022132782131649674,0.2406945237033606,0.17150673049903434,0.3716657095547828
8916,8916,KRTAP2-1,0.015518273304085197,6.963067646306938,0.013083307344176731,0.00017117293106218883,0.9182741559658552,0.1506235346793562,0.9507020550198602
8917,8917,KRTAP3-1,0.04789895249614917,6.717528682963118,0.049276367688539824,0.0024281604125761715,0.6989957814059211,0.1233001413553195,0.7987007068990304
8918,8918,KRTAP3-2,-0.20565184321468755,7.636856221768296,-0.1193513118876286,0.014244735649298,0.3475483417431643,0.2172671747841548,0.490080050820357
8919,8919,KRTAP3-3,-0.0015494653140760894,7.020425247126977,-0.0009633794731230981,9.28100009234938e-07,0.993971931864286,0.2042623969506817,0.9962980032106941
8920,8920,KRTAP4-1,-0.1462868773772867,7.672514028161824,-0.4088391542712012,0.16714945406519102,0.0007961527113539653,0.0414706250365511,0.002764259574213583
8921,8921,KRTAP4-11,0.07545334461983516,6.777211440041863,0.05435008235483933,0.002953931451977818,0.6697095959579125,0.17605163265189747,0.7761606261958038
8922,8922,KRTAP4-12,0.00740695964855172,6.9900415228491335,0.007881600675343098,6.211962920556877e-05,0.950713327111775,0.11934829444536167,0.9702939531815199
8923,8923,KRTAP4-2,-0.09934135544426967,7.488009005735461,-0.1054510329941317,0.011119920359529452,0.4069362775973958,0.1189748627229865,0.5488760567655937
8924,8924,KRTAP4-3,-0.4131717390243616,8.28824926280272,-0.2823979818400422,0.07974862014732882,0.02376606855725293,0.17824871729974948,0.055626266170267204
8925,8925,KRTAP4-4,-0.27248662590895634,7.8873255471791435,-0.1935132361487923,0.03744737256477825,0.1254937474753878,0.1754490062304737,0.22282445896847514
8926,8926,KRTAP4-5,-0.012912670928076032,7.082494392947592,-0.013629158252123469,0.0001857539546614252,0.9148768543628109,0.12031253144232215,0.9484254048172086
8927,8927,KRTAP4-7,0.1638977258333001,6.53023457077123,0.08648195479671314,0.007479128505460735,0.4968246236690582,0.23978466728663397,0.6327552329326269
8928,8928,KRTAP4-8,-0.18543530252533136,7.758026366064397,-0.16054303323195232,0.025774065519315745,0.20505897906608764,0.14478879428734845,0.3285890329788462
8929,8929,KRTAP4-9,0.1755789864229838,6.413981423686111,0.12170673867296007,0.014812530238408197,0.3380468418997574,0.18185343453957584,0.48023001742589044
8930,8930,KRTAP5-2,-0.2430396591733937,8.061572926925049,-0.2396865714906231,0.057449652552929574,0.056441791167744226,0.1250229892278427,0.11587476182570168
8931,8931,KRTAP5-8,-0.15752608965731935,8.022935580494996,-0.1758091089491779,0.030908842789503906,0.1646495569522072,0.11202052152689408,0.27665162599317555
8932,8932,KRTAP5-9,0.06065263527656376,6.696772873361613,0.06392784945381941,0.0040867699357901984,0.6157681817332471,0.12024706540003027,0.7327431572388979
8933,8933,KRTAP5-AS1,0.023619308805728708,6.903897648702676,0.022457306516040738,0.0005043306159554058,0.8601841954859001,0.1335377736179644,0.9129681298459622
8934,8934,KRTAP7-1,-0.1263530058916136,7.457339912142983,-0.11353062385116253,0.01288920255203415,0.3717303082659797,0.14042992381719,0.514760188355275
8935,8935,KRTAP8-1,0.10960520332409174,6.584375186069262,0.0921293982346263,0.008487826019074364,0.4690345341548462,0.15044789590809346,0.6071166292390168
8936,8936,KRTAP9-3,-0.2436414124031046,7.727282464661227,-0.15951873627552826,0.02544622722294153,0.20800202734665074,0.19149016211180292,0.3322723445110447
8937,8937,KRTAP9-4,-0.07521538623762741,7.290594355334706,-0.0688661141552615,0.00474254167884551,0.5887053009423455,0.13837989205856038,0.710455488849002
8938,8938,KRTAP9-8,-0.2633840948059327,7.994629519754888,-0.2418452108078305,0.058489105990683986,0.054189910464029385,0.1342050578857416,0.11194147773524338
8939,8939,KRTAP9-9,0.1704251716488873,6.513051409115414,0.0943906117495119,0.008909587586447094,0.4581474745800499,0.2282788794154465,0.5970932371074926
8940,8940,KRTCAP2,-0.6413763812171831,11.473445962418893,-0.4731751754675558,0.2238947466787522,7.861056289341338e-05,0.15165456158204493,0.00035142686611413436
8941,8941,KRTCAP3,-0.3492548377086161,10.075803163607484,-0.6165585714821473,0.3801444720681061,5.8152590690678275e-08,0.05663924887309873,6.299621567817099e-07
8942,8942,KRTDAP,0.1548568576760066,6.467558576716863,0.17225882139241627,0.02967310154750437,0.17347924338337575,0.11246364667350116,0.2879795335735532
8943,8943,KSR1,-0.2653837721312801,8.392686850671778,-0.16400543191718206,0.02689778169834144,0.19532962562531708,0.20272136278586603,0.3163460506257005
8944,8944,KSR2,0.07201919986427152,6.709171987796728,0.08375086616047178,0.007014207582629257,0.5105644409758151,0.1088264988587623,0.6449438820119743
8945,8945,KTN1,0.3003029781034335,3.951263509504362,0.4843513588377615,0.234596238807986,5.006482805023274e-05,0.06888879178626711,0.00023594207865675515
8946,8946,KXD1,-0.5075231182237707,9.99604259708001,-0.3296522366542208,0.10867059713113038,0.007813105586103831,0.18459633519565716,0.02107271160382096
8947,8947,KY,-0.004273300067999435,7.034914904782987,-0.002594375127366461,6.730782301497743e-06,0.983767390690642,0.20918633515555626,0.9903990165228198
8948,8948,KYNU,-0.17336927248834624,7.841238703899719,-0.4425211196925305,0.1958249413739309,0.00025087073283290497,0.044618768472615936,0.00098221039947506
8949,8949,L1CAM,0.4114482118990838,5.011651114781818,0.5577434175477683,0.31107771981786425,1.686148599303421e-06,0.07776246094367871,1.1554920227188477e-05
8950,8950,L1TD1,-0.0484853469235089,7.342033143848865,-0.4753207391705493,0.2259298050856374,7.21751949501447e-05,0.011397722306281572,0.0003260909339965332
8951,8951,L2HGDH,-0.4636423800401853,9.15982654433601,-0.5603549596388456,0.3139976807918523,1.471832926308895e-06,0.08703358112966142,1.0301403367556276e-05
8952,8952,L3HYPDH,-0.16365037027189502,7.776774124809634,-0.17866032637999474,0.03191951222220625,0.15780108418015312,0.11445868653300073,0.26746888524743395
8953,8953,L3MBTL1,-0.16855360794564542,7.781418144600751,-0.09626772491018852,0.009267474859383734,0.4492158456265048,0.22132970775196534,0.5887706458031355
8954,8954,L3MBTL2,-0.4529944906940931,10.340476288955582,-0.5274272432908429,0.278179496965378,7.533396638061783e-06,0.09267212542412234,4.378809099918723e-05
8955,8955,L3MBTL3,0.050695876124838515,6.733312934135848,0.10459984935214647,0.010941128484491736,0.4107548127200962,0.06121485153221209,0.5523507015743054
8956,8956,L3MBTL4,-0.14277323080505733,7.587885273567662,-0.18977924940278776,0.03601616350388552,0.13309772600427666,0.09380739887645552,0.23320909916842877
8957,8957,LA16c-358B7.3,-0.1479064323185831,7.688590217364188,-0.18684270526220045,0.03491019650969751,0.13931823278902808,0.09876405976241946,0.24211029059035416
8958,8958,LA16c-380H5.4,0.21578584927715924,5.734655306659222,0.29454210036945744,0.08675504889005152,0.01814886175677672,0.08891466100540298,0.044040071867212
8959,8959,LA16c-380H5.5,0.3237860878597253,4.8223927455575115,0.6494922931465924,0.4218402388568191,6.3979440591572624e-09,0.0481406853458297,9.981806815637645e-08
8960,8960,LA16c-381G6.1,0.17247031572888466,6.128705718266151,0.26763132016778324,0.0716265235347505,0.032515047536393935,0.07885748815311527,0.07273898289262508
8961,8961,LA16c-395F10.1,0.3194457305700386,5.960728586678772,0.2303901566487297,0.053079624280626216,0.0670231344718243,0.17135392399209046,0.13350988657780843
8962,8962,LA16c-395F10.2,-0.2206700067528384,8.073152673527764,-0.44888664555006896,0.2014992205531933,0.0001989203629646468,0.055788983762871225,0.000800078094353534
8963,8963,LA16c-83F12.6,0.0350135385153021,6.8797739034596175,0.03539632785586005,0.001252900025679534,0.781260651121773,0.1255479758515646,0.8589226481211348
8964,8964,LACC1,0.10232179571828083,6.427490413776591,0.19015251358603208,0.03615797842308612,0.13232230790397287,0.06709237508546713,0.23228271543940765
8965,8965,LACE1,0.22426330298729955,6.219908929891554,0.11019752156542592,0.012143493759162514,0.3860246538426457,0.2568842482297238,0.5289397544268851
8966,8966,LACRT,0.16824638008391732,6.2882790828126005,0.1779971706055724,0.03168299274358925,0.1593748415282531,0.11812601823047125,0.2696298588511188
8967,8967,LACTB,-0.11789128027711815,7.776182129593099,-0.21209281008591174,0.04498336009013864,0.09247156848972342,0.06898669866240825,0.1744163500500089
8968,8968,LACTB2,-0.19254913802542892,8.480005092475993,-0.6408703550144591,0.4107148119363589,1.16965069243606e-08,0.029291277538178624,1.6482779116590592e-07
8969,8969,LAD1,-0.2912645213143155,9.4963777288014,-0.4619016048950441,0.21335309260461746,0.00012200786886267178,0.07102842598294694,0.0005183531872570552
8970,8970,LAG3,0.0620969458749026,6.75088618753536,0.08274800365594745,0.006847232109044693,0.5156579286413767,0.09497841103256696,0.6492948275804753
8971,8971,LAGE3,-0.3178737362895141,9.500284876105674,-0.6953300809296709,0.4834839214456626,1.821474304028713e-10,0.04172628369780925,5.440555317757487e-09
8972,8972,LAIR1,0.2718101244834587,5.347419854436612,0.4733405963289973,0.2240513201330908,7.809618750307462e-05,0.06424103516168149,0.0003493437183183394
8973,8973,LAIR2,-0.22380808423714127,8.202145766032839,-0.5642303028088729,0.3183558346077925,1.200378088776123e-06,0.04159128887748695,8.641684678340075e-06
8974,8974,LALBA,0.02463030824523298,6.921269242967776,0.022225981884095417,0.0004939942707121377,0.8616101368389347,0.1407037752534124,0.9141679330351363
8975,8975,LAMA1,0.20035667055109727,5.865347035440002,0.7449044368993222,0.5548826201122963,1.6955700225041277e-12,0.022790018423478414,1.4865412484747727e-10
8976,8976,LAMA2,0.3843968843741408,5.31469872513439,0.5719029342254709,0.3270729661757033,7.95544230451292e-07,0.07002380036948852,6.052321899310677e-06
8977,8977,LAMA3,-0.2863909580814697,8.408765208645379,-0.19106018157993548,0.03650399298535792,0.13045096854899227,0.1868608116882963,0.22987352298221397
8978,8978,LAMA4,0.6264228326427429,3.964799551268609,0.5676640125258573,0.32224243111695666,9.998222349964948e-07,0.11537655298904595,7.366842633157228e-06
8979,8979,LAMA5,-0.08543014043646936,7.4944120379641825,-0.12885352181933765,0.016603230085246525,0.3102253491942022,0.08349940313584492,0.45041434373452555
8980,8980,LAMA5-AS1,0.21577786111300945,5.862848380792463,0.2868788894634641,0.08229949721979044,0.02154253458416989,0.091508815305179,0.051090087221574744
8981,8981,LAMB1,-0.2385014918491963,8.978683514997902,-0.5323476875305782,0.28339406041915405,5.966576197295734e-06,0.04816594496014226,3.568246549363135e-05
8982,8982,LAMB2,-0.12179447588672343,7.6532990392523965,-0.21341575112598532,0.045546282828668516,0.09040893298635992,0.07080806291679075,0.17122664367846985
8983,8983,LAMB2P1,0.21898514738617025,5.984963455107693,0.2534672015004969,0.0642456222364935,0.043289594670374285,0.1061397301364025,0.09286764438553016
8984,8984,LAMB3,0.058812497276286874,6.526560043415656,0.10386132015730604,0.010787173824818428,0.4140847212562524,0.07152614302772485,0.5552668672242335
8985,8985,LAMB4,0.1285276441199764,6.576573520447852,0.07975557578208196,0.006360951868331419,0.5310077326341147,0.20401118230236864,0.6624595258780823
8986,8986,LAMC1,-0.17378561604593806,8.400443467058897,-0.2878492812735916,0.08285720872972326,0.021085015237405438,0.0734296252907931,0.05016987198835455
8987,8987,LAMC2,-0.2865593469083082,8.68424614744801,-0.669935189996787,0.4488131587960311,1.4133363424446482e-09,0.040330663198776616,2.8104498159447985e-08
8988,8988,LAMC3,0.20618133655808935,6.054249758991381,0.1910218143949292,0.03648933357473078,0.13052966251403755,0.1345546786611587,0.22994245638880847
8989,8989,LAMP1,-0.14825710194504296,8.422171661405951,-0.14104508492279794,0.019893715980879283,0.2662714610999457,0.13215947110449688,0.40170743277966586
8990,8990,LAMP2,0.21699441408965192,5.251287444441905,0.2856816197398422,0.08161398785717977,0.02211861527957869,0.09244491771634693,0.05223891524476787
8991,8991,LAMP3,-0.06512849750614727,7.396071363255363,-0.22004569126473975,0.048420106244177176,0.08061054886722685,0.03666781014517249,0.15585905676069622
8992,8992,LAMP5,0.15346792432662135,6.3980721973223,0.17220213126392594,0.029653574011838383,0.17362297935486729,0.1114927577069517,0.2881297890972221
8993,8993,LAMTOR1,0.09365630379587178,6.118665333518268,0.10188015755335257,0.010379566503095943,0.4230940486700869,0.11614108753077555,0.5639951753740062
8994,8994,LAMTOR2,-0.25677784433143336,9.279312516365144,-0.3331485137363641,0.1109879322047484,0.007145797302866927,0.0922948890132196,0.019474231134354807
8995,8995,LAMTOR3,0.2808461148279444,4.705990898645359,0.4086608230588392,0.1670036683031279,0.0008007846759001978,0.07965831482421402,0.0027786928470994966
8996,8996,LAMTOR4,0.3619242600092061,3.9240984875535694,0.4604478451019575,0.21201221805903625,0.00012898093062350908,0.08861375647637687,0.0005446727871786445
8997,8997,LAMTOR5,-0.3720187979378417,10.765243211302408,-0.4360999874912487,0.1901831990898673,0.0003155874846523421,0.09749365618086908,0.0012059373531227225
8998,8998,LAMTOR5-AS1,-0.06843776987289628,7.287296432874499,-0.06691058197013941,0.004477025979582746,0.5993580146652138,0.12960771096205326,0.7188644590182888
8999,8999,LANCL1,-0.24759916816996275,8.973141910163172,-0.5371284161760622,0.2885069354638051,4.74025349113044e-06,0.04938107536017729,2.9062907517109194e-05
9000,9000,LANCL2,-0.3127548179000207,9.098833709645671,-0.28806453851606245,0.08298117835047203,0.02098465282520939,0.1320406002172566,0.049964008458483714
9001,9001,LANCL3,0.5429858821197538,5.2476478275872465,0.5262318522410273,0.2769199623130224,7.968092671889636e-06,0.11143169770359533,4.591512687859768e-05
9002,9002,LAP3,-0.06781673849980151,7.663597299334656,-0.1277596327693507,0.01632252376535935,0.31438526649719745,0.06686113790620317,0.454929030804999
9003,9003,LAPTM4A,0.1535690663766486,5.1923699479616,0.10591195167849032,0.011217341508346869,0.4048771806958492,0.1831105422599428,0.5471552264084258
9004,9004,LAPTM4B,-0.2346002479347464,9.23586434798285,-0.5789305239608444,0.3351605515735779,5.407677769673381e-07,0.041962810137253774,4.2942156986533575e-06
9005,9005,LAPTM5,0.18343873203920985,5.260734045504791,0.5864357288996875,0.3439068641301078,3.5446968146275885e-07,0.03217788684083228,2.9671592393026836e-06
9006,9006,LARGE,0.5803648484466398,4.111818044618264,0.6165596655913714,0.38014582123414375,5.8148571434813047e-08,0.09411848150412508,6.299621567817099e-07
9007,9007,LARGE-AS1,-0.5587524068206041,8.968347001786073,-0.22512390019564973,0.05068077043930086,0.07369039780374723,0.3071199985105125,0.14453089072005673
9008,9008,LARP1,-0.5468467570958114,11.065335319240797,-0.5858289307005731,0.34319553604577674,3.669284335027505e-07,0.09607646800069128,3.0490541932087728e-06
9009,9009,LARP1B,-0.19137659710010355,8.044779812579241,-0.19888282406741897,0.03955437770903194,0.11514391642879357,0.11976560034815215,0.20809894093352738
9010,9010,LARP4,-0.17935092328776978,8.225577617805742,-0.29410076420662584,0.08649525950692133,0.01833109493821051,0.07402305786756841,0.04440266900301438
9011,9011,LARP4B,-0.10519554203208964,7.639897745290956,-0.0819563544414999,0.00671684403334076,0.5196967641975728,0.16246334633535106,0.6529957327607656
9012,9012,LARP6,0.0942881596170476,6.644440166489187,0.06627680586149977,0.004392614995202932,0.6028286789160078,0.1802784431722852,0.7217479428277851
9013,9013,LARP7,0.3384772525881104,5.052357653879613,0.3082682927074406,0.09502934028876027,0.013204057055847415,0.13265451459587688,0.03326951016491673
9014,9014,LARS,-0.28473250725915605,9.350254699619294,-0.4643966900333045,0.21566428571388907,0.00011084270211440703,0.06896092645490767,0.00047634425764784367
9015,9015,LARS2,-0.1970503947428696,8.542509257238644,-0.484889954618534,0.235118268089964,4.896852692546159e-05,0.045137283850576165,0.00023153132108534295
9016,9016,LAS1L,-0.5311319357794377,10.358693792054869,-0.5050383858715307,0.25506377120372115,2.0814339148128287e-05,0.11527675170475014,0.00010775388817899069
9017,9017,LASP1,0.5646421244256327,1.03965047431117,0.6462799978732309,0.4176778356510233,8.02836661847049e-09,0.08467171876299816,1.1998224922220737e-07
9018,9018,LAT,0.28894134852042874,5.423468200093072,0.4392092294279112,0.1929047472146596,0.0002825554176539108,0.07505934829999843,0.0010943905507593342
9019,9019,LAT2,0.3388340956103232,5.2212267888532935,0.5286594671346959,0.2794808321911406,7.108525894001201e-06,0.0690936309620513,4.165483350503492e-05
9020,9020,LATS1,-0.4602079226766071,8.900833331849622,-0.2646107250443092,0.07001883580847497,0.03460195786164242,0.21300405912062245,0.07679669954841309
9021,9021,LATS2,0.2831477505378276,5.38990763725202,0.363491794900632,0.13212628496008308,0.0031538924199159906,0.09216179539978857,0.009425550697389012
9022,9022,LAX1,0.12609621856553288,6.340761903739772,0.2317328765517802,0.053700126074962606,0.06540313273234036,0.06722533214360027,0.13098167384803758
9023,9023,LAYN,0.9656154485365592,3.4243809605561,0.486354341576233,0.2365405455700511,4.609899600663324e-05,0.2203172754513928,0.00021941317131951937
9024,9024,LBH,0.058344277413372614,6.644850867931077,0.17274111297548392,0.029839492112008894,0.17225991566307844,0.04225017414025678,0.28648248780308455
9025,9025,LBP,-0.10678367535525654,7.467904061626787,-0.10953318668512947,0.011997518985399424,0.3889123513307723,0.12306719852870328,0.5316182911291424
9026,9026,LBR,-0.16312130712160094,8.636069599405584,-0.19914510412787065,0.03965877249810043,0.11465568497559105,0.10194313871661052,0.2073438826692121
9027,9027,LBX1,-0.03850256728023218,7.167320223736031,-0.039941109283075316,0.001595292210762565,0.7540099910408062,0.12232832564565435,0.8401814529169835
9028,9028,LBX1-AS1,0.1977709240700245,6.1521243954641465,0.17114189021656132,0.029289546586897523,0.17632719999968355,0.14459561637748838,0.2916563944388288
9029,9029,LBX2-AS1,0.08852170259190321,6.468096693648117,0.12810662093589326,0.016411306327612646,0.3130618586875639,0.08703403163734179,0.4535171778715019
9030,9030,LCA5,-0.27916191415112324,7.926723055785109,-0.15020388933022238,0.02256120836992569,0.2361427983895733,0.2333586640976831,0.3665189434580139
9031,9031,LCA5L,0.003294219881433952,7.001026992687142,0.003589853904934486,1.2887051058773375e-05,0.9775402145014204,0.116540577590274,0.9870209049419306
9032,9032,LCAT,0.1005485675481979,6.6239124061171255,0.08149563815976213,0.006641539039066878,0.5220545530483738,0.15617038316508822,0.6551017758742849
9033,9033,LCE1B,-0.05655130938499671,7.221647003835822,-0.0518072987122203,0.002683996199857223,0.6843290030467168,0.13844340304150984,0.7873866232762023
9034,9034,LCE1E,0.016531520728745374,6.93018875356637,0.017347356760973747,0.0003009307865925016,0.8917787281115228,0.12100917357791405,0.9335113902879263
9035,9035,LCE2B,-0.0998609895512178,7.39933688237697,-0.09167615243446796,0.008404516925187806,0.4712334470020091,0.1377561232719731,0.6091183844582168
9036,9036,LCE3D,0.09896761189611347,6.545764265891137,0.11982565456050025,0.01435818749085233,0.3456216995226197,0.10413746351921828,0.48806246515567847
9037,9037,LCK,0.0169581799807851,6.9092037366241215,0.05352123429351205,0.00286452252030101,0.6744618786176176,0.040182259980691984,0.7800401613685383
9038,9038,LCLAT1,-0.3013102069296772,9.565497829780211,-0.3179600262536656,0.10109857829523172,0.010456181391364438,0.11410416795311755,0.02721824835076294
9039,9039,LCMT1,0.24910152252004544,4.848325722591109,0.2484634031840819,0.061734062721815634,0.04773779844632937,0.12333350754819175,0.10066822722322158
9040,9040,LCMT2,-0.260910863260582,8.331413446791926,-0.23434269558203036,0.05491649897265214,0.06234452331134471,0.1374611543091567,0.12589245172577115
9041,9041,LCN1,0.10004139960799754,6.519962202039208,0.15768905224822266,0.024865837198942687,0.21333325452129645,0.07956362415208416,0.3384914732311456
9042,9042,LCN10,0.2903642411416969,5.503871923098801,0.3463068392912884,0.11992842693992226,0.0050605006016436384,0.0998953365655559,0.014362403739003013
9043,9043,LCN12,-0.0039367104731711155,7.031030895584299,-0.0037546593250298273,1.409746664703344e-05,0.9765093999164918,0.13315700910770753,0.9864398495681126
9044,9044,LCN15,-0.033219842429509656,7.256669552608789,-0.31433339691426776,0.0988054844156626,0.011419991682961952,0.012741497330345412,0.029349622584208528
9045,9045,LCN2,-0.07439552992278847,7.80242690918029,-0.6714169777184462,0.4508007579685725,1.260988015729162e-09,0.010428543155094618,2.5786939041482934e-08
9046,9046,LCN6,0.18068411108813048,6.205452648688543,0.2048723024860864,0.041972660325950484,0.1043860618318297,0.1096301029216905,0.19252577347570612
9047,9047,LCN8,0.2215054709236515,6.1771188332934335,0.20441385766891845,0.041785025207088836,0.105180913066202,0.13471307670480698,0.19369782060112292
9048,9048,LCNL1,0.1312918588574721,6.310195658467427,0.13736127085308109,0.018868118730373504,0.2790870915446097,0.12023788996055446,0.41645748121544396
9049,9049,LCOR,0.23760132477900345,5.028937485725646,0.4375297908055985,0.19143231784239076,0.0002999827855916718,0.06201597466470835,0.0011513873133618669
9050,9050,LCORL,0.0019059275956659206,7.003930058088978,0.003098205943933881,9.598880071027232e-06,0.9806155540876168,0.07812646717523515,0.9888809641318498
9051,9051,LCP1,0.17717540985138608,5.538773528779818,0.5679360131034081,0.32255131497979456,9.853605075051814e-07,0.03260966933102187,7.277619982955219e-06
9052,9052,LCP2,0.3696042963840474,5.374172142298484,0.557082168943717,0.31034054295503605,1.744876530616479e-06,0.06997441177253885,1.190851977353547e-05
9053,9053,LCT,-0.17571801979659485,7.679143704482887,-0.16809506464510382,0.02825595075804163,0.1842685943038952,0.1308704024905313,0.3018865493759154
9054,9054,LCTL,-0.4947115825561748,8.420771789748203,-0.2603574738731799,0.06778601420162357,0.037728716844314066,0.23299360000913003,0.08258100058719892
9055,9055,LDB1,-0.1489798228855672,8.016148779215056,-0.11544723223179118,0.013328063429981123,0.3636577744826768,0.16279252950792664,0.5065370190225046
9056,9056,LDB2,0.478141572881184,5.028797739578338,0.5230919411882362,0.2736251789360772,9.223827556614054e-06,0.0989379762055273,5.2384470427085583e-05
9057,9057,LDB3,0.464987731612357,4.78417181229957,0.3086975410189766,0.09529417183116276,0.013070328662287448,0.18195591314373985,0.032980420319486684
9058,9058,LDHA,-0.41349854628353583,12.160965830726258,-0.558356823657218,0.3117623425245776,1.6333306930201039e-06,0.07802531491219951,1.1242776909520136e-05
9059,9059,LDHAL6A,0.15257624254504787,6.388386046782575,0.1372493202411591,0.018837375906660247,0.2794828562612471,0.13984642431732144,0.41687568896110383
9060,9060,LDHAL6B,-0.09832212307105767,7.325448441708018,-0.06879447062684217,0.00473267918882745,0.589094068085064,0.1810805237920688,0.7106870219711455
9061,9061,LDHB,-0.15780810260073566,8.821361740736537,-0.4382812802314647,0.1920904806013317,0.0002920667585448455,0.04110189964173122,0.0011253924655317844
9062,9062,LDHC,-0.1995072022932434,7.953726135729934,-0.31035366031364475,0.0963193944700772,0.012565271448592628,0.07760922431611064,0.03190009012759616
9063,9063,LDHD,0.2179724138212004,5.7469695173860265,0.7102962509972385,0.5045207641807321,4.919364967643876e-11,0.027433353260557927,1.8689271644618973e-09
9064,9064,LDLR,-0.14833340957741184,7.860304836463773,-0.2503594457311412,0.06267985206680422,0.04601010214737378,0.07284892199419575,0.09776751663245796
9065,9065,LDLRAD3,-0.09779010712452177,7.462011965081468,-0.2051223280328826,0.0420751694576295,0.10395453328846634,0.05925866395521313,0.19181685422121833
9066,9066,LDLRAD4,-0.23853959634009875,8.241521395857093,-0.2331207724269286,0.05434529453692784,0.06376188275315216,0.12637173723009829,0.1281807993891116
9067,9067,LDLRAD4-AS1,-0.21302410840853328,7.755917339477793,-0.16225280231601616,0.026325971859400214,0.20021242083139668,0.16453090935861406,0.3226372952153516
9068,9068,LDLRAP1,0.2976371195267956,4.8532773262728055,0.3645413196780876,0.13289037375264168,0.003061560499689211,0.09655649455261804,0.009187651416403807
9069,9069,LDOC1,0.30527869357734844,5.447075177105521,0.6115506592206109,0.3739942087931639,7.957426028166454e-08,0.05015998368196522,8.197814492861301e-07
9070,9070,LDOC1L,0.12846468903694075,5.9523358802657365,0.15442306001520464,0.02384648146445949,0.2230871945841522,0.10438421586629232,0.35032292956633904
9071,9071,LEAP2,0.14997621732571395,6.102596596795541,0.6207273253060093,0.3853024123815523,4.46024378892971e-08,0.024057829420941368,5.009677346953987e-07
9072,9072,LECT1,0.19727856575842284,6.160148938599647,0.21672341892962746,0.046969040312546805,0.08540975626358202,0.1128578359452422,0.1634020913409196
9073,9073,LECT2,0.04128333845614502,6.877440146265314,0.03177546672852072,0.0010096802858153273,0.8031623781873181,0.16491785098870396,0.8742576304235635
9074,9074,LEF1,-0.17025991788731282,7.850491423023933,-0.31224724485096284,0.09749834191701713,0.012008531644467815,0.0657872850557081,0.030680126564529325
9075,9075,LEF1-AS1,-0.10129289468830284,7.365969274113906,-0.07029165086528749,0.0049409161813674714,0.5809939056226094,0.18255924402559348,0.7043885716914707
9076,9076,LEFTY1,-0.07675548411146156,7.83341244335729,-0.2521537397407056,0.0635815084652235,0.0444227585024198,0.03740960713595631,0.09486931315285017
9077,9077,LEKR1,-0.12192665751172364,7.475103210625749,-0.06705622479807005,0.0044965372841693045,0.5985616996987898,0.23040139888536398,0.7181878106702844
9078,9078,LELP1,0.1808688207719557,6.217592650403344,0.15194353133502006,0.023086836714556226,0.230697277639752,0.14942168426060273,0.35984654233874735
9079,9079,LEMD1,-0.12964140569356433,7.534893901300827,-0.5200527191550927,0.2704548307006057,1.0612816293245993e-05,0.027041240346207723,5.9461975893982404e-05
9080,9080,LEMD1-AS1,0.08259543336267247,6.755120558108554,0.045977912331561586,0.002113968422368764,0.7182753660148816,0.22790372062767755,0.8142972835132261
9081,9081,LEMD2,-0.23723979347067195,8.522257099646215,-0.2639640749982292,0.06967703288967075,0.03506293125119075,0.11009402244650277,0.07765266682803597
9082,9082,LEMD3,-0.09854879562193587,7.898563551250675,-0.0977752002574302,0.009559989785380578,0.4421133583924541,0.12739161699395232,0.5824642438394229
9083,9083,LENEP,-0.052025548531992524,7.284656734224534,-0.05538661628719936,0.0030676772637454573,0.6637846496321033,0.11911016544329395,0.7713483898803564
9084,9084,LENG1,0.09188945824993563,6.465846728241612,0.1007201374442076,0.010144546086780068,0.4284207795803734,0.11527614025321313,0.5695182309277462
9085,9085,LENG8,-0.06136520042327966,7.343997475682483,-0.18471745110072524,0.034120536741148816,0.14395459479462974,0.04146482636805575,0.2486112728509217
9086,9086,LENG9,-0.10872034799170377,7.5839856131488075,-0.1665234500121836,0.02773005940396021,0.18846447076819836,0.08175851950525995,0.30746866615397767
9087,9087,LEO1,-0.13731610851379691,8.011614616571674,-0.2462200951419882,0.06062433525172972,0.04985025822621018,0.06864703758128916,0.1044111946889043
9088,9088,LEP,0.15833298851871105,6.441794072804374,0.16342237550976293,0.026706872817253962,0.19694446222014952,0.1213908279551308,0.318518045316957
9089,9089,LEPR,0.025099465546317937,6.9162820543685175,0.025013160613624342,0.0006256582038829679,0.8444598716637713,0.12739845316343254,0.9022933103507657
9090,9090,LEPRE1,-0.2417764356400991,8.508780459231911,-0.2785444345198569,0.07758700200198687,0.02583075677404021,0.10587327505545067,0.0596974426832274
9091,9091,LEPREL1,0.1328025440454299,6.1164664242100475,0.32899084373749704,0.1082349752631102,0.007945289793658801,0.04841188092957118,0.02139458474032347
9092,9092,LEPREL2,0.01420668394157797,6.941682545719117,0.017699999771863317,0.0003132899919239616,0.8895923843725566,0.10191909825456713,0.9321199537227326
9093,9093,LEPREL4,-0.03758167146647326,7.2394296121772905,-0.057307327305283526,0.003284129762874894,0.6528599014863258,0.08314876044778162,0.7622213266490395
9094,9094,LEPROT,0.5182774182694455,3.0658884768202537,0.5062915379819736,0.2563311214321522,1.9700239388664173e-05,0.11211289750441404,0.00010267357014717754
9095,9095,LEPROTL1,-0.09305499094887404,7.825757118348983,-0.10678250881487908,0.011402504188799728,0.4010046973857501,0.1100407291023344,0.5432101039589903
9096,9096,LETM1,0.7632452410394568,2.512004479219298,0.6438172410106329,0.4145006398225433,9.537366707592364e-09,0.11520434792883945,1.3936010529886145e-07
9097,9097,LETM2,-0.17476797001927594,7.629650548080449,-0.1500440156772548,0.022513206640556286,0.23664765591184436,0.14625232116401485,0.3670576385441589
9098,9098,LETMD1,-0.32743054203674965,9.93128335586055,-0.5206071743859723,0.2710318300221461,1.03457160126721e-05,0.06819734639600257,5.808568323941258e-05
9099,9099,LFNG,-0.1861656069685645,8.268647093131241,-0.18550352653870256,0.03441155835829513,0.14222646305405992,0.1252412705747019,0.2462552216707178
9100,9100,LGALS1,0.06705400363563954,6.333994893270843,0.15285475578037006,0.02336457636467656,0.22787993337988946,0.0550574571784405,0.3562134315189056
9101,9101,LGALS12,0.14506405769717848,6.372630716489862,0.1557866047690651,0.0242694662254729,0.21897776174352007,0.11681505344592193,0.3455989673169541
9102,9102,LGALS13,-0.02616524243286517,7.104651119522486,-0.017345466589458517,0.0003008652112060217,0.8917904491223915,0.1915479858274968,0.9335113902879263
9103,9103,LGALS14,-0.09390223126852293,7.388019353702366,-0.11179711724606953,0.012498595424531413,0.37912421538324703,0.10600304066011366,0.5219982147325319
9104,9104,LGALS2,0.09193355296233792,6.241658367505679,0.6962178737592192,0.484719327741808,1.6891270830207217e-10,0.012038017149555151,5.1158107668270955e-09
9105,9105,LGALS3,0.20105361665896732,5.222613590826223,0.33279832016163113,0.11075472190240354,0.0072103081616767374,0.07235119414649846,0.01962041005794292
9106,9106,LGALS3BP,-0.15956111832944095,8.771295268339944,-0.20633672658864893,0.042574844739318864,0.1018781951525794,0.09609639757063183,0.18877148250441575
9107,9107,LGALS4,0.6028583760164549,-1.18144448622237,0.8062785260227809,0.6500850615254682,9.05239993004287e-16,0.05617144590924377,5.600849156716524e-13
9108,9108,LGALS8,0.07139808929663308,6.51744755226175,0.09420836603825633,0.008875216231598086,0.4590197755800389,0.09582204640903498,0.5978991422668116
9109,9109,LGALS8-AS1,0.04481863995895837,6.7723469231407405,0.059269012861536664,0.0035128158855809977,0.6417765819804258,0.0958674098094763,0.7535472473451239
9110,9110,LGALS9,0.26129459952440737,4.696522892034516,0.4206430384133623,0.1769405657656254,0.0005384166626336092,0.07157090056107789,0.0019468046133462695
9111,9111,LGALSL,0.34047158561491003,4.4969226488421485,0.6760395993545655,0.4570295398954814,8.797398803906176e-10,0.04713038573570419,1.918506254769267e-08
9112,9112,LGI1,0.30709129140486136,5.971002932273548,0.6226886827253881,0.3877411955942791,3.9315820679090085e-08,0.04900813806935134,4.5022955938958006e-07
9113,9113,LGI2,0.3137875433270309,5.18854518138566,0.3401697519856489,0.11571546016597788,0.005954806875299329,0.11016412188128226,0.016557696826477526
9114,9114,LGI3,0.0744885393778433,6.608363555033883,0.09050511342116163,0.00819117555537733,0.4769403117863922,0.1040961052497904,0.6144065575833607
9115,9115,LGI4,0.3902800111034625,4.782565688619874,0.452233619134089,0.20451524627511625,0.0001757504494878272,0.0977537776183474,0.0007155247196200223
9116,9116,LGMN,0.21180439460643272,4.997081429759548,0.3977512229136033,0.15820603532926694,0.0011350958839352312,0.06204838788173918,0.0037985630299207903
9117,9117,LGR4,0.5009716886326625,4.022271381211187,0.5450110124251324,0.2970370036646678,3.218600151783855e-06,0.09787646896829597,2.0499643025552762e-05
9118,9118,LGR5,-0.08500462736223584,7.577278568489755,-0.6141952999710377,0.377235866506513,6.747460236102173e-08,0.01387081663547736,7.134582588515263e-07
9119,9119,LGR6,-0.20780160712638707,8.324627681855885,-0.5860347771462613,0.3434367600248681,3.626565387770369e-07,0.036489503145348455,3.021672699967962e-06
9120,9120,LGSN,0.2786950630350746,6.151501324241455,0.32640323912175506,0.10653907450917363,0.008481397057334859,0.10249832131774753,0.022669051256058552
9121,9121,LHCGR,-0.12161041967356502,7.388888958175715,-0.08203557139959378,0.0067298349748578495,0.5192918995132432,0.18763179374279906,0.6526183090917116
9122,9122,LHFP,0.234835394781662,5.741965037479839,0.3864967134119926,0.14937970947827195,0.0016072104358766444,0.0711688214741027,0.005163053254548099
9123,9123,LHFPL1,0.18332862784427092,6.398412776723252,0.16101438253281372,0.025925631382423268,0.2037146499308075,0.1427137539727081,0.32694734392499414
9124,9124,LHFPL2,0.4382159588596381,3.2991093287485143,0.7349389368497486,0.5401352408978388,4.717078985831796e-12,0.05135185693797751,3.1238026127886096e-10
9125,9125,LHFPL3,0.31268338807253176,5.95409296301829,0.2042394840347067,0.04171376683876322,0.10548446906480176,0.19033422331110736,0.1941577711515752
9126,9126,LHFPL3-AS1,0.050120176335207434,6.854483011401258,0.023970391234143382,0.0005745796559178978,0.8508683404153141,0.26547083683209344,0.9066654841730571
9127,9127,LHFPL3-AS2,0.10909632865888973,6.4922961811049715,0.17215621399412326,0.029637762016790362,0.17373946471108442,0.0792790672001729,0.2882505712926729
9128,9128,LHFPL4,0.2041573200331054,6.1059010611557625,0.26067361935838634,0.0679507358294009,0.037488507561216036,0.09602658036155767,0.08213411890308916
9129,9129,LHFPL5,0.19395470155255848,6.277324319141961,0.1738976297434876,0.030240385630403106,0.16936151794746876,0.13948992837396584,0.2827623947932022
9130,9130,LHPP,0.1389780118080713,5.998924921632775,0.2098666752149802,0.044044021365789984,0.09602539975586537,0.08222913356955891,0.17981926943213977
9131,9131,LHX1,0.2113060405395376,5.949069244752625,0.2518686309432129,0.0634378072532084,0.04467192810540814,0.10311225793527933,0.09533562660122334
9132,9132,LHX2,0.16266544381610226,6.466518891797338,0.10938481664650143,0.011965038112788736,0.3895590266504045,0.18772779141494314,0.5321999067638956
9133,9133,LHX3,0.03274781724459504,6.840341863778741,0.042107845126131735,0.001773070621166296,0.7411203728302665,0.09868204418584313,0.831724796519456
9134,9134,LHX4,0.3776376378227832,5.405906128572406,0.2516400642211231,0.06332272192121098,0.04487251256788926,0.18445678419719727,0.09568509984934277
9135,9135,LHX4-AS1,-0.08700635077848154,7.40848835375521,-0.10279015606484887,0.010565816183835987,0.41894201010751975,0.10692937761082293,0.5599722378575867
9136,9136,LHX5,0.12121776330611833,6.349867850114155,0.14901403739042066,0.02220518333939368,0.2399180220856449,0.10215675876432828,0.3708633570036862
9137,9137,LHX6,0.34226030800459945,5.3522292523218296,0.3268668282078869,0.10684192338268422,0.008383091307054261,0.12567647996282946,0.022433989403640633
9138,9138,LHX8,-0.20289912763562928,7.590389549511401,-0.10779204761691384,0.01161912552944702,0.3965412700390109,0.2376620176118203,0.5387573415933861
9139,9139,LHX9,0.05764946990997219,6.803677742598582,0.04042284348976682,0.0016340062757981837,0.7511382927547845,0.18097454910819746,0.838102830255815
9140,9140,LIAS,-0.0667127485946635,7.473678402330487,-0.15040190718127874,0.022620733683765985,0.23551851801740564,0.055691793857912335,0.3658121867498866
9141,9141,LIF,-0.2800754339573473,8.73388658922824,-0.6042134899834232,0.3650739414779482,1.2476951446211074e-07,0.0469083688365286,1.2083559193546548e-06
9142,9142,LIFR,0.2899735824334606,5.800965344582705,0.6824278957113045,0.465707832844959,5.291824185556733e-10,0.03944529621131106,1.2875781206542815e-08
9143,9143,LIG1,-0.281058325550104,8.908176552975846,-0.6774263462597578,0.4589064546068453,7.886801579795401e-10,0.038759190974478136,1.760708125881128e-08
9144,9144,LIG3,-0.2446844804169785,8.452300331635309,-0.270625148259566,0.07323797087051209,0.030551463897467136,0.1105418029699023,0.06899488483675575
9145,9145,LIG4,0.2033379953676916,5.918505282111028,0.3578817956135886,0.12807937963160645,0.0036906822775551905,0.06737853431727607,0.010825101546858682
9146,9146,LILRA1,-0.03520264069846036,7.14724149651892,-0.021835309683699598,0.00047678074898306535,0.8640193324913291,0.2046993606127942,0.9158952221569818
9147,9147,LILRA2,0.16275363852026706,6.3360820800317486,0.13524785862310676,0.018291983262135873,0.2866211808495109,0.1514243202534282,0.4248601321990662
9148,9148,LILRA3,0.062160668985937924,6.7280969576538965,0.06743260039787377,0.004547155596419326,0.5965060050161474,0.11680468789741773,0.7165152839263741
9149,9149,LILRA4,0.3170127175355345,5.269539139703542,0.5316957081756097,0.2827003260923632,6.1550937287116464e-06,0.06413099857362105,3.6698390609925854e-05
9150,9150,LILRA5,0.19764106664754424,6.2338951418253945,0.15973939984266394,0.02551667586209446,0.20736549729872197,0.1551159659728268,0.3315724512237145
9151,9151,LILRA6,0.12088252277210748,6.317253096875392,0.12146386817729235,0.014753471272590656,0.3390189546536586,0.12545645721237625,0.4814447916409998
9152,9152,LILRB1,0.2379567453613637,5.391771085751652,0.4224313452492461,0.17844824144908775,0.0005068022166181547,0.06484306040003214,0.0018438847447691767
9153,9153,LILRB2,0.23430959025829745,6.0228976199665825,0.2348146405579508,0.05513791542035961,0.0618039474128313,0.12318370418861126,0.12499901757960791
9154,9154,LILRB3,0.3635601203185739,4.400204466908165,0.504300849614097,0.2543193469215001,2.1497096924480053e-05,0.07906187898281647,0.00011095316480932323
9155,9155,LILRB4,0.3334822569042486,5.725791167954721,0.2445296431475353,0.05979474637786095,0.05149212327803522,0.16794099037986354,0.10714537614930841
9156,9156,LILRB5,0.2959176056191402,5.553524915018425,0.6059163638450326,0.36713463997518586,1.1251551298770802e-07,0.049342135384137606,1.1044983833856833e-06
9157,9157,LILRP2,0.037615551047531164,6.8737945415928365,0.052257078858451635,0.002730802290818432,0.6817344446050586,0.09129198643569757,0.7854727000756874
9158,9158,LIM2,0.10894395304336743,6.5355130961500665,0.1311137312269105,0.017190810516242525,0.30174291004553744,0.1046149405263796,0.44123456796786503
9159,9159,LIMA1,0.5085269709157445,2.0918436739367143,0.6588053374976427,0.4340244727153829,3.262214742647999e-09,0.0737496331306762,5.67871866977833e-08
9160,9160,LIMCH1,-0.10854157127931306,7.604231964427393,-0.3059364935919066,0.09359713811131072,0.013951312196161324,0.04289726549096328,0.03492262924608409
9161,9161,LIMD1,0.09381241647500001,6.484708594461727,0.045119606826122864,0.0020357789201439127,0.7233215969653471,0.26378898527962225,0.8180689265203267
9162,9162,LIMD1-AS1,0.17425771874744325,6.084314699825121,0.17306668014631785,0.029952075776867888,0.17144036159510975,0.12594453055604046,0.28549223549231784
9163,9163,LIMD2,0.16926228880477878,6.224066292870757,0.3499393688302592,0.1224575618573202,0.004588913148425404,0.057544738971756985,0.013144565374226471
9164,9164,LIME1,-0.025333451623609032,7.1782017407589205,-0.03807878636810262,0.0014499939712675981,0.7651425313020177,0.0844306886809118,0.8478743995161802
9165,9165,LIMK1,-0.14466556235205075,7.793074865322157,-0.11525634915713902,0.01328402602103234,0.3644569208995849,0.15834360765517255,0.5074138242304559
9166,9166,LIMK2,0.23491018880439676,5.312681984912968,0.3275479299818864,0.10728764643541876,0.008240464756098322,0.08605714269675385,0.022085057462043214
9167,9167,LIMS1,0.4607665782052972,5.4906775712136096,0.2314651432428868,0.053576112536450116,0.06572361558284416,0.2459474775112357,0.13152618939529528
9168,9168,LIMS2,0.2508511807624315,5.374789226047708,0.3730961533465735,0.1392007396420099,0.002394223919039012,0.07922285257534965,0.00737824376928843
9169,9169,LIN28A,0.3275956347634629,5.836568734920143,0.2041389480023567,0.0416727100915089,0.1056597937875446,0.1995139729035084,0.19439647225567747
9170,9170,LIN28B,-0.11470387206180754,7.366495308701693,-0.07361903800061052,0.0054197627561353365,0.5631764071508739,0.19733858438943486,0.6902249757684178
9171,9171,LIN37,0.07136567350587011,6.579302900445974,0.06517414785641874,0.004247669548810332,0.6088879483190914,0.13876943760779886,0.7271130760367224
9172,9172,LIN52,-0.4188831274582022,9.525105048369939,-0.4705614039952828,0.22142803493001173,8.71639312177518e-05,0.09975394972954324,0.00038505404539380153
9173,9173,LIN54,-0.14836248089294793,7.532245496828362,-0.11410569478081542,0.013020109581412607,0.36929686996364575,0.16404956173887073,0.5124038125136318
9174,9174,LIN7A,-0.14055228084380686,7.4706599325294505,-0.1078812259112474,0.0116383589041136,0.3961484015436162,0.16449553754486682,0.5384843158261885
9175,9175,LIN7B,-0.16137689175070966,7.825384679387763,-0.1885284160692858,0.035542963665593744,0.13572122870977985,0.10676038364226442,0.23688938101996737
9176,9176,LIN7C,0.12707579632250526,5.9447898520373705,0.15714352484726393,0.024694087401422656,0.21494123583530128,0.1014240464211738,0.3402699365460523
9177,9177,LIN9,-0.5659411904534691,9.115543057974687,-0.5343462035453704,0.28552586524335044,5.421744393124608e-06,0.11369620966954988,3.2676836858645536e-05
9178,9178,LINC-PINT,-0.3642641018550711,8.588328157069768,-0.4475042978570721,0.20026009660055108,0.00020928157833729975,0.09244803854982817,0.0008369330708945939
9179,9179,LINC00028,-0.05903010888560335,7.343893002414898,-0.057826907681815524,0.003343951252041216,0.6499169141771934,0.1294256706752756,0.7601377681073251
9180,9180,LINC00029,0.2442692185336603,6.021881513453814,0.19183380473501327,0.0368002086391112,0.12887186092155514,0.15871060520541158,0.22766521033254009
9181,9181,LINC00032,-0.3543421079351813,8.353130895128317,-0.2333780573129451,0.05446531763516428,0.06346130954158337,0.18750188192408,0.1276832349830891
9182,9182,LINC00051,-0.14541711312389893,7.500272191892353,-0.10462697325838534,0.01094680353321088,0.4106328115668845,0.1755439382964736,0.5522795810496791
9183,9183,LINC00052,-0.007261685717167848,7.04410788537854,-0.006262807642206821,3.922275956328416e-05,0.9608272960821866,0.14725295339144046,0.9766576744583061
9184,9184,LINC00086,-0.04457505970345469,7.159983790626465,-0.030195094706143483,0.000911743744312974,0.8127702396674403,0.187396562317182,0.8813107478406305
9185,9185,LINC00092,0.06571707132635457,6.719854301666433,0.07639999999787922,0.005836959999675947,0.5484850682951388,0.10892255104216246,0.6776655533708695
9186,9186,LINC00094,-0.17256445361814565,7.8630903740338125,-0.4847555640554178,0.23498795688268634,4.923997860476302e-05,0.039542746385226035,0.0002324595022206547
9187,9187,LINC00102,0.2013266978790675,6.443364846794712,0.09823501533274212,0.00965011823742408,0.4399594806005077,0.25902014096619586,0.5805095388986105
9188,9188,LINC00112,0.2434156025466175,6.000971348989299,0.3130293670256802,0.09798738462049801,0.011784878365411193,0.0937937263435334,0.030179936258630486
9189,9189,LINC00113,0.11678931492743068,6.638449768244339,0.11019769827189828,0.012143532704424335,0.3860238874471712,0.13377706591771135,0.5289397544268851
9190,9190,LINC00115,-0.16296333144320774,7.63397662769741,-0.2716546844966459,0.0737962676089722,0.029899600490091292,0.07332129289863222,0.0676921953594278
9191,9191,LINC00116,-0.28821894775477275,9.113945429174471,-0.574964279801398,0.33058392304754025,6.731490165848226e-07,0.05208754493715048,5.198659755400974e-06
9192,9192,LINC00158,-0.43119981414269176,8.35104115019554,-0.24153723137338975,0.058340234139522426,0.05450664661094561,0.22001163260900936,0.11252063225548402
9193,9193,LINC00161,0.19130804781237803,6.366501453980045,0.15301525889339385,0.023413669454212343,0.2273861743387861,0.1569126562811329,0.3556170062294623
9194,9194,LINC00162,0.0046629753138598745,6.9962932116380765,0.004548849840175857,2.069203486846792e-05,0.9715425135317498,0.13018506895993892,0.9833490596181371
9195,9195,LINC00163,0.08864563374037507,6.666636716135683,0.07076340647185847,0.005007459695501463,0.5784521556353173,0.15869479608851622,0.7021514254642822
9196,9196,LINC00165,0.10462319215910812,6.638053157492991,0.09903490266313078,0.009807911945495788,0.4362266606238988,0.13350685603008056,0.5769041645430586
9197,9197,LINC00167,0.12180702037631368,6.5980614761788,0.1171732598326809,0.013729572819816951,0.35648026501182584,0.13111306445681545,0.49919685326119295
9198,9198,LINC00173,-0.1149146891619486,7.478208769061558,-0.07354355209464745,0.005408654054698124,0.5635777524701545,0.19790530585268232,0.6905214569277581
9199,9199,LINC00174,0.1700958303372522,6.109847150320068,0.2101225016773416,0.04415146571114442,0.09561165241923293,0.10051243617535448,0.1791994402924086
9200,9200,LINC00176,0.12999357205666645,6.437111129953637,0.21410533328528256,0.04584109374120193,0.08934819704839361,0.07531975552276253,0.16971496722498358
9201,9201,LINC00184,0.1411897944793463,6.495300354579693,0.127134630658106,0.016163214312573032,0.3167780552446341,0.1398959442658104,0.4574439041292712
9202,9202,LINC00189,-0.0965413333955349,7.3168665958040275,-0.060150516378358984,0.0036180846205832334,0.6368212353344597,0.2034656060083324,0.7496392613159233
9203,9203,LINC00202-1,0.13518393659853215,6.286067585006122,0.16087795400236105,0.0258817160839858,0.20410311075967488,0.10532671939183558,0.3272995307687174
9204,9204,LINC00202-2,0.3473366631642038,5.097913671640292,0.27726853232039245,0.0768778390151045,0.02654687567810259,0.15285645661886085,0.061098160570656986
9205,9205,LINC00208,0.017830886224861002,6.947287386765512,0.019160594428388092,0.00036712837884917673,0.8805457737406541,0.11816486694730108,0.9267213613119103
9206,9206,LINC00210,0.007538564037625237,6.991081720442907,0.006928100417958347,4.799857540131463e-05,0.956669814287904,0.13818731762835415,0.9739192748770678
9207,9207,LINC00216,-0.0842740716322429,7.3057946859562675,-0.07221996488973811,0.005215723328675006,0.5706367927222158,0.1478105099930173,0.695924088094603
9208,9208,LINC00221,0.0936945779223617,6.6963742853384245,0.1035664585750246,0.010726011341772288,0.4154185441833359,0.1142767244391208,0.5565385161030771
9209,9209,LINC00226,0.3016922297112201,5.871156476855483,0.16545854213253755,0.027376529164624703,0.1913463496947969,0.2283765244596997,0.3114851462316251
9210,9210,LINC00238,-0.009932315056371491,7.049079727277088,-0.013408275683105932,0.00017978185679416985,0.9162514180783484,0.09406816427308227,0.9492596143185645
9211,9211,LINC00240,0.14839650567743412,6.547806515393658,0.08534572517669684,0.007283892805936264,0.5025174134745222,0.22001819184676624,0.6378298217449608
9212,9212,LINC00242,0.07999628438575927,6.690021299766157,0.06879642248425237,0.0047329477466317455,0.5890834749756646,0.147325502016066,0.7106870219711455
9213,9213,LINC00244,-0.16312513925140582,7.68599087383437,-0.15777243362055493,0.024892140810552413,0.2130882301465475,0.1296642506518444,0.3382018193948612
9214,9214,LINC00260,-0.0951921290986002,7.372823690452565,-0.07725761268876236,0.005968738718366814,0.5439920028269147,0.15601412980620086,0.6737287286941286
9215,9215,LINC00261,-0.06276062680651602,7.512232444479486,-0.27524466331620906,0.07575962468405327,0.027717086170426675,0.027839728056976005,0.06340060219928062
9216,9216,LINC00263,-0.09744914036631776,7.44632060199734,-0.15072222766215287,0.02271718991144184,0.2345110746897709,0.08117363479098641,0.36448269018926205
9217,9217,LINC00266-1,-0.6268175567194707,8.917246077126915,-0.38722478259547216,0.1499430322561107,0.0015720282381010654,0.18954231413902697,0.005063553695683262
9218,9218,LINC00269,0.19707498567344114,5.917328142618286,0.16253801032512494,0.02641860480045043,0.19941197005898895,0.15193815654378953,0.32170556223711994
9219,9219,LINC00271,0.13122968516276634,6.572273654140344,0.09948861977543773,0.009897985464821618,0.4341172482484694,0.166687413772824,0.5750785471842299
9220,9220,LINC00276,0.3129653733885033,6.049696577433259,0.19040191930355926,0.036252890874479096,0.1318060987698676,0.20493241937162174,0.23162063368185368
9221,9221,LINC00277,-0.17973361810681107,7.748836121270071,-0.18077363518022535,0.03267910717627322,0.15286253931760568,0.12418915292622985,0.2607513421758764
9222,9222,LINC00280,0.009293976797378315,6.981468024343441,0.010795975899459864,0.00011655309562171822,0.9325253352092346,0.10932475736052262,0.960239473797241
9223,9223,LINC00282,-0.031180006854334138,7.125696446875982,-0.022658097336753603,0.0005133893749218007,0.8589468322780949,0.17472112352457184,0.9123525707021725
9224,9224,LINC00284,0.11574365729999565,6.620352828857714,0.09182090743093133,0.008431079041439657,0.4705305687523748,0.15941208022359327,0.6084640789640915
9225,9225,LINC00290,0.009295305035997807,6.98707388995064,0.006533441756459413,4.268586118504746e-05,0.959135944492484,0.1806826736010429,0.9753680226208027
9226,9226,LINC00293,0.04984212343707105,6.783383343950518,0.0810968541710872,0.0065766997564465825,0.5240997163305575,0.07779717997947959,0.6568408873669417
9227,9227,LINC00294,0.2424466043493861,5.342317356725554,0.7084634049665796,0.5019203961768397,5.800139170823932e-11,0.030672714905690037,2.1324620330083575e-09
9228,9228,LINC00298,-0.5783123299067218,8.781946756230452,-0.3568804067913526,0.1273636247515613,0.0037945918696727404,0.19224743669668334,0.011093814896417333
9229,9229,LINC00299,0.003606353628048615,7.0019331747316365,0.0040105876190371145,1.6084813049973786e-05,0.9749087121813635,0.11419864837249682,0.985604489369161
9230,9230,LINC00301,0.2764721238592736,6.128646927655254,0.12375736212021285,0.015315884678953498,0.3299087667550697,0.28153534543240083,0.47187413104894543
9231,9231,LINC00302,-0.20521543496950265,7.79784593320958,-0.11821121996307694,0.013973892525158965,0.3522062574598384,0.2189271812429072,0.49484373615083377
9232,9232,LINC00304,0.04681601975869476,6.831452120882607,0.03573450348214987,0.0012769547391157812,0.7792234383327264,0.16627747712888152,0.8573793789489961
9233,9233,LINC00305,0.13653008887650145,6.582370851205063,0.09763375875675766,0.009532350848972752,0.4427770843053268,0.17674725042386913,0.5831631930529733
9234,9234,LINC00307,0.052750860532487134,6.85113069801939,0.03625223387707703,0.0013142244610782913,0.7761074336972422,0.18467723470605454,0.8549377700575003
9235,9235,LINC00308,0.11270677499145786,6.588691526304308,0.07205377875103272,0.005191747032302778,0.5715260021113922,0.19813769497863376,0.6965945615873359
9236,9236,LINC00309,-0.1513160012762611,7.463348446256098,-0.11526191030043355,0.013285307966105187,0.3644336236212109,0.16561474320025646,0.5074138242304559
9237,9237,LINC00310,-0.006711777502773972,7.040135130403222,-0.005604049113198461,3.140536646314045e-05,0.9649449693217316,0.1521013097874176,0.9791885337704825
9238,9238,LINC00311,0.17431691341909802,6.357321940916302,0.1686647949050898,0.028447813040376007,0.18276432415806984,0.12937557915000011,0.30014875167928123
9239,9239,LINC00312,0.06845170548540826,6.717008683541344,0.052703284522033225,0.002777636199410387,0.6791641283235369,0.16472015845280705,0.783511757436801
9240,9240,LINC00313,0.21641079213516387,6.153279716468519,0.2113938745887736,0.04468737021365415,0.09357608329641463,0.1270759692058767,0.17611379184710751
9241,9241,LINC00314,0.2058382674020028,6.412910973058753,0.13536948896160314,0.018324898541725598,0.28618398254938565,0.1913345377477496,0.42432825348215997
9242,9242,LINC00315,0.019640982225971205,6.918162620918974,0.01682682389482056,0.0002831420023873041,0.8950074310914127,0.14821894446426978,0.9353499310016187
9243,9243,LINC00317,0.4475450609696796,5.271032694652282,0.3790032114297376,0.1436434342740544,0.0020125811476189,0.13877951005866526,0.006314466060806619
9244,9244,LINC00319,-0.10024042823406956,7.423366665964856,-0.08255077426427343,0.006814630331631026,0.5166626649461692,0.15368839469631115,0.6501738835553245
9245,9245,LINC00320,0.020661038274727428,6.95003326494032,0.010144100409720209,0.00010290277312248575,0.936590897944544,0.2586547223805256,0.9627320403944131
9246,9246,LINC00323,-0.06926721867303466,7.226245235225012,-0.038525700282105925,0.0014842295822266565,0.7624665669009992,0.2281701497038289,0.8462579521564243
9247,9247,LINC00324,0.2407630100745157,5.462222377100838,0.40730015038267053,0.16589341250174613,0.0008369376225851399,0.06856304936075387,0.0028933403922543426
9248,9248,LINC00326,0.3639449843451962,5.70474567454135,0.2697695303428423,0.07277559950139771,0.03110222968606695,0.16498308642273904,0.0700544582916545
9249,9249,LINC00327,0.32072852027565635,5.779913490821888,0.3011384566574039,0.09068437007800312,0.015604115248256662,0.12898310978996644,0.03855186716497411
9250,9250,LINC00328,-0.4307331479852393,8.286309118546994,-0.3164521467309739,0.10014196117064182,0.010847984251281405,0.16398019728154892,0.028079500234460774
9251,9251,LINC00330,0.02487344470537009,6.9067763352036655,0.02800222206362985,0.0007841244405008385,0.8261471751504601,0.11276576155637705,0.8907169587445658
9252,9252,LINC00334,0.14478888864782194,6.445477463873043,0.12133536171693972,0.0147222700029806,0.3395340213985063,0.15042891879438292,0.4818539375702637
9253,9253,LINC00337,0.07649890530239532,6.726339606824903,0.09062928681755132,0.008213667629057982,0.47633342916132,0.10675786323964497,0.6138784983924528
9254,9254,LINC00339,0.0953363418188548,6.4863573302104935,0.19456390491021933,0.03785511309391287,0.12341486171236846,0.06104085425160158,0.21987238423540428
9255,9255,LINC00342,-0.0635897506568194,7.308833172826204,-0.0836840647632818,0.007003022695305143,0.5109029223460684,0.09616620407226427,0.6452585316344401
9256,9256,LINC00343,0.023880334335300086,6.938948035023193,0.015549131502188757,0.00024177549047235878,0.9029396500924391,0.19502303661026146,0.9404173779699774
9257,9257,LINC00347,0.22347989941619067,6.269119733417798,0.1573225596155272,0.024750387763981103,0.21441258131169816,0.17815971607887882,0.33970334909957345
9258,9258,LINC00348,-0.2417091286199589,7.716911045250205,-0.14993159655069027,0.02247948364423896,0.23700310446011985,0.20242632139655084,0.3674328627637382
9259,9259,LINC00354,0.07719089955209836,6.738409656987325,0.04692900432750418,0.002202331447170906,0.7126975928323195,0.2086652642489779,0.809900628294704
9260,9260,LINC00355,0.1259053189869871,6.596248656853888,0.07773847289263618,0.006043270167679129,0.5414805961002318,0.2050670893176521,0.6711557614647427
9261,9261,LINC00358,-0.2110007001499265,7.6430906745719955,-0.10512148005565193,0.011050525569090823,0.4084122433924763,0.2535033114243385,0.5501205833710701
9262,9262,LINC00382,-0.1958462162656228,7.669818830491109,-0.10953445531809672,0.01199779690183213,0.38890682470560745,0.2257083075194145,0.5316182911291424
9263,9263,LINC00403,-0.4089960084193495,8.153877181273156,-0.19789654696740586,0.039163043301622666,0.11699414776217774,0.2572822694224279,0.2107393337040392
9264,9264,LINC00408,0.13196120346875262,6.548591068528883,0.1098372303420703,0.012064217169217007,0.3875891610915048,0.1516579591948074,0.5303117004761823
9265,9265,LINC00410,0.10508929759355286,6.600070553475341,0.11977220256448302,0.014345380507147553,0.3458384733953989,0.11062900063430196,0.4882730565508778
9266,9266,LINC00421,0.09727359371181817,6.587984101975758,0.09368749644762206,0.008777346990623195,0.4615178644445541,0.13128136745459867,0.6003224573644393
9267,9267,LINC00423,-0.06927403319160798,7.2596622436247475,-0.0599777803804499,0.0035973341393654803,0.6377910270688083,0.1464204304907732,0.7503321937944827
9268,9268,LINC00424,0.00899713306145032,6.976191976065596,0.005128229113376085,2.629873383927807e-05,0.9679197302267184,0.22281025108823144,0.981195663236569
9269,9269,LINC00427,-0.0943632706009838,7.3861238730274605,-0.08936795137485376,0.007986630732938227,0.4825172151382652,0.1335623649259512,0.6195985705537911
9270,9270,LINC00441,0.07799130525059728,6.744221252156227,0.04808671275719125,0.002312331943792619,0.7059282976391446,0.2057418101980354,0.8043184933902807
9271,9271,LINC00445,-0.2169584396951908,7.9757888110353266,-0.16907044478691485,0.028584815300445213,0.18169870459340628,0.16062585517341196,0.29876123371072233
9272,9272,LINC00452,-0.09234089169530996,7.360769448485446,-0.0753831480730909,0.005682619013409549,0.5538354510672905,0.15512666817377618,0.6820967237025636
9273,9273,LINC00454,0.10006641428795024,6.513048781535712,0.10280436773640188,0.010568738025681349,0.4188773527368562,0.1229627990849096,0.5599598168724379
9274,9274,LINC00458,-0.13929820296048356,7.471474006938265,-0.06662265927807261,0.004438578729282154,0.6009336332104516,0.26494866449897075,0.7201957954049659
9275,9275,LINC00460,-0.23747936635640854,8.0144713709799,-0.2448422164996907,0.05994771098048141,0.051185250967526345,0.119431734597752,0.10666056675344332
9276,9276,LINC00462,0.1980258508255195,6.351709335927067,0.1954483078195367,0.03820004102952037,0.12168537426946473,0.12619336047945814,0.21727381099977397
9277,9277,LINC00463,0.01650888946808136,6.948997621511178,0.019615961058535476,0.00038478592824998015,0.8777283819336712,0.10686336687496922,0.9246999810641523
9278,9278,LINC00466,0.07867459407313543,6.736290722998025,0.07793835297972856,0.006074386865192765,0.5404383390465948,0.12780986713157533,0.6705163419304463
9279,9279,LINC00467,-0.2340938616894533,8.232182480690986,-0.5089789192662442,0.2590595402574339,1.7495213763223093e-05,0.050278931672836334,9.249483741274319e-05
9280,9280,LINC00470,0.0602118635115168,6.796216022180897,0.036227822012386494,0.0013124550877611555,0.7762542800679091,0.21093993856091814,0.8549377700575003
9281,9281,LINC00471,-0.4216915641244556,8.283045918189506,-0.24852493961107197,0.061764645608686976,0.047680902246919066,0.2087300553981744,0.10055803838693342
9282,9282,LINC00472,0.3145827571830319,6.057931204037706,0.1303256887269332,0.016984785142149485,0.3046831196734385,0.30394091108062105,0.4442141625616583
9283,9283,LINC00473,-0.16604318733535178,7.587497970243994,-0.12752836647915292,0.01626348425684113,0.31526930281011417,0.16400527475341473,0.45599497410853745
9284,9284,LINC00474,0.20412809751323124,6.34405750570719,0.1086220961619666,0.01179875977461952,0.3928934257651636,0.23725286253934125,0.5353030788312959
9285,9285,LINC00475,0.0683337666587617,6.693231932774341,0.06689423727541742,0.004474838980659848,0.5994474099320624,0.12944251120999847,0.7188647711481377
9286,9286,LINC00476,0.29084106119600656,5.8443762483717565,0.3640946695283055,0.132564928378926,0.0031005564939417013,0.0944852559223732,0.009289229506960092
9287,9287,LINC00477,-0.2870369455078205,7.903293765006738,-0.16687959153114446,0.02784879806960161,0.1875076775451976,0.2153801305025609,0.3062409097353162
9288,9288,LINC00478,0.15791577788038053,6.530139037655336,0.05657767459252491,0.003201033262297639,0.6570016770789507,0.3539063664669984,0.7656533913004346
9289,9289,LINC00479,0.05374895699517861,6.7887046332122765,0.06052651161809563,0.0036634586086554646,0.6347123842601481,0.11257231083848268,0.7478885994751064
9290,9290,LINC00482,0.12985511044891404,6.324765192945341,0.15808361635727242,0.024990429760593288,0.21217553926242547,0.1030103299170586,0.33719809942226797
9291,9291,LINC00483,0.13489939360841896,5.948655438749858,0.577085702298975,0.3330279077979013,5.989640385483079e-07,0.02424530598114267,4.689286426161825e-06
9292,9292,LINC00485,-0.6205059461381379,8.755210698738107,-0.2577862529085073,0.0664537521886089,0.039730176282987965,0.2953644808493452,0.08632921607546702
9293,9293,LINC00486,0.03233592304164475,6.909880932947699,0.021234488925678797,0.0004509035199347753,0.8677268720537169,0.19335244600346724,0.9181386403949595
9294,9294,LINC00487,0.12331102501114,6.656549103182045,0.06389016682831675,0.004081953417350146,0.6159767280432479,0.24461542644757064,0.7328302409502545
9295,9295,LINC00488,-0.13602154260595772,7.439619854933972,-0.07625502458438066,0.005814828774364499,0.5492463626726296,0.22587960843696264,0.6780645335884952
9296,9296,LINC00491,0.10817410903151453,6.525419228191844,0.10199919423829358,0.010403835625261142,0.4225495892466689,0.1339860989811088,0.5634428174345207
9297,9297,LINC00493,-0.39082688569963947,10.951933113065005,-0.5376536453674408,0.2890714423768977,4.620938530674767e-06,0.07783930910058268,2.8381378139422994e-05
9298,9298,LINC00494,0.15288906286297693,6.392022160494607,0.14619997886674296,0.02137443382063608,0.24901113006435796,0.13138371648980698,0.3812092465762991
9299,9299,LINC00507,0.5509387637518043,5.386188413617556,0.33458247347529857,0.11194543155684887,0.006886882675494085,0.1970716371028254,0.01885508713334014
9300,9300,LINC00514,0.09378730713796173,6.6303654077354635,0.08546644195958501,0.007304512701231111,0.5019109994603024,0.13885471172775082,0.6373216074418229
9301,9301,LINC00515,-0.1035908168791454,7.349947570803849,-0.08124890297230355,0.006601384234202798,0.5233194619008473,0.1613874213370032,0.6561567336843754
9302,9302,LINC00518,-0.19986804694057805,7.608231558499462,-0.0821319989096346,0.006745665244892219,0.5187992890084615,0.3080103893653737,0.6521506126126566
9303,9303,LINC00520,0.13051052191748594,5.915644515946772,0.2398592625153449,0.05753246581440514,0.05625888889064636,0.06708514873612563,0.11563081235069732
9304,9304,LINC00521,0.060926636353990635,6.770390090685692,0.04191960868459809,0.0017572535922698313,0.7422374167618759,0.1844217841163291,0.8323313790056663
9305,9305,LINC00523,-0.008565345404796334,7.0652239887445125,-0.009406663501564516,8.848531823166601e-05,0.9411920226832436,0.1156363067310182,0.9652971524747176
9306,9306,LINC00525,-0.2282848731081293,7.826686918294419,-0.4548282757920502,0.2068687604599693,0.0001595215399238294,0.056768361820666885,0.0006572372425895216
9307,9307,LINC00526,0.11855777445529732,6.168184023386228,0.2257138574996788,0.05094674546738531,0.0729181610792727,0.06498621781644671,0.1433322227275617
9308,9308,LINC00527,0.04778325387507072,6.80395656433121,0.04503569072361891,0.002028213438953455,0.7238155988881161,0.1346115048741277,0.8184974827113397
9309,9309,LINC00528,0.30439277843326445,5.944233669631175,0.3255896401861261,0.10600861379653108,0.00865635608933829,0.1122624689854108,0.02306450211772382
9310,9310,LINC00529,0.029212580545229013,6.92241963578515,0.023281352421763424,0.0005420213705863496,0.8551082197054733,0.15931187268429178,0.9095421434118584
9311,9311,LINC00535,-0.00552941102634795,7.0366503161666705,-0.003891117352639665,1.5140794252013516e-05,0.9756559197109064,0.18047016389297044,0.9858996239542547
9312,9312,LINC00536,0.0552198470824891,6.836417910810392,0.041884522273467485,0.0017543132060765946,0.7424456872947663,0.16728789242622366,0.8324356093180162
9313,9313,LINC00537,0.22215808381232466,5.8355864326688005,0.25685944485716083,0.06597677441232885,0.040472825663054775,0.1061572291420996,0.0877404184336221
9314,9314,LINC00540,0.06566840046043246,6.736677002136301,0.12814627559892836,0.016421467949876502,0.3129108445528054,0.06454448281745814,0.4533407599378471
9315,9315,LINC00544,-0.010280206566022104,7.052743360095331,-0.011184727924656338,0.00012509813874858727,0.9301016094614384,0.11672218425227278,0.9586554189855997
9316,9316,LINC00545,0.09902219738644792,6.642381865734517,0.08123900352272545,0.006599775693365399,0.5233702442639265,0.15428874763063466,0.6561824131273349
9317,9317,LINC00550,-0.17505477280173706,7.533729716157318,-0.11869771090543632,0.014089146574190537,0.35021397350373484,0.1859750103481804,0.4928440080727436
9318,9318,LINC00551,-0.36009523315068404,8.045650535009576,-0.18684272005309716,0.034910202036840025,0.13931820091689895,0.24045245127167802,0.24211029059035416
9319,9319,LINC00555,0.07968665646272391,6.725247035558997,0.07293229539286501,0.005319119711272119,0.5668326406742163,0.138392247642953,0.6930977320045261
9320,9320,LINC00556,0.08366661526599996,6.747388936985588,0.06449553526596111,0.004159674069242833,0.6126301177927769,0.1644074745234063,0.7302127477324187
9321,9321,LINC00557,0.009363057130517941,6.9840584785432815,0.009305120701091015,8.658527126187253e-05,0.9418257368575632,0.1277853347727229,0.9656835384304229
9322,9322,LINC00558,-0.4953695287795421,8.426702092880411,-0.2547851445090695,0.06491546986250743,0.04217661953635902,0.2387727589479664,0.09082485044350184
9323,9323,LINC00559,0.029666254969958717,6.9142302019416535,0.0231546896388736,0.0005361396522725603,0.8558880648476197,0.16267149710914486,0.9099246916527667
9324,9324,LINC00560,0.3272206092264724,5.9981135467334115,0.18335093735115326,0.03361756622754655,0.14699608969774253,0.22281077184959172,0.25269511172538023
9325,9325,LINC00561,0.1525966049357345,6.487509263737371,0.13825453072962834,0.019114315267269748,0.2759425868410039,0.13882857064873924,0.4130174673791775
9326,9326,LINC00563,0.0161748561787657,6.956707037248927,0.014709778449939363,0.00021637758204630044,0.9081557519911666,0.13963409044633018,0.9445325781359547
9327,9327,LINC00564,-0.28584478173713745,7.8377268865728675,-0.16293585505155495,0.02654809286138133,0.1982992124910052,0.2198239511565597,0.32034087627696517
9328,9328,LINC00565,0.1930673587170335,6.217619776912151,0.16704307388494907,0.027903388532932557,0.18706964690333444,0.1447235649601478,0.30557390085929753
9329,9329,LINC00566,0.21921114897784366,6.353052924373838,0.14787428463166769,0.02186680405532747,0.2435730133700245,0.18619719582434907,0.3752542405042601
9330,9330,LINC00567,-0.08606239900045708,7.309011473286178,-0.07636819278627098,0.005832100869441051,0.5486520506709236,0.14270360938737053,0.6777657204294864
9331,9331,LINC00572,-0.00992885642247529,7.052054231784638,-0.0076603783598029876,5.868139661533791e-05,0.9520950688067338,0.16460401421828735,0.9708805196369288
9332,9332,LINC00574,0.0996110818271616,6.5175160348318215,0.11669121471053075,0.013616839590619193,0.3584759782324278,0.10767043707104808,0.5010519143240963
9333,9333,LINC00577,0.09872984115015064,6.517956813785883,0.10339843214040907,0.010691235769094785,0.4161797273755296,0.1206159018102933,0.5573513912379155
9334,9334,LINC00582,0.2804324680337004,5.557324760513454,0.32030598771204505,0.10259592576418876,0.009871029224503171,0.1053322619540786,0.02587545549650359
9335,9335,LINC00587,0.014233927895231415,6.9678406782196465,0.014381506484324066,0.00020682772875865515,0.9101968393741642,0.12568389134788513,0.9459285192996845
9336,9336,LINC00588,0.0734598965434038,6.794691740937972,0.03982729665629313,0.0015862135589483778,0.7546889337248097,0.23406092839129486,0.8407649042285115
9337,9337,LINC00589,-0.07035622078252572,7.286363623382237,-0.07352528801182187,0.00540596797722136,0.5636748795963232,0.12119727308990408,0.6906013871376736
9338,9338,LINC00592,-0.009789427152181056,7.05303239873428,-0.012857491711198495,0.00016531509310353803,0.9196800309478198,0.0966872661142158,0.9517189654102569
9339,9339,LINC00593,0.27808531555310256,6.032077511270168,0.1733258068580513,0.030041835322994506,0.17079009688700916,0.20067602158512812,0.28467207112747717
9340,9340,LINC00595,0.5931269414785247,4.309322510596619,0.44887059264752216,0.20148480894373774,0.00019903793831344083,0.14995889928439912,0.0008004023313235954
9341,9341,LINC00597,0.19631080706707807,6.185513873454883,0.5391867201741084,0.2907223192121123,4.2885216848058815e-06,0.03894191670025317,2.660210171425705e-05
9342,9342,LINC00598,0.1117039418853923,6.560732678512005,0.08350279101014006,0.006972716106483128,0.5118220089230975,0.1692981659139393,0.6458746079644406
9343,9343,LINC00605,0.05928976465060199,6.798205034637954,0.06428668083345468,0.0041327773325824674,0.6137838255391734,0.11688629626773175,0.731306120608022
9344,9344,LINC00606,-0.3239793998033069,8.03710298116809,-0.15520968138262026,0.024090045194894497,0.22070996528808934,0.26188318757938345,0.3474717774128371
9345,9345,LINC00607,0.12056364540915115,6.60128053249956,0.1118467943469326,0.012509705405685035,0.3789111075497088,0.13603899126552332,0.5218009560565307
9346,9346,LINC00608,0.2739407967412525,6.0142538217593895,0.1838602322643707,0.033804585008308345,0.14585698050631649,0.18599683387173527,0.25107574824040413
9347,9347,LINC00610,-0.1370820886584025,7.463006961530793,-0.09643929683143863,0.009300537973342331,0.4484043123861667,0.1796808513435844,0.5881758667831146
9348,9348,LINC00612,-0.10896019891725232,7.369096070919638,-0.08637688535672465,0.007460966323928753,0.4973496364729552,0.15960566442290786,0.6332376750835986
9349,9349,LINC00615,-0.016577753334172152,7.06520331517834,-0.010535069354870424,0.00011098768631192994,0.9341523351465736,0.1998335150165546,0.9614566961690254
9350,9350,LINC00616,-0.5658629955248062,8.806837409007247,-0.3349456119021988,0.11218856293253836,0.0068226339597983075,0.20216293067415736,0.018697056238855016
9351,9351,LINC00619,-0.7127634472252993,9.06624226813673,-0.3425837435100077,0.11736362131733075,0.005587691013207086,0.2482411278853209,0.015661308832646187
9352,9352,LINC00620,-0.2534209607896954,7.913881050609517,-0.2205922137212225,0.04866092475442951,0.07984194336853953,0.14230631637429594,0.15467680118498153
9353,9353,LINC00621,0.16134213605470513,5.6707494033870365,0.1919656266145648,0.0368508018015225,0.12860423905799906,0.10475512285198876,0.22730368893249836
9354,9354,LINC00622,0.06966629304520462,6.800039466496159,0.04161657861796264,0.0017319396158650652,0.744036788169115,0.21241445738338344,0.8334394763843969
9355,9355,LINC00623,-0.25427302485136005,9.45829903677287,-0.4628712154211461,0.21424976206544905,0.00011755158628906919,0.061842427867096386,0.0005015920396236046
9356,9356,LINC00624,-0.08768508821211685,7.275199652156818,-0.03943674817854448,0.0015552571068979302,0.7570201316669277,0.2821569931146373,0.842538466939781
9357,9357,LINC00626,-0.03738235783298435,7.1404947500363525,-0.03470439938114652,0.001204395336406123,0.7854334685806952,0.13671766241530053,0.8620222878777027
9358,9358,LINC00628,0.01161190743110232,6.964082305578017,0.01075419706650941,0.0001156527545453196,0.9327858475667916,0.1371212029616869,0.9604163906931757
9359,9359,LINC00629,0.5925311312830734,5.151990138726322,0.43313451349369625,0.18760550677942092,0.00035033983589135133,0.15659432624185576,0.001324709122791551
9360,9360,LINC00630,0.2062572298137439,6.3793084949339525,0.07654634540022738,0.005859342994130911,0.5477170958046051,0.3412029620779332,0.6769400385268002
9361,9361,LINC00632,0.3143052092326151,6.047249240283884,0.24513031243575256,0.060088870074849664,0.05090373400761825,0.1578709097465027,0.10617610864332241
9362,9362,LINC00635,0.2548287332543925,6.139724864896929,0.17977376114087146,0.032318605194735096,0.15518462975903927,0.17708934905603485,0.2639430692296572
9363,9363,LINC00636,0.09953433334205447,6.6209821583784345,0.06479814656627657,0.004198799798424662,0.6109601600748462,0.19467079662739156,0.7289043174712575
9364,9364,LINC00638,-0.20648273255472152,8.163238214493187,-0.1931842101300543,0.037320139043572974,0.1261502118170694,0.1331855814088209,0.2237332380752365
9365,9365,LINC00639,-0.2574114879722311,7.9662556043285235,-0.25574418489776696,0.06540508810902321,0.041381663958535736,0.1235771055728266,0.08937069243264101
9366,9366,LINC00641,0.10636691286468967,6.601032311250366,0.10515838786926328,0.011058286539262422,0.4082467902142396,0.12774742013623272,0.54999279843781
9367,9367,LINC00642,0.05824120773346874,6.742357272595672,0.05025917161758473,0.0025259843316858353,0.6932870379200788,0.14698397794558288,0.7940934521400248
9368,9368,LINC00643,-0.06658961725927254,7.223705809011756,-0.031077417491811518,0.0009658058779603526,0.8074026767802379,0.2719918734417537,0.8774035568545546
9369,9369,LINC00644,0.4559085942511225,5.615911035508363,0.26249794980657776,0.06890517365265661,0.036127044022052524,0.21283986525304965,0.0794809649799398
9370,9370,LINC00645,0.025212022135237985,6.940727511732671,0.015837000658334127,0.00025081058985207557,0.9011516365483516,0.20215497353431705,0.9393845575491484
9371,9371,LINC00648,-0.1353770942855839,7.442612743667157,-0.18108073884042225,0.032790233978993194,0.15215453021067482,0.09337646361350802,0.2598301673142625
9372,9372,LINC00652,0.039277057806627214,6.782327136493972,0.04876325067894049,0.0023778546167771896,0.7019829226259261,0.10217237640340038,0.8011721402690223
9373,9373,LINC00654,0.20609510865834907,6.107492004961859,0.290178855366004,0.08420376810152425,0.02002026236775645,0.08631882157578191,0.04797375031246718
9374,9374,LINC00656,-0.05889439118278804,7.259922780340777,-0.05824524587498275,0.003392508667037196,0.6475512420830647,0.12819753738194686,0.7580669341176757
9375,9375,LINC00657,-0.18713650318677666,8.743960419515341,-0.2824472502868253,0.07977644919458855,0.02374060312787499,0.08071829616509167,0.05557867683612248
9376,9376,LINC00658,0.14157169024361105,6.467331284605009,0.16715572109965304,0.027941035096344997,0.18676825200611666,0.10604876908510563,0.30517365858239315
9377,9377,LINC00659,0.15393874936692606,6.39097134085835,0.131597086422504,0.01731779315489199,0.2999486453665019,0.14726935386155807,0.4393228214684882
9378,9378,LINC00661,0.388683299241584,5.497883099405633,0.2296504344221245,0.05273932203027051,0.06792928746593667,0.2092028126738409,0.13504165244421726
9379,9379,LINC00662,-0.6220487328880693,9.67752389811826,-0.3220590196228155,0.10372201212040907,0.00945255283919634,0.232227936770712,0.024917228451953346
9380,9380,LINC00663,-0.11582967199959955,7.420951291431191,-0.07261075082152947,0.005272321134866243,0.5685483583682838,0.2020575838655924,0.6944518019177995
9381,9381,LINC00664,-0.033013505342031034,7.120140509548333,-0.012510341097791365,0.0001565086343830877,0.9218417852498336,0.33511406500894075,0.9531930442293839
9382,9382,LINC00665,0.03834010702802559,6.889716489503398,0.018156460111485667,0.0003296570437799701,0.8867636041827398,0.268135736973311,0.930382107754717
9383,9383,LINC00667,0.012562243401358886,6.93329012878792,0.021781859643665708,0.0004744494095363529,0.8643490444137824,0.07322735609969731,0.9161412889491604
9384,9384,LINC00668,-0.07649373895776497,7.586266038571753,-0.4284195188068885,0.1835432840947259,0.00041283686935782236,0.02048931213141674,0.0015376646725049265
9385,9385,LINC00669,-0.4447734581202241,8.458024897323451,-0.4469011265157432,0.1997206168810403,0.00021395559546066146,0.1130712993870595,0.0008523194296726683
9386,9386,LINC00671,0.2303514785904649,6.025910622317195,0.21977882115213912,0.048302730227023964,0.08098798751549421,0.12985501646319653,0.15644914091418619
9387,9387,LINC00672,0.4936267452938064,5.194994116307049,0.4800994650232473,0.23049549631560826,5.954989877412565e-05,0.11454528007651607,0.0002751927140319443
9388,9388,LINC00673,-0.032545756534081774,7.137708637476952,-0.027338582885948776,0.0007473981142118912,0.8302054082687482,0.15113330217831894,0.8931441261890677
9389,9389,LINC00674,0.2219990435534198,5.759698556055568,0.1863578718721464,0.03472925640871533,0.14036591968892986,0.1486387649045163,0.24354010022143868
9390,9390,LINC00675,0.43008419671750814,3.9521132999034037,0.7547083260501878,0.5695846574094765,5.912139353961529e-13,0.04748127482281438,6.883192350001984e-11
9391,9391,LINC00682,0.0551588717822567,6.839807696459673,0.04342659644144056,0.001885869278487737,0.7333096002382521,0.16115873099567765,0.825664855102558
9392,9392,LINC00685,0.09342737022326857,6.5538869955280505,0.10560644690757444,0.01115272162844234,0.4062413052452221,0.11172553936320186,0.5483143520995565
9393,9393,LINC00687,-0.021556260092617,7.107571409257108,-0.020919798543386228,0.00043763797109586463,0.8696698991921138,0.13083532563047054,0.9192513138578232
9394,9394,LINC00689,0.15483805328091738,6.347329584383208,0.10382836880068157,0.010780330167810343,0.41423365576250704,0.18837019975964067,0.5553579566489715
9395,9395,LINC00690,0.018436895779534862,6.957311441128639,0.012680648738545028,0.0001607988524303636,0.9207811849308184,0.18463565168435503,0.9526308613863108
9396,9396,LINC00691,-0.07213987988423004,7.257026781900934,-0.04746863331735458,0.0022532711490174657,0.709539515880636,0.19278933194407602,0.8073221201057708
9397,9397,LINC00692,0.3233480602037216,6.070857165697722,0.14641799542340408,0.021438229383807975,0.248298364863154,0.27744319751795776,0.38045008781657114
9398,9398,LINC00698,-0.022749330242021026,7.102443108127799,-0.02710738331168465,0.0007348102300065994,0.8316202655694289,0.10654315492529244,0.8942102861917259
9399,9399,LINC00700,-0.02673764708500151,7.107253984821051,-0.02621647846995654,0.0006873037433656947,0.8370772201010406,0.12948029787574789,0.8978605776060248
9400,9400,LINC00702,0.5739606630441739,5.161369599800005,0.4524133025219674,0.2046777962988332,0.00017457955422397556,0.14368865224888847,0.0007112926146228016
9401,9401,LINC00703,0.0795161876033174,6.745413794038667,0.06861829886809583,0.0047084709395513215,0.5900505393916158,0.1468232765448981,0.7115634254343954
9402,9402,LINC00705,-0.06895845674643927,7.345157549414205,-0.08071248577151341,0.006514505359416754,0.5260747338345333,0.10815129681853593,0.6586198971605953
9403,9403,LINC00708,0.2475740254297424,6.156132589233934,0.1875474243956987,0.03517403639746031,0.13780587722046586,0.16467308435923833,0.23997474012152178
9404,9404,LINC00710,-0.4706404192636602,8.465979621618153,-0.32757508490786896,0.10730543625239757,0.00823482253698447,0.17239868953848975,0.02207266766164113
9405,9405,LINC00824,0.406800475410557,5.493515267468416,0.22874879182789065,0.05232600976271965,0.06904705487991733,0.21986509039256086,0.13694943885552388
9406,9406,LINC00836,-0.040767774460355545,7.172758849305128,-0.03676366457984003,0.0013515670333389845,0.773032791947567,0.14073712543194591,0.852864535848001
9407,9407,LINC00837,-0.3838973245520783,8.139975044002187,-0.22327837334068668,0.04985323200166306,0.07614833477926213,0.21284719386431086,0.14865454731417752
9408,9408,LINC00838,-0.20133089613379065,7.7569737782676915,-0.15707326115531,0.024672009369964217,0.21514896092596075,0.160763578678016,0.3405738851499766
9409,9409,LINC00839,-0.2255509602649947,8.081977177889446,-0.2705159190428056,0.07317886245557374,0.030621317070568064,0.10194219336535414,0.06911786023843437
9410,9410,LINC00841,0.2979503522065937,5.930170488061487,0.2354912534731221,0.05545613046234226,0.06103554904210405,0.15616522952447662,0.12371067151879102
9411,9411,LINC00842,0.31808612699349337,5.9611167071224145,0.2004345537022556,0.040174010317822376,0.1122784664545369,0.19745700378995948,0.20397568717055342
9412,9412,LINC00844,-0.04776071839613923,7.156051774367435,-0.02450536547165848,0.0006005129368995516,0.847579362158448,0.24744767812629515,0.904375961141154
9413,9413,LINC00845,0.009351505247180085,6.983079761804963,0.0077894615522584535,6.0675711274112685e-05,0.9512888053735676,0.15246321135273355,0.9706038939412114
9414,9414,LINC00847,-0.060102709094414786,7.405511610122608,-0.10509060412828793,0.011044035076048524,0.40855068629060864,0.07223086100348386,0.550265276254704
9415,9415,LINC00851,0.19532839096116053,5.929630981842174,0.2424484527594259,0.058781252245439584,0.05357385810773551,0.09926482823626194,0.11085923529125775
9416,9416,LINC00852,0.12808261401676613,6.546624661949853,0.09410047354472988,0.00885489912134241,0.4595366198181913,0.1720961473566912,0.5985003609889297
9417,9417,LINC00853,-0.08414002860416188,7.336091272337708,-0.11842878919724655,0.014025378110725859,0.3513144015550785,0.08959471448374738,0.4939432129382693
9418,9418,LINC00856,0.24140160550502765,6.112350384613139,0.2133643811345486,0.045524359136928934,0.09048834572021433,0.14037986280888493,0.17133209115775477
9419,9419,LINC00857,-0.1882193253706199,7.9249232399937695,-0.30297301703117985,0.0917926490489756,0.01495331799072788,0.07518945248390993,0.03716021357461697
9420,9420,LINC00858,-0.32254407622173914,8.16354441263441,-0.4457334845033219,0.1986783392074731,0.00022327644074968418,0.08226619414244582,0.0008863522134618534
9421,9421,LINC00862,0.11110653932975116,6.66583138501606,0.07790813674294411,0.006069677770757278,0.5405958361270975,0.18056722680488366,0.6705752457813757
9422,9422,LINC00865,0.2405130290957488,5.428337472232868,0.4877397440009743,0.23789005787813594,4.3528158376937176e-05,0.05467180732140533,0.00020881751653800942
9423,9423,LINC00867,-0.07711981527631237,7.280614036531952,-0.08495015677031388,0.0072165291353009035,0.5045071744569013,0.11487703561790685,0.6396378651907046
9424,9424,LINC00868,0.1955370992035177,5.998483500774037,0.21616614097840772,0.04672780050549685,0.08623639838175168,0.11216416244407963,0.16467432903726886
9425,9425,LINC00869,-0.32827048763502303,8.191044386632923,-0.2041330336061972,0.04167029540926883,0.1056701149184667,0.19993101961509085,0.19439647225567747
9426,9426,LINC00870,0.11024368860137837,6.5828531354340605,0.09403568198888862,0.008842709487115392,0.4598471476220456,0.14823013435223384,0.5987967517591941
9427,9427,LINC00877,0.14536642727631327,6.476265905982517,0.118074377492636,0.01394155862027351,0.3527679152696942,0.1552615562944052,0.4954078602571484
9428,9428,LINC00879,-0.057940443285227086,7.2098337519480475,-0.04168200464398489,0.0017373895111411778,0.7436481771918689,0.1763842381907007,0.8332661325204348
9429,9429,LINC00880,0.002451815181621054,7.005968672440598,0.002860475691929777,8.182321184121138e-06,0.9821026998349298,0.10885586841857624,0.9896432743101632
9430,9430,LINC00881,-0.0029440194497156904,7.027720233387009,-0.003122667102488706,9.75104983296521e-06,0.9804625384682344,0.1197338713397824,0.988818753284725
9431,9431,LINC00882,-0.027829205668001837,7.110702168201938,-0.028002543095995445,0.0007841424198430825,0.8261452130860442,0.12616449399068325,0.8907169587445658
9432,9432,LINC00883,0.5512973337945954,5.115002629695427,0.32684181802740475,0.10682557401145916,0.008388369323851862,0.2024512998847202,0.022442567050656295
9433,9433,LINC00884,0.03350864792511108,6.877456869936452,0.030831003720043132,0.0009505507903853137,0.8089008429123361,0.13796435291783835,0.8783476843651197
9434,9434,LINC00886,0.233521791062907,5.722582942652397,0.2818958895570905,0.0794652925491834,0.024026906193451672,0.10093990896191923,0.05611547170181147
9435,9435,LINC00887,-0.25462345348468124,7.8136270493563424,-0.15014717925111487,0.022544175437066417,0.23632179537078066,0.21292857674699986,0.3666653635275672
9436,9436,LINC00888,-0.17530242711359342,7.969954994358488,-0.3382800574807076,0.11443339728915085,0.006256816335761026,0.06193359694318223,0.017293089693797704
9437,9437,LINC00889,0.11570413572876664,6.67088414075412,0.0838834212760818,0.007036428364980613,0.5098931255983394,0.1745595286679872,0.6443213885062754
9438,9438,LINC00892,-0.024784205050528228,7.094680675061379,-0.01815481399500581,0.00032959727119325876,0.886773803004265,0.17334677333572354,0.930382107754717
9439,9439,LINC00893,0.051676907429990274,6.8660203735192935,0.035155155309019075,0.001235884944801252,0.7827144010814062,0.18657055998903865,0.8599097131255569
9440,9440,LINC00894,0.16679921617303825,6.3910935521404095,0.10296459523754176,0.010601707872430808,0.418148778688094,0.20464249510460805,0.5592275075648886
9441,9441,LINC00895,0.06669722821474837,6.804825995261832,0.06419276355526629,0.004120710892862325,0.6143029271796934,0.13168285040826688,0.7317233161758119
9442,9442,LINC00896,0.055924676265593616,6.7834807502155865,0.050118470746587526,0.00251186110997655,0.6941032849168784,0.14153494911655773,0.7946807046183413
9443,9443,LINC00899,-0.05752390273236549,7.2352281647841545,-0.04373943830748404,0.0019131384634542019,0.7314605954703808,0.16686431357582338,0.8245161207074642
9444,9444,LINC00900,0.0826587749786256,6.718045677288713,0.05701106390909912,0.0032502614080473853,0.6545403513518864,0.18383450899684564,0.7634835070576407
9445,9445,LINC00901,0.05406419773075828,6.847196267285856,0.04289868078121231,0.0018402968127683547,0.7364331867464172,0.15990792857756575,0.8283534520566
9446,9446,LINC00905,-0.1012600222314105,7.437084186521805,-0.11895628037872345,0.014150596641541469,0.349157920677844,0.10733962822658168,0.49177331852219264
9447,9447,LINC00906,-0.07498735440758224,7.316747900019137,-0.05780457431230902,0.003341368811427257,0.6500433048810702,0.16447625004525238,0.7601624239766485
9448,9448,LINC00907,-0.18285737991465192,7.636214747715522,-0.09912612862860687,0.009825989376895114,0.4358020724325152,0.2331225389188671,0.5764993206185777
9449,9449,LINC00908,-0.09928632984025376,7.480315239928745,-0.08044876333972548,0.006472003522891158,0.5274319738395365,0.15622995031130096,0.6593751852079482
9450,9450,LINC00909,-0.03355572711237292,7.235175307361896,-0.07422416936288767,0.0055092273176106325,0.5599638996858313,0.057256637797716475,0.687571912434604
9451,9451,LINC00910,-0.16710599156625874,7.5938867141767314,-0.08994713173678573,0.008090486507674684,0.4796724706865132,0.2349875676106628,0.6168601076498869
9452,9452,LINC00911,-0.000769063495644304,7.0183130238847085,-0.0005219500400852201,2.7243184434496267e-07,0.9967340273252177,0.18712738923771674,0.9978271620836558
9453,9453,LINC00917,0.12465994626842705,6.559564230411992,0.13751704209194654,0.0189109368657182,0.27853703226976784,0.11403253668462975,0.415808591879348
9454,9454,LINC00919,0.16434100566661602,6.363233788803719,0.1379269892401286,0.019023854360846557,0.2770928683731092,0.14987529904656746,0.4143382174160806
9455,9455,LINC00920,-0.1535074954467074,7.74096445584743,-0.7239243075982117,0.5240664031315502,1.3876266271525706e-11,0.018578633330494858,7.087041181837009e-10
9456,9456,LINC00922,-0.2567330442949177,8.177662878837799,-0.3285745638942181,0.10796124403827564,0.008029484466499917,0.09372249627654412,0.021583724692410093
9457,9457,LINC00923,-0.0977154984421462,7.367937876917354,-0.10400470222626926,0.010816978085174938,0.4134370187387959,0.11867328351743245,0.5547074746461355
9458,9458,LINC00924,0.3304571967285785,5.854855503790327,0.23107565708204386,0.05339595929589831,0.06619209283868506,0.17670520817045693,0.13226813420888853
9459,9459,LINC00925,0.17085189224448916,6.283567302260801,0.2142218888428805,0.045891017659411455,0.08916987778846602,0.0989370817710113,0.16941337984815158
9460,9460,LINC00926,-0.20477098242547406,8.305322409767196,-0.3204220717710033,0.10267030407802202,0.009842828602257322,0.07688226425056931,0.025804655373109237
9461,9461,LINC00927,0.05457983472329466,6.809381693090775,0.04581011186553975,0.0020985663491332653,0.7192609800343577,0.15115372087520682,0.8151348399960234
9462,9462,LINC00928,-0.02938030136492062,7.130549778300046,-0.032701380961343736,0.0010693803167789349,0.7975466437561599,0.1140412505800392,0.8699814915645598
9463,9463,LINC00929,-0.0352394731850185,7.157092809067272,-0.039614507868746346,0.001569309233682966,0.7559588088379853,0.11288552539575172,0.8417564625759866
9464,9464,LINC00930,0.16256651128129446,6.140539608401901,0.18862714167479666,0.035580198576403814,0.13551275575700406,0.10748902327262164,0.23657922653320884
9465,9465,LINC00933,-0.022606970730756556,7.087667640752944,-0.019549336495496884,0.00038217655741416633,0.8781405002399391,0.14683564686888592,0.9249091698782044
9466,9466,LINC00934,-0.10363852772604336,7.372889545011428,-0.09777940584335644,0.009560812207079805,0.4420936318407516,0.1339651713186535,0.5824642438394229
9467,9467,LINC00935,-0.07873320625057376,7.279481570911878,-0.07372588513525298,0.005435506138976514,0.5626085496771476,0.13525663323881953,0.6899121501105617
9468,9468,LINC00936,0.3111565467763836,5.2987664936398495,0.5896319403670746,0.3476658251010414,2.9515503693008235e-07,0.054129892259150186,2.5244328023447116e-06
9469,9469,LINC00937,0.0854633124447845,6.5937464606113325,0.0973847726281424,0.009483793939834992,0.4439468215932707,0.1109235128594877,0.5842391723190983
9470,9470,LINC00938,-0.007776055517811556,7.061882073854696,-0.010410797971502277,0.00010838471440343593,0.9349273799335116,0.09485406607343186,0.96166116052155
9471,9471,LINC00939,0.11332771856858255,6.575341521513027,0.12508101821325365,0.01564526111726429,0.3247220289620853,0.11416282617539747,0.46621067010369005
9472,9472,LINC00942,0.1216689580974286,6.582389573301128,0.09213873271382984,0.008489546066110578,0.4689893063911738,0.1669899591266148,0.6071166292390168
9473,9473,LINC00943,-0.005600753637935896,7.040975155553419,-0.008666422753780871,7.510688334725081e-05,0.9458125678927394,0.08207189187418919,0.9676180449623126
9474,9474,LINC00944,0.3723131625084219,5.467657658365307,0.30783824911338736,0.09476438761719594,0.01333921487019328,0.14614056455744762,0.03357283798396507
9475,9475,LINC00948,-0.003476287178504325,7.027811583529826,-0.003942263381875593,1.5541440572077192e-05,0.975336032524163,0.1119878201159042,0.9857866895376202
9476,9476,LINC00950,-0.08711611624931663,7.358275897336204,-0.07622176547915897,0.0058097575327599104,0.5494210844431411,0.1447299477652761,0.6782029062085287
9477,9477,LINC00951,0.029619257532800293,6.886993259184363,0.02487955271800126,0.0006189921434478037,0.8452804239545588,0.1511476156742406,0.9028143052794948
9478,9478,LINC00954,0.22504596728333484,6.285860002553977,0.20345745949208646,0.04139493782297403,0.10685419283545608,0.13753766025050054,0.1961121744090009
9479,9479,LINC00955,0.3506963061977063,5.870618880266893,0.3126270784493823,0.09773569017979623,0.011899461339265976,0.13532425475912396,0.030440972864950355
9480,9480,LINC00957,0.1958257955295664,6.002214198638328,0.1503420659853686,0.02260273680474892,0.23570705592377156,0.1635419230065355,0.3660262671946413
9481,9481,LINC00958,0.17344070702326905,6.21864415902628,0.1674206787226452,0.028029683663951185,0.18606072064789486,0.1297097413219246,0.3042012008780795
9482,9482,LINC00959,0.2052639676348508,5.93369147412984,0.4342243391233991,0.1885507766871527,0.0003371817313800985,0.0540795894746091,0.0012796478081030553
9483,9483,LINC00960,0.0035562090425769353,6.999879673257317,0.012779750709448095,0.0001633220281956391,0.9201640850279741,0.03533731819258972,0.9521189426292859
9484,9484,LINC00961,0.12350353540197025,6.285164529802352,0.12368963771678627,0.01529912647850984,0.3301755440265004,0.12583527113059192,0.4720795618804793
9485,9485,LINC00963,-0.27676487770298064,8.363343092717146,-0.6483488824045879,0.4203562733152781,6.938500624009355e-09,0.041274986005165805,1.069418014326851e-07
9486,9486,LINC00964,-0.2625602925586679,7.858505537125247,-0.12624139398312575,0.015936889554802783,0.3202179420278028,0.2620251011311021,0.461334544249356
9487,9487,LINC00965,0.11795052008431155,6.521871669744983,0.1336760232062517,0.01786927918023834,0.2923106932565088,0.11105424050372067,0.43098421733855835
9488,9488,LINC00967,0.3663887313172862,5.5660833180590625,0.2632253543960375,0.06928758719691952,0.035595785033657505,0.17054001514766706,0.07855158717047318
9489,9489,LINC00968,-0.00959337370255297,7.048211188498184,-0.004880631780233128,2.3820566574221593e-05,0.9694678493966374,0.24962857727222065,0.9819376182733481
9490,9490,LINC00969,0.11654238286670032,6.536066493972073,0.2507432413928887,0.06287217310421242,0.04566671208414258,0.05714236751479331,0.09714269648154299
9491,9491,LINC00970,-0.22732741088448302,8.051718179264562,-0.16915582574843405,0.02861369338463458,0.1814749876683459,0.16821510455416147,0.2985520670028132
9492,9492,LINC00973,-0.14475514974221082,7.451848149709326,-0.06839190136736277,0.004677452172643077,0.5912807198037678,0.26817322930009824,0.7126500799994764
9493,9493,LINC00982,0.185979127814334,6.2084332608290485,0.1147688198326814,0.013171882005786485,0.3665028538816524,0.2044396853397832,0.5097379127043791
9494,9494,LINC00993,0.18995363475112229,6.383475160652073,0.15127030834589356,0.022882706187061716,0.23279421481046225,0.15764181309146622,0.36251680725733926
9495,9495,LINC00996,0.1898006395629188,6.296209278523474,0.2217313924646544,0.04916481040431458,0.07825853393123376,0.10600522337461801,0.1521363622486596
9496,9496,LINC00997,-0.5639703514596611,9.338004711255607,-0.4505942452832109,0.20303517388234646,0.0001867707990878975,0.14190391087211554,0.0007556873802037821
9497,9497,LINC00998,-0.3816676566591665,9.796934578661773,-0.5616100404837367,0.3154058375721444,1.3781810537905185e-06,0.0714120081648299,9.749921829413158e-06
9498,9498,LINC01000,-0.05656742063482174,7.346291097573768,-0.10665492713516203,0.011375273482206726,0.4015708555519397,0.06697386190398613,0.5436618013880924
9499,9499,LINC01003,-0.03907246716352532,7.298023831425303,-0.12744011845888312,0.016240983792814162,0.315607058415202,0.038620081549711464,0.4563310976818588
9500,9500,LINC01004,0.03906652923887144,6.843564542714812,0.02605884147973316,0.0006790632192658616,0.8380435799063071,0.1903296169957904,0.8983197638040449
9501,9501,LINC01007,0.07158890074051172,6.712539257754076,0.10050354599093733,0.010100962756752456,0.4294195518574753,0.09000443605649425,0.5704257388954501
9502,9502,LINC01010,-0.04921234980848506,7.239036603743321,-0.050462373119689236,0.0025464511008707357,0.6921088193317987,0.12369636206002475,0.793373377938177
9503,9503,LINC01012,-0.3889023608925823,8.278138097824314,-0.242894429346926,0.058997703807768816,0.05312208849350826,0.19725250255464166,0.11011379595356766
9504,9504,LINC01013,0.4197029852162227,5.511237194106703,0.26102038997504656,0.06813164398272539,0.03722649053992784,0.19712833850907832,0.08162612926712609
9505,9505,LINC01015,0.2664545479765941,5.643748328050918,0.2829341749069053,0.08005174733025129,0.02349016538407292,0.11471589138713832,0.05510557159485419
9506,9506,LINC01016,0.08713158285569345,6.623376830320632,0.0665816867705811,0.004433121013215774,0.6011579980636177,0.1658288868490419,0.7203720393153188
9507,9507,LINC01018,0.022098900380959543,6.940155953658577,0.01720597669917651,0.000296045634172605,0.8926554936505129,0.16309145001601036,0.9339286266789959
9508,9508,LINC01019,-0.3259193623035124,8.351579644298397,-0.23466938548091384,0.05506972048198972,0.061969921034858474,0.17145800414061707,0.125241123659343
9509,9509,LINC01020,-0.06011500984508456,7.198465128450002,-0.026334923215672653,0.0006935281807753745,0.8363512776327715,0.289803997274979,0.8974191493978994
9510,9510,LINC01021,-0.22076997392490635,7.6370191040326985,-0.09789207574901032,0.009582858494449977,0.4415653298886215,0.2850399270084764,0.5819900924368897
9511,9511,LINC01023,0.17503036339843162,6.26264269562241,0.2386917875011327,0.056973769420485876,0.057504820501801286,0.09043612790252842,0.11770901598090096
9512,9512,LINC01029,0.16617708493596786,6.420421365385151,0.12418331587224453,0.015421495941025657,0.3282339894400593,0.16863092198775834,0.46994426719500726
9513,9513,LINC01049,-0.0420758551967647,7.182178442197426,-0.04734741679138985,0.002241777876817585,0.7102484911412761,0.1127336258012461,0.8078076043140147
9514,9514,LINC01056,0.08406561259770114,6.632655605430863,0.07455473618058951,0.0055584086869573035,0.5582126627876826,0.1428028712139809,0.6859222627574373
9515,9515,LINC01057,-0.2171817759412068,7.872872147635636,-0.28845299976631594,0.08320513307418627,0.02080456256258777,0.09155636927699752,0.049599805295562974
9516,9516,LINC01069,0.06015819776251617,6.7841149774034255,0.05746796442654304,0.003302566935330415,0.6519494612000025,0.13272563992445932,0.7615278915953425
9517,9517,LINC01082,0.19830463582724775,5.733283294844428,0.7501584845169256,0.5627377518927305,9.698732496169316e-13,0.02220010293915075,1.0041957154390665e-10
9518,9518,LINC01085,-0.15404301619316066,7.47702556079498,-0.07660085548795183,0.00586769106148608,0.5474311774472298,0.25464470097554903,0.6768577200647538
9519,9519,LINC01087,-0.10064132394158967,7.309423266465568,-0.04427325332236099,0.001960120959745949,0.7283090778273872,0.2884117884880344,0.8221191138632229
9520,9520,LINC01088,-0.014964311766426815,7.064758390702522,-0.014426997899618084,0.00020813826839558464,0.9099139538621754,0.13171636382851226,0.9457998384921842
9521,9521,LINC01089,0.1695007608743348,6.10980217903257,0.14274625153028747,0.020376492325948098,0.2604887985075456,0.14925905709836326,0.3950752858720339
9522,9522,LINC01091,-0.2323156660176447,7.7890085860535665,-0.20166097284275386,0.0406671479678859,0.11005280532258352,0.1432997566453937,0.2006392910641982
9523,9523,LINC01093,-0.2290967139956657,7.728067657268065,-0.13105931710547436,0.017176544600153283,0.3019453364880149,0.2200862298238463,0.4413730752026652
9524,9524,LINC01094,0.05129720579387497,6.839914498492321,0.03904452846235985,0.0015244752028480285,0.7593634777937113,0.16672717597758366,0.844105339131606
9525,9525,LINC01095,0.19271944403169794,6.363261213192077,0.19840735752840916,0.03936547952140597,0.11603305713199324,0.12090687901866605,0.20933196177015093
9526,9526,LINC01096,-0.017305129293333412,7.076414443280942,-0.015052729968665985,0.0002265846795095751,0.9060240238340987,0.14598711461821096,0.9429948205386622
9527,9527,LINC01097,-0.008800429046401612,7.044640297516124,-0.007019414197158666,4.927217567127264e-05,0.9560992725082368,0.15921956450449834,0.9736335122721691
9528,9528,LINC01098,-0.012961303976685556,7.054322928368706,-0.009224474812511612,8.509093556666117e-05,0.94232906199626,0.17844020928460722,0.9658337673953526
9529,9529,LINC01101,-0.07326496060892758,7.373865621533449,-0.09325334448549134,0.008696186257729721,0.4636057035481098,0.09934349793945924,0.6019896570326988
9530,9530,LINC01102,-0.12294953963244055,7.411773836441783,-0.07919105457231032,0.006271223124274632,0.5339286121684336,0.1965571602218196,0.6651837588601673
9531,9531,LINC01103,-0.22342728032558887,7.7151845357404785,-0.14967905550185098,0.022403819655926197,0.2378029344402159,0.18743861575973786,0.3683037151554052
9532,9532,LINC01104,-0.0046531658881909825,7.032340450424722,-0.004089940540425961,1.6727613624219807e-05,0.9744124239545288,0.14448809469907847,0.9853778740466681
9533,9533,LINC01105,-0.20536370566076745,7.694682344404317,-0.10424351821429376,0.010866711089693792,0.4123595108997806,0.2488319805268419,0.5538107918962261
9534,9534,LINC01107,0.20641399248081085,6.1904245235596065,0.2292229558474567,0.05254316348744508,0.06845740971235609,0.11131787256302794,0.13594178884191388
9535,9535,LINC01111,-0.0251209455413458,7.118517894448444,-0.026330957019045725,0.0006933192975388334,0.8363755840751976,0.12112195959428185,0.8974191493978994
9536,9536,LINC01114,-0.15182860099128434,7.645029300917202,-0.15966164837920868,0.02549184196316607,0.20758962304744774,0.11922020833189735,0.33182708769459557
9537,9537,LINC01115,0.1110561181146552,6.5502812847700485,0.1314916008575266,0.017290041096075088,0.3003396254297762,0.10633134566369357,0.4397764952790455
9538,9538,LINC01116,0.2870477601879527,5.617010095443405,0.526501244924589,0.2772035609071421,7.868136612361748e-06,0.058866324132302424,4.548438289927753e-05
9539,9539,LINC01118,0.21226893070308986,6.146622916837909,0.23341531458550915,0.0544827090830522,0.06341787853005829,0.1123041946967588,0.1276432902284982
9540,9540,LINC01119,0.17421139100114136,6.249623286263371,0.17495519851206967,0.030609321486397705,0.16674247614026713,0.12450972443734007,0.2793013862018475
9541,9541,LINC01120,0.04522683203769397,6.83373824365798,0.03847160167644583,0.0014800641355511095,0.7627903438320482,0.1491895575546936,0.8463668974597134
9542,9542,LINC01121,0.13238233271996036,6.3149312372698665,0.16471624630035672,0.027131441795279782,0.19337378894324345,0.1006757403660394,0.3139062518415245
9543,9543,LINC01122,-0.4693763412818565,8.542286791145393,-0.2139433878353472,0.04577177319846579,0.0895964235865229,0.2721777449669238,0.17004474607941747
9544,9544,LINC01125,0.015321970954053238,6.948798614087972,0.018457698339995308,0.0003406866280102657,0.8848975362563666,0.10540646635609087,0.9291788851103921
9545,9545,LINC01126,-0.019863012681475462,7.096376977034121,-0.018986420615509644,0.00036048416778904964,0.8816237939098583,0.13283969968008885,0.927450243241097
9546,9546,LINC01127,-0.34200773317952843,8.190019846901363,-0.2392687787112335,0.057249548465965215,0.056886285792645215,0.17625945502647467,0.11665459458709584
9547,9547,LINC01128,0.6140263830451645,4.0933120117070505,0.2769393217241629,0.0766953879170394,0.02673434157015166,0.2705696410682893,0.06147734593837041
9548,9548,LINC01133,0.2768496774631061,5.410907014215591,0.6430590130171661,0.4135248942226117,1.0053634474309e-08,0.04187184895403445,1.4572386515472653e-07
9549,9549,LINC01134,-0.0020315598906017014,7.028832544517161,-0.0020018667429097027,4.007470456367902e-06,0.9874742841482254,0.12888362726828154,0.9925082664565018
9550,9550,LINC01136,-0.1370732481712835,7.7037954018375165,-0.1467528524472147,0.02153639970139397,0.24720632517592375,0.11733907089999455,0.3794117112795155
9551,9551,LINC01137,-0.1901139973821713,7.942992272532302,-0.25133603435017154,0.06316980216287063,0.0451404693329779,0.09298093971314957,0.09620282092369219
9552,9552,LINC01138,-0.35754872745598554,8.47881821840234,-0.2517971210640683,0.06340179017615308,0.04473460393034873,0.17452807290760425,0.0954411673016455
9553,9553,LINC01139,-0.289737286429533,7.828827035418756,-0.15521903224623415,0.02409294797145748,0.2206818132667609,0.2341897054513221,0.34745271675815814
9554,9554,LINC01140,0.3267314303672293,5.396866357758603,0.5945753623519923,0.3535198615160029,2.214860683771378e-07,0.05611329267680745,1.974590700167525e-06
9555,9555,LINC01141,-0.1827331676705121,7.6689107301730655,-0.16649233329273724,0.0277196970452599,0.1885482340727874,0.13744313167293318,0.3074788770875978
9556,9556,LINC01142,0.007930142086193661,6.983085763752892,0.008647162534801309,7.477341990327144e-05,0.9459328136042952,0.11646495530497687,0.9676953457388988
9557,9557,LINC01144,0.0374215304301052,6.8353240070323436,0.0342581750236403,0.0011736225559503721,0.7881277186189919,0.13864572329352962,0.8637256656999011
9558,9558,LINC01146,-0.3599847808240178,8.081868523069037,-0.14951694629147427,0.022355317228327603,0.23831733409113065,0.30233498046443685,0.36897306753542175
9559,9559,LINC01149,-0.2539891056106128,7.8708166500853975,-0.18529213461975053,0.034333175151943764,0.1426896581392997,0.17107081140497293,0.24689928461898006
9560,9560,LINC01153,-0.4323313879900372,8.353853693965746,-0.2468750628709879,0.06094729666755424,0.04922573753630872,0.21552054792654515,0.10327294578073681
9561,9561,LINC01158,-0.040539419011112174,7.190381464448129,-0.02879947374305378,0.0008294096878768444,0.8212778791665631,0.17869686971834722,0.8875064779704409
9562,9562,LINC01159,0.19370204813089287,6.1554656488486215,0.2552397949556593,0.065147352929007,0.04179819918962298,0.09318833710183272,0.09009057464430034
9563,9563,LINC01165,0.02864380782425093,6.890776653890273,0.028973517614273993,0.0008394647229446454,0.8202157745069713,0.12550219378437166,0.886813876436589
9564,9564,LINC01169,-0.08966083442536955,7.331511898295175,-0.09770184552274436,0.009545650618550202,0.4424575121788393,0.1159902263498282,0.5828821892099261
9565,9565,LINC01180,0.0718240746269224,6.7486874772906384,0.07606433771588861,0.005785783472156754,0.5502484704360662,0.11957299042968203,0.679030694511797
9566,9566,LINC01181,-0.18959747552779355,7.721192078222528,-0.2018562576575101,0.040745948755495115,0.10970157026455253,0.11683186498795255,0.20013374086595492
9567,9567,LINC01186,-0.27694882000168,8.178301082710352,-0.2829617336365381,0.08006734270259516,0.02347605835618056,0.11922133618643585,0.05507967106292937
9568,9568,LINC01187,0.3303570762091177,5.842133155990331,0.22756283877838585,0.05178484559287762,0.070539673899483,0.179531174547514,0.13936106544049853
9569,9569,LINC01191,-0.06382702456573545,7.2723252911690475,-0.047830589921011225,0.002287765332191941,0.7074239538568992,0.16928000618513248,0.805556382224912
9570,9570,LINC01192,-0.2312682200037389,7.777843006110213,-0.13088760623388412,0.0171315654656363,0.30258469756113626,0.22246888684461685,0.44188766433956017
9571,9571,LINC01197,-0.13176497887760866,7.454746825581232,-0.08685975282412682,0.007544616660668409,0.4949392194749046,0.19192920249937645,0.6311706494157623
9572,9572,LINC01204,-0.11663170075586035,7.456245720834162,-0.10256902882845348,0.010520405674812123,0.4199487875396775,0.14365076451379094,0.5609461373162188
9573,9573,LINC01206,0.12710027604866314,6.537891080030552,0.09198617188178557,0.008461455817465395,0.4697287948319893,0.1747362069572358,0.6077175918321621
9574,9574,LINC01207,0.17332105172262438,5.5193957396942785,0.5790085511139753,0.3352509022631049,5.384275986397864e-07,0.030995551745375258,4.277200898218845e-06
9575,9575,LINC01208,-0.010670588268493672,7.075852127573116,-0.011663354756059893,0.00013603384416570493,0.9271184181773682,0.11618217196058453,0.9568102437988327
9576,9576,LINC01209,0.11447818742933735,6.595950246758141,0.09382495186639454,0.008803121592731255,0.4608579101218214,0.15427249818929553,0.5996802093310926
9577,9577,LINC01210,0.14146728597993036,6.331284618899683,0.12552367139874995,0.015756192081421358,0.3229991135486424,0.14199919728226007,0.464321946620808
9578,9578,LINC01212,-0.1489242356391512,7.467647797546746,-0.07973326404767947,0.006357393395696975,0.5311230251086962,0.23645314482218216,0.662527022392213
9579,9579,LINC01213,-0.252224130678602,7.810530995360002,-0.19682488920517535,0.03874003701062957,0.11903027617979155,0.15956263533726092,0.21351893892258003
9580,9580,LINC01214,0.10910782347507512,6.635823789842558,0.08047090994752502,0.006475567347782682,0.5273179299740207,0.17163680090359018,0.6593751852079482
9581,9581,LINC01215,0.17799145067311692,6.4797452225593375,0.2585893593866689,0.06686845678800782,0.03909580505691265,0.08444308337574455,0.08514754043923184
9582,9582,LINC01220,-0.02403288199507103,7.095474422205467,-0.02009653691251353,0.00040387079587601897,0.8747566570808287,0.1518451996780106,0.9225252850635928
9583,9583,LINC01222,0.15275834772105615,6.279581510689268,0.1431112871535456,0.020480840510744586,0.25925908898105265,0.13416575759668786,0.39348581243935343
9584,9584,LINC01225,0.1184144575203308,6.439445502422371,0.13093094328035373,0.017142911908283206,0.30242325035429085,0.11387064359227388,0.4417223449630493
9585,9585,LINC01226,0.17563664639828966,6.200527635553637,0.19720887056656125,0.03889133863013871,0.11829762731751127,0.11088660604390614,0.21257448506851767
9586,9586,LINC01227,0.209265433681651,6.252923881230581,0.14629016202035933,0.021400811503942983,0.2487161237086033,0.17971691618242774,0.380928471526261
9587,9587,LINC01231,-0.14493547518644095,7.689583490821799,-0.15103023929546994,0.022810133181646916,0.2335451561502861,0.12047707664153487,0.3633740895208523
9588,9588,LINC01233,0.3205623331833337,6.0100074903433605,0.2266014640562778,0.05134822351244856,0.07176849606180774,0.17498762885430966,0.1414403696958907
9589,9589,LINC01234,0.2129310850467487,6.313389713473072,0.13434466432487954,0.018048488832564567,0.28988145829519624,0.19946551438516036,0.4284025782694652
9590,9590,LINC01241,0.17334098868710662,6.401483017852992,0.15518317968699613,0.024081819257766528,0.22078976582453014,0.14014173266475924,0.3475721415331637
9591,9591,LINC01242,0.15676885593558235,6.555801398103666,0.09069370732477954,0.008225348548312769,0.4760187443417151,0.21862171213312773,0.6135824945666571
9592,9592,LINC01243,-0.3472740948849783,8.123398291159253,-0.21372736513520307,0.045679386607636416,0.08992838141299482,0.20158748374496752,0.17057012345610956
9593,9593,LINC01252,0.046775216402460316,6.855783880353616,0.030859796543781882,0.0009523270427236117,0.8087257506258012,0.19240661913575752,0.8782386103907389
9594,9594,LINC01254,-0.2774829528286405,7.872043319564246,-0.1923151277667236,0.036985108367931216,0.12789672907054198,0.1798222868150561,0.226256324485139
9595,9595,LINC01255,0.2212525112269745,6.256896930861923,0.21761785385322102,0.04735753031568185,0.08409606753477679,0.12602677136588672,0.16129113541855244
9596,9596,LINC01260,0.03111469545503105,6.878431039689546,0.02051919656819786,0.00042103742780434287,0.8721444892457693,0.19253864517340524,0.921055645142249
9597,9597,LINC01267,0.1911402347381311,6.248724867406619,0.14830975050312525,0.021995782094299254,0.24217207015299394,0.16186648274475768,0.37357431109581735
9598,9598,LINC01268,0.10238901212490126,6.534110935869305,0.2080768064473001,0.04329595738130718,0.09895937489535052,0.061125530162514735,0.18434109792333894
9599,9599,LINC01270,0.055478877438315706,6.8106326657060166,0.04212449922101614,0.0017744734346213894,0.7410215686936452,0.16711344991226024,0.831724796519456
9600,9600,LINC01271,0.12403450742916493,6.384282793603695,0.13429602674804428,0.018035422800311424,0.2900577146155095,0.11623353025314645,0.428633807151553
9601,9601,LINC01272,0.05615045618257144,6.7330436585163085,0.06399457885449858,0.004095306122764637,0.6153989566090693,0.11120470145185822,0.7323842825549238
9602,9602,LINC01278,-0.004924184802129539,7.041098170608245,-0.004776708417769753,2.2816943308392417e-05,0.9701176710643804,0.13091964297756387,0.9823201237678462
9603,9603,LINC01279,0.16337353044963376,6.245802477397512,0.6719431458509233,0.4515075912560352,1.2107482622928318e-09,0.02286855015942471,2.4875477817790583e-08
9604,9604,LINC01281,0.07265521172402595,6.666207713211926,0.07001766151426549,0.004902472923926254,0.5824724569422566,0.13146076328387984,0.7056190673511077
9605,9605,LINC01282,0.08820458868027453,6.698122027368049,0.06384052882977792,0.004075613121265707,0.6162514849371747,0.17511044106290966,0.7330363035602592
9606,9606,LINC01289,-0.1580619431043112,7.544624044947712,-0.11725249803735475,0.013748148295999877,0.35615286621113296,0.17002128084331244,0.4988674202976769
9607,9607,LINC01293,-0.0005827991587989777,7.017826482294861,-0.0005727528829779281,3.2804586495952825e-07,0.996416143153102,0.12922773021759773,0.9976549248327293
9608,9608,LINC01300,-0.0010832036192795797,7.019536691631696,-0.001030105943673825,1.0611182551921415e-06,0.9935544188671852,0.1335463843044155,0.9960381899249524
9609,9609,LINC01304,-0.0005379053400356276,7.017936505433143,-0.0004831989047890527,2.3348118158934003e-07,0.9969765017472684,0.1413787114302467,0.9979442611323425
9610,9610,LINC01305,0.13240326073706093,6.5950042664964466,0.10222628199291353,0.010450212730094678,0.4215120286778462,0.16362855503315638,0.5625095816243766
9611,9611,LINC01310,0.08824724005919675,6.633872578835343,0.09432069699000126,0.00889639388067963,0.4584820073331931,0.11829266436316692,0.5973423902773778
9612,9612,LINC01312,0.12748685535061885,6.607967691797288,0.09561739351813577,0.009142685943202031,0.4522992736884678,0.16855367380652628,0.5915292167969423
9613,9613,LINC01314,0.33368937511215685,5.610824650068456,0.2836530876270016,0.08045907412033143,0.023124501120179226,0.14326646665679044,0.054347848030983414
9614,9614,LINC01315,-0.2483023688859629,8.59968609546628,-0.6928675596598233,0.4800654552289588,2.2422334872278344e-10,0.03281777451765636,6.405747515292712e-09
9615,9615,LINC01330,-0.21853499763726586,7.73692055407566,-0.11642173307490998,0.013554019932165588,0.3595946393672522,0.23677058467876103,0.5020322297400456
9616,9616,LINC01333,-0.034081716843564015,7.128905744071702,-0.029376293150281032,0.0008629665992512482,0.8177590686031034,0.1472791110021793,0.8850746016893345
9617,9617,LINC01339,0.07783893326869451,6.598400538091885,0.08290247805938812,0.006872820868387329,0.514871688420125,0.11883269654511938,0.6485757619934752
9618,9618,LINC01341,-0.08996701487887318,7.44299336237851,-0.10311942681876284,0.010633616187430186,0.4174454327065952,0.11021115421183884,0.5585283191387901
9619,9619,LINC01342,0.01969319989764546,6.930610888240046,0.020512633481915846,0.000420768132363415,0.8721850408352325,0.12190110334458942,0.921055645142249
9620,9620,LINC01343,0.3057803120016385,5.272435649555421,0.24518454668212664,0.060115461931719925,0.05085088000440203,0.15355283283051285,0.10610674566345403
9621,9621,LINC01346,0.09304487981521203,6.671218157418699,0.09639911303726226,0.009292788994370868,0.44859430840837744,0.12201023357594867,0.5882825500262467
9622,9622,LINC01348,0.14088967256402288,6.081179896979497,0.1763093982278405,0.03108500390346325,0.16343235749253812,0.0998965962194262,0.2750118658404626
9623,9623,LINC01350,0.014617703125524684,6.961763862998938,0.022553726338782845,0.0005086705717647073,0.8595899712515089,0.08229140961783693,0.9126505602790462
9624,9624,LINC01351,0.4059078316045256,5.57818228651121,0.4300653073749161,0.18495616860748107,0.0003899529654147634,0.10821504844030776,0.0014604689495082497
9625,9625,LINC01352,0.024902405862781845,6.937255027560189,0.010055599113081912,0.00010111507352301375,0.9371429821469636,0.3144963093567716,0.96301275728218
9626,9626,LINC01354,-0.27049179623139424,7.824644724057799,-0.14145867701076462,0.020010557301635826,0.2648576994223377,0.24040271033801386,0.4001816180633387
9627,9627,LINC01355,0.01208352137688735,6.960428743381316,0.017219826865620017,0.00029652243728192884,0.8925695964559084,0.08910549575300343,0.9338838774340579
9628,9628,LINC01356,0.0332542361506116,6.868220994213956,0.04049117727683222,0.001639535437263854,0.750731214777841,0.1042160035683052,0.8379508507816168
9629,9629,LINC01359,-0.17619256166153138,7.684481347949268,-0.1675409481220218,0.028069969297626,0.18574019702333752,0.13167043090472322,0.30379184037314005
9630,9630,LINC01360,-0.04969010466739431,7.177048396477991,-0.025377856185356262,0.0006440355845646253,0.8422209358810456,0.2485874728181599,0.9011905507710269
9631,9631,LINC01361,0.05605060715018139,6.84350391230878,0.02338660725735521,0.0005469333990097792,0.854460285304433,0.30429755061259045,0.9091655600563824
9632,9632,LINC01362,-0.0716630711805188,7.2526567978608165,-0.0628429360513109,0.003949234611549153,0.6217844527997499,0.14453859906302202,0.7374304356962914
9633,9633,LINC01364,0.29909559266408103,5.9266138752278525,0.21685133421782712,0.04702450115205176,0.08522089690663012,0.17099875078037216,0.16308399810119084
9634,9634,LINC01365,0.16255826220726952,6.3413674233028665,0.17643276812058736,0.03112852166669295,0.16313321935512026,0.11517733906364575,0.2746365439738109
9635,9635,LINC01366,-0.1481901695233537,7.571482643053027,-0.09697416116002404,0.009403987932690318,0.4458796298124517,0.19315938151912654,0.5858578595709388
9636,9636,LINC01393,-0.06178179358820929,7.2071750344125585,-0.03375724868667385,0.0011395518388939432,0.7911552002750649,0.232300440125468,0.8656695397886176
9637,9637,LINC01395,-0.2668550610895996,7.861661097152273,-0.1518780137758486,0.023066931068496853,0.23090077280827465,0.22055509539495685,0.360060217121278
9638,9638,LINC01398,0.007329550329020794,6.990179834017076,0.00675649537002326,4.565022968514575e-05,0.9577420859681244,0.13776855079067932,0.974482209821911
9639,9639,LINC01405,0.1291401331327272,6.58201593985476,0.13616640693930934,0.01854129037876159,0.28333035158754616,0.11932499475875885,0.4209864358251888
9640,9640,LINC01410,-0.2427107805924375,7.862470766069634,-0.12526572520524315,0.01569150191119549,0.32400239556557153,0.2441330531883968,0.46542433671459044
9641,9641,LINC01419,-0.1065284962411004,7.312863636492088,-0.0510154685957323,0.0026025780360421484,0.6889055058610358,0.26485135082238165,0.7907478389388705
9642,9642,LINC01420,-0.3639871960717383,9.255243051267392,-0.4711476047220042,0.22198006543528195,8.517425165648334e-05,0.08654234060648837,0.0003773881381200712
9643,9643,LINC01424,-0.13767623207254218,7.451221490251063,-0.08729820014193962,0.007620975748022145,0.4927558297901792,0.19952468103068616,0.6291643760249105
9644,9644,LINC01425,0.09903213672586428,6.570934267755287,0.07991851364031884,0.006386968822477828,0.5301661518725137,0.15687059579064527,0.661825361787901
9645,9645,LINC01426,-0.016607610695057992,7.066784706656419,-0.010374232887459887,0.00010762470800325432,0.9351554373089892,0.20329745706851066,0.96180436926745
9646,9646,LINC01428,-0.14323739971590305,7.519706908941863,-0.12101697214708736,0.014645107547648913,0.3408122664368289,0.14921436656001685,0.4832246205519236
9647,9647,LINC01431,-0.07503445782378754,7.285065084437815,-0.05716823201079097,0.0032682067512396253,0.6536486572598129,0.16641761679732162,0.7628131964303324
9648,9648,LINC01432,0.1871626068091424,6.384910983103782,0.13559949404753252,0.01838722278594681,0.28535843498117697,0.17367418637962387,0.4233650938282671
9649,9649,LINC01442,0.1883722007653411,6.427354024303763,0.13306426974727328,0.01770609988337511,0.2945449016591687,0.17818873127512205,0.4332456993117841
9650,9650,LINC01448,0.05952495930413348,6.837112699563693,0.028900949929933663,0.0008352649068525325,0.8206585806257052,0.2614626710702145,0.8871486403479256
9651,9651,LINC01449,-0.18588611972667465,7.6172272203173375,-0.16486301583724675,0.027179813990952272,0.19297170018491425,0.1412355949693347,0.31332399846324643
9652,9652,LINGO1,0.3161490522409603,5.565775121893195,0.4427217574424693,0.19600255451294865,0.00024905990390407945,0.08131908964192901,0.0009758263468505229
9653,9653,LINGO2,0.2235611408312182,6.239746949295497,0.17862439176545766,0.03190667333357969,0.15788606642303582,0.15639336445648286,0.26755010316854533
9654,9654,LINGO3,-0.03901520371498447,7.267709003395878,-0.03848431491023262,0.0014810424941099525,0.7627142522435676,0.12865670711438393,0.8463668974597134
9655,9655,LINS,-0.06300188209583589,7.355706910675637,-0.09693266449814043,0.009395941446709058,0.4460752204829559,0.08215567713545621,0.586043735943603
9656,9656,LIPA,0.16245394702109422,5.392557559678181,0.40921353296932855,0.16745571556523975,0.0007865074296585647,0.04600320683207003,0.002736474676937053
9657,9657,LIPC,0.288054142821193,5.823565668645772,0.5473167425019847,0.2995556166229838,2.8686345889998416e-06,0.05594050415079747,1.859331997150301e-05
9658,9658,LIPE,-0.17314062639015834,7.877920613878228,-0.18062515987122335,0.032625448378505006,0.15320571581058656,0.11973530486581607,0.2612187544318577
9659,9659,LIPE-AS1,0.3900735095775786,5.6206603828031865,0.32201243971130633,0.10369201132882767,0.009463469339844882,0.14564869486727314,0.024939932889660572
9660,9660,LIPF,-0.16916084507263535,7.628283939502117,-0.14598014395357434,0.021310202428706286,0.2497312517975011,0.1455904016815481,0.38194653988479654
9661,9661,LIPG,-0.11974460506980095,7.7587927262974965,-0.6710908063786601,0.4503628704059603,1.2931195844204465e-09,0.016800292902880352,2.6195046399087718e-08
9662,9662,LIPH,0.2711430821419234,5.055506642823151,0.6195376697551517,0.38382692424564335,4.8129184542497716e-08,0.043630111668444695,5.364063259226907e-07
9663,9663,LIPI,0.06331424764129995,6.83122376092664,0.03840874364359533,0.0014752315882794248,0.7631665962694396,0.20919674616618408,0.8464963443344968
9664,9664,LIPJ,-0.07332202684522199,7.238741263764139,-0.02514371455473019,0.0006322063816097508,0.8436582342348726,0.37023021050406224,0.9019199539193807
9665,9665,LIPT1,-0.20438203378417172,8.560685809721619,-0.35066607548263096,0.12296669649439025,0.00449937372603519,0.0693204161644675,0.012922272949242976
9666,9666,LITAF,0.4809312894383549,3.346575681054348,0.7262863637007104,0.5274918820976007,1.105826531657628e-11,0.05780746640096712,5.927394441348004e-10
9667,9667,LIX1,0.04378733524694016,6.878519119238645,0.028129838469378214,0.0007912878123133107,0.8253673012204799,0.1976121026563261,0.8902833685958105
9668,9668,LIX1L,0.33338766835619643,5.2287979365941135,0.5963032946950566,0.3555776192641795,2.001071784973421e-07,0.0569995970570074,1.8063030222425774e-06
9669,9669,LKAAEAR1,-0.16854295094196414,7.959314860731379,-0.2176894216676446,0.04738868430599357,0.08399164656967703,0.09596995500666848,0.16113032481098125
9670,9670,LL0XNC01-116E7.2,-0.2305524084489509,7.76865097793422,-0.16951160985897445,0.028734185876981167,0.1805449016954225,0.17023287026402034,0.2973976835645827
9671,9671,LL0XNC01-7P3.1,0.025201062386456724,6.908980930214024,0.02021535402977361,0.00040866053854908416,0.8740221946369184,0.15828978732027071,0.9221413215523737
9672,9672,LL22NC03-N14H11.1,0.2553741794536576,5.630994785514161,0.2229284210424662,0.049697080908487096,0.07662168847730806,0.14182302066270314,0.14944093163794525
9673,9673,LLGL1,0.06368542219216808,6.618072331207032,0.05375324183484053,0.0028894110077548503,0.6731303531523439,0.15024886161163215,0.7789334982384892
9674,9674,LLGL2,-0.06419292939943402,7.514466070633987,-0.07569124462997473,0.0057291645136346775,0.5522117059401241,0.10739845995042037,0.6807163711580456
9675,9675,LLNLR-246C6.1,-0.4130917466454039,8.32192779569819,-0.2092370986311085,0.04378016344356423,0.09704956544314508,0.24518328441354514,0.1814703686789834
9676,9676,LLPH,-0.17569506023061182,8.001597838459181,-0.24602474941007976,0.060528177322292535,0.05003777276884672,0.08790767377103033,0.10471279177709467
9677,9677,LMAN1,-0.018720430169950484,7.170134372229724,-0.038778953194463416,0.0015038072108583848,0.7609514033477813,0.06126283698324685,0.8453931171504312
9678,9678,LMAN1L,0.268113731434368,5.452329015603162,0.2306503762930659,0.0531995960841329,0.06670668545401291,0.14364756281669327,0.1330631239412905
9679,9679,LMAN2,-0.6313645545830692,10.823461366375296,-0.4292253201342116,0.1842343754443164,0.0004014840048595728,0.16872588660409468,0.001499506058163858
9680,9680,LMAN2L,-0.010101775881856588,7.091172570247327,-0.008338977435732234,6.953854467365135e-05,0.947857041452434,0.15384166974941768,0.9688857320109728
9681,9681,LMBR1,-0.32239905020476106,8.789035470732403,-0.5870104422571158,0.3445812593188947,3.4303771892057035e-07,0.056469183680828934,2.8870897019918193e-06
9682,9682,LMBR1L,0.2853797114397575,5.151913054230091,0.29742088949037154,0.0884591855052438,0.016997727560372683,0.1163439598273074,0.041558743402943486
9683,9683,LMBRD1,0.6019828727766268,3.0274651367236203,0.772666791360351,0.5970139704711002,7.507946609849678e-14,0.06281177100560492,1.46472598050716e-11
9684,9684,LMBRD2,0.4378066228314224,4.585457155796052,0.49131321555740504,0.2413886757813571,3.749654442077577e-05,0.09856839768715027,0.0001826333039657893
9685,9685,LMCD1,-0.3468666012184577,8.626412783060344,-0.3536491818751195,0.12506774384094135,0.004147786390200489,0.116514827464639,0.012032192133930553
9686,9686,LMF1,-0.1324535034218056,7.707909045485039,-0.0898021695990931,0.008064429664704281,0.4803836387312149,0.1865617075301665,0.6174813139861375
9687,9687,LMF2,0.07035296011045891,6.46821886520666,0.07114408018085375,0.0050614801447797465,0.5764048669048598,0.12526965584072752,0.7004593868916306
9688,9688,LMLN,-0.5222797362095308,9.508906343374663,-0.543967733858392,0.2959008954790344,3.389730718398185e-06,0.102317775043572,2.1469616468825004e-05
9689,9689,LMNA,-0.19708480242529494,8.499265284294347,-0.18977318397569495,0.036013861356272985,0.13311035457783926,0.1294964437660317,0.2332123566653001
9690,9690,LMNB1,-0.18966376756738595,8.382267227955209,-0.5222912803497498,0.2727881815293809,9.572312471232573e-06,0.03932839448080806,5.415058165217904e-05
9691,9691,LMNB2,-0.283151119477712,8.954763884691715,-0.7116662311020696,0.5064688244910244,4.345938660686711e-11,0.03549795832247337,1.692649311100193e-09
9692,9692,LMNTD1,-0.04761386635034378,7.2568251362002245,-0.07235393344174045,0.005235091684491806,0.5699204378215061,0.08335577353039833,0.6953421083455246
9693,9693,LMNTD2,0.03415393969837257,6.840588979992359,0.04817933790693228,0.0023212486011503623,0.7053876757317572,0.0899248032716634,0.8037871036608715
9694,9694,LMO1,-0.10950099663616236,7.509086997380044,-0.10479486311298884,0.010981963334870068,0.4098781238657022,0.13197277187850914,0.5514700697304616
9695,9695,LMO2,0.2702944918252081,5.672615045240693,0.396923796373681,0.1575485001276954,0.0011649763474963814,0.07937919095741641,0.0038847494310185
9696,9696,LMO3,0.726873019029468,4.438725082936358,0.3628689896271369,0.13167390363301915,0.003209846736128161,0.2370578138052189,0.009571637437462865
9697,9697,LMO4,0.16219090627530006,6.1924434514666915,0.1802164783390102,0.03247797906491493,0.15415326843292526,0.11242595521956852,0.26243624433294
9698,9698,LMO7,0.15885973576045848,6.144884443285495,0.17349468888602718,0.03010040707165936,0.17036726760125254,0.11452365371931808,0.28409182602458755
9699,9699,LMO7DN,-0.15831794401622476,7.517645084116308,-0.13261474446983165,0.017586670450798744,0.2961937283896516,0.15027599319460866,0.43491152619188395
9700,9700,LMOD1,0.3317738186288601,5.307429599197288,0.6454826305295416,0.4166478263153367,8.490228346785849e-09,0.04985711183317084,1.260150067509579e-07
9701,9701,LMOD2,0.19653398919840864,6.291466736048144,0.16544097653097356,0.027370716715522145,0.1913941498294085,0.14878954313381565,0.3115008087126937
9702,9702,LMOD3,-0.06213666979080931,7.20974663855185,-0.02922926472844305,0.0008543499165654053,0.8186556588626612,0.2698662903183044,0.8857087116797302
9703,9703,LMTK2,0.6095026814863598,3.8537824610850464,0.6262869332509768,0.3922353227609135,3.1121326588124664e-08,0.09635497719468757,3.673448518823256e-07
9704,9704,LMTK3,-0.15077482407312354,7.600868675766325,-0.2127658121513832,0.04526929082043769,0.09141771257028862,0.0879369879973317,0.17288014721068903
9705,9705,LMX1A,0.1775008847783316,6.331004935762948,0.25295231213913905,0.06398487221653643,0.043730933061588366,0.08621988869704708,0.09359491554148014
9706,9706,LMX1B,0.3194633989256906,5.585221774562188,0.31057448954532685,0.09645651355634034,0.01249921698184175,0.12417495546372195,0.031761387437430545
9707,9707,LNP1,0.1899868489439516,5.933157256334696,0.2185647711236889,0.04777055917635053,0.08272273629952202,0.10772545446062698,0.1590341667761141
9708,9708,LNPEP,0.11271117327759378,6.355721728804145,0.11478476727931185,0.01317554279936578,0.36643581955505056,0.12388160403838895,0.5096774148927111
9709,9709,LNX1,-0.05507005468031606,7.405086227753996,-0.09004147176174199,0.00810746663702058,0.4792099502185182,0.07735874016624067,0.6165948587036252
9710,9710,LNX2,0.4255859660942352,3.4288077066040694,0.4694794951460732,0.22041099636261172,9.094901351190496e-05,0.1016500688466386,0.00039938642877083275
9711,9711,LOC100049716,-0.3039343094967214,8.576690149834494,-0.3986513782122363,0.1589229213505155,0.0011033753114457127,0.08879908937703145,0.003702710734442416
9712,9712,LOC100126784,0.2279427895437804,6.1025756373991324,0.18012972217502016,0.03244671681084995,0.15435497563778813,0.1580818757145623,0.2627176764470881
9713,9713,LOC100127886,0.01897848862044475,6.960816703800327,0.009208710876421715,8.480035600552763e-05,0.9424274501182572,0.26172699950606754,0.9658888935733286
9714,9714,LOC100127940,0.18049134275693351,6.449112708861494,0.1346179027354924,0.01812197973690249,0.2888925852838729,0.16872773633517052,0.42749548546687627
9715,9715,LOC100127972,-0.4273366092614457,8.651295688807839,-0.4474702848515027,0.20022965582508492,0.0002095426385969173,0.10846576976022726,0.0008376676830009681
9716,9716,LOC100127974,0.023533373221755728,6.940039560794661,0.019388117743537273,0.0003758991096372648,0.8791378811448153,0.15412427560122366,0.9256445187042823
9717,9717,LOC100128079,-0.18769831854665087,7.726123116992031,-0.12802092811592514,0.016389358035662868,0.3133883566350377,0.1846695008838044,0.45382003898165985
9718,9718,LOC100128108,0.2627625194561583,6.062699537674082,0.22112113947633788,0.04889455832331407,0.07910362916643493,0.14718096367509198,0.15346614312839532
9719,9719,LOC100128164,0.11583078871006006,6.580964169949313,0.10998295628632156,0.01209625067347892,0.386955915784972,0.1329413536272353,0.529713025875439
9720,9720,LOC100128175,0.008991413370351961,6.986902118525682,0.005764247546064504,3.3226549772310654e-05,0.9639435359315424,0.1980989990085669,0.9785850297968942
9721,9721,LOC100128176,-0.13764515095564722,7.434294774442106,-0.06408028785423284,0.0041062832914813404,0.6149248534886529,0.2722369771778292,0.7321016934574072
9722,9722,LOC100128185,0.07013318087269839,6.723088480271334,0.049423340750391766,0.0024426666109293345,0.6981410035041783,0.17999669326229684,0.7980491675930628
9723,9723,LOC100128198,-0.05944558905423525,7.266468258106485,-0.053691498443466136,0.0028827770051047265,0.6734846101814599,0.14040784521491045,0.7792012199326556
9724,9724,LOC100128239,-0.1290096616273348,7.5100508183627985,-0.11804533345045255,0.01393470074942853,0.35288719504778376,0.13782576318471135,0.49547897353042586
9725,9725,LOC100128281,-0.047447242535090764,7.174511991072286,-0.0266263226869479,0.0007089610598294764,0.8345658833594949,0.22622986617488175,0.8963211924887101
9726,9726,LOC100128288,0.4496588726760161,5.470770781256547,0.348438335865458,0.12140927390068967,0.0047788575516684645,0.15362245426378274,0.01364352805291768
9727,9727,LOC100128325,-0.031651945407751576,7.154519769518433,-0.03662262037076374,0.0013412163228210792,0.7738803830038579,0.10968916014237028,0.8535269221083502
9728,9728,LOC100128343,-0.01652829761632857,7.131520315399039,-0.01478428848887695,0.0002185751861223395,0.907692554898038,0.14196601211310994,0.9441868708001255
9729,9729,LOC100128554,0.011376845479572805,6.978637268566909,0.007969187637580042,6.350795160295857e-05,0.9501663037687896,0.18130015324899887,0.970055693183402
9730,9730,LOC100128644,0.13184401947487542,6.4499487988033,0.18467052115779325,0.034103201384690966,0.14405826159929394,0.08911121773140765,0.24877046690053511
9731,9731,LOC100128653,0.023436990258135774,6.883186387198569,0.03837303374974019,0.0014724897191586994,0.7633803710677969,0.0775103818479432,0.8466582297297384
9732,9732,LOC100128751,0.18252737913958145,6.091684357593513,0.2326907136346028,0.05414496821178072,0.06426685943768448,0.09688697819515432,0.12907613069217747
9733,9733,LOC100128840,-0.06526558328886672,7.302376251171743,-0.07366585848811782,0.005426658706791401,0.5629275384250239,0.1122123174442188,0.6900371246798308
9734,9734,LOC100128922,-0.3325454958810901,7.992848643503077,-0.18513611322619886,0.03427538042050391,0.14303225098253786,0.22417683582189074,0.24733397708431343
9735,9735,LOC100128988,-0.14501324118916367,7.639154779758438,-0.15443682030808448,0.023850731466871573,0.2230454569496756,0.11782001671970152,0.3503081933743273
9736,9736,LOC100128993,-0.14732389035352858,7.529223771057746,-0.08841507329832067,0.007817225186347419,0.4872168351664723,0.21078847610243825,0.6240421461838267
9737,9737,LOC100129034,-0.2711654971321339,8.586225487925349,-0.19457584485480706,0.03785975940096194,0.12339138864014265,0.17360764638165693,0.21984865237800635
9738,9738,LOC100129069,0.14882886012802451,6.470977057144613,0.14619645142697613,0.02137340240984019,0.24902267384291515,0.12789777434570582,0.3812092465762991
9739,9739,LOC100129098,0.11687874976043393,6.472319594746428,0.09382677439600104,0.008803463593558073,0.4608491632067806,0.1575044448210382,0.5996802093310926
9740,9740,LOC100129112,0.12982380492266535,6.587315983425118,0.10862733217476572,0.011799897295406892,0.3928704780297549,0.1508835252512903,0.5353030788312959
9741,9741,LOC100129129,0.2253677910341049,5.901280174274445,0.29095587585815724,0.08465532169638741,0.019675455725915125,0.09411551032272474,0.047252078711843414
9742,9742,LOC100129175,0.2612532251044227,5.892589026040465,0.28707726348204776,0.08241335520834107,0.021448325940839525,0.1107109455266251,0.05092801515886841
9743,9743,LOC100129198,-0.11916078390756385,7.381007772950992,-0.07150635948611844,0.005113159446958001,0.5744596070241047,0.2110958435339271,0.699071024722981
9744,9744,LOC100129361,-0.3450150619116145,9.308002662808992,-0.2399917945795721,0.057596061465523526,0.05611884691011194,0.17724107000091874,0.11540870178902887
9745,9745,LOC100129380,0.1040315312134142,6.380251390527097,0.150091022966716,0.022527315175195267,0.2364991365961532,0.08702955110440913,0.3669142286136766
9746,9746,LOC100129406,0.08059926610616433,6.685033301723237,0.14566194580404354,0.021217402455420125,0.25077609790032784,0.06952360045628221,0.38316386124786483
9747,9747,LOC100129447,0.12992994582217227,6.5689519371738445,0.12270810516213446,0.015057279072481444,0.334057245631202,0.13345831897559304,0.47623500027279
9748,9748,LOC100129449,0.09428730101818758,6.656747465636491,0.12100300497381182,0.014641727212692328,0.3408684094843097,0.09823319902813273,0.48327014281033476
9749,9749,LOC100129455,0.16185378873401504,6.4616840956663655,0.14663661333927816,0.02150229637161297,0.2475850330963804,0.1386642505875812,0.3798377638603962
9750,9750,LOC100129461,-0.13748371695157846,7.6206357136447584,-0.1677142591319614,0.02812807271618269,0.18527901575559624,0.10263369179705624,0.3031978452495607
9751,9751,LOC100129476,0.03596684244700058,6.877912973059289,0.055381825472565004,0.00306714659267365,0.6638119877077036,0.08235162156167099,0.7713483898803564
9752,9752,LOC100129516,0.19763123804390573,6.047354723917238,0.2481972908348629,0.061601895177765535,0.04798448553108353,0.09796169045021016,0.10109982819377446
9753,9753,LOC100129550,0.1558978183530994,6.060146858385588,0.3707993837146324,0.1374921829631512,0.0025592519434504647,0.04958915513972965,0.007824453033378486
9754,9754,LOC100129603,0.023213507971972944,6.926010854693987,0.028453443746618637,0.0008095984610419912,0.8233904790382841,0.10357005812998127,0.8889924128022157
9755,9755,LOC100129620,0.08130384875465006,6.78101181117645,0.041639814772609585,0.001733874174297235,0.74389876508994,0.2477591133711068,0.8333855874506351
9756,9756,LOC100129722,0.10536365486338188,6.4861235278158285,0.09336005006454458,0.00871609894805427,0.46309208061728707,0.14270294403278988,0.6015030593670436
9757,9757,LOC100129884,-0.2430331701475697,8.07708830357443,-0.19834882453457936,0.03934225619424935,0.1161428789690718,0.15251916537782115,0.20943242935092432
9758,9758,LOC100129917,-0.055610057483782935,7.195195020777294,-0.05615411628112395,0.0031532847753139893,0.6594106829177769,0.12557121411341118,0.7676666458716036
9759,9759,LOC100129935,0.15588965264647822,6.408427405628991,0.15006897401089608,0.022520696960683,0.23656879216310545,0.1304320489020312,0.366996002170073
9760,9760,LOC100129973,0.13954316939846967,6.6036847731829855,0.10077766908824196,0.0101561385868592,0.42815570461987695,0.17495718233463048,0.5693909956446184
9761,9761,LOC100130078,0.0826417015210629,6.618087358076643,0.08145745581988928,0.006635317108649214,0.5222501977082142,0.12841830158424025,0.6552333737758621
9762,9762,LOC100130111,0.1557994995777542,6.41952863113595,0.10377347161542147,0.010768933411116687,0.4144818503086688,0.1896412203210273,0.5556273658805387
9763,9763,LOC100130219,-0.23971953867680396,7.906190824023263,-0.22372322215267665,0.05005208013037591,0.07554998406249684,0.13263142048991214,0.147669907471195
9764,9764,LOC100130232,-0.04870673126929104,7.1991058964215275,-0.04115708116686708,0.001693905330176085,0.746767852085706,0.15016905024434718,0.8352922436423534
9765,9765,LOC100130264,0.04629313908993776,6.796422680472412,0.09513310697607856,0.00905030804292201,0.4546029887276528,0.06151979914577967,0.5937414189474212
9766,9766,LOC100130278,-0.15528209563481055,7.543634828494729,-0.11102759358583414,0.012327126537461158,0.3824345455977695,0.17652294923143005,0.5254681804729635
9767,9767,LOC100130285,0.02131677547090112,6.93065181639135,0.024408264712838718,0.0005957633862920077,0.8481761391416615,0.11088156690063634,0.9047462830950533
9768,9768,LOC100130331,-0.19306243096548112,7.757423230605353,-0.13918471371320634,0.019372384531427214,0.2726932552096759,0.17444657403819366,0.4093707065210074
9769,9769,LOC100130357,0.2309614951862951,6.201106986768833,0.18144547080257167,0.032922458874766886,0.15131682966200946,0.15897478800614093,0.2586444033728641
9770,9770,LOC100130370,0.2221054406385416,5.9237031429298925,0.2281045861499923,0.052031702222659265,0.06985466842317957,0.1203999321358526,0.13817161533649558
9771,9771,LOC100130417,0.20152250746682268,6.093746930836423,0.1799489556992172,0.032381626657238836,0.15477588423443325,0.13990409806286194,0.2633099043991399
9772,9772,LOC100130428,-0.14851584642198132,7.5972774347901035,-0.11362323455763634,0.012910239431339652,0.3713377679589498,0.16492561986404206,0.5144468917632307
9773,9773,LOC100130429,0.07648659544079929,6.759333036720491,0.06374154249269652,0.004062984239348239,0.6167995519791019,0.15208376433281412,0.7334571447853043
9774,9774,LOC100130452,0.21201896607039306,6.2064695249730075,0.16128419095874422,0.02601259025321667,0.20294795519102896,0.1647645357610881,0.3260265556128882
9775,9775,LOC100130456,0.2347306064995999,5.804249444357502,0.31879357091841154,0.10162934085891227,0.010244912375029405,0.08863231674787339,0.02674868308189797
9776,9776,LOC100130458,-0.1115527153775184,7.375740287515169,-0.08246672671215269,0.006800761014616878,0.5170911249194211,0.17120787373497906,0.6504942668833544
9777,9777,LOC100130476,-0.0240955582591186,7.0900312899818205,-0.013647079032543313,0.00018624276612048328,0.9147653432508016,0.2242131062706032,0.9483552043324449
9778,9778,LOC100130502,-0.03647869827515195,7.18656419832356,-0.036566628262482206,0.0013371183024865625,0.7742169349759599,0.12661000473106074,0.8536925366314176
9779,9779,LOC100130548,-0.38704455749549344,8.270697849198973,-0.2523116367397735,0.06366116203430343,0.04428525804702168,0.18851432533545448,0.09463143098976687
9780,9780,LOC100130642,0.03334611266595057,6.91594076605862,0.025066657817786057,0.0006283373341539749,0.8441313649311968,0.1688948671713307,0.9021069988051932
9781,9781,LOC100130654,0.19622076672155309,6.249632467279822,0.1894008897206042,0.035872697026956474,0.13388722641411546,0.12919160678815458,0.23436487656597452
9782,9782,LOC100130691,-0.3645207880760449,8.313876581004502,-0.28823414576413703,0.0830789227843818,0.020905860747859037,0.15379669589785966,0.04980926554020106
9783,9783,LOC100130700,0.10393704597500524,6.487243696158824,0.0979857380123589,0.009601204853826636,0.4411264221463396,0.13406540002368925,0.5814823880922196
9784,9784,LOC100130705,-0.09994605673676704,7.357616845775562,-0.06814789763670948,0.004644135952303433,0.5926078536965704,0.18582602916128835,0.713731789181949
9785,9785,LOC100130741,0.2413143547243612,6.1069944684743325,0.2152021945805764,0.04631198455229627,0.08768114568495212,0.13907330607013674,0.16700986980452442
9786,9786,LOC100130744,-0.06875466086855146,7.295354542243378,-0.06422923191560936,0.004125394232469133,0.614101336050054,0.13566752434821924,0.7316441699033847
9787,9787,LOC100130815,-0.2602436269929729,7.96293526856613,-0.17991478519623194,0.03236932993220628,0.1548555445725251,0.18070585169778544,0.26342473037847847
9788,9788,LOC100130872,0.19926338551890094,5.868404754717168,0.2394587143418916,0.057340475874271636,0.056683860108718113,0.10260734340239548,0.11628353454474145
9789,9789,LOC100130938,0.0976099440857363,6.629520000593102,0.11422918511111912,0.01304830673115032,0.36877557827234186,0.10781249307348473,0.5119453264624375
9790,9790,LOC100130950,-0.1801079602624692,7.748734989184519,-0.15360112943512158,0.02359330696374497,0.2255901647950989,0.147149241516143,0.3534332960959244
9791,9791,LOC100130964,-0.31169284640246625,7.915105376842497,-0.15035314790993493,0.022606069086426768,0.2356721329406749,0.2602874831204857,0.365998281614337
9792,9792,LOC100130987,-0.21422123428138126,8.124608872930757,-0.30352657773241976,0.09212838338995463,0.014761585848778087,0.08540477769964464,0.03673785423987566
9793,9793,LOC100130992,-0.056250191688810736,7.185639263615396,-0.03289389875968076,0.0010820085756121274,0.7963802822556263,0.21705896518999074,0.8691032108171943
9794,9794,LOC100131043,0.2816913498212196,5.5890899169498045,0.32579901640969233,0.10614499909352296,0.008611033073942861,0.10381531700105097,0.02297017999707227
9795,9795,LOC100131053,-0.11092158631254076,7.381182390798957,-0.07371220208323953,0.005433488735960344,0.5626812555529774,0.19058896756587848,0.6899305016137096
9796,9796,LOC100131170,0.20702659505754892,6.199476962670926,0.24516937045711684,0.06010802021033899,0.05086566547957102,0.10396880555919033,0.10611714700964456
9797,9797,LOC100131180,-0.009140977185245314,7.045815206941647,-0.007307612648635194,5.340120262249306e-05,0.95429871190295,0.1588582101935003,0.9725501835540101
9798,9798,LOC100131262,-0.1265427868578619,7.73187900160322,-0.4146857295454224,0.17196425428861925,0.0006570928216849216,0.03526525286759701,0.0023323918372048008
9799,9799,LOC100131303,0.19973521432200825,5.934510671045955,0.24633427776681344,0.06068057640289761,0.04974091949439899,0.09980231101521952,0.10421242372786475
9800,9800,LOC100131347,0.032683423147620835,6.888782474109024,0.026090449465406517,0.0006807115533069312,0.8378497947694914,0.1590384982508632,0.8982888061062153
9801,9801,LOC100131496,-0.11076316612400296,7.3874048882848635,-0.10275640496987,0.01055887876233192,0.41909558692399984,0.13617130289806345,0.5600786802542099
9802,9802,LOC100131508,-0.4791865739485263,8.417760739689232,-0.2574291206362955,0.06626975215157636,0.04001499848956897,0.2284345747788069,0.086852239379735
9803,9803,LOC100131510,0.03258674543780957,6.8566139279939495,0.03280583986055166,0.0010762231289561603,0.7969137287318521,0.1260840521472275,0.8695100919881219
9804,9804,LOC100131532,0.12840561894518146,6.453952728383488,0.15507555029558126,0.024048426299477343,0.22111406129775407,0.10388646946699466,0.34795618032140574
9805,9805,LOC100131541,0.2697188508560342,5.771791401956653,0.4430283469811031,0.1962741162288087,0.0002463159063521187,0.06931670627148677,0.0009661240630420452
9806,9806,LOC100131564,0.07349645333819115,6.539505122774347,0.14128719828159006,0.019962072398261345,0.26544324319231843,0.06540171938277041,0.400876869469953
9807,9807,LOC100131581,0.14579711915222818,6.189614579312193,0.19044852976307106,0.03627064248891535,0.13170979554116938,0.09544496390901698,0.23152655430181204
9808,9808,LOC100131655,-0.0905545780274996,7.323443951165342,-0.08539827704912846,0.007292865722959702,0.5022533756351976,0.13417636719607032,0.6375694266592533
9809,9809,LOC100131662,0.42404796446655296,5.558669772162318,0.3791785380215147,0.1437763636961333,0.002002137294708912,0.131422279766741,0.006287736968723199
9810,9810,LOC100131691,-0.506472410404229,8.601912517038523,-0.3213500360745737,0.1032658456851298,0.009619901905535477,0.1895454878410244,0.025299851319452362
9811,9811,LOC100131756,-0.22527510251863725,7.85335620008713,-0.15051182588725145,0.02265380973191429,0.2351724753568325,0.18791910664545344,0.3653726424543848
9812,9812,LOC100131763,-0.19928103355705915,7.754400413682915,-0.1799706093549142,0.03238942023157913,0.15472541964534098,0.13833078428291648,0.2632447330625282
9813,9813,LOC100131860,-0.05741873976569056,7.201665480431527,-0.03693826234698412,0.001364435225214625,0.7719839299446122,0.19728082001482092,0.8520980683495885
9814,9814,LOC100131864,-0.07974815730972708,7.396075634475741,-0.08967662011263725,0.008041896194826256,0.4810000231997631,0.11248438690521052,0.6180534921017545
9815,9815,LOC100132005,0.009989823058100191,6.96518172516089,0.01621995729848119,0.0002630870147645532,0.8987737750976319,0.07820870748061742,0.9379733060115286
9816,9816,LOC100132057,-0.0076002258714143,7.044897653440764,-0.0058923632835304355,3.471994506509759e-05,0.9631426979324136,0.16380743140734585,0.9780012718618782
9817,9817,LOC100132077,0.05419807625973888,6.838986097613508,0.04688445058295673,0.002198151706465712,0.7129585509694458,0.14664975707287212,0.8100696480005956
9818,9818,LOC100132078,-0.19488362226575656,7.658355214694812,-0.151418330468404,0.0229275108018388,0.23233203200485156,0.16157138125197915,0.3618491191790176
9819,9819,LOC100132167,-0.12867559091411046,7.726502698278381,-0.16560487044867167,0.02742497311632133,0.19094848889498625,0.09731701474815156,0.3109248460050325
9820,9820,LOC100132207,0.09652118874921133,6.685192550222935,0.07014618865641985,0.004920487783022043,0.5817786619496665,0.17432177149150807,0.705082657517351
9821,9821,LOC100132319,0.16332493149384011,6.441637967680316,0.13493970969174374,0.018208725251692086,0.2877307857876878,0.15230931066271072,0.42634482273061636
9822,9822,LOC100132352,-0.00931725951739241,7.059097736158559,-0.015516753011064997,0.00024076962400639462,0.9031407896654096,0.07624988823763246,0.9405628506579619
9823,9823,LOC100132354,0.1098337898774116,6.482002009702578,0.15221510004954766,0.0231694366830938,0.2298551210842445,0.09057159313284102,0.35881723234424123
9824,9824,LOC100132356,-0.12323607685264995,7.45013814389983,-0.11432785641789607,0.013070858753111059,0.3683593766754404,0.13599813261920274,0.5115643110310178
9825,9825,LOC100132661,-0.08872477119106699,7.331999486662682,-0.09444199314090213,0.008919290068426202,0.4579017066934248,0.11877865710323285,0.5969095508335007
9826,9826,LOC100132686,0.1587390866940205,6.436009623700872,0.21427265260958855,0.04591276965634943,0.0890923013808252,0.09189996121242576,0.16931055606860637
9827,9827,LOC100132735,0.13733183970177518,6.562513783909769,0.10406107841992554,0.010828708041917892,0.41318250987416383,0.1666950956748506,0.5545377905996293
9828,9828,LOC100132891,0.558953894409189,5.015460730449079,0.4652535697670325,0.21646088418096698,0.00010723056080285056,0.13505814133079194,0.00046302647939894893
9829,9829,LOC100133039,0.16796765536184818,6.388066697209362,0.15172287407782226,0.0230198305184347,0.2313831271793716,0.13897018274920436,0.3606565622305688
9830,9830,LOC100133089,0.17592441134037742,5.93142521899606,0.2512325389830527,0.06311778864387109,0.045231984673217165,0.08607893218265457,0.0963788869525256
9831,9831,LOC100133130,-0.3501054575318647,8.570722767099438,-0.48630217641098106,0.2364898067820569,4.619848561540383e-05,0.07989217460077352,0.00021977772539577548
9832,9832,LOC100133131,-0.1038279166627846,7.3425197991409075,-0.07041437505339948,0.004958184214160807,0.5803321951459093,0.1868003269146836,0.703841707414431
9833,9833,LOC100133315,0.32289162353980505,5.397316914921789,0.4495222326445244,0.20207023764171791,0.0001943159954094004,0.08148770563557955,0.0007831589206384824
9834,9834,LOC100133461,0.12250239180010633,6.3568085608303715,0.15625994367165827,0.024417169996269816,0.21756369942333548,0.09834066349925576,0.3437873245553372
9835,9835,LOC100133669,0.06508325167710044,6.723912592821263,0.09740355552498414,0.009487452628908669,0.4438585195257703,0.08445562469793591,0.5841947511293111
9836,9836,LOC100133920,0.01617558278898933,6.966164999309603,0.009803777439943508,9.61140520919453e-05,0.9387140434867725,0.20953171929036848,0.9639535570801431
9837,9837,LOC100133985,0.06796145893678818,6.736028729077543,0.06999714038854092,0.004899599662573107,0.5825832657280071,0.12300421707715732,0.7056628604620201
9838,9838,LOC100134040,-0.10767641626435928,7.487878118381967,-0.1179551376364461,0.013913414494832944,0.3532577751539959,0.11512387829236065,0.4958522072030096
9839,9839,LOC100134368,0.04089240331041023,6.852410381988562,0.04109021337731655,0.0016884056353934044,0.7471655463566604,0.12628200007996004,0.8355845368561403
9840,9840,LOC100134445,0.07421898566534411,6.527986457291871,0.25485240086793226,0.06494974622814924,0.042120462322986135,0.03576415075220051,0.0907219625625885
9841,9841,LOC100134822,-0.1801974558010358,7.760010545290156,-0.2640061748068785,0.06969926033616007,0.035032764984662436,0.08360849551552624,0.07759503369303725
9842,9842,LOC100134937,0.0721808714695181,6.699693624737452,0.09141163783961932,0.008356087532521721,0.4725192930619887,0.0998625521946172,0.6104889500183381
9843,9843,LOC100147773,0.20027315338767385,6.17012867725125,0.2469330842002003,0.060975948072623215,0.04917072359671187,0.09981273790903383,0.10320752345515126
9844,9844,LOC100190986,0.07883856857060889,6.495702503279897,0.2635120702803017,0.06943861118341065,0.03538817649131532,0.03665345237763525,0.0782129987670375
9845,9845,LOC100240728,0.2197668247472244,6.093281722510983,0.17519439356432884,0.030693075536372943,0.16615425644383486,0.15684718988994933,0.27866096834659576
9846,9846,LOC100240734,0.15576753425231385,6.3803405806017235,0.1232871340300002,0.015199717417331234,0.3317638804950135,0.1592345943229774,0.4738077446494438
9847,9847,LOC100268168,-0.0022973090478825998,7.023025183854476,-0.001995759156181205,3.983054609481113e-06,0.9875124963782862,0.14618896217535762,0.9925082664565018
9848,9848,LOC100270804,0.06606410929741095,6.724652213348835,0.07268376613177384,0.0052829298590983936,0.5681585462420962,0.11512830279094922,0.6941702391600424
9849,9849,LOC100271832,0.2818949321400893,5.970276773277553,0.22181094931724826,0.04920009723701888,0.07814889165342996,0.15738125613334214,0.15198152211540422
9850,9850,LOC100271840,-0.4864705977472394,8.462722568090971,-0.3391796060412274,0.1150428051542822,0.006111413781034001,0.17135317376851855,0.01695179523866931
9851,9851,LOC100272216,0.1547674451032542,5.973535454271727,0.3930588362012776,0.15449524871590276,0.001314156133826722,0.04598161606592965,0.0043236176052898305
9852,9852,LOC100272217,-0.11731106849749752,7.3694452224773785,-0.06307277544791999,0.003978175002703739,0.620507824923851,0.2357412766359064,0.7363196311428569
9853,9853,LOC100286922,-0.07955890404467741,7.2914234791543375,-0.06827952674430715,0.004662093772426556,0.5918917587227435,0.14763445217253313,0.7131483912057537
9854,9854,LOC100286925,0.06842429415473752,6.708630780066755,0.10880735433159604,0.011839040356641494,0.3920819817468305,0.07939078143580533,0.5345549618383717
9855,9855,LOC100287015,-0.5564024554197406,9.106886424996286,-0.5364935292405808,0.2878253069170139,4.888319873386577e-06,0.11115320084312427,2.985238772086473e-05
9856,9856,LOC100287098,0.17992217075174755,5.976764476440841,0.2489984604971026,0.06200023332992718,0.04724494549040807,0.08887785008398619,0.09978438453084822
9857,9857,LOC100287210,-0.15689033107401587,7.6431120740489344,-0.1765639694833951,0.031174835319733276,0.1628155341780837,0.11107618525187847,0.2742722981428551
9858,9858,LOC100287221,-0.13463285234402214,7.4572731718863805,-0.0915336250343454,0.008378404511928145,0.4719260605063165,0.18601481218816915,0.6099044426035023
9859,9859,LOC100287290,0.031085725546329983,6.9145441950813975,0.024595492263629525,0.0006049382396902598,0.8470255231436524,0.16046423280265412,0.9039642059866834
9860,9860,LOC100287387,0.35885709280253003,5.950798394699781,0.1827977739658047,0.033415026166853434,0.14824082116494128,0.24511777552243344,0.2545721635469313
9861,9861,LOC100287497,0.0335475134524036,6.879078962569582,0.08354800886675641,0.006980269785599608,0.5115926684773835,0.050816801414547294,0.6457882647962568
9862,9862,LOC100287525,0.29200901083365954,5.340612895646358,0.354584144488004,0.12572991552228968,0.004042713214506336,0.09779213000099607,0.011751000625521438
9863,9863,LOC100287590,-0.0072492081840792675,7.045460306539034,-0.006408393665891575,4.106750937703925e-05,0.9599174216308198,0.1436602530094511,0.9758702298209194
9864,9864,LOC100287704,0.013919430352522466,6.942345418925228,0.023922902150952552,0.0005723052473240503,0.8511604226584376,0.07387329041998635,0.9067682861547924
9865,9865,LOC100287808,0.11388530084866168,6.542361990352343,0.1543043800924835,0.023809841715725626,0.2234474000836094,0.09261061899140516,0.3508122561306867
9866,9866,LOC100287877,0.16570112071973025,6.374267278400817,0.2006725078115804,0.04026945539138878,0.11184395058856464,0.1027345165175272,0.20337398186206795
9867,9867,LOC100287896,-0.16419011440531858,7.917579142173584,-0.3500102045181944,0.12250714326686825,0.004580116590876141,0.05580745904915155,0.013122480014901995
9868,9868,LOC100288123,0.26645709018681096,5.921695988772825,0.2354394031668941,0.055431712563583285,0.0610941586144302,0.13969117433624756,0.12381787597524437
9869,9869,LOC100288152,-0.15732629646532434,7.833173367323856,-0.463486397532048,0.21481964069723564,0.00011480237629523732,0.038199105685928096,0.0004912162534426723
9870,9870,LOC100288175,0.269910560866303,5.61075307246555,0.3386120975505056,0.11465815260755312,0.006202795659949906,0.09525264828753477,0.017175423607321858
9871,9871,LOC100288181,-0.1311375725555613,7.464297647086028,-0.0898777693817749,0.008078013429043514,0.4800126847202984,0.18455158037632585,0.6171510234292027
9872,9872,LOC100288238,-0.14081616600255406,7.429379946803309,-0.08880704168770845,0.007886690653322386,0.4852807224259735,0.20058105236745452,0.6222326453534353
9873,9873,LOC100288310,0.017278545066908832,6.950944924233456,0.01733257269706651,0.00030041807629909535,0.8918704051551702,0.12658523441050834,0.9335113902879263
9874,9874,LOC100288490,-0.6247184324354043,9.327593052622976,-0.3123557403465048,0.09756610852741314,0.011977289005303982,0.24129408853597986,0.030607528134276342
9875,9875,LOC100288570,0.09691015455129784,6.608618011620214,0.06711998175929043,0.004505091951367478,0.5982132503287391,0.1829536731067356,0.7178890515859708
9876,9876,LOC100288675,-0.003488538250422068,7.028506373487887,-0.00580780417828171,3.373058937326649e-05,0.9636712639840972,0.07628310375222831,0.9783544876500527
9877,9877,LOC100288721,0.07359285312558086,6.7862175358227566,0.07991316191533684,0.006386113447306843,0.5301937832508199,0.11658167941456153,0.661825361787901
9878,9878,LOC100288798,-0.1659986795571454,7.677558244454158,-0.14122679914249547,0.01994500879603476,0.2656496934728175,0.14778041948340678,0.4010655827659907
9879,9879,LOC100288860,-0.055829576736142486,7.254454879846812,-0.0510208711166468,0.002603129289501484,0.6888742432756291,0.13878886426329104,0.7907478389388705
9880,9880,LOC100288893,0.10511499958106477,6.495771945171474,0.1030598286098994,0.010621328273101836,0.4177160860664619,0.12884296315365149,0.5588213902371799
9881,9881,LOC100288911,0.3287670340052156,5.428586500149539,0.5154280490965792,0.2656660737955057,1.3104305416227619e-05,0.0694178512872929,7.14435382146045e-05
9882,9882,LOC100288966,-0.030877892191001562,7.107567018327434,-0.01707166599290834,0.0002914417797734229,0.8934885373167427,0.2296744058735773,0.9344748203722036
9883,9883,LOC100289019,0.27490370950171084,4.723660207181184,0.6190132979763087,0.3831774630715063,4.976595814859963e-08,0.04429603902945733,5.520910982110271e-07
9884,9884,LOC100289045,0.12378354523333815,6.510849771108836,0.18158221755034967,0.032972101730502516,0.1510036407310666,0.08513600329576783,0.2582415466016013
9885,9885,LOC100289058,0.30163231678179514,5.948350775305943,0.2747026211283808,0.07546153005480273,0.02803776422010227,0.13408546892806014,0.06400566984886302
9886,9886,LOC100289061,0.1890105831018148,6.2234995854336335,0.20056323085725608,0.040225609571900994,0.11204333470476904,0.11725288543101328,0.2036681283498509
9887,9887,LOC100289092,-0.3214495907070929,8.370843554341258,-0.37682688021345373,0.14199849765140468,0.0021463410544357514,0.10035041705306788,0.006680899171166623
9888,9888,LOC100289094,0.035771638747369085,6.880463592152455,0.03940399665207347,0.0015526749521566172,0.7572157250821228,0.11520340006836785,0.8426584341077961
9889,9889,LOC100289098,-0.2479790588349426,8.273258393736334,-0.374925792112796,0.14056934959140754,0.0022696309797720976,0.07787162975108174,0.00702527999813676
9890,9890,LOC100289230,-0.07599771821416157,7.292769642411092,-0.11900897936565236,0.014163137169654269,0.34894292905352586,0.08052440127206532,0.4915024800737675
9891,9891,LOC100289283,0.2095079459673008,5.630332005519584,0.2708125275775841,0.07333942509295976,0.03043194391830391,0.09457933296598188,0.0687608248696652
9892,9892,LOC100289333,0.2927905651398053,5.275305063907087,0.39113767243283176,0.1529886787961732,0.0013945259033735097,0.08749358134655869,0.004556882214811129
9893,9893,LOC100289361,-0.2646620263303475,8.342487045228664,-0.3059006537197956,0.09357520994619828,0.013963075976341392,0.10461194354283464,0.03494399748846329
9894,9894,LOC100289473,-0.00500122889886078,7.037215101787617,-0.007747407552013611,6.002232377699753e-05,0.9515514725528724,0.08198066759383471,0.9706038939412114
9895,9895,LOC100289495,0.03357684762068807,6.8490304123274734,0.050767682296077726,0.002577357565715484,0.6903399187963944,0.08388732570932181,0.7921423771479399
9896,9896,LOC100291323,-0.13945328397956874,7.5089731897586995,-0.1503573544697353,0.022607334043137632,0.2356588775488469,0.11645087694618672,0.365998281614337
9897,9897,LOC100291666,0.07853497975549258,6.769904329190916,0.049305552519226435,0.0024310375092261964,0.6988260162270119,0.2020425893343453,0.7985792813401553
9898,9898,LOC100293211,0.13405656972500835,6.236976619304563,0.5352409093293595,0.2864828310197197,5.193204108235366e-06,0.02686860827252299,3.1489443633401034e-05
9899,9899,LOC100294145,0.15352480951379344,6.344377114108168,0.15594831422601171,0.024319876709934886,0.21849394530889807,0.12349681771264973,0.3449610954844115
9900,9900,LOC100294362,-0.04823306676965773,7.165844451853223,-0.031089155540350143,0.000966535592212084,0.8073313280033587,0.1969382723770467,0.8773843173699053
9901,9901,LOC100310756,0.18720423847018647,5.693156104827514,0.2448104033383849,0.05993213358270269,0.05121641544971012,0.09416067585077946,0.10670555343054489
9902,9902,LOC100379224,0.29065927418202603,6.116319101823709,0.16964056291747928,0.02877792058695925,0.18020864862095606,0.2144459795843487,0.29694249626288266
9903,9903,LOC100422212,0.22399595815383427,6.2890637588860505,0.1393628274485518,0.019421997674454818,0.2720739905378674,0.20213357698156,0.4087728973841746
9904,9904,LOC100422737,0.3799365221374034,5.549039036419869,0.26975007358228553,0.07276510219764848,0.03111485013018168,0.17224574831852188,0.07006260575741752
9905,9905,LOC100422781,-0.07877153188325899,7.433107137073661,-0.092477489758712,0.008552086112072681,0.4673495419539745,0.10771405252559134,0.6055828547660005
9906,9906,LOC100499194,-0.060544856515568735,7.324727730666907,-0.06482057326782308,0.004201706718769221,0.6108364769229654,0.11837342967837193,0.7288370658309998
9907,9907,LOC100499489,0.2793699147352016,5.764541553996979,0.27342382694083817,0.07476058913897342,0.028806692650101277,0.12481721688100825,0.0655330317615236
9908,9908,LOC100505474,0.08265327002793524,6.675168764836358,0.08623987581179132,0.007437316180033191,0.4980346809227034,0.1212648809927368,0.6338862710345095
9909,9909,LOC100505478,0.13578313987240972,6.11729123511591,0.20539306945503916,0.042186312980162524,0.10348881108407294,0.08216838225653389,0.1911832625853608
9910,9910,LOC100505498,-0.2125856204254237,7.7406580840358625,-0.14356233527398687,0.020610144109320612,0.2577450520222883,0.1861124073325194,0.39173702284830525
9911,9911,LOC100505501,-0.12940867768696854,7.706938576400197,-0.26375012740356263,0.06956412970539552,0.035216568096251004,0.060106037672991476,0.07789732197388309
9912,9912,LOC100505515,0.14514756318323752,6.30897396418096,0.17841427337596913,0.03183165294427505,0.15838365529105458,0.10166225734033996,0.2682673488719427
9913,9913,LOC100505534,0.05589588745440871,6.841679168954902,0.0398396546123353,0.0015871980796301696,0.7546152040878642,0.17804243155550464,0.8407260505490919
9914,9914,LOC100505540,0.2768032175588236,5.851683023103035,0.3258314183869643,0.10616611320806096,0.008604037639897314,0.10200248167628498,0.02295434706073381
9915,9915,LOC100505549,0.4476683332534485,5.195840872603007,0.3627444564378018,0.13158354067635628,0.00322114036793686,0.1460574684479855,0.009596615849972475
9916,9916,LOC100505564,-0.2270950355689307,7.757690117216133,-0.2096793685466412,0.04396543759411819,0.09632921567941156,0.13449089761150276,0.1802790740245145
9917,9917,LOC100505570,0.24279432833501466,5.941958512736673,0.21915314379689704,0.04802810043606342,0.08187838076217374,0.1372799309622628,0.15775270335644487
9918,9918,LOC100505592,-0.2127795841924595,7.889766209620285,-0.5414840478457132,0.2932049740713787,3.831976087150607e-06,0.04195610721707666,2.406654355198561e-05
9919,9919,LOC100505609,-0.1103090256317368,7.360002319738437,-0.05215488296747623,0.0027201318173511427,0.6823236410478943,0.2682432205103124,0.7858588685720749
9920,9920,LOC100505622,0.07811261755543407,6.7124305289305175,0.07820604300770317,0.006116185162922718,0.5390440279465022,0.12645990266820512,0.6693616850267508
9921,9921,LOC100505635,0.010351717744401835,6.978575281425169,0.010058912751137895,0.00010118172573500457,0.9371223106488744,0.13069036274473833,0.96301275728218
9922,9922,LOC100505658,-0.22972191497094,7.7460365726879745,-0.19032916493880656,0.036225191026303435,0.13195652506448996,0.15048354943326636,0.23180973069453475
9923,9923,LOC100505664,0.1081092598888526,6.5405572244104615,0.12653652160155088,0.016011491299019753,0.3190787692048174,0.1076331798322356,0.4598769216060114
9924,9924,LOC100505666,0.08901520899319933,6.565510548842133,0.0970518524909708,0.009419062071929158,0.44551356709497736,0.11593365417706546,0.5856158575288931
9925,9925,LOC100505685,0.10369662839988253,6.670107859828947,0.07823602734172481,0.0061208759742151135,0.5388879588175374,0.16781423042884966,0.6693593853724522
9926,9926,LOC100505710,0.012187582796730444,6.956844446649959,0.012626567666060774,0.00015943021102561144,0.9211179630164096,0.12257497160163575,0.9527972051168068
9927,9927,LOC100505711,-0.001703030814013492,7.02603500588816,-0.002217844627442483,4.918834791475486e-06,0.9861230331455431,0.09752017569341467,0.9917101324834782
9928,9928,LOC100505715,0.4048803474187373,4.938415554398182,0.5082355507230072,0.2583033750187184,1.8081018482920965e-05,0.08713225689203845,9.505813431601202e-05
9929,9929,LOC100505716,-0.3003391884869185,8.03991989902978,-0.2236564804726404,0.05002222125740858,0.07563951653917135,0.16622310675683166,0.14777821460264845
9930,9930,LOC100505718,0.05361353616643981,6.846921541783508,0.031416465109410006,0.0009869942799707763,0.8053424350522359,0.2166241448035892,0.8761022019017466
9931,9931,LOC100505727,0.28893892030211515,5.923153859174354,0.1988069351598816,0.03952419746766537,0.1152854799209135,0.18089305137394412,0.20832001566149713
9932,9932,LOC100505774,0.17220874641370126,6.194591471805547,0.1542609159586622,0.023796430192405443,0.223579419581496,0.1400791992731923,0.35091548536374473
9933,9933,LOC100505776,0.2342103751232576,6.363930861136026,0.12659927114869227,0.0160273754553801,0.3188368941712899,0.2330615269539891,0.45971189448560373
9934,9934,LOC100505782,0.058000570260775326,6.828505879926933,0.05622845201842756,0.00316163881638861,0.6589876449655307,0.1307954579016378,0.7673483600434784
9935,9935,LOC100505784,-0.35731109350411866,8.138747984713401,-0.19616431718058655,0.038480439334925766,0.12029878032682008,0.2268348122087775,0.2154018594325524
9936,9936,LOC100505797,-0.20316666812761225,7.680438289493438,-0.1250380194102636,0.015634506298041456,0.3248897013052966,0.2047352949180372,0.46638955795599585
9937,9937,LOC100505811,0.0964199150344237,6.7162218577792485,0.06680331239941369,0.004462682547533658,0.5999448196979249,0.18289493331696047,0.7192750091819028
9938,9938,LOC100505812,-0.08495247287301608,7.370500923552912,-0.11085389957732576,0.012288587051499824,0.3831841250896075,0.09672622560783213,0.5260461664013851
9939,9939,LOC100505817,0.23781929440386146,6.241340488308477,0.1499011745616221,0.022470362134953903,0.2370993564303097,0.1992100170059788,0.36752946052243063
9940,9940,LOC100505824,0.142306854641943,6.503576812729938,0.12853926133766133,0.016522341705231598,0.311416794310075,0.13943648437170908,0.45178071151501803
9941,9941,LOC100505835,0.17571641256207612,6.3502276295540145,0.2108745094573,0.04446805873885692,0.09440349191435296,0.1034463097323962,0.17741105765905696
9942,9942,LOC100505841,0.0376785394029898,6.877262212356549,0.03927494856109808,0.0015425215844768994,0.7579865529310721,0.12174394669006165,0.8431082872328196
9943,9943,LOC100505851,0.11603432129758424,6.645139323111152,0.06549226377886637,0.004289236614880612,0.6071371406034316,0.2245263002714419,0.7255824933646419
9944,9944,LOC100505853,-0.008337534243137244,7.058737508639454,-0.009062087025514249,8.212142125799368e-05,0.9433426206333388,0.11684112346354066,0.9663112226409996
9945,9945,LOC100505874,-0.005526923813705021,7.040886096263937,-0.01561873800229875,0.00024394497678445118,0.9025072656764076,0.044935410658876164,0.9401219446231058
9946,9946,LOC100505878,-0.12435818283609225,7.3740229592416195,-0.07913674359254791,0.006262624186432673,0.5342100385492233,0.1989464341562764,0.6654195217016641
9947,9947,LOC100505902,0.16276280215738528,6.389370261172044,0.1471017824411108,0.02163893439735189,0.24607188632354945,0.13899236958186809,0.3780551045290148
9948,9948,LOC100505912,0.33157165584326576,5.659631437448749,0.3953321538586983,0.1562875118745575,0.0012244557352315967,0.09784004717808407,0.004058094420942795
9949,9949,LOC100505915,0.08623762805535068,6.536633068724888,0.14567341206181092,0.02122074298173016,0.25073839528853825,0.07438117658078215,0.383158559732785
9950,9950,LOC100505918,-0.16427626701155784,7.810378736855851,-0.1850055957781732,0.034227070469236814,0.14331931477499224,0.1108234408982812,0.24776142330466291
9951,9951,LOC100505920,-0.5498048913110011,8.854929525172732,-0.37561758977101,0.14108857374538275,0.0022240525129165988,0.17228244357815725,0.0068940534164341465
9952,9952,LOC100505938,-0.13232421446866155,7.866718560646597,-0.4676148738615537,0.2186636702565568,9.782964053386362e-05,0.03176685144748892,0.00042642932080531735
9953,9953,LOC100505942,-0.07899055197859926,7.320578727542688,-0.06793621093364484,0.004615328756020685,0.5937602939067737,0.14732398483172568,0.7145972071395856
9954,9954,LOC100505978,0.1362824185499787,6.423080933861471,0.1179025583402663,0.0139010132631799,0.35347391409640305,0.14577431686534226,0.49599365227930264
9955,9955,LOC100505985,0.15334034551021136,6.490472626481526,0.10256834179480938,0.01052026473853684,0.4199519177174112,0.18886466403122287,0.5609461373162188
9956,9956,LOC100506014,0.2417886506997264,5.84808021790942,0.30068683143089064,0.09041257059594884,0.015768004930421922,0.09739751651640416,0.03889908256644871
9957,9957,LOC100506016,0.1207788915490925,6.655815361137169,0.07663239698790401,0.00587252426811172,0.547265767691101,0.19957393629652506,0.6766996059698962
9958,9958,LOC100506022,0.03225577134153953,6.882032984699357,0.03384776916663038,0.0011456714775574944,0.7906078866604338,0.12095744774263563,0.8654139455909948
9959,9959,LOC100506047,0.07379739702898469,6.681358322628861,0.0958361402363746,0.00918456577540606,0.4512608257806441,0.09734468994348744,0.590650425022578
9960,9960,LOC100506071,0.2339476819775003,6.2632640201528975,0.1697430684194196,0.02881270927643977,0.17994168315978393,0.1724973185158258,0.29659287173276916
9961,9961,LOC100506082,-0.4440386562821759,8.492289090522684,-0.3788305892186554,0.14351261532775364,0.002022911520230358,0.13776547083218807,0.006345038958659966
9962,9962,LOC100506083,-0.403514757478043,8.286772166947058,-0.23662009291202976,0.0559890683696976,0.05977077545093061,0.2104265180527268,0.121579573773239
9963,9963,LOC100506098,-0.023262835486688102,7.167992895861117,-0.04612909527658443,0.0021278934310362038,0.7173877501724575,0.06397780106910272,0.8136506431668447
9964,9964,LOC100506100,-0.10293051485126548,7.674654970951903,-0.15891282114131486,0.025253284723091525,0.20975696586289386,0.08121481378709776,0.3344303090107129
9965,9965,LOC100506107,-0.12494358842899372,7.4244975873881565,-0.11694435912177725,0.013675983130403208,0.3574270827707702,0.1347561690632817,0.5000700011242427
9966,9966,LOC100506113,-0.10567425858880047,7.4529611802552065,-0.12173713123181194,0.01481992912055141,0.3379253158092512,0.10942287225792363,0.48013730817199235
9967,9967,LOC100506114,-0.1319044807555709,7.521296516508147,-0.10419830634507084,0.01085728704518123,0.4125633764640634,0.1598941305884365,0.5539815165455009
9968,9968,LOC100506119,-0.2790192577144314,8.246059422556122,-0.4549524860621725,0.20698176457415124,0.00015878028746550048,0.06936076568120378,0.0006549308809648405
9969,9969,LOC100506122,-0.007744365539242952,7.045223450982344,-0.005930004847905515,3.516495749618291e-05,0.9629074113320252,0.16585452105063828,0.9778540607951137
9970,9970,LOC100506125,0.005419516629953664,6.9838449959871305,0.0066120037066754785,4.3718593017090265e-05,0.9586449979824668,0.10409314412863063,0.975126000813111
9971,9971,LOC100506127,-0.12655455104607627,7.4872777949916385,-0.07668491252414683,0.0058805758088360536,0.5469904195457869,0.208973528617926,0.6764363848588895
9972,9972,LOC100506142,0.00021417184738396023,7.014809833719737,0.0001652376004681716,2.7303464608479106e-08,0.9989660642410312,0.1646105448713688,0.9992348181539403
9973,9973,LOC100506172,-0.12548471098091682,7.413474285576714,-0.06641680472764265,0.004411191950229815,0.6020612624918156,0.2394181081684981,0.7210284614124691
9974,9974,LOC100506175,-0.09476279589540508,7.5589576500973426,-0.09429119019421768,0.00889082854824213,0.4586232334825226,0.1270666706340612,0.5974544980487293
9975,9975,LOC100506207,-0.4862333637465199,8.805065382600555,-0.28296071216510016,0.08006676462898066,0.023476581108789564,0.2093152763881566,0.05507967106292937
9976,9976,LOC100506235,-0.12222006970062455,7.42468485989266,-0.07265601170485231,0.005278896036855636,0.5683067061174443,0.21307171121946933,0.6943120858094926
9977,9977,LOC100506236,0.2719556428636976,6.076204893525247,0.2504915346784293,0.06274600894555474,0.04589168075502235,0.13348664734328755,0.09754459626521486
9978,9978,LOC100506258,0.024138852564713282,6.92643548445921,0.016349469706427533,0.0002673051596813915,0.8979698037798096,0.18748177394576104,0.9373601398337805
9979,9979,LOC100506271,-0.03820047911712485,7.206909371009757,-0.04707389729187719,0.002215951806246202,0.7118491594237428,0.10294638196294324,0.809202442965057
9980,9980,LOC100506272,0.042775729220762386,6.856139496635102,0.058070714562809884,0.003372207889835341,0.6485377835390496,0.09339226408050964,0.7589756648583073
9981,9981,LOC100506274,0.11979776996174442,6.570934270749691,0.13008691969701558,0.016922606676257782,0.3055776235369321,0.1159613101310186,0.4452485155222893
9982,9982,LOC100506282,0.27059781183724635,5.948789811729898,0.22013020863914293,0.048457308755512594,0.08049130560240436,0.1522870343740661,0.15565629780497112
9983,9983,LOC100506286,0.05595289335707538,6.796778881505818,0.03133401201602872,0.0009818203090206318,0.8058433451272127,0.2266717483371314,0.8766030862877274
9984,9984,LOC100506289,0.04083617837282801,6.879676598524092,0.025672478792534027,0.0006590761673531093,0.8404130988633485,0.20194740638022105,0.8996562190857587
9985,9985,LOC100506299,0.2792581491553345,5.616205627169829,0.3513155322801203,0.12342260322126425,0.0044206626051728716,0.0945165353124678,0.012714762746051074
9986,9986,LOC100506302,-0.10453936085265947,7.501777534527621,-0.12347802303035316,0.015246822171484428,0.3310100058255669,0.10669842868403212,0.4729494375925476
9987,9987,LOC100506314,-0.3388244051603124,8.649275952895056,-0.6411781760241709,0.4111094534096828,1.1450983566653159e-08,0.051501206050104005,1.6207258113455826e-07
9988,9988,LOC100506319,0.08873308618466277,6.502668741340614,0.0936814472653732,0.008776213561734901,0.4615469197518592,0.11976281852114792,0.6003224573644393
9989,9989,LOC100506325,-0.2384448756552939,8.037226060757513,-0.4821859592125006,0.2325032992616793,5.470540845651693e-05,0.05501939967934839,0.00025536659196505156
9990,9990,LOC100506351,-0.10104308985582934,7.335113105723026,-0.06316135685640628,0.0039893569999423,0.6200161026222053,0.20276421564620947,0.7360184575311839
9991,9991,LOC100506368,0.14242971284814918,6.37636493989205,0.17272541530386026,0.029834069091891,0.17229950372196584,0.10315054291496448,0.28652632107964754
9992,9992,LOC100506371,0.09716264296159716,6.544914833544074,0.16538516257237798,0.02735225199909189,0.19154608962260297,0.07358422552200942,0.3116167508660106
9993,9993,LOC100506374,0.13950367793664553,6.293438873992647,0.15200797672912167,0.0231064249892812,0.23049723392245003,0.11519856285072533,0.35963812959079583
9994,9994,LOC100506379,0.005988917650432345,6.995994941357561,0.002402203334877573,5.7705808620969324e-06,0.98496963595932,0.3166222844751861,0.9910104291548145
9995,9995,LOC100506388,0.3532241684617186,5.701474268386747,0.4326159909358331,0.18715659561339287,0.00035676325596210087,0.09348790794753246,0.0013475856109993536
9996,9996,LOC100506405,-0.0906244668740986,7.3551616120254195,-0.1051202287418482,0.011050262490738486,0.4084178535606877,0.10888058171203807,0.5501205833710701
9997,9997,LOC100506406,0.07185138393719091,6.656507576328203,0.08543192822961543,0.0072986143610301625,0.5020843386772693,0.10642126039787896,0.6373922121031931
9998,9998,LOC100506411,0.1297233657000267,6.536663058867679,0.08214325772450914,0.006747514789595131,0.518741787476544,0.19988503054278853,0.6521161852899431
9999,9999,LOC100506446,0.18064215053838184,6.243821964492371,0.1886461705174143,0.03558737765088536,0.13547260144039644,0.1194281485127422,0.23656634014932548
10000,10000,LOC100506457,0.1771681230372186,6.331292116539866,0.10899150243930383,0.011879147603976773,0.3912763835237574,0.2052117066715918,0.534040721366883
10001,10001,LOC100506459,0.13199292018574516,6.518212260925051,0.14653871117702638,0.02147359387342396,0.24790430633970315,0.11315889550279032,0.38000762750663775
10002,10002,LOC100506469,-0.5484665785559412,9.6106331041711,-0.4897560621269757,0.2398610003901221,4.0022806970012464e-05,0.12399980748027195,0.00019393463525075406
10003,10003,LOC100506470,0.23160935796729026,5.817696037437082,0.21971605395142496,0.04827514436398549,0.08107696315230391,0.13060330680550422,0.15657780117119593
10004,10004,LOC100506472,0.4042000681644502,5.0920476917941135,0.3667986287690514,0.13454123406685636,0.002871076933474832,0.130195515283463,0.008673712471316613
10005,10005,LOC100506476,-0.13458389111582325,7.627719021123577,-0.2142596468765588,0.04590719627966766,0.08911217148672079,0.07792057722627635,0.16933345678702516
10006,10006,LOC100506489,0.23616722080185665,6.297563185327767,0.17388891374559431,0.030237354323622737,0.1693832272111484,0.16985745212825834,0.2827623947932022
10007,10007,LOC100506497,-0.028751658400326008,7.119823968142758,-0.031137862189139238,0.0009695664617098273,0.8070352852981477,0.11721079784510648,0.8771921833547004
10008,10008,LOC100506498,0.1452195081556331,6.557255832890067,0.0958278790280407,0.009182982399012805,0.4513000199687637,0.19157285403669091,0.590650425022578
10009,10009,LOC100506504,0.12040025912216107,6.45344392881972,0.1254081304721173,0.015727199188511596,0.3234482655250215,0.1209660850219588,0.4647824943559616
10010,10010,LOC100506526,-0.06545375680562449,7.265534741429713,-0.07910434073095933,0.006257496722479709,0.5343779771428719,0.1047551422797411,0.665513865598625
10011,10011,LOC100506530,-0.2311399535171177,7.758544705513014,-0.14768153149325625,0.02180983474419364,0.24419489216685986,0.19659145432129554,0.3758914124163598
10012,10012,LOC100506538,-0.2938943324993165,7.935285725281439,-0.13293731538545595,0.01767232982189219,0.29500995187056434,0.2782765759739947,0.43367324063248053
10013,10013,LOC100506557,0.1116940648445266,6.583396204746037,0.12991874712021162,0.016878880853285497,0.3062086696456792,0.10825948097591592,0.4460479443816214
10014,10014,LOC100506563,-0.15364104346553373,7.58371302446871,-0.1357601872058294,0.01843082843016184,0.2847825987816021,0.14239653779951686,0.4227424716627087
10015,10015,LOC100506571,0.08800699964204531,6.527794455844097,0.09256487252198692,0.008568255625011689,0.4669270665353496,0.12022826314899875,0.6051774973559371
10016,10016,LOC100506585,0.27546506673015353,5.826441635613405,0.3172054476703718,0.10061929603176098,0.010650686079968712,0.1045928102930698,0.02764811880385069
10017,10017,LOC100506603,-0.04737746106573034,7.218990304353347,-0.04401814212007238,0.00193759683570289,0.7298146387695372,0.13655986488668145,0.8231749571620568
10018,10018,LOC100506606,-0.25711921505851404,8.070198971682585,-0.21252870495632148,0.045168450430411136,0.09178791957967287,0.15013587287570915,0.17342879316794488
10019,10019,LOC100506639,0.12600124628392767,6.5457060663722,0.07461984711921682,0.005568121584095291,0.5578680324310333,0.21385143069379808,0.6855815357978563
10020,10020,LOC100506655,0.02560091373939497,6.917529483249536,0.030248017702670407,0.000914942574941062,0.8124480408124591,0.10743948917812916,0.8812048002721563
10021,10021,LOC100506667,0.2075191891467452,6.185235959159009,0.1963342910695095,0.03854715384976688,0.11997139527081092,0.1316225356833304,0.21490450530146502
10022,10022,LOC100506675,0.0459932828558455,6.837184266823917,0.030240312833799063,0.0009144765202860325,0.8124949466606408,0.1930694760512048,0.8812048002721563
10023,10023,LOC100506679,0.005975789093846017,6.98901966364558,0.008112666223574044,6.581535325511916e-05,0.9492702595662342,0.0935452017905146,0.9694838412747832
10024,10024,LOC100506691,-0.1841067118204328,7.835158513649107,-0.26735566525816484,0.07147905174563589,0.032701028117217486,0.08427140577083986,0.07309462880660039
10025,10025,LOC100506699,-0.0049279023023984245,7.032261449577487,-0.0042433299039618426,1.800584867385681e-05,0.9734531253316606,0.14748760948596087,0.9846845772167933
10026,10026,LOC100506713,0.12109581072235308,6.458263314787289,0.09701781137212166,0.00941245572343658,0.4456739400247405,0.15777138304293148,0.5857297548847336
10027,10027,LOC100506725,0.1047227718690408,6.6512468019976865,0.09859124813114367,0.009720234208056741,0.43829485161421256,0.1342412143371858,0.5788405509242543
10028,10028,LOC100506730,-0.06797777785526397,7.324258853395097,-0.09341631232671507,0.008726607408722378,0.4628213891743105,0.09201213846674984,0.6012957272959979
10029,10029,LOC100506731,0.09351643335334804,6.730251680017383,0.072556536814938,0.005264451034577453,0.5688378752717741,0.1632560799194449,0.6946866788298144
10030,10030,LOC100506790,-0.05833173829395918,7.266936591632768,-0.0697298387982736,0.004862250418833223,0.5840275013357765,0.10598197617503513,0.7066612025158541
10031,10031,LOC100506791,-0.1979616741890682,7.975017184141882,-0.25922218108130285,0.06719613916454778,0.038601872890992164,0.09367167373948164,0.08424950185995114
10032,10032,LOC100506797,-0.07789626536179982,7.3790855483751185,-0.10248280904973156,0.010502726150723738,0.4203417159090638,0.09602339832395604,0.5612936953820543
10033,10033,LOC100506813,0.16880889758597453,6.278205596125196,0.134216054823124,0.01801394937228383,0.29034767553552665,0.15828788613326122,0.42894521174251804
10034,10034,LOC100506827,-0.16125029840922075,7.584420891105525,-0.144966501568511,0.021015286577013098,0.253070033195958,0.13977354470221334,0.3858157762298376
10035,10035,LOC100506834,0.3108366393649762,6.007369857879723,0.18473383694066067,0.034126590510818615,0.14391841212247494,0.21001485486625784,0.248571526760297
10036,10036,LOC100506844,0.6219884668298327,4.720517205662676,0.5908544270483362,0.3491089539626177,2.7504580230732545e-07,0.10785993193175454,2.375794514944209e-06
10037,10037,LOC100506851,0.25342806808453905,6.1530675505844,0.2087957793024702,0.04359567745452585,0.09777254833119052,0.15075020726439478,0.18258576527353662
10038,10038,LOC100506858,-0.07808381442374768,7.453671777327048,-0.09021078769464028,0.008137986216487463,0.4783804416283838,0.10947938016457977,0.6158202629569998
10039,10039,LOC100506860,-0.193686753721006,7.8251008763703265,-0.2695644738008397,0.07266500553552363,0.031235453321476286,0.08787386820449274,0.07030493105462726
10040,10040,LOC100506885,-0.4672702315238396,8.636279533599168,-0.3520402876652343,0.12393236413942095,0.004334264942481903,0.15777882613998956,0.012504464072667946
10041,10041,LOC100506895,-0.1813884537852146,7.63053073230659,-0.16300876265873115,0.026571856703530544,0.19809577375936405,0.13942953925547666,0.320083866643712
10042,10042,LOC100506922,-0.050950234119454166,7.292312996229854,-0.12596387199313822,0.01586689704750371,0.32129152183271903,0.050960215682963744,0.46248124868967894
10043,10043,LOC100506929,-0.15825243674822168,7.551516990966205,-0.14284300075780146,0.020404122865493268,0.26016249289972354,0.13925765269424914,0.39466331234630564
10044,10044,LOC100506990,0.15585406006282193,5.925876723659288,0.32957226851242594,0.1086178801724266,0.007828984988260014,0.05670267836669684,0.02111291032637243
10045,10045,LOC100506999,-0.4317045604307703,8.269153440588532,-0.19168089592921805,0.036741565864227714,0.12918282155381886,0.2807264742569744,0.2280657101539171
10046,10046,LOC100507006,-0.0853308396738428,7.396972017085752,-0.08768448944402944,0.0076885696890601095,0.4908363593268241,0.12311512032060082,0.6275275334291165
10047,10047,LOC100507033,0.16419578711728114,6.383579141734483,0.16382879970790207,0.02683987561373189,0.1958178240168416,0.12556484601737009,0.3169707713473393
10048,10048,LOC100507053,-0.1546977875737713,7.592619762464875,-0.11077947466894073,0.012272092007926477,0.38350557556575937,0.1762575053073569,0.5263539890275396
10049,10049,LOC100507054,-0.09047700494231767,7.495733802430752,-0.12913056923428567,0.016674703910770645,0.3091774271086805,0.08823927095658403,0.44941490159060815
10050,10050,LOC100507065,0.05306688799860625,6.809844490077351,0.04108599384657816,0.0016880588903610586,0.7471906440993933,0.16389553092369394,0.8355845368561403
10051,10051,LOC100507073,0.2683800423897609,5.9377999470302,0.2025589319545893,0.04103012091458393,0.10844490204754033,0.1647803637283344,0.19851008908195147
10052,10052,LOC100507140,-0.2326408213557929,7.779297238487326,-0.16232518869570567,0.026349466885096453,0.20000904841487474,0.17959974443323246,0.3223815365406857
10053,10053,LOC100507156,0.07142325974163237,6.729332202521364,0.05802026280528973,0.0033663508959948865,0.648823075279609,0.1560744826665251,0.7591883259409381
10054,10054,LOC100507165,0.23436969318378645,6.146034052614852,0.2674511204894832,0.07153010185108008,0.03263652545822834,0.10723710942267736,0.07298058227983628
10055,10055,LOC100507194,-0.15192344383442566,7.560176030361366,-0.12087813901915233,0.014611524492733516,0.34137058273514176,0.15844733024190732,0.48364930847290116
10056,10056,LOC100507201,0.4905238274436654,5.5662713944295374,0.20801751206968755,0.043271285327662605,0.09905775212711754,0.2929265725923052,0.18450848291009203
10057,10057,LOC100507217,0.07065795942551151,6.667220827924424,0.07629461917137867,0.005820868914505699,0.5490383932569005,0.1172745183614923,0.677923731667133
10058,10058,LOC100507221,-0.32867864095366683,7.9578431632147835,-0.16606099253586545,0.027576253241996758,0.18971212353635128,0.2478767460355377,0.30912084538598095
10059,10059,LOC100507250,0.07510769475413645,6.73091956479542,0.05925114953952081,0.0035106987217546565,0.6418771621563362,0.1607045331160638,0.7535836240984256
10060,10060,LOC100507277,0.020784834045607558,6.940907847247972,0.019789015722462732,0.00039160514326387705,0.8766580722580795,0.13336487748626005,0.9239769568163492
10061,10061,LOC100507283,0.1956915499967284,6.34310905740314,0.11087571928931697,0.01229342512792342,0.3830899135585011,0.2227684845751192,0.5259501729607139
10062,10062,LOC100507291,0.07197984588349897,6.6099519309075765,0.06903854400224282,0.004766320557949619,0.5877701000962399,0.1320948774295107,0.7097953677864631
10063,10063,LOC100507311,0.3979649786913472,5.634910666429486,0.3112034756441629,0.09684760325300712,0.012312715828206382,0.15434234390519422,0.031357386952817735
10064,10064,LOC100507316,-0.21284395756324476,8.016349692431904,-0.1700730617260668,0.028924846324878524,0.17908419547581567,0.15662330055925985,0.29535934905017425
10065,10065,LOC100507336,0.3141102561931381,5.864092457388973,0.2090048542483936,0.043683029099392236,0.09742951372942933,0.18665121907123924,0.1820707731973414
10066,10066,LOC100507351,-0.00266375669037794,7.027748551932187,-0.002781559978737106,7.737075915311969e-06,0.9825963787602406,0.12162100829844005,0.9899104248454529
10067,10067,LOC100507377,0.004577532770847121,6.9971384580132225,0.004445040429090206,1.9758384416246444e-05,0.9721916829192012,0.13078429977173006,0.9837762099820235
10068,10068,LOC100507384,-0.01461132319803291,7.071029219519877,-0.01822907098452609,0.00033229902895889093,0.8863137482079222,0.101778722792832,0.9300796771391042
10069,10069,LOC100507388,-0.1862392187646436,7.773231763373309,-0.15756850974630005,0.024827835263669853,0.2136878311248464,0.14823355256845142,0.33895473066280024
10070,10070,LOC100507389,-0.26447206123650063,7.879214517650339,-0.1750118701869306,0.03062915470632705,0.16660297339523275,0.18895632180833302,0.2791756858990765
10071,10071,LOC100507391,-0.13825007558351754,7.695849136797726,-0.14538547761135215,0.021136937100280976,0.25168633169294874,0.1194839236258518,0.38433590810315243
10072,10072,LOC100507395,-0.14917084045171014,7.728275874187741,-0.17653685880489978,0.03116526251670112,0.16288114143460125,0.10562763307372157,0.2743596958136154
10073,10073,LOC100507403,0.04610193885227978,6.831626794395231,0.04137871180207014,0.0017121977903987785,0.7454501810326075,0.14137553512444856,0.8344649092923813
10074,10074,LOC100507419,-0.06443207565415747,7.272252920509174,-0.06602778781018602,0.004359668763106952,0.6041947541849243,0.12366043526498838,0.7230237291044727
10075,10075,LOC100507431,0.6255867441132927,4.305014221720953,0.4928820499801619,0.2429327151926469,3.510130970519152e-05,0.1402542178160676,0.00017232347804713725
10076,10076,LOC100507443,0.15688527638739228,6.363635560941219,0.12942920753763434,0.016751919763820018,0.30805039733669104,0.1526460616923696,0.4482181921874652
10077,10077,LOC100507459,0.07094711375120663,6.729387677617622,0.1263250170768261,0.01595800993946041,0.3198948994377188,0.07075486998268009,0.4609042379214926
10078,10078,LOC100507461,0.013862499647807407,6.968720262850362,0.009382526949030143,8.803181194927692e-05,0.9413426521983852,0.18763193880935405,0.9653710519679879
10079,10079,LOC100507462,-0.563013587860293,8.806518284228682,-0.3760872605501637,0.14144162754812672,0.0021935767244939653,0.176164876171282,0.006817150397376122
10080,10080,LOC100507468,-0.15128418265286728,7.527710198345895,-0.1058225480035055,0.011198411665954226,0.4052761046690594,0.18054025097893536,0.5474210358413474
10081,10081,LOC100507477,0.004067486388629048,7.001273335655821,0.00434358728253113,1.8866750480966165e-05,0.9728261348385879,0.11892621957227835,0.9842802387482886
10082,10082,LOC100507480,-0.16998805277631693,7.661193086037019,-0.17942880336901815,0.03219469547843778,0.15599178509031786,0.11836529711606825,0.2649796870069257
10083,10083,LOC100507494,0.14710375932525072,6.340993233639531,0.13306915485521373,0.01770739997388085,0.29452701646119483,0.1391460762753413,0.4332456993117841
10084,10084,LOC100507501,-0.39151772281112396,9.434048025658683,-0.4478939206139188,0.20060896412290732,0.00020631228279690183,0.09925674993354484,0.0008264322019916592
10085,10085,LOC100507506,-0.0970670424677177,7.404012471002084,-0.09136077520094538,0.008346791245317675,0.4727667600450293,0.13436807253219785,0.6106265172834969
10086,10086,LOC100507507,-0.4526065583071364,9.287031571603922,-0.4825418545841262,0.23284664142548805,5.3916381954698904e-05,0.10433526037753044,0.0002520637416297506
10087,10087,LOC100507513,0.15263846009992246,6.402197201689602,0.16258441958088812,0.026433693490454283,0.19928193620690465,0.11764459363512272,0.32154461877360263
10088,10088,LOC100507516,-0.015520245197647404,7.0654552592523565,-0.018667505389479245,0.0003484757574662366,0.883598220507188,0.10557005901620443,0.9284898808755413
10089,10089,LOC100507520,0.13275449808255932,6.348595351240716,0.1129321577528874,0.012753672254723044,0.37427301869733054,0.14833667421906874,0.5170578768670299
10090,10090,LOC100507530,0.4984718314893791,3.7808332337507635,0.37508019014610106,0.1406851490400353,0.0022593868689364358,0.15645765184626415,0.006994570785821089
10091,10091,LOC100507534,-0.039772736116963074,7.149075178801566,-0.03271571171560825,0.0010703177930587874,0.797459806219265,0.15431235897660567,0.8699305880649935
10092,10092,LOC100507535,-0.20527926737885405,7.967454167585258,-0.3953654153929823,0.1563138116888654,0.0012231852829868155,0.06056769376606703,0.004054504408859558
10093,10093,LOC100507537,0.5932801699540133,5.311748403146414,0.3276734890560231,0.1073699154301477,0.00821440447751302,0.21724932823408635,0.02202339098186758
10094,10094,LOC100507540,0.17629362488249334,5.9471633662675085,0.2248035190965544,0.0505366221981949,0.07411249236737241,0.09704580491074502,0.14522722126644194
10095,10095,LOC100507557,-0.0963335152664454,7.35289309630587,-0.09896102436991004,0.00979328434434193,0.4365706788509155,0.1230213008619888,0.5771455402809643
10096,10096,LOC100507560,0.31958671499666524,5.415311299204691,0.31417096421600443,0.09870339475641393,0.011464902677264658,0.12264806355045706,0.02944407821112028
10097,10097,LOC100507562,0.392016388905886,5.706971884905148,0.309659381146046,0.09588893233175216,0.012774911973075186,0.1528744932315894,0.03236320996454646
10098,10098,LOC100507564,-0.2772461336306519,8.059836175887211,-0.364691829689704,0.1330001306424241,0.003048518442105576,0.08989864292553006,0.009149780577102739
10099,10099,LOC100507600,0.038583477040211166,6.879634752485504,0.0265885191543374,0.0007069493508205665,0.8347974575129948,0.18422891797789875,0.8965254385262796
10100,10100,LOC100507616,0.15499739224149406,6.496400810759268,0.12799895378586704,0.016383732170276527,0.3134721161714533,0.15252287332206496,0.45388062822230685
10101,10101,LOC100507630,0.07690926952733781,6.725418637973196,0.08360636850718044,0.006990024854958453,0.5112967515957778,0.11641804108859635,0.6456053152073801
10102,10102,LOC100507634,-0.32816953673608845,8.062936468439286,-0.14456316230605798,0.020898507895927662,0.2544069680504377,0.2852716641598777,0.38756123061077935
10103,10103,LOC100507642,0.2909132262789914,5.880561353610205,0.2536860851605939,0.06435662980410807,0.04310309345122918,0.14087247595191765,0.0924980169147129
10104,10104,LOC100507654,0.0376962427685424,6.889041094652711,0.01893452648165337,0.00035851629308443283,0.8819450255811319,0.2527958310095053,0.9277280975079183
10105,10105,LOC100507656,0.1636909615224349,6.085659743829672,0.19766024103283328,0.03906957088515775,0.11744081529971125,0.10309925034149403,0.2114032298682666
10106,10106,LOC100507670,-0.13212816818087936,7.6640282405352105,-0.14055650024445868,0.019756129760970517,0.26794808303359924,0.11819951698827365,0.4037867597837572
10107,10107,LOC100508631,0.13565726070754475,6.45706806024913,0.1315593896396605,0.01730787300236001,0.3000883296756359,0.12981775274480425,0.43946796369283125
10108,10108,LOC100509303,0.2465899342299732,6.0854818363149,0.15627036561147895,0.024420427168345308,0.21753263694852906,0.1979402985305123,0.3437691931051884
10109,10109,LOC100509814,-0.21022190433443536,7.708101236626179,-0.14835688491461074,0.022009765301567064,0.24202076574369785,0.1779678994746473,0.37336750603261215
10110,10110,LOC100630918,0.014299031050834575,6.941251219390327,0.013395075334793591,0.00017942804322479568,0.9163335723089436,0.13555846368797322,0.9492993115031418
10111,10111,LOC100630923,0.008984249412782006,6.9801232910350075,0.005299528844232074,2.8085005970847748e-05,0.9668487356888759,0.21529928930317296,0.9803394377179663
10112,10112,LOC100631378,0.16520655369838094,6.453820989918642,0.09444689160942492,0.008920215334682461,0.4578782800680693,0.22115566404464126,0.5969095508335007
10113,10113,LOC100652768,0.054705056952339626,6.707832982517678,0.07864291542120896,0.0061847081459474275,0.5367722843388951,0.08806936441474762,0.6676126481740723
10114,10114,LOC100652770,-0.012964538875283321,7.0721919516274045,-0.01783387666714767,0.00031804715697903406,0.8887625775078482,0.09230949958587456,0.9314758307972342
10115,10115,LOC100652824,0.013660294054586868,6.961483358527032,0.01728026381856228,0.0002986075176391127,0.8921947875848745,0.10038041419299767,0.9336270477022546
10116,10116,LOC100652911,0.07334639061154136,6.648030959684327,0.09513308598567063,0.009050304049157005,0.4546030887170408,0.09747138154558624,0.5937414189474212
10117,10117,LOC100652999,0.2330579231786945,5.912517786148027,0.2075517340335422,0.04307772230033025,0.0998331901910662,0.13950185861090994,0.18572918673432465
10118,10118,LOC100653005,0.20817350887974484,6.129663223493352,0.12082471386382515,0.014598611480275222,0.3415855836594135,0.2172103060029158,0.48381423337985474
10119,10119,LOC100653086,0.2509205651944056,5.60775040360048,0.2554456354299273,0.06525247266019935,0.0416277958142456,0.12061160262346113,0.08980373763274442
10120,10120,LOC100996246,0.045325202793451216,6.786047717897928,0.05187316280429465,0.002690825019320857,0.6839488376766004,0.11081947536358223,0.7871027305036288
10121,10121,LOC100996251,-0.012139397048802358,7.0559321905449925,-0.008967335756752369,8.041311057432958e-05,0.9439340610342104,0.17191761531295546,0.96670097383286
10122,10122,LOC100996255,0.11936172058684345,6.461983649005942,0.19203106739589887,0.03687593084520825,0.12847153923350024,0.07747094399967308,0.22712475974377075
10123,10123,LOC100996263,0.047431569785803936,6.843113064846406,0.03973102879862714,0.001578554649397339,0.7552633585139572,0.15149517216010747,0.841231767751247
10124,10124,LOC100996286,0.2287637290290333,5.9136235262775,0.2574497655517503,0.06628038178265121,0.03999848774794775,0.10904532814935322,0.0868338097425372
10125,10125,LOC100996325,-0.08352258640925117,7.251884717203443,-0.037777218811082015,0.0014271182611003685,0.7669497612505926,0.2805872883279777,0.8490081320867796
10126,10126,LOC100996342,0.0941771735558682,6.554124204736043,0.13372215565772466,0.017881614913748744,0.29214266265209965,0.08863971663841554,0.4308621780107074
10127,10127,LOC100996345,-0.012153280900644627,7.0684668325507305,-0.015642467006747388,0.00024468677405718064,0.9023598713476324,0.09865958946903733,0.9400395927278097
10128,10128,LOC100996385,-0.119132007566156,7.469303763207969,-0.08033583922100404,0.006453847063343011,0.5280136668864217,0.18772292123698225,0.6599028081275156
10129,10129,LOC100996404,0.023185018088304785,6.9468433954603555,0.014154135131093568,0.00020033954130925716,0.9116108996648896,0.2080102563498014,0.9468888658433933
10130,10130,LOC100996412,0.1513702666158009,6.16301137719177,0.3710156051342524,0.1376525792531355,0.002543294480070988,0.0481164622896408,0.0077789607296521535
10131,10131,LOC100996425,0.11823317969441816,6.469467144302287,0.12445331807347855,0.015488628379498425,0.3271751779640641,0.11971468115192485,0.4687072293471691
10132,10132,LOC100996455,0.1049078343972178,6.6526747433418665,0.14946956554107224,0.02234115102303689,0.2384678257429792,0.08813592621705038,0.36914867156081316
10133,10133,LOC100996457,-0.0416193391392377,7.16905364543678,-0.03852473267228663,0.0014841550274711489,0.7624723576321402,0.1370999138243595,0.8462579521564243
10134,10134,LOC100996506,-0.09904665789950992,7.614195327381016,-0.08427134514308425,0.00710165961222483,0.5079311065859493,0.1487361197275394,0.6425920496067495
10135,10135,LOC100996542,0.21390088408932809,6.343831590229843,0.15758318592781784,0.02483246048716121,0.21364463887153012,0.17023406765558394,0.33891104349593326
10136,10136,LOC100996549,0.09585696397280194,6.712184628612647,0.06188481522400049,0.003829730355308683,0.627118207923105,0.19634078113789333,0.7412797375859628
10137,10137,LOC100996579,-0.18797496449593848,7.919063339030245,-0.3271638112647349,0.1070361594012671,0.008320638703670849,0.06895342522990551,0.022277872295745828
10138,10138,LOC100996583,0.045357863643236636,6.754129246812664,0.07567524405255363,0.005726742562413557,0.5522959767831126,0.0759024501698176,0.6807427501416303
10139,10139,LOC100996590,0.08648088377872842,6.704555999786838,0.06274055927384523,0.003936377777994886,0.6223534558149053,0.17471066966185625,0.7378224069676872
10140,10140,LOC100996624,0.2365548439017741,6.293515315503282,0.1683439921304638,0.028339699686421662,0.1836102499065458,0.175912057520786,0.30108132377148644
10141,10141,LOC100996634,-0.020441948783095725,7.07831244512316,-0.014537040719737515,0.00021132555288730668,0.909229705630118,0.17856837666091332,0.9454020857107631
10142,10142,LOC100996654,0.32734260223512385,5.601902336560603,0.29493742753156715,0.08698808615893842,0.017986942381046346,0.13468369424155338,0.0436912212295635
10143,10143,LOC100996671,-0.01984285048767897,7.084616857156175,-0.016780460308741578,0.00028158384817325154,0.895295093054608,0.15015617323499988,0.9354699753967448
10144,10144,LOC100996681,0.1851966641319452,6.135506370931566,0.2082599516432478,0.043372207458447914,0.09865599306950663,0.11045949382198918,0.18396485738048796
10145,10145,LOC100996694,0.3346831013901786,5.610351269058118,0.2747454271490041,0.0754850497392887,0.02801232677165973,0.14875255586460748,0.06396783045874634
10146,10146,LOC100996724,0.031382089801342314,6.851433764439397,0.02644546000423296,0.0006993623548354856,0.8356739252961306,0.1506547997765938,0.8970951497001419
10147,10147,LOC100996740,-0.21189165279247005,8.794749980627714,-0.4633860062199242,0.21472659076045164,0.0001152469420293838,0.051461866668740766,0.0004927290285580071
10148,10148,LOC100996756,0.12332129949712375,6.383551719082376,0.3073377131027035,0.09445646989519972,0.01349802828244618,0.04849322398123456,0.03392523241137094
10149,10149,LOC100996760,-0.03947578186629125,7.133661281468098,-0.02744395099863818,0.0007531704464156536,0.8295607715760294,0.18261003933713169,0.8927167176106403
10150,10150,LOC100996843,0.12741154535831947,6.5478471642082585,0.1807006273617216,0.03265271672891977,0.1530312136332313,0.0880733440377733,0.26097739259943487
10151,10151,LOC100996902,0.010051916785503878,6.982878482907855,0.006530684276521871,4.264983711960998e-05,0.9591531767125372,0.19547224007983344,0.9753680226208027
10152,10152,LOC101059948,-0.01745621909808639,7.0788772597954415,-0.018320544259638444,0.00033564234196937115,0.8857470823244851,0.12098821574038482,0.9298004298675032
10153,10153,LOC101060004,0.08956912581724362,6.627795146698603,0.09386080331137192,0.008809850398256044,0.4606858639521441,0.12065816403796092,0.5996552448014666
10154,10154,LOC101060019,0.17370589652751003,6.4627731252649365,0.14750871519180764,0.021758821057537826,0.24475337278116666,0.14791901500875232,0.3765369627434047
10155,10155,LOC101060091,0.15250438666272062,6.486570625124703,0.15975807545234946,0.025522642672238572,0.207311688654941,0.11967668402304192,0.33151193456082906
10156,10156,LOC101060264,-0.17131690584845952,7.9063144893039405,-0.6551270906925618,0.4291915049593001,4.268343930735243e-09,0.0250913502347425,7.107702488221592e-08
10157,10157,LOC101060391,0.013185897639451155,6.973686699692651,0.010210258202789658,0.0001042493725676335,0.9361782152398817,0.16400401936291467,0.9624732413199044
10158,10158,LOC101060400,-0.1628577660366689,8.120352585606522,-0.3016560718576381,0.09099638568858057,0.015418078605358702,0.06537073410036164,0.038157541965604884
10159,10159,LOC101060424,0.26523293552729943,5.846216907804749,0.2868303482331727,0.08227164866756312,0.021565640456458385,0.1125028647351574,0.05113368488827399
10160,10160,LOC101060510,-0.263492439506662,8.09494161623304,-0.2710969056963846,0.07349353227815446,0.03025130190480241,0.11881519379682785,0.06837406771198165
10161,10161,LOC101060553,0.08771374430428258,6.705531396644412,0.07911574736844387,0.006259301481667434,0.5343188554902736,0.140360662379513,0.665513865598625
10162,10162,LOC101060609,0.12912145213105772,6.397174479024397,0.16270380106776006,0.02647252688189724,0.19894771958486185,0.09944408675991746,0.32110246412490756
10163,10163,LOC101060691,-0.08392716205833607,7.384124609939171,-0.11429080980722366,0.01306238920639097,0.3685156080899112,0.09264889268849276,0.5117156456035284
10164,10164,LOC101559451,-0.4077089889084637,8.432115322476086,-0.2426554016549677,0.058881643952333675,0.053363833392750464,0.20700774788916254,0.11053012601903407
10165,10165,LOC101593348,0.038033168370436785,6.860691375276778,0.044063765470222116,0.0019416154274147395,0.7295453137962358,0.10951233221369994,0.8230426553924192
10166,10166,LOC101926892,0.2343404212428868,6.2557538676194495,0.1779976176434166,0.03168315188673193,0.15937377676070413,0.1645303100204987,0.2696298588511188
10167,10167,LOC101926906,-0.07126765040645015,7.244548891644312,-0.052345434365945125,0.0027400444989594693,0.6812251955559725,0.17267202352963704,0.7851783909817216
10168,10168,LOC101926907,-0.33997344831556514,8.594873350588351,-0.6130950666606388,0.3758855607636132,7.228047916008197e-08,0.0556356862300452,7.55421706665818e-07
10169,10169,LOC101926912,-0.29963749467991363,8.041802524121692,-0.2968263612664005,0.08810588874265174,0.017230198502476927,0.12242498228761027,0.042074870159126955
10170,10170,LOC101926913,-0.7415457778138199,9.528289375921844,-0.562824175573916,0.3167710526104582,1.2929265253152071e-06,0.13830965789141436,9.208431297067143e-06
10171,10171,LOC101926915,0.12308614369727584,6.418217873289289,0.12676051216501574,0.01606822744433711,0.3182159101580562,0.12232404329450645,0.45912222896080407
10172,10172,LOC101926916,-0.054772646934321656,7.2264945674082135,-0.059921473482476215,0.0035905829843111,0.6381072817534852,0.11587888608906212,0.7505003903091311
10173,10173,LOC101926918,0.292261583415375,5.040858232964978,0.2360387912072308,0.0557143109545707,0.060419402580182476,0.15280733802780933,0.12266849455033298
10174,10174,LOC101926928,-0.3790902018873086,8.121866221113905,-0.18035687841537154,0.03252860359173712,0.1538272537845662,0.2625627254469577,0.2620254212778086
10175,10175,LOC101926934,0.1174833334175272,6.620289949161929,0.10614837158747774,0.011267476790673251,0.4038233667932829,0.13976759416309506,0.5459355105449208
10176,10176,LOC101926942,-0.023896118255604244,7.104636518324914,-0.0301689910695611,0.0009101680221552574,0.8129291717990221,0.1005478982822892,0.8813448090171134
10177,10177,LOC101926943,-0.1623263057937391,7.557459980793752,-0.1767509818980465,0.031240909601923564,0.16236349776982648,0.11479926847812938,0.273745059499034
10178,10178,LOC101926944,-0.3555900684816843,8.17549218158696,-0.34595801345963484,0.11968694707693688,0.005107959981644608,0.12247542469041245,0.014481915868357422
10179,10179,LOC101926959,-0.5097219599585644,8.679330519468802,-0.34080638222403425,0.11614899016463455,0.005855987148187278,0.17857444610221854,0.016310148127845082
10180,10180,LOC101926960,-0.16107447073018671,7.487337306025883,-0.10130638693828356,0.01026298403448923,0.4257240203160626,0.20088797830373686,0.5668380263123669
10181,10181,LOC101926962,-0.10167295288533547,7.397849846501572,-0.0963827820798116,0.009289640681444451,0.4486715367780717,0.13334707269804574,0.5883298160642083
10182,10182,LOC101926963,0.3299843928927588,5.307857299423229,0.3851232458765577,0.1483199145144955,0.0016755100728370644,0.10042366520788217,0.005353079171921899
10183,10183,LOC101926967,0.20522901525372866,5.930223479590576,0.3772458421295121,0.14231442540400474,0.002119989608356701,0.06398563843043617,0.006605521578268254
10184,10184,LOC101926975,-0.08995233904108868,7.309191971061425,-0.06885657102210646,0.004741227372922392,0.5887570792206599,0.16551571395611298,0.7104783811938362
10185,10185,LOC101926987,-0.0056193410353976405,7.037692289582712,-0.005856402969769875,3.4297455744329415e-05,0.9633674784433224,0.1218571861297087,0.978183651975906
10186,10186,LOC101926996,0.11477308895579895,6.673642401237088,0.06420993704085387,0.0041229160147904205,0.6142079914179386,0.2265399763745604,0.731681150222467
10187,10187,LOC101927003,-0.0876222890717565,7.272340309750782,-0.05202349903405246,0.002706444451746057,0.6830813947511374,0.2136144844204672,0.7863970017722425
10188,10188,LOC101927018,0.14991436508097422,6.545058112588017,0.0973329458917014,0.009473702355956872,0.4441905199495481,0.19467964342709476,0.5843589123813144
10189,10189,LOC101927020,0.01612302542163541,6.953691708649028,0.0134601717137252,0.000181176222562968,0.915928444274851,0.15211104439981932,0.9490612211479926
10190,10190,LOC101927021,-0.043297191543541766,7.225995822736852,-0.0466505952772559,0.0021762780397223307,0.7143288144347997,0.1177425953526536,0.8113285679526689
10191,10191,LOC101927027,0.0054672099404808865,6.995351254211229,0.005052780115147903,2.5530586892034054e-05,0.9683914679891024,0.1374149433560964,0.9813982234792219
10192,10192,LOC101927038,0.1844633857019551,6.323145579385523,0.18343412124263167,0.033648076836056494,0.1468095852487691,0.1255457064793162,0.25245466279378187
10193,10193,LOC101927040,-0.05612281369776684,7.210817261149657,-0.061832108174861185,0.0038232096013477352,0.6274121782076132,0.1150529468649435,0.7415462678247934
10194,10194,LOC101927043,0.02996903578945691,6.9115132948461,0.02366328817128658,0.0005599512070773514,0.8527575330614652,0.16079783872191775,0.9079783842288341
10195,10195,LOC101927044,0.2261592230082472,6.177520813192913,0.2153226406913604,0.04636383959430068,0.0874995886030487,0.13026271226759373,0.16672270930039768
10196,10196,LOC101927049,0.04993602249774933,6.820775933646037,0.043491600234211225,0.0018915192909324421,0.7329252804476928,0.14568055511167152,0.8254367041863317
10197,10197,LOC101927051,0.2981589141405899,5.51496174203372,0.2327996909719701,0.0541956961166448,0.0641385941817445,0.1581867840297312,0.12885090542944033
10198,10198,LOC101927058,-0.20479231774061996,7.6667868928116905,-0.15246224079625295,0.023244734868614617,0.2290905737221017,0.1685964393687019,0.3578042822900911
10199,10199,LOC101927059,0.05638288269313736,6.822479800867097,0.03654824124849247,0.001335773938358006,0.7743274629020179,0.1957918883761087,0.8537274685170407
10200,10200,LOC101927060,0.2381430574354493,6.095946078422919,0.2330449601840125,0.054309953467167965,0.0638506689119365,0.12620506185726232,0.12833545900204055
10201,10201,LOC101927066,0.06643445672623413,6.82578549607082,0.03500972144980331,0.0012256805959928185,0.7835914116555835,0.24084773772110102,0.8604848719040697
10202,10202,LOC101927067,-0.24978808402732816,7.967873343064343,-0.2949127784220742,0.08697354687662744,0.0179970020366423,0.10278363237736926,0.043705851643320505
10203,10203,LOC101927069,-0.5833589601540676,8.904210447865072,-0.6147300841795722,0.3778930763954239,6.524917643433927e-08,0.09505786984703914,6.919544151251796e-07
10204,10204,LOC101927071,0.20501249484530132,6.172324561780026,0.23805000295323656,0.05666780390603592,0.058199210217951276,0.1062303526930221,0.11884053722486893
10205,10205,LOC101927081,0.2739144767672461,6.064127599481598,0.2308218140543921,0.05327870984336035,0.0664988593266828,0.14664030768441244,0.13277086471688326
10206,10206,LOC101927085,0.1460112609548537,6.292673863911755,0.0944900292925249,0.008928365635702214,0.4576720050769456,0.19536962654058632,0.5966819548429414
10207,10207,LOC101927086,-0.14096611914420867,7.515343445311674,-0.11680923189341418,0.013644396655529408,0.3579867431816278,0.15221536336616312,0.5005942737697372
10208,10208,LOC101927089,0.1168800413377054,6.624662687716866,0.1131714218919353,0.012807770733042413,0.3732551976890476,0.13031925945846,0.5161456772641332
10209,10209,LOC101927093,-0.18043487268480332,7.703138115588518,-0.1841864346016749,0.03392464269127706,0.14513085445541238,0.122284804560479,0.2502236188878945
10210,10210,LOC101927095,0.02590567883479746,6.918695944815441,0.01983976109340492,0.00039361612024338345,0.8763442635661977,0.1657972048902035,0.9236911670735464
10211,10211,LOC101927098,0.07763329518795528,6.7257314228676375,0.05257513695331921,0.002764145025660271,0.6799019367653106,0.18727107584919345,0.7841540498856413
10212,10212,LOC101927112,-0.1658398243891981,7.497370007060804,-0.09077746554478804,0.00824054825073518,0.4756097639033086,0.2310564546422703,0.6132013239655959
10213,10213,LOC101927121,0.5456880415849523,5.423747548419456,0.23222206570308795,0.0539270877994093,0.06482080963777485,0.29027351496737896,0.12994766086891452
10214,10214,LOC101927122,0.1428539559716244,6.370818572204094,0.08298283953254923,0.006886151656884815,0.5144629068737887,0.21787512745551715,0.6482047040409551
10215,10215,LOC101927123,-0.016120940996959845,7.067926005534496,-0.01157726030322252,0.00013403295612857198,0.9276549562372616,0.17683150320530425,0.9570524548003094
10216,10216,LOC101927124,-0.1086877396573728,7.333874063189938,-0.07982710453023525,0.006372366617681106,0.5306382022961489,0.1723638419259838,0.6622274245460525
10217,10217,LOC101927126,0.015104916937410654,6.959766968359421,0.013287106310580513,0.00017654719410866847,0.9170055654169444,0.14436228472164986,0.9497688594707882
10218,10218,LOC101927129,-0.02489001116634159,7.126709647953413,-0.016796556908886606,0.0002821243239934664,0.8951952204897355,0.1881688409404348,0.9354107556314043
10219,10219,LOC101927131,0.02962226117832425,6.875529085915271,0.02139686782673818,0.0004578259527949035,0.8667245823651725,0.17578131929628055,0.9175264387523372
10220,10220,LOC101927133,0.06214731881908912,6.802822771638817,0.04208774070084409,0.0017713779173014882,0.741239652370701,0.18736391310978373,0.8317310328898737
10221,10221,LOC101927138,-0.21630405519456486,7.727276445135912,-0.12355374661290686,0.015265528302086388,0.3307112516748888,0.2206340149007949,0.47261612585096796
10222,10222,LOC101927143,0.2759305023217085,5.615862140239017,0.2600144514029025,0.06760751493835232,0.03799079085650532,0.1301384898139646,0.08308327368184436
10223,10223,LOC101927150,0.0134679680832708,6.962325802565813,0.01612402979414477,0.0002599843368024682,0.8993693275401022,0.10606599723585612,0.9382976571506995
10224,10224,LOC101927151,0.01831727300559827,6.898023182142437,0.02484275668779045,0.0006171625598487572,0.8455064354075471,0.09361191533798703,0.9029214843056728
10225,10225,LOC101927157,0.32206008675632153,5.523687089611276,0.36508026954051104,0.1332836032077722,0.003015087279433734,0.10430165622225432,0.00906703444467956
10226,10226,LOC101927159,-0.027423303358521604,7.122750057131724,-0.02504282609922753,0.0006271431390361517,0.844277703521003,0.13902866748184414,0.9021876965086266
10227,10227,LOC101927164,0.2744328951337803,5.733412801134998,0.3224674782058299,0.10398527450042737,0.009357294525578569,0.10230856064816723,0.0246871604472958
10228,10228,LOC101927166,0.2557579867179755,5.728602679258579,0.2530509889711689,0.06403480301928664,0.043646066113424926,0.12418100520010905,0.09344098484292801
10229,10229,LOC101927181,0.21798200668863246,5.93641337452091,0.2656603686623209,0.07057543147780025,0.03386446133701532,0.10046275987894476,0.07536843887492978
10230,10230,LOC101927196,-0.2756807021396408,7.83916866038868,-0.4046583323249245,0.16374836591998904,0.0009113762554727752,0.07912077339780198,0.003127710429835649
10231,10231,LOC101927204,-0.3994184788039207,9.030414690072746,-0.6418236061704703,0.4119375414376671,1.0951937605199773e-08,0.06060777627709109,1.5602908476355334e-07
10232,10232,LOC101927206,0.3076763118628317,5.959042742302207,0.33483800953319776,0.11211649262815383,0.006841616644592273,0.10996170348811896,0.01873722125188386
10233,10233,LOC101927210,-0.34128252438167794,8.349385340606089,-0.3622656093659021,0.1312363717292484,0.003264895613734873,0.1115172146147778,0.0097117190268446
10234,10234,LOC101927211,-0.10609929530303264,7.3358462534293665,-0.06455661450811756,0.0041675564767496955,0.6122928940507957,0.20829029894053971,0.7299715162227471
10235,10235,LOC101927228,-0.08261746335272224,7.300239540711528,-0.06203130231204454,0.0038478824665282617,0.62630148870745,0.16882157355745578,0.7406782118922958
10236,10236,LOC101927237,-0.21568489181216668,7.65153822633815,-0.12179895986461572,0.014834986624102271,0.3376781755933509,0.22322086704466665,0.4798491300265118
10237,10237,LOC101927244,-0.2792509486084593,7.917918155365496,-0.16876955964855356,0.02848316426396668,0.182488681158558,0.2071237309979996,0.29980537018308406
10238,10238,LOC101927247,-0.001137833671506046,7.02025816238973,-0.0011852884284468668,1.4049086586100432e-06,0.9925834361859625,0.12191540540684992,0.9955717605654014
10239,10239,LOC101927248,0.2157743173958946,6.18225062636778,0.1894952439181804,0.035908447467610675,0.13369001322607313,0.14199227947419732,0.23405750152887167
10240,10240,LOC101927253,0.20369520409564712,6.122912011272391,0.23147638443586455,0.05358131655150017,0.06571013427035999,0.10872262300055573,0.13151136392094692
10241,10241,LOC101927254,-0.3388887322621865,8.637359301730836,-0.3175534929900936,0.1008402209102094,0.010560585311025352,0.12851766494757302,0.027460311588647215
10242,10242,LOC101927256,-0.010780139110199096,7.052273502410535,-0.012587076064495302,0.00015843448385339056,0.9213638970750696,0.1087600146451168,0.9529186425525851
10243,10243,LOC101927257,0.03508476495304927,6.886018096932283,0.0378697544828289,0.0014341183045897393,0.7663950827131611,0.11757597768715805,0.8486978018999491
10244,10244,LOC101927263,0.1431657742516303,6.523510573841532,0.13841836668575827,0.01915964423595304,0.2753684109542268,0.13009146496417265,0.41232906508185463
10245,10245,LOC101927272,-0.14062047615350326,7.5160411358468755,-0.11590696459357774,0.013434424441296888,0.3617374636185631,0.15304042588919298,0.5045034310980862
10246,10246,LOC101927273,0.17054593431834114,6.3820148499536025,0.1542458596654334,0.02379178522392857,0.22362516478885724,0.13874049495144694,0.35093868711520426
10247,10247,LOC101927274,0.024303341921856826,6.905688011572829,0.027494329088637862,0.0007559381320343182,0.8292526005356831,0.11221807479581336,0.8925181443638278
10248,10248,LOC101927278,0.03478352793032837,6.863930388715532,0.034362215144894286,0.0011807618296640027,0.7874993142557155,0.12848134675497458,0.8634581088712668
10249,10249,LOC101927282,0.03480418250672425,6.906263932121392,0.01611406333866808,0.00025966303728260673,0.8994312060556093,0.2742673648123753,0.9382976571506995
10250,10250,LOC101927286,-0.30488986736872364,8.044176529985933,-0.2162530358931148,0.0467653755329888,0.08610708893600615,0.17481747292574426,0.1644891505742072
10251,10251,LOC101927287,0.09234487089632752,6.6884778448620645,0.13729126490728547,0.018848891419842438,0.2793345310529171,0.0846139514226977,0.4166831487188069
10252,10252,LOC101927292,0.0888243055918733,6.748910070434638,0.05728275528719321,0.003281314053292461,0.6529992124277704,0.19660672868158025,0.7623017760174322
10253,10253,LOC101927305,0.051286227583759336,6.854837349750137,0.036056819104650265,0.0013000942039454724,0.7772831441216882,0.1805240232493069,0.8556792479261429
10254,10254,LOC101927310,-0.06612181769773794,7.224026965779531,-0.047476268802985735,0.0022539960994533564,0.7094948654035129,0.17667795247834706,0.8073221201057708
10255,10255,LOC101927313,-0.03873342245780237,7.172952921712729,-0.03773996596546312,0.0014243050310743144,0.7671730956573287,0.13025038609626274,0.8491130617794755
10256,10256,LOC101927314,-0.2326252591894133,7.6885653084281635,-0.13554240220476468,0.0183717427954382,0.28556320561839194,0.21595306519081509,0.42358183558231915
10257,10257,LOC101927330,-0.13287984810380535,7.663661789833032,-0.15798070402921358,0.024957902845565982,0.21247707300513924,0.10548019322112598,0.3375039254695437
10258,10258,LOC101927331,-0.039866784518647176,7.1569742412936685,-0.040070245390258136,0.0016056245656355039,0.7532398616260251,0.1262537902273008,0.8397323018734045
10259,10259,LOC101927340,0.1994583548262782,6.211219890933412,0.13739306812474766,0.018876855168731544,0.2789747505433505,0.18262209743716146,0.4163472241913339
10260,10260,LOC101927342,-0.08113341955556351,7.274067930508991,-0.046230195446747405,0.0021372309710444644,0.7167943847478199,0.2226453432237592,0.813233216415049
10261,10261,LOC101927346,0.131457161237216,6.583084583085525,0.11219499074464834,0.012587715948191726,0.3774194131142184,0.1478645958970428,0.520373929594149
10262,10262,LOC101927348,0.16883219898991733,6.458100206548769,0.13720440959517294,0.01882505001235999,0.27964172769784496,0.15479773040919775,0.41708393231605706
10263,10263,LOC101927358,-0.005532956536216902,7.033138318206513,-0.0030158268741042613,9.095211734569483e-06,0.981130877544728,0.23299845003460706,0.9891330686563368
10264,10264,LOC101927359,-0.014871501618575525,7.058234001266907,-0.010205837769587759,0.00010415912457914404,0.9362057887398968,0.1850494072663131,0.9624732413199044
10265,10265,LOC101927362,0.0388405343894557,6.8136253022537625,0.044814862422355266,0.0020083718939346296,0.7251161189779222,0.1099589877832061,0.8197112944490971
10266,10266,LOC101927363,-0.045837985161861966,7.158993782085212,-0.04367021142284967,0.001907087365716389,0.731869619902373,0.13317719586590734,0.8248054446518807
10267,10267,LOC101927365,-0.14418553260117098,7.726744572943555,-0.3251579924416054,0.10572772004865512,0.008750450318103476,0.053255723881312465,0.023278992830286335
10268,10268,LOC101927377,0.019257180467458758,6.948670389564049,0.013432546339474766,0.00018043330116213692,0.9161003685010564,0.18205362212265624,0.9491485326008504
10269,10269,LOC101927379,0.030002483130746518,6.885720117132532,0.03311903283310847,0.001096870335800517,0.7950168791658344,0.11498611389809985,0.8680527665172261
10270,10270,LOC101927380,0.05234171024060585,6.825015164733988,0.03834090577974602,0.0014700250560113618,0.7635727179710672,0.1732488054425943,0.8468281884494243
10271,10271,LOC101927391,-0.475108369778759,8.533302750219235,-0.5256380965440309,0.2762954085384321,8.192595641925438e-06,0.09765414153642382,4.707101582008367e-05
10272,10272,LOC101927396,0.22473257855313133,6.324245082600343,0.1589583758767534,0.025267765261375214,0.209624661256202,0.1772676296716203,0.3343710989616274
10273,10273,LOC101927406,-0.09191415681470212,7.3542357981674655,-0.08838769206572257,0.0078123841087049985,0.4873522356038215,0.13155024758784062,0.6241786528271087
10274,10274,LOC101927410,-0.08261111360278693,7.360667710395428,-0.07451291656824514,0.005552174735506262,0.5584340660597621,0.14041130318946446,0.6860435525344158
10275,10275,LOC101927411,-0.0291634551059708,7.134939038715012,-0.02762242058218453,0.0007629981188190918,0.8284691593895321,0.13403420745360548,0.8919963382307445
10276,10276,LOC101927416,0.0793492834157155,6.73445888359017,0.06105232002985817,0.0037273857810282227,0.6317681201432426,0.1647532872025812,0.7455146118305225
10277,10277,LOC101927417,-0.020410518443296086,7.083892080235564,-0.016933387383209503,0.00028673960826983884,0.8943463111259629,0.15305660437345214,0.9349748656673131
10278,10278,LOC101927420,-0.4264841019323218,9.116661623848307,-0.4160750869135266,0.17311847795009874,0.0006274702188473511,0.11837416615687538,0.002240004548160137
10279,10279,LOC101927438,0.18100563165601974,6.388845923277854,0.1732012403313621,0.029998669652322257,0.17110246465456105,0.1307168006521887,0.285104945528972
10280,10280,LOC101927447,0.003961589454255569,7.00151140360938,0.003589824349397012,1.2886838859523675e-05,0.9775403993668708,0.14015145951604108,0.9870209049419306
10281,10281,LOC101927450,-0.057193834168382175,7.189162966392231,-0.03101240802407171,0.0009617694514515076,0.8077978598490791,0.23410405251934466,0.8776270647718146
10282,10282,LOC101927451,0.15145041307525578,6.254082865894794,0.28890016119878753,0.08346330314068542,0.0205988875873674,0.0637384887947692,0.0491907394253417
10283,10283,LOC101927460,-0.08248772020616849,7.290670220407879,-0.05147307601022054,0.0026494775539539412,0.6862593266436545,0.20325313057122849,0.7889433519907731
10284,10284,LOC101927479,0.042215417176817135,6.844623583385439,0.07657783208969632,0.005864164367557725,0.5475519318530018,0.06980636726169158,0.6768814156234725
10285,10285,LOC101927482,0.3357180490552266,5.986095894463644,0.2938409439864869,0.08634250036286974,0.018439106891407254,0.13869418314145304,0.04462935729668314
10286,10286,LOC101927490,0.193467977838488,6.353489503692175,0.10714959967987063,0.011481036711556527,0.3993783008389591,0.2279896843521217,0.5416168026470227
10287,10287,LOC101927494,-0.32232419278517943,7.963514654949338,-0.17278340983068152,0.02985410671271725,0.1721532799925666,0.2333530831568823,0.28637112292510597
10288,10288,LOC101927495,0.11525064274015905,6.613574781140996,0.1070532764005858,0.01146040398810022,0.3998046861187629,0.13593916019746127,0.5420326671804486
10289,10289,LOC101927499,0.20794299858164386,6.254815371678804,0.17706047938929312,0.031350413361566284,0.1616174275794613,0.14679463064929038,0.2725933012098477
10290,10290,LOC101927502,-0.0032958014576595237,7.0268507375539535,-0.0029342222138853914,8.609660000458488e-06,0.9816413642458156,0.14264952389934688,0.989362549694831
10291,10291,LOC101927503,0.20311644335463666,5.905497800429053,0.2438851732374641,0.0594799777250679,0.05212958062546018,0.10257649673561367,0.10826374493568046
10292,10292,LOC101927507,0.12369421724611245,6.393126371695333,0.14763839904472045,0.021797096872488105,0.2443341990280649,0.10523705799293087,0.37602566128581805
10293,10293,LOC101927508,-0.17913536707256886,7.571237578804732,-0.08875653760011508,0.007877722966760642,0.4855299571151813,0.25530995078099245,0.6223969230645386
10294,10294,LOC101927513,-0.03391642452455332,7.1592346536584754,-0.037108449988307764,0.0013770370605347385,0.7709619519749985,0.11599577680292468,0.8513605849066085
10295,10295,LOC101927523,0.13775086458787186,6.5580106918857135,0.11828033436727706,0.013990237498034856,0.35192279352327394,0.1468677875168035,0.49457382657839555
10296,10296,LOC101927526,-0.030088713355031736,7.137149529469937,-0.03700146160660657,0.0013691081610251801,0.7716043727991967,0.10320277873721058,0.851809374641446
10297,10297,LOC101927531,0.0718140098570599,6.763977777472724,0.05312810482429591,0.0028225955222213744,0.6767203766931276,0.17142542018032908,0.7817548869136955
10298,10298,LOC101927534,-0.21049125737039048,8.163320197732807,-0.2374021322162965,0.05635977238084395,0.05890706233536106,0.10938476188583712,0.12008212697658324
10299,10299,LOC101927537,0.0313491912712078,6.870649820890938,0.03181280395009644,0.0010120544951672716,0.8029357313256982,0.1250859904337583,0.8741427410315216
10300,10300,LOC101927539,0.2826516199459271,5.939501721843606,0.21745450612723094,0.04728646223503793,0.08433478388990484,0.16112702582543553,0.16164767236451585
10301,10301,LOC101927543,-0.03934782174919025,7.1499408647890075,-0.030816600293047995,0.0009496628536214858,0.808988435218763,0.16208163557589614,0.8783476843651197
10302,10302,LOC101927550,-0.09607714697067042,7.3763633763854815,-0.08259249450119405,0.0068215201479297684,0.5164500490271628,0.14723034190858886,0.6499521015681531
10303,10303,LOC101927552,0.017827633950002832,6.950964787420367,0.017489381743437036,0.0003058784737676687,0.8908980930453265,0.12943656390839814,0.93296163496749
10304,10304,LOC101927553,-0.05456598061366296,7.206461459522379,-0.04408459097731491,0.0019434511616371552,0.729422386926562,0.15704238355022546,0.8229468473947432
10305,10305,LOC101927582,0.04996380348596456,6.843609804082918,0.050240206463447436,0.0025240783454898268,0.6933970401153813,0.1261419213680105,0.7941354402209955
10306,10306,LOC101927588,-0.03759723680852376,7.1441106070780265,-0.03217855420285196,0.0010354593505858811,0.8007163877658005,0.14830937075835615,0.8724722439905609
10307,10307,LOC101927592,-0.1292515313670209,7.491298546340634,-0.11103833304021744,0.012329511404350242,0.3823882281028597,0.14691730658625102,0.5254532063942781
10308,10308,LOC101927599,0.13984400531518584,6.500866084802032,0.14518595499771278,0.02107896152859788,0.2523446275403033,0.1210311709455978,0.3851510367483273
10309,10309,LOC101927603,0.2308845903628313,5.941039985457407,0.2549985398137569,0.06502425530714814,0.04199865304238004,0.11118893801963242,0.09048660149564619
10310,10310,LOC101927604,0.19117826290227916,6.289106721929122,0.25027449639801885,0.06263732354728195,0.04608639414056941,0.09392471776864876,0.09786304137119552
10311,10311,LOC101927606,-0.19606327708702945,7.75713157450022,-0.14862108072789693,0.022088225636728052,0.2411738818062811,0.16567990435064808,0.37235280268893606
10312,10312,LOC101927608,0.0934831670064212,6.4939040347700745,0.10258636169767574,0.010523961606366351,0.4198698220896369,0.11511994818677695,0.560940279927885
10313,10313,LOC101927609,-0.2292924437310511,8.182334900255336,-0.508554042853125,0.2586272145022581,1.7827837402241476e-05,0.04930319988906432,9.388662912099689e-05
10314,10314,LOC101927616,0.23740840949569106,6.305437202276323,0.12074867596896433,0.01458024274825794,0.34189173166069475,0.2478725925326124,0.4841211959139701
10315,10315,LOC101927620,0.3566914069098444,5.885577888900556,0.2754727820238841,0.07588525363597838,0.02758305410877114,0.15808150331509688,0.06312735539266953
10316,10316,LOC101927623,0.19140491598662995,6.161461203473656,0.2843720747072369,0.08086747687329833,0.022763633029044772,0.08195196352171323,0.05363312019273406
10317,10317,LOC101927640,0.05976678061268939,6.781606586345474,0.06198557153316993,0.0038422110782937243,0.6265564066243319,0.12221864813533445,0.7408712043766311
10318,10318,LOC101927641,0.02587636651089995,6.9178710504232725,0.02122347224000803,0.0004504357739223915,0.8677948804806505,0.15480792109384175,0.9181657368841788
10319,10319,LOC101927648,0.005287449782962264,6.996487151290419,0.005318343102720982,2.8284773358259832e-05,0.9667311093227148,0.12626061993328205,0.9802660691320185
10320,10320,LOC101927650,-0.211825315585685,7.74032070049781,-0.15425856484161785,0.02379570482699562,0.22358656249891312,0.1723070661794298,0.35091548536374473
10321,10321,LOC101927651,0.0952109229034928,6.5562135463063616,0.09848825657110767,0.009699936682416336,0.4387757542343517,0.12217712008446098,0.5793359525605076
10322,10322,LOC101927653,0.04884521561495083,6.824988878057012,0.05123959230845012,0.002625495819936181,0.6876090125688064,0.12090650066260375,0.789847661966123
10323,10323,LOC101927657,-0.04624065028010648,7.164828397062949,-0.034807651429712406,0.0012115725980523602,0.78481040070708,0.16861263593960374,0.8615516588565593
10324,10324,LOC101927660,-0.05022166138912374,7.174580345856025,-0.04841232677746718,0.0023437533840082662,0.7040284398512645,0.13159207582011204,0.8026078967080584
10325,10325,LOC101927667,-0.06764624293506923,7.247102704227823,-0.06080841641064759,0.003697663506370715,0.63313315362545,0.1410196774674571,0.7466740489990938
10326,10326,LOC101927668,0.07418532811396204,6.763591531041294,0.042108757745668836,0.0017731474788834258,0.7411149584032106,0.2235446969847227,0.831724796519456
10327,10327,LOC101927675,0.12634931813960296,6.341689926105957,0.12283847654783901,0.01508929132059399,0.3335400145097629,0.12964061000038765,0.47559155950542675
10328,10328,LOC101927690,0.21316934128491952,6.325543828135814,0.16426143707922564,0.02698181971133241,0.19462359253656028,0.16257499819110613,0.3154621179924561
10329,10329,LOC101927699,0.378606540342926,5.6142796912101485,0.19466781112116185,0.037895556686704336,0.12321070352224855,0.242275351228845,0.2195628525982795
10330,10330,LOC101927701,-0.0304428935015796,7.137037772081237,-0.02945446688676766,0.0008675656195836929,0.8172824539503769,0.13120501819065827,0.8846914041637297
10331,10331,LOC101927702,0.3887786614384429,5.5614455662051645,0.2307843307973089,0.053261407341561685,0.06654425406286489,0.2081686362234945,0.13280229519484169
10332,10332,LOC101927703,0.06695937322233977,6.638844399105063,0.06513747264398385,0.004242890342445745,0.6090899377509721,0.13027507719960818,0.7272740737757665
10333,10333,LOC101927709,0.0610084549352922,6.846613456176947,0.02411461209598186,0.0005815145165396745,0.8499814305824263,0.32120891497198595,0.9060471513296796
10334,10334,LOC101927710,0.007850930074647612,6.978045945853316,0.010303843791612343,0.00010616919688194825,0.9355944705210406,0.09676157813483764,0.9621039135499648
10335,10335,LOC101927719,-0.3549676953466428,8.109079355793153,-0.21808062479671209,0.047559158911724304,0.08342267022840777,0.2017413433325273,0.16018069904204382
10336,10336,LOC101927720,0.18779249066206247,6.196743771577756,0.3340752191385439,0.11160625204246613,0.006977516628128002,0.06728850231511307,0.019068415267808166
10337,10337,LOC101927722,0.13723759155784873,6.328805876293874,0.1196455845505922,0.01431506590245291,0.3463523082340221,0.14462708284328732,0.48887102299620305
10338,10338,LOC101927723,0.1449563085707835,6.583088016026967,0.07904957171452362,0.006248834788249615,0.5346618948562216,0.2321563570121571,0.6657525923242757
10339,10339,LOC101927734,0.0119570608327338,6.979855263561602,0.008366002825529904,6.999000327677433e-05,0.947688289897179,0.18150783993810554,0.9688198118778422
10340,10340,LOC101927735,-0.05594746241060169,7.208316193839935,-0.05405447692849425,0.0029218864760131172,0.6714030114767874,0.13125548798191894,0.7775406285646201
10341,10341,LOC101927746,0.23048961243810706,6.291496663429058,0.15687934702290995,0.0246111295223346,0.21572297384401176,0.1842801842557492,0.3413577638722744
10342,10342,LOC101927752,-0.10895547425051004,7.669907459418164,-0.1750677326792394,0.030648711025449624,0.1664655463194917,0.07781936801899042,0.2790101707080954
10343,10343,LOC101927760,-0.005335342842774415,7.035481078851596,-0.004909384959722864,2.410206068275307e-05,0.9692880623161084,0.13801750290177334,0.9818600483340089
10344,10344,LOC101927761,-0.2687627932946044,7.944263678268587,-0.1622174544241053,0.02631450251983668,0.2003117856460151,0.20762759340202952,0.3227733996699499
10345,10345,LOC101927766,0.032605624839330716,6.87836551434442,0.025987393461897018,0.0006753446189434482,0.8384816552639073,0.15928954136606216,0.8986103258804272
10346,10346,LOC101927769,0.07413442381216549,6.778347333895921,0.046983680333706965,0.0022074662176999613,0.7123773918891128,0.20016915861755288,0.8096217288421715
10347,10347,LOC101927770,0.3191995967303919,5.862389288718622,0.2558472672213524,0.06545782414463412,0.041296959972766126,0.15317403737107066,0.08923960547707072
10348,10348,LOC101927783,-0.053159046572053816,7.20319440718292,-0.03928510237835644,0.0015433192688779464,0.7579258938036239,0.17171888611638386,0.8431082872328196
10349,10349,LOC101927787,-0.041370673701498384,7.171895057855588,-0.038735358226824376,0.001500427976960411,0.7612121601242671,0.13553863678871933,0.8455526713255196
10350,10350,LOC101927792,0.11618678947491608,6.64459927143211,0.08084780395715133,0.006536367404693974,0.5253789992812439,0.181915064827433,0.6578249337632458
10351,10351,LOC101927798,0.10794600223850263,6.6526762579187935,0.09110934771103056,0.00830091324032947,0.4739910766842815,0.14984344095969698,0.6116241667023069
10352,10352,LOC101927809,-0.12396845236054845,7.541014225297936,-0.21364581316651285,0.04564453348358052,0.09005395154054636,0.07199063943965038,0.17076342562263847
10353,10353,LOC101927811,-0.2471716197972653,8.793277619025464,-0.4285772300854375,0.18367844214770604,0.00041059213702691633,0.06617657680368963,0.0015303567516898233
10354,10354,LOC101927814,-0.004570647282443291,7.0331646508676275,-0.002607150074833497,6.797231512704311e-06,0.9836874706326136,0.22264572267599045,0.9903990165228198
10355,10355,LOC101927815,-0.17857938015372066,7.585132072839778,-0.11733906223395082,0.013768455525942984,0.35579540910558105,0.1919474283892649,0.49843120611860253
10356,10356,LOC101927820,-0.5048601723986044,8.581155070970496,-0.3087325363619756,0.09531577900849857,0.013059477878294434,0.1975337795627564,0.03296456387160111
10357,10357,LOC101927824,0.5255420896053128,4.781057001272178,0.3824366758126507,0.14625781100663052,0.0018166830156014985,0.1612558563132271,0.005749820330729385
10358,10358,LOC101927829,0.16066318569927898,6.5495501103831515,0.09713749515688284,0.00943569296535344,0.4451102332974676,0.209061935378486,0.5853086046913202
10359,10359,LOC101927839,0.10996193660521424,6.5829971033384815,0.13181603172578008,0.01737546621993186,0.2991381864039738,0.1050200216545656,0.43840264121399924
10360,10360,LOC101927841,0.024406002839747698,6.934172223861103,0.02075324981628621,0.0004306973779371836,0.8706985506512044,0.1493210908364876,0.920024256580064
10361,10361,LOC101927843,0.28918131675124825,5.9966559263284624,0.29509661831190703,0.08708201413912335,0.01792208997822586,0.11891209624998528,0.04355323291196061
10362,10362,LOC101927849,-0.09482891431638638,7.412452322241948,-0.07790766931527661,0.006069604938138492,0.5405982726914562,0.15411421815153592,0.6705752457813757
10363,10363,LOC101927865,-0.1860289136983409,7.656068619658647,-0.17990404867442036,0.0323654667294482,0.15488058047055978,0.12918120990582185,0.2634466239957562
10364,10364,LOC101927869,-0.009009556192740908,7.04361191279881,-0.006202948199198853,3.8476566361944284e-05,0.9612014164031438,0.18445950715846846,0.9767583027481769
10365,10365,LOC101927870,0.0067441086943582475,6.995304732678338,0.0030643231974734233,9.390076658573744e-06,0.9808275071523692,0.2795066264780817,0.9890017824684898
10366,10366,LOC101927876,0.20077178714207894,6.2899413567987015,0.1985940427867831,0.03943959383039864,0.11568332297023327,0.125835437633445,0.20879499574265725
10367,10367,LOC101927877,0.01458186485675578,6.956328265708055,0.01747551244973823,0.00030539353538095587,0.8909840847286491,0.10595488364053472,0.93296163496749
10368,10368,LOC101927884,-0.04293582458312,7.18352477286585,-0.052010906114986204,0.002705134354901909,0.6831540404899406,0.1046987109848519,0.7863970203492272
10369,10369,LOC101927886,-0.13334445210479348,7.579132151241738,-0.14409244157146936,0.020762631718027308,0.2559733018024746,0.11630058391654807,0.3894815802791306
10370,10370,LOC101927900,0.17698839031989302,6.3426004191499255,0.17292434781082602,0.02990283006579953,0.17179830542845848,0.1280266574863519,0.2859783460722014
10371,10371,LOC101927901,0.08941145349040437,6.694134047109371,0.07152712069175146,0.00511612899445238,0.5743482215609145,0.1583480655770746,0.699038191107378
10372,10372,LOC101927907,-0.09687178255992128,7.3341182115767465,-0.09140068742308943,0.008354085661413302,0.4725725653181249,0.13403872805384834,0.6105213519844884
10373,10373,LOC101927914,-0.041837575567140135,7.199445289202363,-0.04645222045716455,0.002157808785401017,0.7154918868223432,0.11426023634875075,0.8123087348819252
10374,10374,LOC101927929,-0.4383553325516963,9.40189397259279,-0.5818844244114801,0.3385894833726795,4.58526140028936e-07,0.07780889808729026,3.7216580068690437e-06
10375,10375,LOC101927934,-0.20088113460491971,8.053926006039518,-0.3398284995855723,0.11548340913058132,0.006008378180164684,0.0706051697677345,0.01669165227600593
10376,10376,LOC101927943,0.3820472061036925,5.693733969672066,0.3746975399981154,0.14039824648063928,0.0022848512508642804,0.12005741491138068,0.007066331596324763
10377,10377,LOC101927948,0.1161434774187114,6.615139632439949,0.07241623345340828,0.005244110867578526,0.5695874506023191,0.203152095942878,0.6952492104612603
10378,10378,LOC101927950,0.11226060987343296,6.478454715287285,0.1586519822214255,0.02517045146278752,0.21051565600777675,0.08872589570266792,0.3352737023496658
10379,10379,LOC101927967,0.027366704051757892,6.925778292568383,0.0199960552558458,0.0003998422257948386,0.8753778619188912,0.173778274535596,0.9229682300114523
10380,10380,LOC101927972,0.1353926073407683,6.594904891542866,0.10223472920279264,0.010451939855168344,0.4214734616472081,0.16730892237637626,0.5624927777622515
10381,10381,LOC101927974,-0.0935170340198884,7.513027355857218,-0.1443404463877788,0.020834164463423243,0.255147247517208,0.08142072430404007,0.38843172606172416
10382,10382,LOC101927988,-0.6568768821441772,8.877229993727562,-0.4094749135144577,0.1676697047976726,0.0007798362126065576,0.18586973696661446,0.002715008550481512
10383,10383,LOC101927990,-0.2477407163126709,7.818813968115584,-0.159702342144534,0.0255048380864498,0.20747229815236665,0.19448230918768666,0.331695283609413
10384,10384,LOC101928000,0.15437154915857906,6.21246824493503,0.1240203548208956,0.01538104840990084,0.3288740879358131,0.15686012020921902,0.47070511396232867
10385,10385,LOC101928001,0.12214195647674453,6.6341651679753575,0.06253808646461402,0.003911012258655541,0.6234794337367042,0.247556029381656,0.7385104002608209
10386,10386,LOC101928002,0.1554673856938977,6.406847779455818,0.12139276812038563,0.014736204151929713,0.3393038703203347,0.1614458546765631,0.4816220052298668
10387,10387,LOC101928009,-0.16887825021379807,7.620008583277325,-0.18347147287842006,0.033661781360176814,0.14672589757424492,0.11491425515957365,0.2523508309086072
10388,10388,LOC101928012,-0.2619305718100917,7.791354605830701,-0.1380967703282693,0.019070717975098763,0.2764962228346589,0.2385754072982948,0.41367456857016294
10389,10389,LOC101928014,-0.3123809613575097,8.309563870959536,-0.3145477090794445,0.09894026128712688,0.011360969673334874,0.11972338251580475,0.029211802217533448
10390,10390,LOC101928020,0.18532931562593727,6.453386333006523,0.1310574411234164,0.01717605287381776,0.3019523169169447,0.17804281736722974,0.4413730752026652
10391,10391,LOC101928031,-0.21693790625108675,7.7937048064794405,-0.1802580568269491,0.03249296705102761,0.1540566681651737,0.15033911168959127,0.26233365959871324
10392,10392,LOC101928035,0.17956671108448724,6.3836402604238085,0.13373166536789874,0.017884158322071655,0.2921080328159407,0.16899625814986707,0.4308621780107074
10393,10393,LOC101928043,-0.10480639769310866,7.391941520730022,-0.10334513599382747,0.01068021713358269,0.416421334013888,0.12810623127843648,0.5576059849165684
10394,10394,LOC101928045,-0.06377249518041009,7.2555847419672945,-0.06647247975402562,0.004418590564649346,0.6017561942512619,0.12157214340101913,0.7208662526163228
10395,10395,LOC101928047,-0.298650232577635,8.07986164781438,-0.3774312980487765,0.14245438474678432,0.002108417670570731,0.09305885768791697,0.0065756002801616855
10396,10396,LOC101928052,0.11754746371731875,6.6658501458480925,0.07120794629560989,0.0050705716156384615,0.5760617175928172,0.20911495658307466,0.700270376921099
10397,10397,LOC101928054,0.05582230969219592,6.782623403792437,0.08923765752308785,0.007963359520207918,0.4831584060169292,0.07912753777767594,0.6201526473490576
10398,10398,LOC101928068,-0.2286349358937991,7.9306764594461825,-0.19968443671025166,0.03987387426429049,0.11365671854311644,0.14248418861320464,0.2059784283246453
10399,10399,LOC101928069,0.6330739351141863,3.8961109211354423,0.42889502662210266,0.18395094386117414,0.0004061026249118832,0.16934240039391266,0.0015154493094032104
10400,10400,LOC101928076,0.1751389785680129,6.333361403877668,0.13885218060402602,0.01927992805849306,0.273851920065248,0.1586378426599456,0.41057521897907406
10401,10401,LOC101928087,0.067050943475609,6.718031127453281,0.08633991292150701,0.007454580563293414,0.4975344495196182,0.09825906718227977,0.6334357401579948
10402,10402,LOC101928098,0.1272086751677035,6.596902013060845,0.12262911416776548,0.01503789964157086,0.33437087723523884,0.13074860193654336,0.4765252613707862
10403,10403,LOC101928099,-0.240531402609143,8.226635364891068,-0.3949759876089328,0.15600603078765185,0.0012381345077708194,0.07105177257614012,0.004099589484660517
10404,10404,LOC101928100,-0.1240175501682948,7.742225378965845,-0.6214859986565714,0.3862448465261559,4.2482454480769074e-08,0.019854252018417725,4.808978315635412e-07
10405,10405,LOC101928101,0.15272189753081689,6.531109821426963,0.12672221385578025,0.016058519484510106,0.3183633375622346,0.15182292353266091,0.45927373758644935
10406,10406,LOC101928104,0.12472478663908827,6.438701064460461,0.12565617834667478,0.01578947515669134,0.32248449676433505,0.1250596129586385,0.4637052973062202
10407,10407,LOC101928107,-0.08109989323921245,7.30809420691381,-0.07380378194484702,0.005446998229362527,0.5621947237178313,0.139174537568856,0.6894510557316591
10408,10408,LOC101928111,-0.1655286410598975,7.7675394310993715,-0.16306382472212222,0.026589810933007,0.19794222932442848,0.12719429256428053,0.3198981671939605
10409,10409,LOC101928123,0.13262537275309955,6.448084918416523,0.09395178384003948,0.008826937686725503,0.4602494181790217,0.1784844920598708,0.5992124782460599
10410,10410,LOC101928132,-0.06627924152096829,7.280965373390331,-0.08762854119733895,0.0076787612323737315,0.491114123030621,0.09568905081860048,0.62777146179258
10411,10411,LOC101928134,-0.11998502884669275,7.6448873050588695,-0.1232687184929516,0.015195176958894547,0.3318366658753256,0.12267425180474326,0.47384919218794436
10412,10412,LOC101928135,-0.15916641273265628,7.573919547080817,-0.1318712901353999,0.017390037161974816,0.2989338646146915,0.15194832259862814,0.4381921639633889
10413,10413,LOC101928139,-0.4744176918912428,8.762807538751122,-0.4057527590272363,0.16463530145821448,0.0008798414164102106,0.1357192994356902,0.0030314981499384424
10414,10414,LOC101928140,0.21590542008038646,6.391728464251387,0.12709914733474245,0.01615419325321857,0.31691425004406243,0.2139875875768281,0.45761006099247664
10415,10415,LOC101928144,0.07104977318963966,6.709301739917046,0.0739006867173957,0.005461311497302666,0.5616801184743834,0.12176689116538825,0.6890540995673449
10416,10416,LOC101928152,0.1591044828650244,6.225900216973196,0.4952626054429251,0.2452850483501145,3.173612349580616e-05,0.03544398225765979,0.00015744461725124455
10417,10417,LOC101928157,-0.19460523021762288,7.627810022585902,-0.14769233177391494,0.02181302486481617,0.2441600185208915,0.16550520408548078,0.37586444878580405
10418,10418,LOC101928161,-0.044480814411482605,7.1613393762388124,-0.03888018227359952,0.0015116685736283227,0.7603460189655697,0.14518444550163734,0.8449806548650012
10419,10419,LOC101928162,0.0933799144189403,6.706558163323744,0.05776338412374045,0.0033366085454267897,0.650276437293574,0.20496478492600104,0.7603939872343186
10420,10420,LOC101928167,0.3205278829608586,6.0457750506909385,0.2011397838559013,0.0404572126495987,0.11099444859032252,0.1982458770069848,0.2020432334483711
10421,10421,LOC101928173,-0.06685704052219324,7.2817496295883775,-0.07978273861729096,0.00636528538127497,0.5308673895591076,0.1060854301761802,0.6624370935174874
10422,10422,LOC101928185,0.02972938383343967,6.900026255296623,0.028609033670089695,0.0008184768075363257,0.8224404080970703,0.13191952285623038,0.8882323593507584
10423,10423,LOC101928190,0.0035248999454210775,7.003422902263191,0.0025013421496467604,6.256712549599477e-06,0.9843494096458292,0.1789684551327477,0.9906633656577372
10424,10424,LOC101928191,-0.015360227263434926,7.0718029672375575,-0.012048170401188224,0.00014515841001606805,0.9247206571022512,0.16190086620405533,0.9551095025064031
10425,10425,LOC101928196,-0.18496645180440147,7.586951677734145,-0.11818426895428408,0.013967521428258555,0.3523168317953437,0.19737087107289125,0.4949254890742727
10426,10426,LOC101928200,-0.02798654199737993,7.186946758303747,-0.03977852354913336,0.0015823309357489573,0.7549799435386688,0.08928137403895503,0.8409593476328313
10427,10427,LOC101928201,-0.07665051130241203,7.261120167161509,-0.058710782970692224,0.003446956037031725,0.6449227412277679,0.16552040841506205,0.7559297408003959
10428,10428,LOC101928205,0.08853570127457099,6.700207779777221,0.07317802776324582,0.005355023747318378,0.5655230810662445,0.1532413372007731,0.6919653249231283
10429,10429,LOC101928207,-0.02060908593925219,7.092296587846496,-0.02479093820086061,0.0006145906168788901,0.8458247399982806,0.10554469885098326,0.9031105267606254
10430,10430,LOC101928211,0.07523552333602268,6.799500155582532,0.03770717309415221,0.0014218309027523564,0.7673697077020969,0.2532177587940773,0.8492559421622583
10431,10431,LOC101928221,0.042617473358297485,6.816390638916829,0.05130606106820683,0.002632311902334569,0.6872246812943017,0.10535395092853052,0.7896975576242029
10432,10432,LOC101928222,-0.0010793545359302598,7.020408810816986,-0.0013737140830137017,1.8870903818701744e-06,0.9914044642727528,0.09978643700088267,0.9948961339184607
10433,10433,LOC101928230,-0.027729406989347533,7.156766488570487,-0.0378992086461613,0.0014363500160052675,0.7662185526700389,0.09285439653248563,0.8486325060387527
10434,10434,LOC101928231,-0.029067615107608268,7.131685282351273,-0.029278374877860336,0.0008572232354885233,0.8183561557224357,0.12603186576135164,0.8854995528990829
10435,10435,LOC101928243,0.1248721828382823,6.479066596164763,0.13178000207559254,0.017365968947043176,0.29927145748008305,0.11929335396972965,0.43849833219829326
10436,10436,LOC101928245,-0.18114776223125348,7.642887303012464,-0.1347862056116323,0.018167321223181217,0.2882845878466957,0.16912601753439147,0.42687629389543275
10437,10437,LOC101928251,0.10492275707339928,6.571344786188757,0.09962494746695956,0.009925130157794457,0.4334845616257631,0.13308826475332836,0.5745567500309646
10438,10438,LOC101928255,-0.03467485939468613,7.152699663674307,-0.029808831648422938,0.0008885664442440209,0.8151227690057122,0.1476661235430961,0.8830598610645205
10439,10439,LOC101928259,0.2816849954757024,5.994471516565353,0.1979649166242908,0.0391901082140624,0.1168651578674631,0.1771325483487966,0.21055953021215687
10440,10440,LOC101928269,-0.19214249407450573,7.715731914216622,-0.18863401437274752,0.03558279137837792,0.13549825208065092,0.12703987194599115,0.23657297821547169
10441,10441,LOC101928271,-0.5659188570022646,8.613814126674411,-0.3215758404156058,0.10341102113900316,0.0095663254140014,0.21162725817915268,0.025171175800753377
10442,10442,LOC101928273,0.15748030475636585,6.514638699422423,0.11416253512263864,0.013033084425627698,0.3690568734301912,0.17404361485978695,0.512204485940575
10443,10443,LOC101928278,-0.04269371588704414,7.182832020700393,-0.04453450209567638,0.001983321876909804,0.7267683546339069,0.12162991667450568,0.8210278762812242
10444,10444,LOC101928283,0.23572474448528774,6.3218588303881,0.13366665474499567,0.017866774590717872,0.2923448242200916,0.2219583314770671,0.43098421733855835
10445,10445,LOC101928284,-0.0932222976396075,7.331588875712437,-0.060564873229117924,0.003668103869259125,0.6344973869513281,0.1951215163674394,0.7476759489813902
10446,10446,LOC101928288,0.040690055805742094,6.819832084319465,0.03846261950723847,0.0014793730993586012,0.7628441055007474,0.1342555049789057,0.8463668974597134
10447,10447,LOC101928298,0.04544678639533392,6.8790375048241446,0.022763091280579868,0.0005181583246480113,0.8582999467989264,0.25349158598595856,0.9118621080278051
10448,10448,LOC101928303,0.031370247571387386,6.906673059340418,0.041638138246600384,0.0017337345566430056,0.7439087234089483,0.09559914236622948,0.8333855874506351
10449,10449,LOC101928304,0.12415318613442422,6.451291999687872,0.11609288652087273,0.013477558300748227,0.36096262828668224,0.13489936319573193,0.5036174032309841
10450,10450,LOC101928306,0.3034855698484879,5.868862006715043,0.26702663167626445,0.0713032220243714,0.032924185146781464,0.13909918748648878,0.07348724276989822
10451,10451,LOC101928314,0.23621335860884124,6.24716439657055,0.1408901940344972,0.019850046775078272,0.26680221868744314,0.21080169784656685,0.4023119591725215
10452,10452,LOC101928323,0.0691780823831586,6.682215085121893,0.11482072667079996,0.01318379927321055,0.3662846933558713,0.07600996258445389,0.5094999379895551
10453,10453,LOC101928326,-0.3405430588579538,8.153318456033526,-0.2433099856725227,0.059199749127963185,0.05270393328803704,0.17241099850320027,0.10939362363197949
10454,10454,LOC101928327,0.16152194673629147,6.416133534370879,0.09913504890458562,0.00982775792131458,0.4357605677454859,0.20590355458780596,0.5764796318973973
10455,10455,LOC101928333,0.18019912355085774,6.370687259303935,0.16179369148962466,0.026177198605839846,0.20150574107747732,0.13958386357849864,0.32426780685589707
10456,10456,LOC101928335,0.01221452288006568,6.973561270869112,0.011159366113716415,0.0001245314520599622,0.9302597119711946,0.1389997737098559,0.9587271113047886
10457,10457,LOC101928343,0.027919747628534868,6.851699309490953,0.029397187280308837,0.0008641946199935518,0.8176316734870172,0.12056524299669075,0.8849809511351705
10458,10458,LOC101928370,-0.04918862670129051,7.1683774599846215,-0.028614563666001305,0.0008187932537956419,0.8224066452255123,0.21822467405351492,0.8882323593507584
10459,10459,LOC101928371,-0.056178186528086274,7.259352045190463,-0.04471160262769529,0.001999127409536928,0.7257245107939605,0.1594105626512111,0.8202277808582054
10460,10460,LOC101928378,0.2323560472798961,5.7259415679945365,0.26069097185290524,0.06795978280561223,0.03747535986932998,0.10928221027900306,0.0821136211646606
10461,10461,LOC101928386,-0.2967897989584869,7.858865746927434,-0.1617914053557145,0.026176458846977127,0.20151219597839198,0.2298993862901667,0.32426780685589707
10462,10462,LOC101928388,0.4237377781124075,5.7023579455541435,0.2431445031598352,0.0591192494168431,0.05287012800381583,0.21468622335480786,0.10966500209986896
10463,10463,LOC101928389,0.21995948105386395,6.255542717574278,0.16149469149045587,0.02608053537959752,0.20235121676376608,0.17070652170958212,0.3252368142966937
10464,10464,LOC101928399,0.12844529057857096,6.337746146821544,0.1341721867841772,0.01800217570644814,0.2905068123586094,0.12048004067961444,0.42903396451106096
10465,10465,LOC101928401,0.031435526756974516,6.919284765901077,0.017320861444236963,0.00030001224117045465,0.8919430284771912,0.23045718520189126,0.9335113902879263
10466,10466,LOC101928403,-0.4696667372274192,8.719195162641507,-0.2613567537218164,0.06830735271600619,0.036973791643241695,0.22029090432653345,0.08111310485608336
10467,10467,LOC101928405,0.14751782469043745,6.251612930425834,0.730341958525499,0.5333993763828617,7.447657493944824e-12,0.017522459324488943,4.3354576083703e-10
10468,10468,LOC101928409,0.2876366090366322,5.807935050530182,0.3053320580608846,0.0932276656796954,0.014150852891888775,0.11392657493819293,0.03537304852520506
10469,10469,LOC101928417,0.2583946278496127,6.163953723285847,0.1575388637019298,0.024818493576495213,0.21377509868750585,0.20570396130783847,0.33901865705440787
10470,10470,LOC101928418,-0.09927542100641784,7.360882483030786,-0.08934426079463034,0.00798239693693892,0.4826337656140037,0.14055261240179576,0.6197114849908835
10471,10471,LOC101928419,0.12556579155868944,6.511311281856653,0.1584572981575548,0.02510871533939222,0.21108318551031668,0.09936680854831967,0.33595519493061204
10472,10472,LOC101928420,-0.057483116045788166,7.197509559369428,-0.0369645355925866,0.0013663768915756016,0.7718261336807254,0.1973614355672559,0.8519991270164227
10473,10473,LOC101928424,-0.06949187849994724,7.323796878309055,-0.05934844007353686,0.0035222373391621963,0.6413294414227988,0.14844401909491406,0.7532672915339105
10474,10474,LOC101928429,0.2628949615641348,6.1390765623237655,0.28844676419909804,0.08320153577693003,0.020807442954034545,0.1108300898335193,0.049599805295562974
10475,10475,LOC101928433,-0.1649730677080013,7.6576371266071614,-0.1903417275462504,0.036229973245291015,0.13193054146116034,0.10806123002742436,0.23180169373966955
10476,10476,LOC101928435,0.029471413133017706,6.878550306126169,0.025142566182376636,0.0006321486342351891,0.8436652848723086,0.14881893799192505,0.9019199539193807
10477,10477,LOC101928443,0.04806787408467598,6.794228711669666,0.07732413958721808,0.0059790225629035845,0.5436442137249649,0.07871214521516404,0.6733400521143
10478,10478,LOC101928446,-0.09691060712754702,7.372666983870149,-0.07646382299110188,0.005846716226414561,0.5481500824594432,0.16048932020073126,0.6773557498484188
10479,10479,LOC101928449,0.08561992257493732,6.73335857374334,0.06651910927044317,0.004424791898133159,0.6015007427342278,0.16310587240662147,0.7206760309787376
10480,10480,LOC101928457,0.21287128889471604,6.156295152214169,0.15906448673668613,0.0253015109408054,0.2093167121159729,0.16779660244359926,0.3339290850796665
10481,10481,LOC101928460,0.00633543746337476,6.984727304054773,0.004907382616122071,2.40824041410171e-05,0.9693005824652248,0.1639553580723739,0.9818600483340089
10482,10482,LOC101928461,0.0888534810421532,6.579985977714733,0.1006951810138687,0.010139519479415784,0.4285357943866797,0.1114953892669792,0.5695662325810809
10483,10483,LOC101928464,-0.08591729973540257,7.464146542071747,-0.09889149718576504,0.009779528215642177,0.4368945751390182,0.10979732837613222,0.5773111576197975
10484,10484,LOC101928475,0.1408767987935351,6.573634677029017,0.12666313118986927,0.016043548802822032,0.3185908588816804,0.14011394095186974,0.4594489244194718
10485,10485,LOC101928476,0.2077854412935476,6.255103278933699,0.27766278008176976,0.07709661944273724,0.0263238337147494,0.091301880155989,0.060675105810846015
10486,10486,LOC101928483,-0.14493040372827698,7.600907478242187,-0.1276780389527443,0.01630168163081849,0.3146969845167037,0.14298102896567527,0.45531924899507037
10487,10487,LOC101928487,-0.0513293258219532,7.241548574992884,-0.06064213130652755,0.003677468089398128,0.6340644860461296,0.10729889140639068,0.7473792744830713
10488,10488,LOC101928491,-0.4886453307115595,8.503849755212274,-0.3372554586374225,0.1137412443807382,0.006426124678694176,0.1732284383113857,0.01770004196351086
10489,10489,LOC101928495,0.18261743724537471,6.473064896907999,0.10383818704543578,0.010782369088882906,0.4141892757394894,0.22214432662157796,0.555338292745876
10490,10490,LOC101928496,-0.018606532073647673,7.0694657356591115,-0.010528097718516408,0.00011084084157063039,0.9341958136269898,0.2244375988624435,0.9614566961690254
10491,10491,LOC101928504,-0.007099681694650343,7.039655364768519,-0.005527603170712556,3.05543968128715e-05,0.9654228677572247,0.16311711859266276,0.9794898894903814
10492,10492,LOC101928505,0.006871220410172321,6.995145287325945,0.004799069962096921,2.303107250110094e-05,0.9699778450712452,0.1818343601129632,0.9822704000663026
10493,10493,LOC101928516,-0.11122981610755693,7.433014512814157,-0.14770282714696367,0.02181612514720583,0.2441261326773937,0.09459034641899554,0.37583900207087734
10494,10494,LOC101928519,-0.02872162492854042,7.100433095947302,-0.013975132039658071,0.0001953043155258776,0.9127243420565628,0.2609845677978673,0.9474275852957108
10495,10495,LOC101928521,-0.0571750663819699,7.241494520684331,-0.061066169905530335,0.0037290771069311,0.6316906444652404,0.118685832012975,0.7454638095855466
10496,10496,LOC101928525,-0.02862480932907548,7.171629174655031,-0.0361329415589459,0.0013055894657021995,0.7768250950449034,0.10054483106258652,0.8553924251600418
10497,10497,LOC101928535,0.21592339282373188,6.3078811392582725,0.11001320744684606,0.012102905812742785,0.3868245379917021,0.2477506931359689,0.5296103839268405
10498,10498,LOC101928537,-0.12392665732586948,7.454422816802232,-0.09897703396476223,0.009796453252461696,0.4364961163765153,0.15823286604453835,0.5771001526426179
10499,10499,LOC101928539,0.2752912900151107,6.19291778904141,0.14850557591219152,0.02205390607701168,0.241543883584296,0.2328151962242625,0.3727911623560637
10500,10500,LOC101928545,-0.1677410915083452,7.741919403148887,-0.2176435700922064,0.047368723602481164,0.08405853448330683,0.09553449158906732,0.16124435860005398
10501,10501,LOC101928551,-0.30133124471081824,7.9973285749869225,-0.14876038229513186,0.02212965134059377,0.240728168949237,0.2543909597279673,0.37169115854514984
10502,10502,LOC101928553,-0.027517590128217268,7.100974643243916,-0.022776268869025645,0.0005187584235941468,0.8582187639898016,0.15339785815147525,0.911820593376467
10503,10503,LOC101928554,0.13580995819485042,6.550341273009932,0.14263831338984495,0.020345688446699626,0.2608531667813675,0.11968397450211282,0.3955241610628794
10504,10504,LOC101928555,0.07877019607837484,6.789203159030065,0.04428463863396352,0.001961129218940734,0.7282419102039684,0.2256766906834709,0.8220861473944083
10505,10505,LOC101928557,0.16439495926118775,6.211155955875096,0.2106798629475929,0.04438600465161651,0.09471505592755028,0.09687481268334128,0.1778422384558312
10506,10506,LOC101928559,0.12565362092004126,6.606319940767762,0.08948458455585769,0.008007490873134444,0.4819436328665314,0.17761724662036396,0.6190088594142786
10507,10507,LOC101928560,0.15548088389132006,6.392200191697178,0.13497829941420206,0.01821914131274998,0.2875916744948196,0.1449520908748468,0.42621117651145074
10508,10508,LOC101928565,-0.11600417700009183,7.416110078183439,-0.0793361076740491,0.0062942179808683114,0.5331773403117388,0.18511252352036767,0.6645182691034113
10509,10509,LOC101928571,0.22357471247270413,6.199707601426831,0.15973431275619587,0.0255150506716942,0.20738015605513688,0.17547537796894355,0.3315724512237145
10510,10510,LOC101928580,-0.04476184789893591,7.190028696426532,-0.06522402999179794,0.004254174088370957,0.6086132681990877,0.08697186452199195,0.726934925353432
10511,10511,LOC101928583,0.14941963227162006,6.546533802592608,0.0946139173385406,0.008951793354144194,0.457079882479592,0.19966603069799874,0.5961253225184031
10512,10512,LOC101928590,-0.14626273723244212,7.474722756736535,-0.08360975748249623,0.006990591546281834,0.5112795702247048,0.2213897806359979,0.6456053152073801
10513,10513,LOC101928597,-0.060271366499967324,7.280922341699629,-0.05013561498324006,0.002513579889747685,0.694003807630585,0.15248332123343186,0.7946622490609305
10514,10514,LOC101928612,0.21512617212570254,5.877190981544159,0.22179286927329925,0.04919207686048281,0.07817379817561798,0.1201147167815073,0.1520026577617857
10515,10515,LOC101928614,0.024747040386017355,6.939802603518182,0.017475066881000294,0.00030537796249543336,0.8909868473418254,0.17982176399844152,0.93296163496749
10516,10516,LOC101928618,-0.2768751991492764,7.833053039253175,-0.13688783694672002,0.01873827990395181,0.2807633023206644,0.25445780625356224,0.41829490767582556
10517,10517,LOC101928622,-0.2366828726430079,7.6862661609821465,-0.15354008780176245,0.023574558562172915,0.2257768278944372,0.19345000518948136,0.35362340576117735
10518,10518,LOC101928626,-0.15509821230906864,7.52546368484707,-0.12579115905720686,0.015823415696955518,0.3219608094428948,0.15534502257750166,0.4632906723693193
10519,10519,LOC101928635,-0.017451739022275113,7.0894794089181445,-0.01834636266130842,0.0003365890229002517,0.8855871507482542,0.12078688720465992,0.9297124014188768
10520,10520,LOC101928647,0.10825581387152816,6.453228513125717,0.1310503439530424,0.01717419265021072,0.3019787260563938,0.1040053058389821,0.4413730752026652
10521,10521,LOC101928651,-0.03643370258214288,7.137173562715135,-0.020118445706964985,0.0004047518576640977,0.8746212209600385,0.2299456139422224,0.9225036549554153
10522,10522,LOC101928661,0.006526784675047618,6.987581456792256,0.003980805361671275,1.584681132751077e-05,0.9750949785257724,0.20822317083327613,0.9857007636997294
10523,10523,LOC101928663,0.035226894422561036,6.890278646676643,0.028842757858764043,0.0008319046808992949,0.8210137074270671,0.15504615766202326,0.8873149276070718
10524,10524,LOC101928666,0.13066379086433702,6.414582822851206,0.15002747163940536,0.022508242246512582,0.23669994202383185,0.10935664325514402,0.3670942665993038
10525,10525,LOC101928668,0.12439925510504833,6.5497398139547,0.09961051210148984,0.00992225412112105,0.4335515304421338,0.1578161381398235,0.5745751769721179
10526,10526,LOC101928682,0.01646665230579782,6.946462828505636,0.01656978717810757,0.00027455784712777795,0.8966023790177977,0.12619231647616852,0.9364292716133119
10527,10527,LOC101928687,0.0356182933497282,6.897973026732786,0.030929909237214337,0.0009566592854223168,0.8082994268195487,0.14618095026097408,0.8779077183156448
10528,10528,LOC101928694,0.1893260631085082,6.390278499217203,0.15839541990039402,0.02508910904542213,0.21126379457023475,0.14988369841799384,0.3361438259675557
10529,10529,LOC101928697,-0.15702242533154848,7.5047462439384285,-0.1143598012090659,0.01307816413257707,0.36822469273614705,0.1732342752815735,0.5114756716614024
10530,10530,LOC101928700,0.23272957401478345,6.279233525666883,0.15197128748639144,0.023095272220271437,0.2306111055473884,0.1922296135024576,0.35976395725298577
10531,10531,LOC101928702,-0.2080234527526348,7.683265343910079,-0.1136051497458107,0.012906130048768071,0.371414402633168,0.23104557998857034,0.5144543232071929
10532,10532,LOC101928707,0.0760371564358624,6.698152451372043,0.08226065224862959,0.006766814908369969,0.518142416239541,0.11699397164376052,0.6514005238703781
10533,10533,LOC101928708,0.19537966853266184,6.223752585644809,0.2148365243464116,0.04615473219324629,0.08823416334356507,0.11280136908159268,0.16797457645757377
10534,10534,LOC101928710,-0.2890433667417385,8.155989846934887,-0.24394723333148025,0.05951025265008365,0.05206791701985652,0.14593124853985795,0.10817717960903703
10535,10535,LOC101928716,0.14046547160615794,6.585132806333269,0.09931722742104912,0.009863911662604393,0.4349134054637489,0.17872964581727036,0.5758162017190929
10536,10536,LOC101928725,0.3654483419424382,5.512945227912451,0.3991321675406987,0.15930648716573634,0.001086762381538504,0.106618426440512,0.003656026001587122
10537,10537,LOC101928728,-0.1208062049748406,7.501295527745357,-0.0779449233398775,0.0060754110744593815,0.5404040951064903,0.196237625390714,0.6705163419304463
10538,10538,LOC101928729,0.07293799252670714,6.739581750016932,0.0834864886277495,0.006969993783391347,0.5119047058104238,0.11056634460551612,0.6458833772839672
10539,10539,LOC101928730,-0.017885587767996442,7.085175182156832,-0.015783315061005637,0.0002491130343149674,0.9014850518078941,0.14389809523390398,0.9394883822777937
10540,10540,LOC101928731,0.09690674149298363,6.640571766520918,0.08660635570749319,0.007500660848932837,0.4962033878133642,0.14157073752955046,0.6322987150228552
10541,10541,LOC101928739,0.15142108310027547,6.5730374950111035,0.09111723983443358,0.00830235139504569,0.4739526204624756,0.21017429044461414,0.6116109883865628
10542,10542,LOC101928748,0.029048672697193807,6.9105629886926225,0.020978501015799518,0.00044009750486990155,0.8693073875110462,0.17581681498748206,0.9190073691189476
10543,10543,LOC101928751,-0.15912489560861645,7.558489527440988,-0.09858526055742588,0.00971905359917555,0.4383228015357513,0.20399029683555006,0.5788405509242543
10544,10544,LOC101928762,-0.08249650743227671,7.3999560025860225,-0.08663230154500377,0.007505155670984463,0.4960738699188206,0.12048250686404904,0.6322080775124799
10545,10545,LOC101928767,0.17906232411750972,6.3998208639473715,0.1721636264455186,0.029640314270872083,0.173720656558351,0.1301167906669944,0.2882505712926729
10546,10546,LOC101928770,0.0547203074564165,6.8254189649759915,0.04936258244220193,0.0024366645453631824,0.6984943214038322,0.1406128631447232,0.7983542012077394
10547,10547,LOC101928778,0.07318313677178483,6.6713302608566405,0.0856655205529545,0.007338581411608668,0.5009117651926019,0.108096016184022,0.636500661615174
10548,10548,LOC101928779,-0.11484399945045926,7.493108512998152,-0.10504889844106743,0.011035271063681705,0.4087377314354291,0.1380738270209745,0.5504144999834722
10549,10549,LOC101928781,-0.901784990099128,9.7471168041564,-0.3882605626961105,0.15074626454510034,0.0015231682806019784,0.2718332708809586,0.004926194994160058
10550,10550,LOC101928784,-0.0030608329222688445,7.027109554342631,-0.0023549421666296576,5.545752608170388e-06,0.9852653115906412,0.16506778700207433,0.9912618622233477
10551,10551,LOC101928787,-0.11873467481307275,7.497354299063889,-0.1466647391602395,0.02151054571294109,0.2474933626369108,0.10170307473256054,0.3797271339026713
10552,10552,LOC101928790,0.07819421931532405,6.76088538031278,0.07721977235583992,0.005962893242687741,0.5441898725461943,0.128218763573226,0.6738967055520008
10553,10553,LOC101928797,-0.4925463160054056,8.871889121055027,-0.6005944379658699,0.3607136789155391,1.5511653423575661e-07,0.08327557313693787,1.4540815315793583e-06
10554,10554,LOC101928806,0.08900445397768066,6.567687074705669,0.09324210317703703,0.008694089804877217,0.4636598311450784,0.12070011455300482,0.6020203833883031
10555,10555,LOC101928809,0.1710700186080853,6.51372574476905,0.10864138247538982,0.01180294998616394,0.3928089040635996,0.1987945852715328,0.5352552741943902
10556,10556,LOC101928813,-0.2283998893276329,7.7965736785713124,-0.1990543107682841,0.039622618635436604,0.11482451565719982,0.1428069746321692,0.20757816777399202
10557,10557,LOC101928817,0.09399087985433656,6.6584375981819175,0.06731900347815775,0.004531848229292215,0.5971261201239253,0.1769154970278753,0.7169022637513779
10558,10558,LOC101928820,0.05822628361242275,6.666842899961015,0.3583715397261415,0.12843016048568542,0.0036407887104185532,0.019263748988581682,0.010691792720926739
10559,10559,LOC101928823,-0.041737696858723534,7.145423014796509,-0.02557257876202251,0.0006539567845398447,0.841026005020412,0.2072125519917604,0.9002233275031892
10560,10560,LOC101928833,-0.1612554203138522,7.527719351508802,-0.12668089204548452,0.016048048409439703,0.31852245272144275,0.16035935830048784,0.45944206445632735
10561,10561,LOC101928834,-0.2752337107849201,7.9075017896835575,-0.20214608804829454,0.04086304091322885,0.10918188166350487,0.16934826540053735,0.19935359590414825
10562,10562,LOC101928837,-0.19475119790655068,7.919530929765131,-0.19837240018121585,0.03935160915365645,0.11609863586143215,0.1222039586817694,0.20938462152783177
10563,10563,LOC101928844,0.04011207568683147,6.8447646522523895,0.04631643679371248,0.0021452123172659627,0.7162883587728491,0.10986967075546183,0.8128509980778637
10564,10564,LOC101928845,-0.01957462021892443,7.096241546482007,-0.025754265390564336,0.00066328218580762,0.8399113923835627,0.09649487673063847,0.8994313692708231
10565,10565,LOC101928847,-0.2123745087028048,7.688387198007161,-0.13754570881624054,0.018918822013762028,0.2784358828162649,0.1942280583581129,0.41569351750715605
10566,10566,LOC101928850,-0.21487780913525054,7.767552404231597,-0.2124543248899005,0.045136840164423375,0.0919042946253665,0.12551646954643786,0.17360323622752197
10567,10567,LOC101928851,-0.05060784078784444,7.216020592750964,-0.05799805840757403,0.0033637747790483683,0.6489486513862277,0.11063100123195524,0.7592923625334321
10568,10568,LOC101928858,0.21594326716398496,6.114984183167943,0.21564964023401284,0.046504767333059166,0.08700817054675028,0.12418076991762356,0.16594697315394374
10569,10569,LOC101928861,-0.30108512874109256,7.968960358944306,-0.2002658111861485,0.04010639513004608,0.11258738467212537,0.18706743679798624,0.20441685378342203
10570,10570,LOC101928865,-0.2121094337021452,7.7093114968245375,-0.14816274602399673,0.02195219930937136,0.24264438062443994,0.17980640650020382,0.3741163447790849
10571,10571,LOC101928869,-0.11547484339252295,7.56009764040571,-0.1223455798636378,0.014968440912169775,0.33549816720211545,0.11896749743421868,0.4775660823481108
10572,10572,LOC101928877,0.18249315515653688,6.474897431375838,0.1365117453030688,0.01863545660568993,0.2820996125115501,0.1681883451295419,0.4199399951149802
10573,10573,LOC101928881,-0.14492328871587376,8.151502489557268,-0.2074433413347424,0.043032739864122434,0.1000143204749577,0.08679433438275494,0.18601821780341915
10574,10574,LOC101928886,-0.045929357508878485,7.160853607019942,-0.02908357293900037,0.0008458542148981546,0.8195443265106503,0.20047628875262125,0.8864078828011229
10575,10575,LOC101928893,-0.5105867057225923,8.503998847612541,-0.27110225043559977,0.07349643019124666,0.030247915455330718,0.2302311505462656,0.06837355001933056
10576,10576,LOC101928894,0.013852561869956105,6.946444425549301,0.01559327750632001,0.00024315030338910561,0.9026654189287429,0.11280907549192465,0.9401769826800984
10577,10577,LOC101928896,-0.3139802443275833,8.192597426438212,-0.1745323003066852,0.03046152385034295,0.1677861859417805,0.2249640852672019,0.2806155280019506
10578,10578,LOC101928907,-0.044278048361754495,7.164933127093109,-0.03019146912734838,0.0009115248080676304,0.8127923135736802,0.18617028076471634,0.8813107478406305
10579,10579,LOC101928909,-0.06960604938393096,7.252249270767633,-0.04200654158986247,0.001764549536340845,0.7417214683412665,0.21025711817986584,0.8320544134340098
10580,10580,LOC101928917,0.06316186478065056,6.771422142098823,0.061548957824639934,0.003788274209299306,0.6289924184521789,0.13008110569277626,0.7428883202380868
10581,10581,LOC101928921,0.18227588534614966,6.335481209973962,0.18757178533008373,0.03518317465191501,0.13775381933841868,0.12122391166362695,0.23991144907298184
10582,10582,LOC101928937,-0.1355343259990644,7.551329109716253,-0.12404799920050287,0.015387906105647962,0.328765447376422,0.13768805807188605,0.47058072330864026
10583,10583,LOC101928940,-0.15208021115139528,7.466330584023178,-0.0946753116077045,0.008963414628015946,0.4567866043696781,0.20308832726465245,0.5959222795123429
10584,10584,LOC101928943,0.05608116243094543,6.822259054884127,0.04384237312829318,0.001922153681520484,0.7308525466474731,0.16229656058928013,0.8241310090424407
10585,10585,LOC101928954,-0.06673807856554527,7.302648349469222,-0.06210252510296485,0.003856723624164377,0.6259045569457572,0.13621643159095567,0.7403964365002054
10586,10586,LOC101928955,-0.1015651774215722,7.393385896401845,-0.10173646163511016,0.010350307626032243,0.42375182994510974,0.12612846340232406,0.5646982078437754
10587,10587,LOC101928961,-0.3929394287482749,8.150989244470225,-0.2631503301175694,0.06924809624098574,0.03565027647001158,0.1829543804179131,0.07866382076198296
10588,10588,LOC101928963,-0.4502588076132889,8.365014625120232,-0.4477996516984769,0.20052452806127724,0.0002070271408147116,0.11417872596626814,0.0008289890411136427
10589,10589,LOC101928968,0.12658386763972565,6.599606553111943,0.0950496589750296,0.009034437671269428,0.4550005950594471,0.16836865180850658,0.594093330480092
10590,10590,LOC101928973,0.07237470050674225,6.653160562028352,0.10392158078665638,0.010799694953197549,0.4138124334613528,0.08796852525734156,0.5551079877721362
10591,10591,LOC101928978,0.09933100682152997,6.676365168122944,0.09529052621331736,0.009080284386010924,0.4538534504546895,0.13178273063921278,0.5931319535061136
10592,10592,LOC101928988,-0.12724189982642445,7.420593405588606,-0.1239893943585171,0.015373369913391869,0.3289957874256979,0.1293259121449073,0.47081706163781967
10593,10593,LOC101928989,-0.0049839892842514465,7.038381459323353,-0.006027734804581014,3.63335868743573e-05,0.9622965442229456,0.10500723629983637,0.9776004721874595
10594,10594,LOC101928995,0.2393551638737099,6.217409879405259,0.15422748852317913,0.023786118216167357,0.2236809902745884,0.19474111834668686,0.3509611262439623
10595,10595,LOC101929002,0.11300198989157892,6.48769815092037,0.11247910803016974,0.012651549743262594,0.3762048577359035,0.12678083482129265,0.5189982923024139
10596,10596,LOC101929004,0.022621649575553474,6.925635620073434,0.033295981456726534,0.0011086223811666773,0.7939457135428419,0.08623741641359707,0.8674080231456658
10597,10597,LOC101929007,0.02890709436457617,6.896957585162716,0.03192075490161345,0.0010189345934888793,0.8022805313648841,0.1149513484696558,0.8736573270376561
10598,10598,LOC101929019,0.24539480109756,6.077494563334786,0.1923025822084138,0.03698028312402375,0.12792207437526054,0.15903839579942558,0.22626419346534896
10599,10599,LOC101929025,-0.3421102880191439,8.101776099827571,-0.3125667989667293,0.09769800381630776,0.011916713353286295,0.13203935792863375,0.030477905712225663
10600,10600,LOC101929027,0.3363490490332869,5.640211382609206,0.32826470982748845,0.1077577197181252,0.00809265884382878,0.12291688979284285,0.021734655495859137
10601,10601,LOC101929034,0.0359514941420415,6.887230711568816,0.025142899552615262,0.0006321653979129008,0.8436632380848506,0.1815383663202002,0.9019199539193807
10602,10602,LOC101929040,-0.1248389496788506,7.442022875255639,-0.09313312443312292,0.008673778866675558,0.4641847485375743,0.16949558306075765,0.6024525459742985
10603,10603,LOC101929050,-0.13892258911954694,7.4627467566902785,-0.10032850465613838,0.010065808846536779,0.4302276868200355,0.1749668797172406,0.5713590431796803
10604,10604,LOC101929064,-0.0003420403425358365,7.017143984023523,-0.00035157567330957034,1.2360545406307776e-07,0.9978000993144142,0.12355565971804787,0.9984455963520003
10605,10605,LOC101929073,-0.034514750615668666,7.119791892313351,-0.02154270785040729,0.0004640882615279999,0.8658245576217344,0.20342662987830207,0.9170205165192884
10606,10606,LOC101929076,-0.044141646970891735,7.259653003119816,-0.07421029470945258,0.005507167840863805,0.5600374599308252,0.07533371083418232,0.6876232462891659
10607,10607,LOC101929078,0.2452993880753184,6.1089858586012245,0.2792380701657653,0.07797389982990086,0.025448328648552808,0.10712666862876907,0.05890791628908723
10608,10608,LOC101929084,0.037585338443127725,6.848030684276344,0.04614087011900632,0.0021289798953390104,0.7173186340610325,0.1033413297285296,0.8136148659434138
10609,10609,LOC101929109,0.10380728290177874,6.682341114596442,0.08484042012789743,0.0071978968874781436,0.5050598813620069,0.15483192480900576,0.6399323523831062
10610,10610,LOC101929112,-0.22494298038986296,8.122679461573089,-0.3775857533939885,0.1425710011661059,0.002098823242477986,0.07005837899193973,0.006552770662609686
10611,10611,LOC101929114,-0.0777781586598534,7.294746548687664,-0.0567564450313754,0.003221294052599537,0.6559859534880691,0.17375847768173466,0.7646342890937742
10612,10612,LOC101929116,-0.0049580353914735675,7.034135387365385,-0.005110039751219272,2.6112506259041118e-05,0.9680334565063824,0.12322074462123014,0.9812190835351859
10613,10613,LOC101929118,0.11169348853906552,6.596728582054093,0.12079195078138573,0.014590695373572712,0.3417174752125238,0.11657417349325375,0.48393773629763936
10614,10614,LOC101929122,0.20049743672398002,6.345608770622902,0.13796183127182793,0.01903346688787632,0.2769703565960434,0.18280207666277667,0.41428065107166256
10615,10615,LOC101929123,-0.0713036066721584,7.28706833944377,-0.06992678588758745,0.004889755384568499,0.5829632347298317,0.12918368981793374,0.706002348838178
10616,10616,LOC101929125,0.01036654886282608,6.979186113709941,0.013821615249009949,0.00019103704809166435,0.9136793867523268,0.09524409681559017,0.9478316562303034
10617,10617,LOC101929132,0.3287014331000361,5.852284041564988,0.232507939513144,0.054059941936647836,0.0644824464785371,0.17462232804914124,0.12940508101272383
10618,10618,LOC101929133,0.17483150801135988,6.399046052306353,0.15425605910426404,0.0237949317703782,0.22359417534282844,0.14221721049731662,0.35091548536374473
10619,10619,LOC101929143,-0.0447102055064655,7.18781657916804,-0.04044642932831792,0.0016359136454106155,0.7509977795749471,0.1402733305954292,0.8380755947794629
10620,10620,LOC101929144,0.20278025634078045,6.337367794491311,0.15702322282701325,0.02465629250698185,0.21529697847700952,0.16197380308603707,0.3407334699203129
10621,10621,LOC101929147,-0.457951719989846,8.664399420069117,-0.6085676107528957,0.3703545368574879,9.56724109477169e-08,0.07583384112922682,9.62725863881417e-07
10622,10622,LOC101929148,0.07109025338614296,6.7612016251315135,0.05371584734729565,0.0028853922562379693,0.6733448981979977,0.16783569288943742,0.7790812016711712
10623,10623,LOC101929153,0.009514012410184923,6.987113036043227,0.005157482148215918,2.6599622109165883e-05,0.9677368313162242,0.23427414378542055,0.9811021105876796
10624,10624,LOC101929154,0.06975171947487872,6.7544107302558025,0.07543339947539965,0.005690197756415224,0.5535704581501546,0.1170998270574815,0.6818542967211546
10625,10625,LOC101929164,0.4590824248176854,5.3584090860660805,0.3130792296100091,0.0980186040131968,0.011770742822982785,0.1768639644590407,0.030158002346390465
10626,10626,LOC101929167,-0.19038907834569446,7.613259436140094,-0.16940619496460174,0.028698458892384662,0.1808201150687932,0.14066755464472455,0.29763298812820893
10627,10627,LOC101929172,0.015908557819890562,6.9444211633815565,0.01868763639803488,0.00034922775414515786,0.8834735670280808,0.1080947853303443,0.9284039449698204
10628,10628,LOC101929177,-0.15810578382455895,7.902648570821237,-0.2453271090673136,0.060185390443325576,0.05071215959995498,0.07934644391040901,0.10587850136299895
10629,10629,LOC101929180,-0.04852775187248616,7.267094024261593,-0.038844961538746975,0.0015089310369467315,0.76055663473739,0.158537397319907,0.8450846079962122
10630,10630,LOC101929181,-0.09442369150997153,7.366657030933454,-0.07566697545544404,0.0057254911745747705,0.5523395277279133,0.15802722297235572,0.6807576820118362
10631,10631,LOC101929196,-0.25177358972004044,8.068572902290505,-0.16272938033862386,0.0264808512253925,0.19887616069210695,0.19387446203844005,0.3210334148183061
10632,10632,LOC101929210,-0.11706493472891658,7.373403001379981,-0.05511504388047636,0.003037668061946835,0.665335025548786,0.2693395932476297,0.7726015331303755
10633,10633,LOC101929224,-0.4317392864181418,8.443566371709485,-0.3813393924038523,0.14541973219893928,0.0018773451172805922,0.1329200465671447,0.005927089738257943
10634,10634,LOC101929225,0.23450834872832535,6.229005534804252,0.21718006685239946,0.0471671814380127,0.08473705343699672,0.1338600105861706,0.16228625372027697
10635,10635,LOC101929229,0.3490485409394904,5.79877625051558,0.2873501406840827,0.08257010335116212,0.021319307342849998,0.14776276607736716,0.05065198046377136
10636,10636,LOC101929239,0.1882958638835622,6.392029458621738,0.09634023155518008,0.009281440216105713,0.4488727908920565,0.24706566734983465,0.5884710045763873
10637,10637,LOC101929241,-0.1726276695828224,7.626854815559405,-0.16449825265238693,0.027059675125688524,0.1939721101651295,0.13146083175326773,0.31471237323937057
10638,10638,LOC101929243,0.029490062894170724,6.817723267650079,0.03604559162329109,0.0012992846754730724,0.7773507092623851,0.1038353847399321,0.8556928228900357
10639,10639,LOC101929248,0.19474949125511665,6.299410298995228,0.12238054413643867,0.014976997583130815,0.3353590255813882,0.20058169335404816,0.4774990552926708
10640,10640,LOC101929255,-0.03158270769400983,7.115696198536803,-0.0219529675383505,0.0004819327837398708,0.8632936297006524,0.1826651110638239,0.9154159020256404
10641,10641,LOC101929260,0.02294098557364152,6.920127490125003,0.01998297275272555,0.0003993192000361717,0.8754587470196291,0.14577041911959546,0.9229682300114523
10642,10642,LOC101929261,-0.029109894933602738,7.119192989324918,-0.022389907057631518,0.0005013079380493776,0.8605996164552507,0.16507587861199655,0.9133195145473392
10643,10643,LOC101929268,-0.07290515290433759,7.252311162842765,-0.0498736775300003,0.002487383710366457,0.6955242269987557,0.1854172715633904,0.7959402386333063
10644,10644,LOC101929269,0.1244499387258034,6.480951832041327,0.1688921980688441,0.02852457456852566,0.18216639351157066,0.09223699891196628,0.2994165655782211
10645,10645,LOC101929272,0.14999784048101836,6.22931460314575,0.5602066543429832,0.31383149557015866,1.4832851019265517e-06,0.028168017928037237,1.0371501092095407e-05
10646,10646,LOC101929279,0.16205590310370094,6.427281653316653,0.17636407412703858,0.03110428664268756,0.1632997337057809,0.11486756243354627,0.2748314085178119
10647,10647,LOC101929280,0.3869318530500103,4.417281945086412,0.3380364580100119,0.11426864694395455,0.00629671061267547,0.13681260274406354,0.0173922536119244
10648,10648,LOC101929284,-0.25600557901645965,7.9261055314790685,-0.20716429171923567,0.04291704376353258,0.10048180429885543,0.15353715066752965,0.18666324715550436
10649,10649,LOC101929288,0.013507019368288879,6.950976865828828,0.012410288898462638,0.00015401527054330498,0.9224649292486036,0.13821282370957053,0.9535549804938567
10650,10650,LOC101929289,0.2813829803237779,5.749502860484519,0.274260813647922,0.07521899390282019,0.028301444611413637,0.1253019042184987,0.06454181106344359
10651,10651,LOC101929297,-0.2939490144895113,8.007729007308958,-0.17666550276303564,0.03121069986651615,0.1625699986045634,0.2079883821938492,0.27398656080487355
10652,10652,LOC101929312,0.04434640155307515,6.8651619858503246,0.03866273389489868,0.0014948069922277472,0.7616466104440214,0.1455610380488682,0.8457749525237312
10653,10653,LOC101929315,-0.3705535376960267,8.380963555899456,-0.2733374980282224,0.07471338782832848,0.02885923350756633,0.16561285480358368,0.06563187372467433
10654,10654,LOC101929319,0.09756706537804782,6.6894770437028965,0.0930723791025126,0.008662467751801826,0.4644774802980826,0.1325553793080879,0.6027457441232441
10655,10655,LOC101929325,0.08157478196150493,6.645103178768637,0.08412348259769138,0.007076760324364085,0.5086785011545447,0.1227158531706867,0.6433496637368102
10656,10656,LOC101929328,-0.011369147622073713,7.07269903902146,-0.012619385625067965,0.00015924889355417194,0.921162688649877,0.11440875663878625,0.9527979567593183
10657,10657,LOC101929335,0.07659849382141007,6.760423478586972,0.04434383595191292,0.0019663757869301645,0.7278927085657456,0.2191612218089634,0.8218489504285615
10658,10658,LOC101929340,0.16137473642100278,6.1305053503461275,0.6794820061738021,0.4616957967139748,6.70016193715548e-10,0.02212970508584281,1.550128277233995e-08
10659,10659,LOC101929341,0.2629852459114285,6.14780711373127,0.15102608661270622,0.022808878837548643,0.23355816055738646,0.21861166226865034,0.3633740895208523
10660,10660,LOC101929372,-0.04088167514412101,7.248054797844675,-0.06864856845085293,0.004712625950351441,0.5898861501961534,0.0754528416200746,0.7114444211917406
10661,10661,LOC101929378,-0.11946810497850552,7.439568528031972,-0.10586626224312574,0.011207665481330271,0.4050810207715554,0.1425118886535587,0.5472257956835953
10662,10662,LOC101929384,0.08862923263575859,6.671728962707462,0.08998389073729783,0.008097100592221957,0.4794922242350771,0.12458075454668395,0.6167748212539705
10663,10663,LOC101929406,-0.0038259538304101343,7.035235696280591,-0.004455367263956122,1.9850297456731855e-05,0.9721271035204562,0.10905763115638882,0.9837762099820235
10664,10664,LOC101929410,-0.1222469708212448,7.4267183911415815,-0.10431627791103057,0.010881885837211362,0.4120315513413131,0.14801790625139954,0.5534733108551663
10665,10665,LOC101929413,0.04883037042511697,6.855575906418253,0.03627506381522345,0.0013158802547985336,0.775970110263102,0.17084412979565508,0.8549090115309389
10666,10666,LOC101929441,-0.040049135288734834,7.227486675458287,-0.04292274313220342,0.001842361877993116,0.7362907210307703,0.11838846692661542,0.8282362248154034
10667,10667,LOC101929450,0.034319557399468514,6.8987843450389486,0.025147411912092275,0.0006323923258764405,0.8436355337311541,0.17326672727798836,0.9019199539193807
10668,10668,LOC101929454,-0.1583669083346756,7.502725347585367,-0.10239378240223147,0.010484486674635531,0.4207476569656108,0.19539178991086747,0.561697214203212
10669,10669,LOC101929456,-0.2139581172321922,7.88493474861025,-0.15171594474165356,0.023017727888852483,0.2314046878817236,0.17702925375985545,0.36066420872885596
10670,10670,LOC101929459,0.15734557641808028,6.4841420246155845,0.11155459510467992,0.012444427688969077,0.3801656340522144,0.17801311534496325,0.5231626083757437
10671,10671,LOC101929460,-0.08269478051692053,7.339709153066503,-0.06801556572006953,0.0046261171802210975,0.5933281625482061,0.15405190036922092,0.7142432241915283
10672,10672,LOC101929464,-0.04846941978651313,7.2016863697078435,-0.0422543020005997,0.001785426037557884,0.7402516276140784,0.14555026394937892,0.8310944108244954
10673,10673,LOC101929465,-0.21315490079655414,7.932449109802977,-0.17144776678317164,0.029394336734936813,0.17554391587320595,0.155556819670197,0.2906271787640883
10674,10674,LOC101929473,0.11714290263423295,6.6370980502866,0.06946547299805766,0.004825451938843878,0.5854574721148451,0.21364895315356291,0.7077586980766466
10675,10675,LOC101929475,0.15376978695153126,6.331227098657512,0.14149267828649265,0.02002017800868491,0.2647416994271445,0.13663116372114606,0.4000405764492927
10676,10676,LOC101929478,0.06081080860249737,6.739525557960646,0.06404424757936858,0.004101665648007457,0.6151241927604979,0.12034063777111098,0.7321822127406323
10677,10677,LOC101929480,0.06361037109593318,6.74191718748569,0.05767236335584872,0.0033261014950490423,0.6507917242853891,0.13984304701379124,0.7607629314399094
10678,10678,LOC101929486,0.0081081788439473,6.989244007610909,0.006338954251078152,4.0182340997261775e-05,0.9603513934726002,0.16244304868769927,0.976265581900721
10679,10679,LOC101929488,0.13354410684319976,6.316280302419604,0.1584043111281466,0.025091925783982668,0.21123783632272705,0.10571672959877347,0.33612722063110106
10680,10680,LOC101929497,-0.0183370319416586,7.073340631701742,-0.010479683070958735,0.00010982375726773917,0.9344977559513448,0.22220877168132092,0.9615119722352132
10681,10681,LOC101929504,-0.12553948292183642,7.478923142772312,-0.10024367006105278,0.01004879338730921,0.4306196628542943,0.1582466143040166,0.5716342057935232
10682,10682,LOC101929505,0.01630075191124769,6.958806925928383,0.01846783608807601,0.00034106096977604264,0.8848347471438704,0.11207834481283813,0.9291580084085207
10683,10683,LOC101929511,-0.15324205334553978,7.541596898086014,-0.1436622506496781,0.020638842261730937,0.25741047638589176,0.13406360383802615,0.39136585453461253
10684,10684,LOC101929512,-0.6630719078308865,9.296669575100887,-0.4275190678046361,0.18277255333654502,0.0004258686616204928,0.17806590301174302,0.0015807654897826142
10685,10685,LOC101929517,0.06951784438706439,6.798032363955882,0.05147817588826446,0.002650002592783093,0.6862298569418593,0.17127780880108207,0.7889433519907731
10686,10686,LOC101929524,-0.0022350127301762504,7.022627818341192,-0.001628091776435166,2.650682832495815e-06,0.9898128625546972,0.17434307358681456,0.9939898691625844
10687,10687,LOC101929526,0.02093636085898321,6.929927344334383,0.02206054912856294,0.00048666782785373915,0.8626301748360775,0.12049896801088042,0.9150153396480781
10688,10688,LOC101929528,-0.13531480323682332,7.48923194171283,-0.09211783082226996,0.008485694755400352,0.4690905842744038,0.1857613057452293,0.6071458133083626
10689,10689,LOC101929529,-0.2058486006465553,7.701577349481568,-0.15201740665413188,0.0231092919258477,0.2304679727641104,0.16997370624944672,0.3596183852289098
10690,10690,LOC101929538,-0.1239500660621062,7.417394879253337,-0.10208799775485344,0.010421959285594959,0.4221436736170919,0.1533914866030931,0.5631096003559274
10691,10691,LOC101929549,-0.07177307547581682,7.589805842888478,-0.20581470943827576,0.04235969462116188,0.10276674094903272,0.043340159908060574,0.19007633884961597
10692,10692,LOC101929550,-0.15239870512174392,7.652615410533412,-0.13199154953356984,0.017421769148272818,0.29848951133521795,0.1453526231807984,0.4376000519913442
10693,10693,LOC101929552,0.041931293753531315,6.834700717066915,0.06749384519658938,0.0045554191394211714,0.596171794051409,0.07872030895411923,0.7163125007037264
10694,10694,LOC101929570,-0.004970925009422561,7.030344605669317,-0.0029679506957606835,8.808731332466324e-06,0.9814303712104496,0.21270748462531605,0.989219896590945
10695,10695,LOC101929584,0.017985688941951624,6.937056767902378,0.01877563492081361,0.00035252446667967543,0.8829287033164483,0.12163541411226765,0.9279664662355702
10696,10696,LOC101929586,-0.022010063974304404,7.098669323812167,-0.01653590378250803,0.00027343611390436343,0.8968126606663483,0.1690200164003992,0.9366037215688341
10697,10697,LOC101929591,-0.07662708734539471,7.259606046096537,-0.04099228006081322,0.0016803670245841454,0.7477481204726438,0.2372024683830597,0.8359911762564735
10698,10698,LOC101929592,0.10638156854121142,6.671134250319049,0.08344309370831865,0.006962749887615248,0.5121248678083897,0.16134775133740334,0.6461235150542228
10699,10699,LOC101929607,-0.1799658915784975,7.532873590266473,-0.08648909236541882,0.007480363098193948,0.4967889689975436,0.2632707265731785,0.6327470370333964
10700,10700,LOC101929609,0.10262285276282923,6.535767767205344,0.13142620565235708,0.017272847532175655,0.300582177736882,0.09830661597050884,0.44004239175853027
10701,10701,LOC101929622,-0.4465202190734222,8.358483588372376,-0.2947949587591369,0.0869040677098012,0.01804515236280125,0.18381605279728006,0.04381295822586176
10702,10702,LOC101929628,-0.16612366996678488,7.5330862949765365,-0.1012599924699324,0.010253586075010764,0.4259370829310691,0.20728112153330808,0.5670519814872926
10703,10703,LOC101929631,-0.13776271481038005,7.510507026184514,-0.14528742560173102,0.021108436037978528,0.2520096938770502,0.11914480541210505,0.3847722658011373
10704,10704,LOC101929645,-0.341432828600593,8.117111989442025,-0.2615218552323808,0.06839368076418634,0.036850278702288734,0.16003598811102768,0.08088311223373834
10705,10705,LOC101929648,0.036584452027892664,6.8883951144876345,0.035199017963429134,0.0012389708655898065,0.7824499486998279,0.13191705787607164,0.8598216951891058
10706,10706,LOC101929655,0.24624844804737805,5.78603760736161,0.24066406024500864,0.05791918989361315,0.055412842264108274,0.12612770592846226,0.11418451795882241
10707,10707,LOC101929657,-0.07822278179337534,7.310264925577292,-0.06410651799971541,0.004109645650047836,0.614779791618713,0.15464681724102566,0.7319692317738745
10708,10708,LOC101929662,-0.0027156321318531906,7.025289699994315,-0.002784095491279395,7.751187704562254e-06,0.9825805170628368,0.12387660196003752,0.9899104248454529
10709,10709,LOC101929668,-0.06637414311885265,7.324668550418142,-0.072506281186993,0.0052571608115672954,0.5691063147630493,0.11595323310411287,0.6949753141709712
10710,10710,LOC101929681,0.059662365286320324,6.73139216229495,0.08579806635153565,0.007361308189662514,0.5002470494878967,0.08798785320182807,0.6360292306634806
10711,10711,LOC101929683,0.12839063955462085,6.369143664241737,0.1371029975525396,0.018797231937891682,0.28000069311501913,0.11780668888667055,0.41738934462764093
10712,10712,LOC101929684,0.013498420036192341,6.9667985844968126,0.011466527303649285,0.00013148124840533457,0.9283450881347479,0.1494949875038808,0.9574789681386758
10713,10713,LOC101929687,0.027130614648516748,6.895546300812371,0.02697940633990039,0.0007278883664534572,0.8324036673343582,0.1276654212215913,0.8947160989925345
10714,10714,LOC101929690,-0.18649417559080733,7.557523380587972,-0.09013463749483426,0.008124252876325183,0.4787534201272118,0.2617015816073536,0.616153887605775
10715,10715,LOC101929694,0.02387952514415477,6.943911660085437,0.016800074764954338,0.00028224251210805555,0.8951733939032157,0.1804917394365828,0.9354107556314043
10716,10716,LOC101929705,-0.4120369957241127,8.72508961159614,-0.29515234163057624,0.0871149047700124,0.017899436233891574,0.16939562605763392,0.04350794608204311
10717,10717,LOC101929709,-0.2274274380339516,8.030146476441969,-0.20892736695847156,0.043650644664199816,0.09755653948450488,0.1351947938865483,0.18227204801074537
10718,10718,LOC101929715,0.056992353630164874,6.801216681772451,0.04287282643118773,0.0018380792461987496,0.7365862721844456,0.1686704994620611,0.8284395826401875
10719,10719,LOC101929717,0.1352962287554305,6.527003098502883,0.09263355446986804,0.00858097541372201,0.4665951503403376,0.18469287506805054,0.6049283350667551
10720,10720,LOC101929718,0.2734051301396485,5.666061147054439,0.3378624307113581,0.11415102208618727,0.006325347654357279,0.09672767670288104,0.017455766975290797
10721,10721,LOC101929719,0.04034307733825957,6.872994090199662,0.0331973179224741,0.0011020619172458204,0.7945429305956608,0.15425197692938458,0.8677978091516132
10722,10722,LOC101929726,0.1697761598009527,6.1688402829776425,0.15016282540254353,0.02254887413287477,0.23627240125951096,0.14195998853918734,0.3666653635275672
10723,10723,LOC101929734,0.4279303058586028,5.4929835330755195,0.3178946020157664,0.10105697799076248,0.01047292260768032,0.16209145799470914,0.02725617324510301
10724,10724,LOC101929741,-0.33244183432043384,8.07834723741517,-0.26705906020410763,0.07132054163710119,0.032902135140883096,0.15235104187464835,0.07345316870884777
10725,10725,LOC101929745,0.1056551191167902,6.656983478355019,0.07929980253935924,0.0062884586827813655,0.5333653261405288,0.1686757928795145,0.6646731966146717
10726,10726,LOC101929747,0.06210935297733808,6.756011664505707,0.0585373466209324,0.0034266209494191856,0.6459014884018166,0.13451873306776044,0.7568559095808187
10727,10727,LOC101929752,-0.0661340515407225,7.2761485210828925,-0.06106731940193341,0.003729217498937752,0.6316842144034014,0.13728058621980752,0.7454638095855466
10728,10728,LOC101929757,-0.0074024532952576905,7.042468672657187,-0.007723525259823554,5.9652842439132496e-05,0.9517006424417188,0.12171701863797935,0.9706038939412114
10729,10729,LOC101929759,-0.2331265742634447,7.837379425469234,-0.3113785683583444,0.09695661283289214,0.012261228775891388,0.09035694273293238,0.031244635107310896
10730,10730,LOC101929760,-0.2981458738572681,8.08171933632583,-0.25095247825192113,0.06297714634078094,0.04548039247491534,0.14605504451060133,0.09683196333146118
10731,10731,LOC101929761,-0.15094912659096382,7.650679380074284,-0.21497367540589127,0.046213681117517516,0.08802642371942337,0.08709134996116892,0.16762330334541975
10732,10732,LOC101929762,-0.06961548054941127,7.2312874000671306,-0.04741971223240908,0.0022486291082044873,0.7098256176653586,0.1862353987263158,0.8074420208301382
10733,10733,LOC101929765,0.075684614205902,6.730733748990081,0.0752023236050695,0.005655389475601593,0.5547895016558042,0.12745267623866802,0.6829609833640179
10734,10734,LOC101929774,-0.15349138868845744,7.485298048814424,-0.11076927305170033,0.01226983185240214,0.3835496501750496,0.17489928106893046,0.5263811188630901
10735,10735,LOC101929787,0.1350817453263358,6.502814982823041,0.22259440557873872,0.04954826939495203,0.0770756656185116,0.07513661166268777,0.15021220450349584
10736,10736,LOC101929897,0.015159092225588726,6.933040642915455,0.021434734582651226,0.0004594478466287043,0.8664908784311242,0.08979650826103408,0.9174135810113917
10737,10737,LOC101929926,-0.0978234032142704,7.385367642538585,-0.09202949711147124,0.008469428338590292,0.4695187261399817,0.1344227972674152,0.6075910131804293
10738,10738,LOC101929949,-0.031346693583033665,7.127087020776164,-0.03116332795149892,0.0009711530090126736,0.806880513195078,0.1276853520300174,0.8771907944020942
10739,10739,LOC101929964,-0.10436756884109102,7.440699959983013,-0.1292889757226394,0.016715639243409238,0.3085792869031105,0.10165945879880656,0.4487766593611053
10740,10740,LOC101929988,0.0023699784028167305,7.007194045498344,0.0019349999906424227,3.7442249637861746e-06,0.9878926387365357,0.15554883520305002,0.9926139148032516
10741,10741,LOC101930026,0.1541621912099406,5.970796663804244,0.21243459176286664,0.045128455777455806,0.09193518847625716,0.09005944557768338,0.17364644626719136
10742,10742,LOC101930067,-0.08038529597471915,7.314846426143429,-0.3515133926683357,0.12356166522520355,0.004396925996010003,0.027189397037773646,0.012658260096197369
10743,10743,LOC101930097,-0.1400586018522932,7.6772826161059555,-0.10524646572355492,0.011076818547299418,0.40785210546920336,0.16806903242709492,0.5495978434309644
10744,10744,LOC101930114,0.13602887206946238,6.4639299781819854,0.11685866761011475,0.013655948195611278,0.35778193145121995,0.14682112141224107,0.5004048133808802
10745,10745,LOC101930405,0.19650667363323987,6.102529881237956,0.43450711216580623,0.1887964305226685,0.00033384214536201463,0.05173083593968785,0.0012689751900674788
10746,10746,LOC101930415,-0.011754344069011848,7.093461268443488,-0.048588782083205474,0.0023608697443292287,0.7029996288317397,0.030686918408195343,0.8018414520584418
10747,10747,LOC101930421,0.13217337109701946,6.253880283671531,0.1365193341413555,0.018637528594399082,0.28207260670038986,0.12180600059815196,0.41992866066938966
10748,10748,LOC101930541,-0.004625357736429589,7.0327010292400765,-0.004638229744786104,2.151317516541857e-05,0.9709835933988492,0.12664631413063554,0.9829671223903548
10749,10749,LOC101930657,-0.13378610752385967,7.457574542402438,-0.0929028726742507,0.008630943751128037,0.4652948615435929,0.18209738529454966,0.603603919410921
10750,10750,LOC102467079,-0.0371135727610418,7.148692538614633,-0.027680726310423925,0.0007662226090725952,0.8281126013493316,0.17021310378504592,0.8918230745086422
10751,10751,LOC102546226,-0.14767613638096133,7.478144972505423,-0.10402482901028612,0.010821165050619265,0.4133461465022356,0.17931427879821069,0.554619914648114
10752,10752,LOC102546294,-0.13165916742652345,7.473913815378916,-0.09905839954829893,0.009812566521070426,0.4361172780787923,0.16796649427277865,0.5768458133884832
10753,10753,LOC102546299,-0.12450738352525108,7.423021332582412,-0.04555137410026088,0.002074927682421917,0.7207816272951815,0.3467741745413372,0.8161747615079039
10754,10754,LOC102606465,-0.2499371688241457,8.24074688712833,-0.5345514372140162,0.2857452390275703,5.368505380085664e-06,0.050184785437864116,3.2383003901324527e-05
10755,10755,LOC102659288,-0.3390730009974381,8.142312568692018,-0.17066069921703636,0.029125074257247755,0.1775645659992277,0.2486253955775896,0.2932327214758847
10756,10756,LOC102723380,0.1796870344232092,6.261144843323133,0.1802204831155892,0.032479422534416366,0.15414396208852724,0.12455089482001375,0.26243624433294
10757,10757,LOC102723390,-0.05807689686331643,7.208839177137081,-0.032534474917626593,0.001058492058165674,0.7985581945430917,0.22658637226619546,0.8706463449214908
10758,10758,LOC102723448,-0.08902328093291742,7.296952573916696,-0.054548162806087916,0.002975502065519473,0.6685757806187149,0.2069571990546778,0.7750954831253424
10759,10759,LOC102723479,0.22372221241992796,5.8685061762196025,0.4273931715751171,0.18266492310903748,0.000427720248461746,0.06010156077387404,0.0015865505276531535
10760,10760,LOC102723493,0.4775140970074466,5.336720350691562,0.4500592117051689,0.20255329404067798,0.00019050231503095827,0.12032933913479713,0.0007692201439484246
10761,10761,LOC102723526,0.05954867016982685,6.799488050058804,0.06203245690830091,0.003848025710080209,0.6262950531839959,0.12168023507946304,0.7406782118922958
10762,10762,LOC102723542,-0.4192522541770863,9.08607822164629,-0.5541992056878641,0.30713675958505937,2.024038555219935e-06,0.07997190159344814,1.3590869740554322e-05
10763,10763,LOC102723559,0.07943349385653142,6.663735424252005,0.07471658896930812,0.005582568667208538,0.5573561671120062,0.1346403239584702,0.685296870085546
10764,10764,LOC102723620,0.021261761111260352,6.9005449395517875,0.03169456091103403,0.0010045451913432463,0.8036535534010254,0.08515308883525424,0.8746603859325127
10765,10765,LOC102723645,0.13536283986616202,6.580193836110202,0.08590842071558732,0.007380256749846353,0.4996939720173471,0.19936978090785806,0.6354752739039025
10766,10766,LOC102723661,0.009467659728402458,6.975741533352831,0.008233398323179044,6.778884794812751e-05,0.948516318851108,0.14603365288115275,0.9691052089623534
10767,10767,LOC102723684,0.2574200065125214,6.2579830595642045,0.17793293348039602,0.03166012881693903,0.1595278979371842,0.18080232900125406,0.269825558840094
10768,10768,LOC102723692,-0.10781073985270398,7.551758107646878,-0.2726305016343085,0.0743273904213747,0.029292556330711563,0.04831927903550662,0.06652651361736328
10769,10769,LOC102723697,-0.13192699280338685,7.463744456118783,-0.0963800012974921,0.009289104650104577,0.4486846877072455,0.17303117625404973,0.5883298160642083
10770,10770,LOC102723704,0.0005591481709906605,7.013430167434117,0.00042154178200352015,1.7769747397470337e-07,0.9973623045505928,0.1684575182106817,0.9982381542356761
10771,10771,LOC102723721,0.2694783220055535,5.825690333226692,0.2527002778018345,0.06385743040112431,0.04394831222491369,0.1310367966137128,0.09400441537243243
10772,10772,LOC102723742,-0.0941325954439954,7.305003330866565,-0.06642626863025572,0.004412449164138897,0.6020094007610806,0.1795742494007744,0.7210062260649963
10773,10773,LOC102723757,-0.035622944623287835,7.134268882383993,-0.02493658115186324,0.0006218330795434607,0.8449301640014811,0.18136855336058436,0.902573140363658
10774,10774,LOC102723779,-0.08450727980490817,7.365311520776542,-0.08656933085855611,0.007494249045298156,0.4963882410104785,0.12350960507410892,0.6323912298442811
10775,10775,LOC102723809,-0.05093723541630259,7.183766685078805,-0.036927208668106185,0.0013636187400178565,0.7720503207329151,0.1750639554548155,0.8521279151616349
10776,10776,LOC102723831,-0.16729384818613274,7.6863958050355805,-0.1532308361539509,0.023479689148438943,0.22672416097998704,0.13701830644311094,0.3548564314011771
10777,10777,LOC102723845,-0.017261525492302237,7.093376756365965,-0.03467926219071031,0.0012026512260920298,0.7855851776633674,0.0631760066151434,0.8621450953932811
10778,10778,LOC102723847,0.032706369108635704,6.824153692471149,0.035194785960136366,0.0012386729587798113,0.7824754628072828,0.1179475758732952,0.8598216951891058
10779,10779,LOC102723864,-0.07630668018156382,7.4194955497032336,-0.16168448300979887,0.02614187204614594,0.20181425565593444,0.05914883825053521,0.32459059018339725
10780,10780,LOC102723886,-0.12151723337886855,7.575019143349398,-0.1465458469524009,0.021475685258996503,0.24788102604156395,0.10417279679216464,0.3799988403603332
10781,10781,LOC102723918,0.18754608025285707,6.439850412295664,0.11008325145370293,0.012118322250619188,0.3865204457282878,0.21505193953884053,0.529351141680121
10782,10782,LOC102723927,-0.06374375617876267,7.245107630186868,-0.06177254308421904,0.003815847079091697,0.627744468250399,0.13080252869057768,0.7418175421534728
10783,10783,LOC102723932,0.029863210886994743,6.897268708562722,0.03175365943101969,0.0010082948872611856,0.803294761753308,0.11937896656552993,0.8743577816420149
10784,10784,LOC102723954,0.3044984489183119,5.996605637590836,0.31291068721219634,0.09791309817160897,0.011818581991599271,0.11737970996792775,0.03025391240880419
10785,10785,LOC102724009,0.06230963513628465,6.7403758970034495,0.07248029629579457,0.0052533933511261744,0.5692451357144288,0.1088919152674679,0.6950635202494674
10786,10786,LOC102724017,-0.21311398480897528,8.215842941163233,-0.4547558615126778,0.20680289358013776,0.00015995515243147072,0.05300640614854366,0.0006586478086905303
10787,10787,LOC102724021,-0.003207420724905592,7.029364238127557,-0.004421414188571907,1.954890342690497e-05,0.9723394315109576,0.09212863587549304,0.9838797434404835
10788,10788,LOC102724030,0.2424780575546976,6.146279914239981,0.25814340460032137,0.06663801733864523,0.03944701905178598,0.11524991657546756,0.08580865872088653
10789,10789,LOC102724094,-0.15158128353114725,7.876709565066798,-0.22667952310088396,0.051383606193244176,0.0716680877151639,0.0827147112576015,0.14129392202038188
10790,10790,LOC102724156,0.222926458287808,5.836517430650938,0.7168962487678355,0.5139402314973943,2.6897582609456987e-11,0.027533048608303454,1.1602931302944044e-09
10791,10791,LOC102724162,-0.021136143776247927,7.088838956503031,-0.01986414480131508,0.0003945842486876128,0.8761934817864366,0.13510590708091175,0.9236221510044923
10792,10792,LOC102724165,-0.014847711908762657,7.1036325044450015,-0.02516146029173891,0.0006330990840127537,0.8435492826630292,0.07491871602415574,0.9019199539193807
10793,10793,LOC102724201,0.13840375622410425,6.572488116452296,0.08548118806049934,0.007307033512234455,0.5018369491499326,0.20487499450637736,0.6373023184284418
10794,10794,LOC102724275,-0.5254033317932028,8.737161514343473,-0.3501129746222153,0.12257909499881595,0.0045673808198501385,0.17852241826770554,0.01309327927639062
10795,10795,LOC102724312,-0.16098986802138807,7.835798239363908,-0.1856580480870057,0.034468910819476915,0.14188859372343898,0.1082111594784308,0.24580779976648567
10796,10796,LOC102724316,0.2887387519633988,5.932631660345045,0.2938471268659231,0.08634613396735792,0.018436530259574764,0.11928302099165347,0.04462810896166907
10797,10797,LOC102724323,0.04974505622484213,6.7845877557521375,0.07471147369997985,0.005581804302422781,0.557383226636653,0.08432402133160986,0.685296870085546
10798,10798,LOC102724356,0.12992469137094784,6.217742353547558,0.442724835102985,0.19600527961696526,0.0002490322202448945,0.03341862389807656,0.0009758263468505229
10799,10799,LOC102724362,0.4984879955830436,3.119103444511792,0.5102295598912372,0.2603342037868056,1.6549290039285097e-05,0.1067114477676268,8.801486791021024e-05
10800,10800,LOC102724387,-0.14397192233584108,7.565186661623423,-0.19237892631394565,0.03700965128970652,0.12776789828153584,0.09326859389029228,0.22608382393255913
10801,10801,LOC102724487,-0.08914558407823732,7.293307246360003,-0.07355957042480582,0.005411010401081969,0.56349257457883,0.1534923125291586,0.6904561592544878
10802,10802,LOC102724508,-0.09896554988811684,7.339261976341652,-0.07689455136258053,0.0059127720292525355,0.5458919134836598,0.16296895357639432,0.67534788542554
10803,10803,LOC102724511,0.0319932459586847,6.8903835216993246,0.03793713752622476,0.0014392264036836911,0.7659912478563378,0.10702497916671122,0.8484675433416365
10804,10804,LOC102724537,-0.23321883381717196,7.705929140238398,-0.12036383494435787,0.014487452762512627,0.3434438255473193,0.2442883955548097,0.4859524342168593
10805,10805,LOC102724561,0.1302726324185017,6.317667911576822,0.11875786660076483,0.014103430879565053,0.3499681085653552,0.13832817101633374,0.4926163159513575
10806,10806,LOC102724587,0.1393256883068182,6.552955252091664,0.07410964247544664,0.005492239107838526,0.5605712318807291,0.23810292068206354,0.6881503770269731
10807,10807,LOC102724611,0.4066073486396518,5.739256943383392,0.4142537723367557,0.17160618789523258,0.000666557769634949,0.1134570088591708,0.0023627939927066332
10808,10808,LOC102724612,-0.22317732250857095,7.875086654039892,-0.1837851633608504,0.033776986271574466,0.146024467134193,0.15159415559121686,0.25126419036876835
10809,10809,LOC102724640,-0.14977647903511945,7.658595355783492,-0.10895546513631536,0.011871293383070832,0.39143395978456696,0.17354236486696425,0.5342221213294761
10810,10810,LOC102724689,-0.06654669966135544,7.245158054732686,-0.2313521920887514,0.05352383678427053,0.06585919887054273,0.035539547883357066,0.13173664802712015
10811,10811,LOC102724718,-0.024987283475996,7.092522285484238,-0.013778302145646971,0.00018984161001673987,0.9139488643467686,0.23029593243360336,0.9480079828246047
10812,10812,LOC102724782,-0.34365948028000953,9.0040296790593,-0.6275575599846229,0.39382849109385376,2.8635373838083248e-08,0.054147284114438685,3.424069687817188e-07
10813,10813,LOC102724809,-0.5273401633869983,8.88443698080408,-0.3701117965203696,0.13698274192353546,0.002610592151829514,0.16810158851234525,0.007966794397952103
10814,10814,LOC102724814,-0.20991023345458096,8.038998842781378,-0.194581288867824,0.037861877977463564,0.12338068723084518,0.1343864255157066,0.21984767398864086
10815,10815,LOC102724842,0.05088278606388319,6.812135424029673,0.02999450328509272,0.0008996702273194381,0.8139917343650802,0.2153465482699365,0.8821434795153544
10816,10816,LOC102724870,0.10266066693686324,6.36727385948791,0.14505414710566367,0.021040705592551515,0.2527801501622953,0.08893248008414989,0.38551718109777633
10817,10817,LOC102724880,-0.1117340647702212,7.507511307954682,-0.2057862871927307,0.042347995996569035,0.10281529162270953,0.06748032766376434,0.19010119023990565
10818,10818,LOC102724891,0.2552519452994097,5.853997579792188,0.2368073377861888,0.05607771522938212,0.05956304799224199,0.1329983276371621,0.12122535754436094
10819,10819,LOC102724905,0.025957187572510167,6.924885956977311,0.0232656873061734,0.0005412922058286381,0.8552046601781899,0.14165383344857693,0.9095553713549777
10820,10820,LOC102724927,-0.4615391136014012,8.29441903611298,-0.2300617971647951,0.05292843051469531,0.0674241664169075,0.24794740002700075,0.13424699556437403
10821,10821,LOC102724938,-0.0925334576808763,7.313540119879254,-0.05193149946991519,0.0026968806371938017,0.6836121856111912,0.2259881526695005,0.7867588962487917
10822,10822,LOC102724965,0.09191769224932682,6.634761273261493,0.13246391327174234,0.017546688319263676,0.2967483139587461,0.08734974609302754,0.4355191283481293
10823,10823,LOC102724967,-0.20008121899072667,8.177004571770318,-0.28032789517443074,0.07858372881292662,0.024857123307940772,0.08701058775597477,0.05776786920298964
10824,10824,LOC102724975,0.1885152040842792,6.1244007564805845,0.20826379226691494,0.04337380716939671,0.09864963880223157,0.11243665053348686,0.18396485738048796
10825,10825,LOC102725017,0.21848515891746448,5.807909985171063,0.36774446327335897,0.13523599026821087,0.0027944514526890645,0.07016632936060631,0.00846702759311343
10826,10826,LOC102725022,0.2615884382582518,5.688063386977764,0.21872186588718293,0.04783925461717083,0.08249662367277526,0.14821277360288598,0.15872628926112378
10827,10827,LOC102725116,0.19614301578474572,6.403324643238371,0.11771482427047532,0.013856779853028885,0.35424630222314946,0.21014344215242847,0.4968074395856681
10828,10828,LOC102725343,0.2945553047109607,5.90578265918686,0.3233622577294938,0.10456314972391556,0.009151534191515156,0.10947101802175874,0.02420274390910382
10829,10829,LOC102725345,0.2099765492114453,6.208139486809218,0.21924799570141745,0.04806968361908877,0.08174290231475381,0.11867026075038375,0.15755607918344403
10830,10830,LOC102725382,-0.0241859492292872,7.121230421616554,-0.02788722299873294,0.0007776972065810594,0.8268500868962165,0.11010146105109776,0.8911000051405332
10831,10831,LOC102725383,0.32102799941615096,5.7383157500819495,0.3197969099151852,0.10227006359130106,0.009995531714498702,0.12079408223063275,0.02616697766893972
10832,10832,LOC102725408,0.10023486458819343,6.6806751111538585,0.07237917642335867,0.00523874517972368,0.569785505740651,0.17541581956830574,0.6953015953608115
10833,10833,LOC102725438,-0.19698062779231368,7.757376873188398,-0.2559449685579781,0.0655078269301444,0.04121680988847142,0.09448631466547272,0.08910352581959155
10834,10834,LOC102725454,-0.06592218909433326,7.318931135542776,-0.07137290382462078,0.005094091400358567,0.5751758449112726,0.1170020347341186,0.699522550992049
10835,10835,LOC103344931,-0.02665843536971739,7.144421075008428,-0.026310134126178927,0.000692223157737525,0.8365031976077447,0.1286368459616716,0.8975116060147507
10836,10836,LOC142937,-0.025882330710760428,7.118092037992456,-0.02749907422444246,0.0007561990832013957,0.8292235750816068,0.11948824858076493,0.8925181443638278
10837,10837,LOC145474,-0.05142235607538016,7.200512791709781,-0.060958592558283335,0.003715950006686797,0.6322925317170964,0.10693325434486826,0.7460521317677613
10838,10838,LOC145678,-0.08366706803094696,7.388642315108084,-0.06778851280606693,0.004595282468458297,0.5945649670100404,0.15638764745470254,0.7150166246794261
10839,10839,LOC145694,-0.006705760107050165,7.044283971469776,-0.008142528726066304,6.630077405481494e-05,0.9490837718168836,0.10458718433388386,0.9694532584289912
10840,10840,LOC145837,0.2175302589704345,5.9369922544746325,0.586345651383389,0.34380122289621073,3.562936415777876e-07,0.03816698303900342,2.9812746554741074e-06
10841,10841,LOC145845,0.21379605347613054,6.234629283122332,0.1477759608478727,0.021837734604512004,0.2438900992944221,0.18172115986093973,0.37558242783535134
10842,10842,LOC145945,0.07826160040896342,6.7131202604471065,0.07996873494488084,0.006394998568684606,0.529906890089084,0.12389093730826192,0.6615478568009451
10843,10843,LOC146513,0.14705177272192868,6.533151318304945,0.10257525127827544,0.01052168217480135,0.4199204381923993,0.1811068892629244,0.5609461373162188
10844,10844,LOC146795,0.06396589320292657,6.774479742494626,0.06503294974238677,0.0042292845521958045,0.6096657591071739,0.12465188371111155,0.7278813548057035
10845,10845,LOC146880,-0.05998141830737455,7.3028937068980495,-0.06475320179501766,0.004192977142706278,0.6112080628717267,0.11739435957687365,0.7290394162207239
10846,10846,LOC147004,-0.028686119062151308,7.125681081360817,-0.033143501848380934,0.0010984917147736305,0.7948687324839842,0.10985982262535547,0.8679785387494668
10847,10847,LOC147791,0.2933169012287311,5.779388233319138,0.2987343346717949,0.08924220271179999,0.016493648166719856,0.11900290191583456,0.04048627874068448
10848,10848,LOC148413,-0.2762571514486581,8.874913499088185,-0.24306221669148764,0.059079241182979685,0.05295292751416348,0.14001570627182194,0.10980939665167473
10849,10849,LOC148696,0.16720725454325575,6.2488079079165,0.19102914606799676,0.03649213464746803,0.13051462192822136,0.10911570653405672,0.22994245638880847
10850,10850,LOC148709,-0.024373981948341925,7.099184640267848,-0.01565815334076926,0.00024517776604304347,0.9022624364168584,0.1976682204202113,0.939986316404303
10851,10851,LOC149351,-0.21234985708267684,7.62959925943683,-0.1361234171858037,0.01852958470634036,0.28348380920568017,0.1962736016524479,0.42112689850914825
10852,10852,LOC149373,0.07464692911033788,6.68117001127254,0.09017653123103524,0.008131806784861875,0.4785482082857403,0.1047006933375816,0.6159996106775073
10853,10853,LOC149703,-0.11810123315347365,7.547914263266676,-0.12143428496042592,0.014746285563849925,0.3391374837869091,0.1226002365371084,0.4815436503446015
10854,10854,LOC150005,0.2811540140836618,6.045412344755433,0.2792850398679683,0.07800013349405266,0.02542260611644849,0.12276263446344793,0.05886124568600864
10855,10855,LOC150051,0.07479684117024987,6.698629640575052,0.10159901819072678,0.010322360497319629,0.424381535697973,0.09301324159990022,0.5653421921482875
10856,10856,LOC151121,-0.07194147837288138,7.252667962269603,-0.05663490570089585,0.003207512543749366,0.6566764385493414,0.16106519761763655,0.7653567425611405
10857,10857,LOC151174,0.14198489069194,6.3368031569932155,0.2052448037659824,0.04212542947293663,0.10374365297215077,0.08598613689746147,0.19152387573257965
10858,10858,LOC151484,-0.01299990451582044,7.073979041471483,-0.015249988994699669,0.00023256216433846098,0.904798193548947,0.10824909677388557,0.9419000519806964
10859,10859,LOC151657,-0.041321139555542966,7.207983340105206,-0.06160436122278287,0.0037950973216671134,0.6286830855868948,0.08502356756475536,0.7426430404966292
10860,10860,LOC151760,0.024651244068219988,6.930402642243116,0.021539272224974523,0.0004639402479815589,0.8658457580012663,0.1453152538760112,0.9170205165192884
10861,10861,LOC152225,0.20123335398985995,6.353738459558146,0.14382304753929814,0.020685069003491218,0.25687265098791034,0.17584775248142562,0.39063042536117965
10862,10862,LOC152274,-0.1226785713127909,7.388880728860992,-0.07156377564693274,0.005121373984844524,0.5741515892641003,0.21715241802394056,0.6988899755769585
10863,10863,LOC152578,-0.02399567689570124,7.106694519453112,-0.01687368423613798,0.00028472121970089136,0.8947167007061223,0.1805782366358956,0.9352266329000858
10864,10864,LOC152586,0.009212584769128491,6.988653914076775,0.0053900552817966576,2.905269594082405e-05,0.966282772716826,0.21706316142772056,0.97993495455961
10865,10865,LOC153546,-0.0181770055825186,7.1358643510377275,-0.02258870040537539,0.0005102493860038061,0.859374449271183,0.10217024220661708,0.9126007110125278
10866,10866,LOC153577,0.3452383480690222,5.840693175941478,0.2470739215849677,0.061045522727374776,0.049037395496758965,0.17195647954893764,0.10296123574679282
10867,10867,LOC153682,-0.1629441054955575,7.5852259947517995,-0.13935927124252806,0.01942100648124851,0.2720863455359629,0.14704431406614574,0.4087728973841746
10868,10868,LOC153684,0.030419611915123164,6.834198597185972,0.050349684860917066,0.0025350907655936608,0.6927621274931179,0.07663195069661596,0.7938137373975339
10869,10869,LOC153910,-0.03844292922332727,7.230816010304931,-0.03126923158574765,0.0009777648439631182,0.8062369466946535,0.15605978186369682,0.8768218827124916
10870,10870,LOC154761,0.09033160424119846,6.530052892357116,0.14890223399559102,0.022171875288877745,0.2402748786263805,0.07618578154186083,0.3712294874896026
10871,10871,LOC154872,0.22080496055513732,6.237585170444647,0.18659800283404324,0.03481881466165361,0.1398462790639537,0.14764216797357174,0.24281359630611907
10872,10872,LOC155060,-0.03514720066376022,7.205732045990884,-0.04341962433225572,0.0018852637771542128,0.73335082508502,0.10270676926894,0.825664855102558
10873,10873,LOC157273,-0.06524082041943938,7.224161821380179,-0.047165333262798224,0.0022245686617908206,0.7113139271029163,0.1754757327163492,0.8087526562750001
10874,10874,LOC157562,-0.011369736128408196,7.069575264767723,-0.01343968820377357,0.0001806252190146504,0.9160559213334666,0.107430135050526,0.9491478936113024
10875,10875,LOC157740,0.3758942814139438,5.732506019149557,0.2956470555296193,0.08740718144333379,0.017699386158747873,0.15425343338174127,0.043099089988494904
10876,10876,LOC157860,-0.2312575748309033,8.439698180385362,-0.5895954303630409,0.3476227715049793,2.957763788069567e-07,0.040234203667664274,2.5276391014461907e-06
10877,10877,LOC157931,0.04350127382417189,6.84305814525238,0.03711541083266058,0.0013775537212771785,0.7709201602983329,0.1487484740729454,0.8513580392071379
10878,10878,LOC158402,-0.07714522412200714,7.5298997560005745,-0.20116154860161287,0.04046596863579908,0.11095500201466324,0.04770879210394908,0.20201198660059966
10879,10879,LOC158434,-0.056884776467760516,7.186678910454768,-0.03263051795974977,0.0010647507023215524,0.7979760756609989,0.22128140110456748,0.8703184043535095
10880,10880,LOC158960,0.4683927395642847,3.5364584789085884,0.4993052883363382,0.24930577096063386,2.6697781572896797e-05,0.10322376191649334,0.00013520590738098226
10881,10881,LOC1720,-0.07820529035445782,7.246667992863087,-0.045178290508556165,0.002041077933275496,0.7229762014384361,0.21961744106506706,0.817859890903341
10882,10882,LOC200609,0.2996796502989444,6.000423514117342,0.20164713997118966,0.04066156905856054,0.11007771766324674,0.18486524179039274,0.20066781513575285
10883,10883,LOC200772,0.01848827140636137,6.9352291370857975,0.018838660037243226,0.00035489511199882496,0.8825385015612792,0.12461587638779915,0.9278462116897259
10884,10884,LOC200830,0.10601981929155373,6.6783605408487645,0.053169976654382035,0.0028270464174275306,0.6764796908555062,0.2528773842642635,0.7816641430807314
10885,10885,LOC202025,-0.0012844372959773462,7.021373218382032,-0.0021413243697754754,4.5852700565943365e-06,0.9866017727066779,0.07617870885505852,0.9919612493250586
10886,10886,LOC202181,0.26478882821605115,5.636412148523406,0.2907100839843164,0.0845123529301683,0.01978397581105589,0.11068020648234704,0.04748636623680063
10887,10887,LOC219688,-0.15532195942887014,7.755318231468575,-0.13449433032490174,0.01808872488954379,0.2893395293194922,0.14533464782095734,0.42789241260999844
10888,10888,LOC219690,0.1271658695632808,6.4806175448492835,0.11742013417523295,0.013787487909729713,0.35546083190047906,0.13658952738889432,0.49809138830107896
10889,10889,LOC220077,-0.046622372424545866,7.214342017778049,-0.03627082653948045,0.0013155728578570795,0.7759955972121585,0.16313802902201766,0.8549090115309389
10890,10890,LOC221122,0.015486854602817212,6.945090213592406,0.013896478572231122,0.00019311211670847877,0.9132136385788407,0.14152093081753994,0.947689500397961
10891,10891,LOC221272,-0.0755160714590324,7.3033467494500055,-0.07465509300906642,0.005573382912192358,0.5576815190688521,0.12810629566197215,0.6854690257370867
10892,10892,LOC221814,0.20761640897903236,6.276464311589048,0.1607952731485865,0.025855119866928542,0.20433878845650486,0.1618468788651434,0.32755618210271764
10893,10893,LOC221946,-0.07066002630544457,7.291218188793787,-0.054682103006353684,0.0029901323891974754,0.6678095225270722,0.16386359163942868,0.7745611878528048
10894,10894,LOC253044,0.06095118794167732,6.789010952180008,0.06066876389950606,0.0036806989130940093,0.6339152836888721,0.127356306393316,0.7472746580447754
10895,10895,LOC253573,-0.10187398987617263,7.30845517446896,-0.06779796253445211,0.004596563723822972,0.5945134694591391,0.19039274527065306,0.7149944008184859
10896,10896,LOC253805,-0.20272632851280334,7.647803080316545,-0.12883591016733498,0.01659869174864561,0.310292041890975,0.19817221853982225,0.4504809712489316
10897,10897,LOC254028,-0.07921516731890457,7.350076139531902,-0.08445752907553204,0.007133074217544341,0.5069908107444563,0.11869150853556115,0.6417774014538611
10898,10898,LOC254057,-0.16634285404385102,7.987374564960373,-0.7302514494444152,0.5332671794156694,7.514228209975497e-12,0.01976378164233317,4.3624828924133884e-10
10899,10899,LOC255177,-0.11256687434418253,7.383494774108709,-0.09433779436819463,0.008899619446255771,0.4584001863296134,0.15086478066417647,0.597271722922249
10900,10900,LOC255654,0.10357553912916713,6.445568011528385,0.17663315165969115,0.031199270265235456,0.16264820292721618,0.07330040400681191,0.27405437553601514
10901,10901,LOC257152,-0.33856719911423805,8.485359756794246,-0.3415969108795959,0.1166884495224826,0.005735287778614668,0.11830199162293845,0.01602757218297853
10902,10902,LOC257396,-0.2927638043631642,8.26196888420906,-0.4994770304987936,0.24947730399589274,2.6501144082813866e-05,0.06448933983646457,0.00013430430028395373
10903,10903,LOC280665,0.27811337332249786,5.959812690179003,0.3182538929876663,0.10128554040180496,0.010381270816663877,0.10521148921210488,0.027059029794758816
10904,10904,LOC283038,0.08089985315004784,6.754642429849372,0.044049146213461725,0.0019403272821349293,0.7296316110390861,0.2330197046401827,0.8230971315404986
10905,10905,LOC283045,0.02648791495615141,6.906809659311619,0.023241348388776856,0.0005401602749285006,0.8553545040943245,0.1447015828569935,0.9096700612004025
10906,10906,LOC283070,0.19715828134074526,5.40851079863284,0.5552517165163768,0.3083044686943829,1.917599349595465e-06,0.03750479138407403,1.2948429658712128e-05
10907,10907,LOC283075,-0.037496007374053744,7.136019647485684,-0.029319149742382963,0.0008596125416162747,0.8181075057946211,0.16234954164146248,0.8853189764620719
10908,10908,LOC283112,0.3138502573978121,6.1368455114582625,0.20375023094561068,0.04151415661038969,0.1063397995391909,0.19152319857760186,0.195350217086968
10909,10909,LOC283177,-0.059639370807330075,7.3580018040704065,-0.09996077534878506,0.009992156608330277,0.4319282306467165,0.0753922856387526,0.5728445513629744
10910,10910,LOC283194,-0.014830938790301371,7.090191799582755,-0.019729843046839942,0.0003892667066529384,0.8770240191739456,0.09544751429448843,0.9241827316404765
10911,10911,LOC283214,-0.3647560504773519,8.329498545601068,-0.2547784695907921,0.0649120685670262,0.04218219627907442,0.17582076333056385,0.09082782742600741
10912,10912,LOC283335,0.16952988701951555,6.000419684636142,0.19646251084792327,0.03859751816867037,0.11972488312269633,0.10745419058914199,0.2145871829185556
10913,10913,LOC283352,-0.13633997107602644,7.491448749890381,-0.08742910131321444,0.007643847756436314,0.4921049429171632,0.19729002223156406,0.6285185808829944
10914,10914,LOC283357,-0.0024224545242875987,7.0279466821331775,-0.005370538218272786,2.8842680753928644e-05,0.96640479021361,0.05728431359138271,0.9799810691676762
10915,10915,LOC283387,0.04355469508701288,6.829702778112872,0.05626319854100671,0.00316554751006474,0.6587899421397321,0.09815812066074672,0.7671593997115453
10916,10916,LOC283435,-0.08688578596029731,7.337774795599866,-0.0909952228473584,0.008280130581040417,0.4745473638243671,0.12076158476130515,0.612087372457313
10917,10917,LOC283454,0.25837275335672616,6.009437616791414,0.2331572171254513,0.05436228789768484,0.0637192366122476,0.13685617485112214,0.12811885504533163
10918,10918,LOC283482,-0.08682641915675618,7.354439417181606,-0.07814373221641002,0.006106442884709997,0.5393684276698075,0.1406798296311012,0.6696109213546799
10919,10919,LOC283484,0.12907190626002735,6.610654102597168,0.07271902938038928,0.005288057234025917,0.5679703284550275,0.2248207912970768,0.6940185906045379
10920,10920,LOC283485,0.2173181318662348,6.223106325099468,0.16812427900003876,0.028265773189282875,0.18419124223306996,0.1618241868329594,0.3018283277001233
10921,10921,LOC283516,-0.15336257512790932,7.477095034154395,-0.10387902687724516,0.01079085222496342,0.4140047026736861,0.1864832102555773,0.5552108900694058
10922,10922,LOC283585,0.05639867450201313,6.841534156481197,0.03451926760185973,0.0011915798357688032,0.7865509700638478,0.20737317509054395,0.8627677670313354
10923,10923,LOC283588,0.08702730243084601,6.712708381635952,0.07144517175213255,0.0051044125666917205,0.5747879419189741,0.1543034175315468,0.6993500889007408
10924,10924,LOC283665,0.1161955715664826,6.674067338575298,0.1089404850986324,0.01186802929352535,0.3914994723658841,0.1346517191312672,0.5342384993491887
10925,10925,LOC283674,-0.06214780468816585,7.244486735981226,-0.04872971205227288,0.002374584836697429,0.7021783268094735,0.16177814622128514,0.8012684653559122
10926,10926,LOC283682,-0.08783611644178904,7.305104737286764,-0.07173728190904907,0.005146237615698379,0.5732212523903283,0.15510006754234618,0.6980321779515581
10927,10927,LOC283692,-0.02210014243559348,7.092711158372951,-0.018828718240663657,0.00035452063058630034,0.8826000514706379,0.14903953077634846,0.9278462116897259
10928,10928,LOC283693,-0.21579280536246695,7.92955604834053,-0.11665686677589218,0.013608824565968257,0.3586184431202833,0.23332184266100306,0.5011863430635517
10929,10929,LOC283731,-0.12628763393682688,7.428153063240856,-0.1017679764864877,0.010356721038154312,0.4236075178724453,0.156780910531637,0.5645753815563641
10930,10930,LOC283737,0.14147018813031076,6.519970573631638,0.13266230724822775,0.017599287764423183,0.2960189870162148,0.134235033158188,0.43471389962268625
10931,10931,LOC283745,0.053059757814398714,6.806768570819972,0.03561660709517744,0.0012685427009722435,0.7799334938855543,0.1890781036028856,0.8578509393485686
10932,10932,LOC283788,0.033436784631329534,6.866951721934441,0.04319623423979237,0.0018659146524990105,0.7346720876498434,0.0982148638350423,0.8268449694952111
10933,10933,LOC283856,-0.2895073762727333,7.997171985782236,-0.2793988364510114,0.078063709810179,0.025360377426398163,0.12635419079747906,0.05875457078941396
10934,10934,LOC283861,-0.03765945418682538,7.17976079385658,-0.04864361678274145,0.002366201453706205,0.7026800266709711,0.09820597126055763,0.8017142243182233
10935,10935,LOC283887,-0.4731162333555737,9.153958825939387,-0.3817720151095648,0.14574987152081775,0.0018532146419732245,0.14546564633881515,0.005858593149186887
10936,10936,LOC283914,0.05209885537988871,6.727865764635178,0.0667675793810384,0.0044579096564032646,0.6001403490922328,0.09887728178554143,0.7194441574176429
10937,10937,LOC284014,0.240153992740594,6.0345425030970095,0.16057667029163966,0.02578486704194995,0.20496283528568804,0.1874730971835981,0.3284592761127488
10938,10938,LOC284023,-0.3752435438126143,9.060669437053761,-0.4674274924375376,0.21848846068644426,9.854696145364652e-05,0.09013030257600063,0.0004293831891908884
10939,10939,LOC284080,0.015843922466733305,6.954162969299388,0.010939653056963615,0.00011967600900673334,0.931629488750604,0.1839235436929252,0.9595301254796451
10940,10940,LOC284219,-0.14632160184645535,7.613396949367665,-0.2309520293297772,0.05333883985154226,0.06634135322558007,0.07828672024798203,0.1325419322907959
10941,10941,LOC284240,-0.12019153759358897,7.4658735047282425,-0.0885450836688183,0.007840231841918033,0.4865742032810677,0.17171348398377612,0.6233665249986109
10942,10942,LOC284242,0.1961937713036189,6.360644546817022,0.12900712755429958,0.016642838959811317,0.3096440586758231,0.19152757397910652,0.44984181474741375
10943,10943,LOC284263,0.1505379185574462,6.524868625739374,0.13143476597525244,0.017275097706969382,0.30055042006226,0.14419685441078586,0.44002564711299036
10944,10944,LOC284294,0.09536689100581236,6.652803108898682,0.08609109906502542,0.00741167733822402,0.49877911541926795,0.14016129730476828,0.6346391875365945
10945,10945,LOC284373,0.3261029433486173,5.555802929843612,0.38532388760493147,0.14847449835897786,0.0016653728498738115,0.09918175072188316,0.00532383363803032
10946,10946,LOC284379,0.08843158994588779,6.664886331638577,0.06344201454801003,0.004024889209909914,0.6184592449571441,0.1766683961160227,0.7346882845448972
10947,10947,LOC284395,0.035874288854447545,6.811103931123295,0.0393183090004704,0.001545929422656472,0.7577275268682817,0.11578616518919815,0.8430657963485917
10948,10948,LOC284513,-0.16852035065342916,7.727315415194608,-0.21103450986542527,0.044535564354140265,0.09414798535013948,0.09913118381794676,0.17705381005273732
10949,10949,LOC284561,-0.2587179951775918,7.924467139531465,-0.12887877217461646,0.016609737917236692,0.3101297459778705,0.2528205397908376,0.4503359249749069
10950,10950,LOC284578,0.2007589353535911,6.1064997006875785,0.3416475565486859,0.11672305289568753,0.005727630239573418,0.07013732014665322,0.016010305000382388
10951,10951,LOC284600,0.164291074048,6.225994643662922,0.17557793611946765,0.030827611651971863,0.16521424263393347,0.11698998914853775,0.2774105967502492
10952,10952,LOC284632,0.028728383118395637,6.914638129423233,0.026294309386441672,0.0006913907061099146,0.8366001826622372,0.1387085989022846,0.8975645903253336
10953,10953,LOC284648,0.1181735749409492,6.520270888440425,0.13641061724954967,0.018607856498403137,0.28245965236549986,0.10899275829340786,0.4203290140618747
10954,10954,LOC284661,0.2097898377480546,6.269545675871197,0.18621992278285732,0.034677859641253354,0.14066509440128278,0.14057192550181688,0.2440005302194632
10955,10955,LOC284669,0.0055598886095370795,6.994014388116098,0.0039692081004262135,1.5754612944489068e-05,0.975167511313404,0.17789467808518816,0.9857280706479841
10956,10956,LOC284788,-0.026625786361599253,7.1249388412026375,-0.030456490070372964,0.0009275977874067264,0.8111791484555082,0.1109750188501554,0.8802848639340531
10957,10957,LOC284798,0.32291343628663355,5.4354811519206105,0.26857136509797874,0.07213057815059179,0.03188744541780435,0.14708690043946074,0.07157900181637329
10958,10958,LOC284825,0.4086266670352344,5.636601126645664,0.25642725065219946,0.06575493487704592,0.040823046893535504,0.1956127194828841,0.08839346870108103
10959,10959,LOC284837,-0.2331940399094348,8.090053328178376,-0.550490562723278,0.3030398596473913,2.4448410847084497e-06,0.04491337529722804,1.6062813619345108e-05
10960,10960,LOC284865,0.09358586946109347,6.606307939466045,0.09220364540323173,0.008501512225644894,0.4686748541354311,0.12835487585879288,0.6068253492557704
10961,10961,LOC284889,-0.2792879931562866,8.274677084595362,-0.4243857033909023,0.18010322524259087,0.00047418992612945906,0.07567897905387297,0.0017374928680767236
10962,10962,LOC284898,0.17526746425065184,6.323398722314353,0.1555790684005249,0.02420484652437521,0.2195997862087469,0.14132975965037772,0.34622740228252014
10963,10963,LOC284926,-0.2975474705146182,8.296608590551687,-0.6366596502326428,0.4053355102343511,1.5597732241542657e-08,0.04577086229012954,2.0888614204737555e-07
10964,10964,LOC284930,-0.18978651036526284,7.743086720821832,-0.16289996036055548,0.026536397085470547,0.19839942646785586,0.1459850477190026,0.32047885873201687
10965,10965,LOC284933,-0.02898189137209029,7.162288614814543,-0.05307389197453306,0.0028168380093244053,0.6770320485032955,0.06925281186593266,0.781880430678718
10966,10966,LOC284950,-0.2817314006693397,7.825881898127662,-0.1778473862844694,0.03162969280821727,0.1597318977577067,0.19797604993304435,0.27002297001898035
10967,10967,LOC285000,0.102066388741274,6.676278584141315,0.07324596244446534,0.005364971014416027,0.5651612931962701,0.17649609028886212,0.6916309281853319
10968,10968,LOC285043,0.06077495536947805,6.8000703969740615,0.06084091842808391,0.00370161735517276,0.6329511819775763,0.1266274190694074,0.7465761947795077
10969,10969,LOC285095,0.07696438918454053,6.743768777414122,0.08501975847630269,0.007228359331368844,0.5041567751805069,0.11455097676349375,0.6393110597021654
10970,10970,LOC285147,0.11027851062048068,6.611162508558813,0.1140468491676592,0.01300668380507081,0.3695454330508631,0.12200253702412847,0.512652553024756
10971,10971,LOC285178,0.08770488201100482,6.59099472682404,0.12294888348969048,0.015116427951361484,0.33310238408361914,0.08990747095474502,0.47528049860517707
10972,10972,LOC285181,0.07628689654726192,6.755117421141106,0.06585554897613315,0.004336953330947872,0.6051404228267169,0.1467972510088885,0.7238742741696214
10973,10973,LOC285191,0.062145783042086025,6.686236562239682,0.07686562362028578,0.0059083240945354346,0.5460434311613603,0.10237569978442597,0.6754967438902746
10974,10974,LOC285300,0.2305680042024681,6.132478193713995,0.2822793751527785,0.07968164563664308,0.02382746772827677,0.0995160408935759,0.05574587442262678
10975,10975,LOC285419,-0.33874643800890786,8.091692809756715,-0.318652599685077,0.10153947928605793,0.010280380145108138,0.1279708120323746,0.02683805087912197
10976,10976,LOC285422,0.06313419316757524,6.773013949168595,0.07069361553983941,0.004997587278094624,0.5788278573559457,0.11313595917495567,0.7025287104048314
10977,10977,LOC285423,0.15991062732574032,6.472325521030643,0.12092715350151925,0.014623376453979996,0.3411734061999188,0.16670889760934535,0.48349605406818563
10978,10978,LOC285500,-0.5861690378205027,8.791815371427191,-0.3672605929790868,0.1348803431553504,0.002833420884949031,0.1885344806140114,0.008573107344358148
10979,10979,LOC285556,0.1615625732927219,6.519902396556616,0.10837165087920896,0.011744414714285152,0.3939919709448372,0.18821917546061515,0.536394827788913
10980,10980,LOC285593,-0.07755194804438732,7.2871089974760785,-0.04971463260517453,0.0024715446950674823,0.6964479888539656,0.19786787010429147,0.7966557035623623
10981,10981,LOC285627,-0.17117242452908246,7.612068407252193,-0.1522866140503357,0.0231912128189159,0.22963370567176875,0.14108505300170804,0.3585232801962619
10982,10982,LOC285638,0.0852932059038356,6.617589172199301,0.08952182091701694,0.00801415642029845,0.4817605869522862,0.1205153658794308,0.6188838767545682
10983,10983,LOC285692,0.10415343707146364,6.6638565233613125,0.08109147583495019,0.00657582745309031,0.5241273264772773,0.1625810479919421,0.6568408873669417
10984,10984,LOC285696,0.04446665262950262,6.863249605631988,0.03589751881934858,0.001288631857385486,0.778241940622529,0.15721506436965926,0.8564299839506487
10985,10985,LOC285740,0.2810458868551016,6.0413814108062756,0.19186141981114915,0.03681080441195002,0.12881576248267002,0.1825784585356819,0.2276032422129748
10986,10986,LOC285766,-0.09779718796956917,7.351038466670317,-0.07279772623373418,0.0052995089448017105,0.5675503885490599,0.17016054742086836,0.6936620196427301
10987,10987,LOC285768,-0.0021252570694148135,7.0238603133713085,-0.0022782973410271803,5.19063877413152e-06,0.9857448216322244,0.118468828613865,0.9915413979789973
10988,10988,LOC285778,0.022710975961488498,6.9307188717109804,0.017521263624816732,0.0003069946790103258,0.8907004253879802,0.16459167142764872,0.932919840956552
10989,10989,LOC285812,0.054381665029156166,6.700299629364466,0.11684448865079194,0.013652634528065049,0.357840667392639,0.05870341517879672,0.5004546404280288
10990,10990,LOC285819,-0.011801482854096905,7.059885920167303,-0.010658588264319398,0.0001136055037882872,0.9333820436552284,0.14061005513023436,0.9608475069097724
10991,10991,LOC285847,0.16454090269556348,6.333239778278693,0.1045390990648888,0.010928423233298635,0.4110281388216567,0.1987985162472375,0.5525950576282543
10992,10992,LOC285857,0.21923414424024384,6.196619658335322,0.1581289351901588,0.025004760144373445,0.21204285050448504,0.1738610307187498,0.33706909962226494
10993,10993,LOC285889,-0.09364876669456447,7.314595445528504,-0.0575335402593412,0.003310108254773235,0.6515779434888881,0.20637882988566397,0.76134033163826
10994,10994,LOC285957,0.255826161627227,6.256266234851543,0.14743306253778107,0.02173650792926926,0.24499813015609465,0.21796268353476708,0.3767702675085504
10995,10995,LOC286009,-0.022704741396080388,7.115945023154577,-0.026667086769558875,0.0007111335167751821,0.8343161893650619,0.10809128139248543,0.8961863631299809
10996,10996,LOC286052,0.14731819573102886,6.1926559545631035,0.5234330088670326,0.273982114771595,9.078999927905901e-06,0.030456016527918118,5.165679018360543e-05
10997,10997,LOC286058,0.22560278303639095,6.132057207994543,0.21760419647566956,0.04735158632382179,0.08411600596319208,0.1285131787540193,0.16129745055635564
10998,10998,LOC286059,-0.2716656677075641,8.193887334096534,-0.2036112335729044,0.04145753443707982,0.10658377570437837,0.16589865159676725,0.19573199312061682
10999,10999,LOC286068,0.17639011598499085,6.304861783485113,0.17969677149247593,0.032290929684819114,0.15536450657898632,0.1226338978918986,0.2642075066725262
11000,11000,LOC286071,-0.06787543635179341,7.351747597874166,-0.11598580292798315,0.01345270648084895,0.361408778335471,0.07381946804079426,0.5041424307430189
11001,11001,LOC286083,0.3115455061200961,5.845336075837267,0.3031613919944071,0.09190682959598656,0.01488783331712978,0.12437037924589248,0.03701446963059075
11002,11002,LOC286087,0.10017202143085406,6.711807742171854,0.07443889212400473,0.005541148660649212,0.5588260716531197,0.17042923748077465,0.6864083143305902
11003,11003,LOC286114,0.06546591600113,6.77890367282423,0.05253539386396838,0.002759967608442287,0.6801308180366481,0.15804008830787067,0.7842927133810967
11004,11004,LOC286121,-0.04618987455726345,7.205850957520957,-0.042285764111956885,0.0017880858465320613,0.7400650444337482,0.13860156363338996,0.8309464458854542
11005,11005,LOC286161,0.23033281748854045,5.646332757352086,0.36410135995878345,0.1325698003238356,0.0030999691241752627,0.07482641585414249,0.009288754861493748
11006,11006,LOC286177,-0.13231687029097114,7.4395571029007606,-0.08924088932181798,0.007963936326948966,0.4831424965106883,0.18755092732529904,0.6201526473490576
11007,11007,LOC286178,-0.12664283647283822,7.502637094423076,-0.11051633528606032,0.012213860365060898,0.3846433984149175,0.14464045288628102,0.5275812511195237
11008,11008,LOC286189,-0.30542958978671586,7.928093236256495,-0.1960850776882805,0.038449357692019,0.12045163573247827,0.1939799310805072,0.21560424630408473
11009,11009,LOC286190,-0.16979166412496566,7.4983128026716654,-0.09524445039205023,0.009071505330483716,0.4540727661333766,0.2253730585369465,0.5933469557457319
11010,11010,LOC286238,-0.12932723619477282,7.533474072807093,-0.11938392446392405,0.01425252142040792,0.34741566597664364,0.13659384745330946,0.4900532308132618
11011,11011,LOC286272,0.054051731130192036,6.828658130003665,0.06707576166491343,0.00449915780292827,0.5984549157900534,0.10211016218849832,0.7181332415166111
11012,11012,LOC286359,-0.029903375530717268,7.140880607756424,-0.019204506429029163,0.00036881306718262243,0.8802740216392153,0.19771568266537848,0.9265100365541208
11013,11013,LOC286367,-0.07369138413405414,7.280900389138073,-0.06404899435203291,0.0041022736775067434,0.6150979367080948,0.1458196073226519,0.7321822127406323
11014,11014,LOC286370,0.16818222386385526,6.486460726891508,0.12527983010661586,0.015695035831542532,0.32394748340907503,0.16914841321635327,0.46540720183264905
11015,11015,LOC286382,0.2536889221973521,6.162629898283782,0.2347671746706496,0.055115626302839296,0.0618581441004877,0.13340054951403735,0.12507358641419805
11016,11016,LOC286437,0.2158394744567429,5.764718309642067,0.2928469965518229,0.08575936338942337,0.01885733844875607,0.08950030523118599,0.0455296760071148
11017,11017,LOC338620,0.007303439636691414,6.987800650502139,0.006774815142902097,4.589812022049558e-05,0.9576276115399516,0.13690653626257082,0.9744192704566018
11018,11018,LOC338667,-0.06726877485260621,7.253849061199562,-0.07712445848637492,0.00594818209681657,0.544688430015258,0.11044093061856967,0.674359839459174
11019,11019,LOC338694,0.1066469974112982,6.631984245734347,0.08161599798848025,0.006661171127655611,0.521438075160586,0.165396455568308,0.6546341615043336
11020,11020,LOC338963,0.14163550628384278,6.247590127345559,0.1325468847393126,0.017568676654096615,0.2964431554970925,0.13451102126294542,0.435189243596335
11021,11021,LOC339298,0.21859663315260716,6.191561007016738,0.2121401796416623,0.04500345581839675,0.09239708239594976,0.12788676203340432,0.17434758025444588
11022,11022,LOC339468,-0.13970538148933964,7.460817583953752,-0.12903296075609405,0.01664950496148371,0.3095463670322685,0.13635491551152934,0.4497904165660454
11023,11023,LOC339539,0.04065414287909517,6.820412457022619,0.042627396908903874,0.0018170949672292273,0.7380399850020728,0.12101110190539775,0.8294101824673773
11024,11024,LOC339568,-0.002977887614212961,7.027050102342491,-0.0028945950075696765,8.378680257847295e-06,0.981889259141546,0.1306540361707424,0.9895174204533617
11025,11025,LOC339593,-0.1573980388819205,7.560490196203263,-0.1480554203971007,0.021920407508962226,0.2429896057907369,0.1335261291189188,0.3745419541176175
11026,11026,LOC339622,-0.4876683575457457,8.3692360116506,-0.2364847848785963,0.05592505347907596,0.05992124926885198,0.2544654150480909,0.12181699708195547
11027,11027,LOC339666,0.2409899718133146,5.865071662768284,0.2583159618144349,0.06672713612811658,0.039310812082739614,0.11446064857663175,0.08555534026650516
11028,11028,LOC339685,-0.045474025319009584,7.209427779901576,-0.05446788049816998,0.0029667500059629252,0.6690352290032182,0.10587219067393812,0.7755866104959684
11029,11029,LOC339803,0.28376210453678097,5.894467914946675,0.19016272900153466,0.0361618635013111,0.13230113451992545,0.18605236868279748,0.23226437519489143
11030,11030,LOC339807,0.018591793215689698,6.932470561336888,0.014529735623068453,0.00021111321727626441,0.9092751268223048,0.16248821806484312,0.9454020857107631
11031,11031,LOC339862,0.1699098891663331,6.502446334538545,0.10128069801765067,0.010257779790942551,0.425841986980724,0.21196159280052565,0.5669602353561376
11032,11032,LOC339874,-0.20956510749285606,7.7819876703074256,-0.13275722413280014,0.01762448055944654,0.2956704721546342,0.19870268353447304,0.43440830955347065
11033,11033,LOC339975,-0.11013097953098527,7.426074828612187,-0.07466631965539647,0.005575059290881845,0.5576221163857678,0.18679915873796907,0.6854690257370867
11034,11034,LOC339978,-0.20401378973322332,7.935948895806832,-0.2588352677505959,0.06699569583152266,0.03890324938149732,0.0966901092903555,0.08480469753939245
11035,11035,LOC339988,-0.34624467383128416,8.80372728797113,-0.3237598026876215,0.1048204098363276,0.009061387480424246,0.12850481951188,0.02400591459366125
11036,11036,LOC340017,0.16081223275159126,6.557023600545928,0.08082350052477713,0.0065324382370786525,0.5255039208369183,0.2518618717667531,0.6579433051412734
11037,11037,LOC340074,0.21437603018773985,6.149529027049372,0.1871563229667464,0.035027489226433096,0.1386436645671036,0.1429003677522729,0.24115088804824328
11038,11038,LOC340085,0.1768261872971236,6.067489775475964,0.2222107922768632,0.04937763620431123,0.0775996890916704,0.0985347919139756,0.1511578004209879
11039,11039,LOC340090,0.39553348017744505,5.6979375410880575,0.34438006954661243,0.1185976323009296,0.005327583768448024,0.13694194842788235,0.015018071661773233
11040,11040,LOC340107,0.19134776016909452,6.254351244582401,0.13106448043438573,0.01717789803153548,0.3019261245582489,0.18381459225220545,0.4413730752026652
11041,11041,LOC340178,-0.007534980631429855,7.0469077620774625,-0.010348502553060116,0.00010709150509069172,0.9353159211833928,0.09246673618696537,0.9618785228327547
11042,11042,LOC340184,0.2081880719998516,6.327691667890334,0.1839535028157745,0.03383889119819315,0.14564908397676302,0.14127870726586556,0.2507776825567944
11043,11043,LOC340340,-0.19946319981285374,7.702273318634092,-0.386017556474236,0.14900955390634,0.0016307486108131887,0.060537184954754464,0.005227810683517336
11044,11044,LOC340357,0.1093906256124147,6.548865056346305,0.15422918432783098,0.023786641298428068,0.2236758367245445,0.08900001355286621,0.3509611262439623
11045,11045,LOC340581,-0.12922695015290542,7.434017623312083,-0.10572148848878613,0.011177033128284532,0.40572731344604585,0.15436656969502613,0.5477230205519682
11046,11046,LOC344887,0.2221360580852285,6.014708412062763,0.6253746478192314,0.3910934501350277,3.3030613648620005e-08,0.03520126475259207,3.8653253262204615e-07
11047,11047,LOC374443,0.2902057280196829,5.936890205052722,0.34567496757317323,0.11949118320671435,0.0051467576347951965,0.10004814924680767,0.01458046004467425
11048,11048,LOC374890,0.2471286854445821,5.8341951812203146,0.2305712536981285,0.05316310303192675,0.06680277795058727,0.13245237194938864,0.13314442305752117
11049,11049,LOC375196,0.12687819461924804,6.613045248573848,0.07035981745115118,0.0049505039117593175,0.5806263190478818,0.22844874871463425,0.7041195575394456
11050,11050,LOC388456,0.11970693960638072,6.572898922856913,0.12842613042886492,0.016493270976931824,0.3118464233470795,0.11739747437102115,0.4520708460022096
11051,11051,LOC388692,0.17921683897981092,6.284015571773739,0.17384851096811427,0.03022330476583055,0.16948388652049953,0.12892818374522047,0.28289446284200054
11052,11052,LOC388780,0.005891087422127143,6.986478730712041,0.008898573004326131,7.91846015133218e-05,0.9443632991993012,0.08407406761770457,0.9669055085614399
11053,11053,LOC388882,0.1225967861054992,6.480381540514692,0.1461855077691762,0.02137020268173187,0.24905849000533214,0.10536300233286287,0.38123712455400205
11054,11054,LOC388942,0.07529714982083809,6.723475156233863,0.12816760987602646,0.01642693622133331,0.31282961805221343,0.07399591085009845,0.45328373227973784
11055,11055,LOC389199,0.10776116906974162,6.389494903164914,0.14512028695073315,0.021059897684663136,0.2525615455650665,0.09330746293239907,0.385266256469372
11056,11056,LOC389247,0.0035687805381523353,7.001133097223159,0.005450052744631395,2.9703074919264203e-05,0.965907683203258,0.08316045211349689,0.9797755734462521
11057,11057,LOC389332,0.3140070029269484,5.1145961920822,0.7162922589627783,0.5130746002499998,2.8445517205669567e-11,0.03884941164396934,1.210191896048673e-09
11058,11058,LOC389641,-0.29261790071249066,8.535825947466419,-0.36449092672192,0.13285363566260408,0.003065938249072721,0.09494334476504823,0.009198239510067855
11059,11059,LOC389765,-0.16228607922001126,7.658270359995942,-0.30098020501295114,0.0905890838096381,0.015661375804578662,0.06530216366240611,0.038680097291075605
11060,11060,LOC389831,0.010364302291949238,6.975078205776883,0.0279711069207379,0.0007823828223713518,0.8263373476506274,0.047039707713331984,0.8907529127071698
11061,11061,LOC389834,-0.07037890817899012,7.29146300143924,-0.10680424947539027,0.011407147706001406,0.4009082673977821,0.083208344397888,0.5431474305867725
11062,11062,LOC389895,0.09078270086844567,6.7124800849688535,0.1130656481703461,0.012783840796180487,0.3737049489283136,0.1013170895042196,0.5165037445138263
11063,11063,LOC389906,-0.4982937680029531,9.027337609625594,-0.5545348106182146,0.3075088561873792,1.989512683153871e-06,0.09496594817482687,1.3388097313143901e-05
11064,11064,LOC390705,-0.11827718357459227,7.683435634616146,-0.09687941426536928,0.009385620908401034,0.4463262803371466,0.15432132347087124,0.5862670597195412
11065,11065,LOC399491,0.012949681487141543,6.9095911710033056,0.03719637710531538,0.0013835704697608305,0.7704341008232014,0.044183686956510905,0.8512117578227769
11066,11066,LOC399884,-0.020155883598914605,7.1047064848091575,-0.025758920856588003,0.0006635220036959644,0.8398828360969741,0.09934229808974476,0.8994313692708231
11067,11067,LOC399900,0.2632031128785145,5.963103819668364,0.2283760403146037,0.052155615789777496,0.06951344047413514,0.1424994402981518,0.13766013291882911
11068,11068,LOC400043,0.3807472952179383,5.25177892082929,0.6341168608464024,0.4021041932096957,1.851980788823713e-08,0.05896366021915345,2.397571745253326e-07
11069,11069,LOC400541,0.06415466192951091,6.7922686198796525,0.04520187754894536,0.0020432097339498504,0.7228373903088612,0.18006602200699198,0.817859890903341
11070,11070,LOC400548,-0.0010326804927042927,7.0195851450521625,-0.0009611037574433106,9.2372043257165e-07,0.9939861712329092,0.13645820457481994,0.9962980032106941
11071,11071,LOC400568,-0.08362050813424789,7.4392119829077314,-0.12291948509577633,0.015109199816210778,0.3332188779380653,0.08574133980380075,0.4753840702120564
11072,11072,LOC400590,0.015093116090352398,6.9725983763760695,0.00565139936106241,3.19383147382166e-05,0.9646489674872488,0.3391721107418011,0.9790713909512951
11073,11073,LOC400620,0.39938559002387786,5.492679201278569,0.2771247444089202,0.07679812396370936,0.02662861766289895,0.17586101692668346,0.061266756851899355
11074,11074,LOC400622,0.16886736161722524,6.4047569994729106,0.13845055712089574,0.019168556767086425,0.27525569062801103,0.1534095357057441,0.4121887822798962
11075,11075,LOC400654,0.1279884127479896,6.632738804648177,0.07228336445581215,0.005224884777051768,0.5702977312334859,0.22428431660937906,0.695684845080055
11076,11076,LOC400655,0.32573095322040224,5.85039812496259,0.2132855143324172,0.04549071062404374,0.09061037223037252,0.1894924472223557,0.17151814778397878
11077,11077,LOC400684,-0.26073636472206124,7.9561326256970935,-0.2460653434283269,0.06054815323650045,0.049998758713059366,0.1304345285989495,0.10464126026203736
11078,11078,LOC400692,0.11755817431354418,6.6713841685521205,0.05992288103045443,0.0035907516709899937,0.6380993753021795,0.2487042331514515,0.7505003903091311
11079,11079,LOC400748,0.038475379371609664,6.8630742463332,0.04942624786817789,0.0024429539783265594,0.6981240998143559,0.09874117556951416,0.7980491675930628
11080,11080,LOC400756,0.3277328648847789,5.699347400864912,0.3368142894812313,0.11344386559874665,0.006500254685047642,0.11635545824831373,0.017888297776681494
11081,11081,LOC400768,-0.2902021114131492,7.998862035534159,-0.29395027516051603,0.08640676426694309,0.018393589915233717,0.11984151477105995,0.0445341222735226
11082,11082,LOC400794,0.2622579529559406,5.960640325729235,0.24455807544271435,0.05980865226424436,0.051464147602878915,0.13205624357731124,0.10710774784626073
11083,11083,LOC400891,0.1997815114192148,6.359863130416034,0.13715641398222608,0.018811881896463784,0.2798115783931805,0.1832396561222584,0.4172797830799755
11084,11084,LOC400940,0.2635440809714618,6.099906547420746,0.13457428754137218,0.018110238867267918,0.28905028345459943,0.2464487946119028,0.42761196121118666
11085,11085,LOC400958,0.32290602257214274,5.881219368115082,0.2839998752932971,0.08065592916660827,0.02294984385441519,0.1384526239341899,0.054001832953098
11086,11086,LOC400965,-0.15265762750876624,7.563192283889549,-0.09807656975929864,0.009619013535750577,0.4407010114095484,0.19672454203811998,0.5810631029026894
11087,11087,LOC401052,-0.2235039811386752,7.8948765611812695,-0.22702042420641305,0.05153827300685973,0.07123089745493004,0.1217683420969779,0.14062403905429027
11088,11088,LOC401068,-0.255592381459796,7.8927272831797675,-0.25536291909260245,0.06521022044749503,0.04169620278326483,0.12289980767808978,0.0899333935529482
11089,11089,LOC401098,-0.16719953685983638,7.507591172902608,-0.07890651485192643,0.0062262380860772844,0.5354038389802549,0.2682687752613615,0.6662789027311048
11090,11090,LOC401134,0.025356318227004047,6.9385227199985655,0.009812575420928544,9.6286636391411e-05,0.9386591508142832,0.3281605959119584,0.9639428989843649
11091,11091,LOC401176,0.07686859287688105,6.752580412998405,0.07625687264576964,0.005815110625713129,0.5492366549406971,0.12764613662163174,0.6780645335884952
11092,11092,LOC401220,-0.005305962073338265,7.03170465222209,-0.0026036111548217136,6.7787910455120575e-06,0.9837096100965558,0.2588157497902648,0.9903990165228198
11093,11093,LOC401312,0.20989053287063966,6.067881335407656,0.15548138221512006,0.024174460215524253,0.2198929974000266,0.16935760477225156,0.3466139801060981
11094,11094,LOC401320,-0.09999578455550194,7.645167855530834,-0.13768932788042612,0.01895835101216349,0.2779294955249796,0.0913543622408106,0.41515922091421903
11095,11095,LOC401324,-0.4631161734451976,8.584876138512538,-0.2625651007853139,0.06894043215040202,0.036077725745626274,0.21614531990635472,0.07939666168918058
11096,11096,LOC401442,-0.05247998099366024,7.212054897970067,-0.04177764929719385,0.0017453719807993214,0.7430801912670584,0.1593949253269602,0.8329745078107542
11097,11097,LOC401463,0.041983258932963084,6.831638531047728,0.028782102008484037,0.0008284093960267809,0.8213839079495822,0.18517307275902306,0.8875339816699866
11098,11098,LOC401913,0.1022624134659491,6.514184144949436,0.129887111335694,0.016870661691130967,0.3063274729820032,0.09914240808526703,0.4461609784386117
11099,11099,LOC402160,0.023987934703669854,6.910621990231983,0.032384154283055834,0.001048733448628764,0.7994695102653423,0.09402354127531816,0.8714205589568625
11100,11100,LOC403323,0.004405612983696887,6.9920381797418125,0.005484624475377685,3.0081105635911933e-05,0.9656915525061036,0.10201336399615672,0.9796247983098174
11101,11101,LOC414300,0.0100117231350141,6.984847237513356,0.00711056482243246,5.0560132094013954e-05,0.9555297720217428,0.17881251315874072,0.9732874871916035
11102,11102,LOC439911,-0.03961970392181231,7.18791314710251,-0.06539513341170383,0.004276523473934543,0.6076714823141375,0.076778447153634,0.7260422185720662
11103,11103,LOC439933,-0.7425675589298647,9.373554462385263,-0.3395127424832161,0.1152689023084746,0.006058323906120745,0.26127008998662193,0.01681314932552156
11104,11104,LOC439938,-0.40389967618250655,8.411550489675196,-0.3787540131980731,0.14345460251364614,0.0020275092985551526,0.12534170842934825,0.006357618572286682
11105,11105,LOC439951,0.007876447579895307,6.9846109429063565,0.01050817450632932,0.00011042173145546948,0.9343200654242706,0.0951882377721714,0.9614931814267252
11106,11106,LOC440028,0.030797093969878755,6.869047261759203,0.030543252720305007,0.0009328902867364194,0.8106511994415659,0.12799586471777027,0.8798883125611303
11107,11107,LOC440117,-0.4287266570065175,8.383299922867753,-0.2552943078670284,0.06517518362930508,0.04175301514345281,0.20620948020656715,0.09002902946644135
11108,11108,LOC440149,0.0653224077503738,6.697014634628353,0.07828135194646033,0.006127970062565588,0.5386520851916671,0.10565091346135222,0.6691819691828094
11109,11109,LOC440173,-0.10818201899405867,7.517979234444276,-0.16626493151755234,0.027644027452536375,0.18916119172700807,0.08148379038937201,0.30831594210811075
11110,11110,LOC440330,0.1312738406915588,6.30253964485039,0.15235202318760502,0.023211138969356542,0.2294313212522882,0.10815197887117582,0.35828479568171206
11111,11111,LOC440346,-0.1376563004223407,7.413580293852554,-0.061811407769961475,0.0038206501305044546,0.6275276492122515,0.28229317693595496,0.7416422662059328
11112,11112,LOC440416,-0.16712201617519148,7.534435810904922,-0.06851957856032373,0.004694932646084372,0.5905868163833512,0.3090304299379799,0.7120392517932687
11113,11113,LOC440434,0.02339457454787007,6.835620152540737,0.03051097868523632,0.0009309198203309448,0.8108475765070622,0.0973331833404859,0.8799691424907503
11114,11114,LOC440570,0.13096675630187365,6.545411200864258,0.1272227012966934,0.016185615725227673,0.3164401776924455,0.129675281063006,0.4570779114147483
11115,11115,LOC440602,0.007899145720143292,6.9730578500475024,0.007887909318834799,6.221911342216086e-05,0.9506739257927488,0.12717708327301905,0.9702939531815199
11116,11116,LOC440704,-0.07276778206727573,7.230929567865915,-0.043040169826758484,0.0018524562187162109,0.7355956009812703,0.21451945659301255,0.8276262658725727
11117,11117,LOC440792,0.20039039698345534,6.0343584078842865,0.18852746877911228,0.035542606484259165,0.13572323021541147,0.1325708215495321,0.23688938101996737
11118,11118,LOC440934,-0.07320816723859255,7.24115408965092,-0.03568003417643726,0.0012730648388317306,0.7795514687756622,0.2604124895152309,0.857696730837159
11119,11119,LOC441025,-0.055682212453206384,7.23484833958013,-0.0525844626809476,0.002765125715443971,0.6798482338747288,0.1342956441353664,0.7841540498856413
11120,11120,LOC441052,0.12709682587254734,6.505654105100994,0.12321952384213768,0.015183051055883138,0.3320311516775042,0.12999812570936647,0.4740111708659874
11121,11121,LOC441081,0.2685640159647061,6.131537345781213,0.2339523429000479,0.05473369874842158,0.0627945189633716,0.14174301513645415,0.12658865277898082
11122,11122,LOC441086,0.03811911333209818,6.8629775214304845,0.05407587269918377,0.0029242000081783287,0.6712803881442222,0.08939382004301184,0.7774401970939744
11123,11123,LOC441124,-0.2655217390753666,8.457566073321889,-0.33577506686424063,0.11274489552768527,0.006677848568774611,0.094597584740761,0.018342061232472628
11124,11124,LOC441178,-0.14654386082479967,7.688175744327191,-0.10818174115311174,0.011703289118918872,0.3948261927245356,0.1710257456104806,0.5371253425964203
11125,11125,LOC441179,0.12838941820955865,6.5858842927491,0.1295624625175972,0.01678643169362378,0.30754836365153265,0.12478952278734674,0.4476682002335108
11126,11126,LOC441204,0.2061579486236048,6.189559717613974,0.142103949534004,0.020193532473162752,0.26266209053583184,0.18237623327334715,0.3976195435549415
11127,11127,LOC441242,-0.06263493347567976,7.23807497040608,-0.061424265480075374,0.003772940389766779,0.6296888434809242,0.12925875569036194,0.7435471893548947
11128,11128,LOC441454,0.2272261031667481,6.270760747683602,0.15799573698444722,0.024962652905258623,0.21243300753348185,0.18035476968966596,0.33749176275680715
11129,11129,LOC441461,-0.3908427157884045,9.286903582598756,-0.3149742133401157,0.09920875506922472,0.011244295086670457,0.1495695737174485,0.028949614802264743
11130,11130,LOC441528,-0.10182602251888476,7.459255263058763,-0.17768007532049485,0.03157020916589672,0.16013143144263628,0.07162395124658877,0.2706349916405439
11131,11131,LOC441601,0.16968589076415802,6.140612005449362,0.16227252838311138,0.026332373467847687,0.20015698506646687,0.1310419207235643,0.3225719663328377
11132,11132,LOC441666,-0.5657219799081861,8.687509398142264,-0.3588150000624957,0.1287482042698488,0.003596127491510067,0.1868996382619328,0.010577851239968827
11133,11133,LOC494150,-0.2302973387217167,8.081369606213308,-0.2916840263246022,0.08507957121293122,0.01935694012774084,0.09591181086986557,0.046569774299103195
11134,11134,LOC497256,-0.2121908571869289,7.670089328602698,-0.12051078556302873,0.014522849437018294,0.34285064481010663,0.2219873284226108,0.48528862758107455
11135,11135,LOC51145,-0.0006245901852827983,7.01768204084904,-0.0005372724839518433,2.8866172201178376e-07,0.9966381514858684,0.1476402082268842,0.9977900679808822
11136,11136,LOC541472,-0.22450010568799966,8.070727286978128,-0.211436182535073,0.04470525928500471,0.09350893262765382,0.13179838523109547,0.17600486189064263
11137,11137,LOC54944,-0.0243334447060935,7.100651756691094,-0.025698923178605844,0.0006604346525398846,0.8402508731829297,0.12021242643929395,0.899617001479469
11138,11138,LOC553103,0.1864228225309969,6.045303927017213,0.1784849436153171,0.03185687509736293,0.15821616946327435,0.13051830672653816,0.26802559256256014
11139,11139,LOC554174,0.0393983307368544,6.839581029329307,0.06494824026234018,0.004218273913174666,0.6101326005045751,0.07687704195537172,0.7282181937924221
11140,11140,LOC554206,-0.3768177465387743,8.322001457959328,-0.19092445532986824,0.03645214764300686,0.13072951449399442,0.24604275816273696,0.2301770580020692
11141,11141,LOC554207,-0.2584178106304959,7.926403100872434,-0.20728716604273065,0.04296796920602658,0.10027574754490501,0.15488787469496024,0.18640134649046317
11142,11142,LOC57399,-0.048525928562111464,7.171221751734652,-0.039325218134908815,0.0015464727813581612,0.7576862556157306,0.1565924421515427,0.8430631931640451
11143,11143,LOC574538,-0.15465855110089832,7.511016462541754,-0.1098179191740238,0.012059975371712429,0.3876731230929196,0.17777478916389106,0.530359560337177
11144,11144,LOC613266,0.12145781026528417,6.615098334983165,0.0801348454404703,0.006421593453768064,0.5290498115095081,0.19187096989731897,0.6608376939220861
11145,11145,LOC641515,0.2884626679727313,6.114862716567875,0.16970693994896185,0.028800445466840543,0.18003574345785214,0.21273963308588034,0.296725323432513
11146,11146,LOC642236,-0.04513574009119459,7.197911659628521,-0.07821229355386672,0.006117162862956222,0.5390114918908857,0.07306633052451482,0.669359666068192
11147,11147,LOC642426,-0.06538423481639348,7.197554156787336,-0.03218141365254972,0.0010356433846765137,0.8006990430080821,0.2578974687157247,0.8724722439905609
11148,11148,LOC642533,0.0984934806738384,6.436825108240655,0.11267232568694248,0.012695052975704436,0.3753802295960688,0.11031130905770688,0.5181941708458112
11149,11149,LOC642620,0.09719013833078914,6.62645067404479,0.08322554901156197,0.006926492008275904,0.5132292959524696,0.14779521887412206,0.6470268617250234
11150,11150,LOC642757,0.11797271867322355,6.571422069990433,0.09715543964928612,0.009439179453446076,0.44502574952561147,0.15348261673052488,0.5852685901844478
11151,11151,LOC642776,-0.22575272019163606,7.784560932284125,-0.15754939751136202,0.02482181265619316,0.21374408797256034,0.1797059223210819,0.33899430387035256
11152,11152,LOC642852,0.06253271113465034,6.712167736563258,0.04091116952625908,0.0016737237920063093,0.7482307276585158,0.1939571390861352,0.8361529313983856
11153,11153,LOC642980,0.2429258293544438,5.877207519728478,0.3046876764287727,0.09283458016756448,0.014366281526778331,0.09644199908295714,0.03586188201295502
11154,11154,LOC643072,-0.1719975233470899,7.980822118796593,-0.2374630060963313,0.0563886792643063,0.058840257231623415,0.08935666645701333,0.11995723689990634
11155,11155,LOC643085,-0.5986103007245938,9.069906854935667,-0.4483356227632671,0.2010048306385265,0.00020299279930960132,0.1515713680585304,0.0008146421551240579
11156,11156,LOC643201,0.1736425665416424,6.3633055779986085,0.10869781130622104,0.011815214182762832,0.3925616681252322,0.20167805010746975,0.5350193796495628
11157,11157,LOC643355,0.1786852286288842,6.447610751950675,0.10062886162177116,0.010126167791293566,0.4288415206751558,0.2243676139974493,0.5698326765797692
11158,11158,LOC643549,-0.11954619730123925,7.47219293469688,-0.11410050102562025,0.013018924334297568,0.3693188042351773,0.1321924898483896,0.5124038125136318
11159,11159,LOC643659,-0.05313708381021653,7.187864242942633,-0.04006099267135925,0.0016048831338146994,0.753295034139826,0.16831832060102933,0.8397323018734045
11160,11160,LOC643711,0.3999271170073399,5.800536086373472,0.15592711105026386,0.024313263960481318,0.21855734010193975,0.3217500148563104,0.34503602827932534
11161,11161,LOC643733,-0.3029487359625633,8.398287182129591,-0.5888687806609589,0.3467664408371247,3.084019421309738e-07,0.05280669819983855,2.6210533975063724e-06
11162,11162,LOC644090,0.0870809866594749,6.662281965623086,0.07204524912761233,0.005190517921859725,0.5715716587661088,0.15310596353590974,0.6966110012708289
11163,11163,LOC644135,0.146468005280146,6.574781438999199,0.0813405032488144,0.006616277468770385,0.5228496863068055,0.22792847614154785,0.6557955376179481
11164,11164,LOC644656,-0.13116170515738113,7.612413703060341,-0.22590201034281784,0.05103171827692658,0.07267323783983398,0.07183183515597791,0.1429502194042697
11165,11165,LOC644794,-0.12281738607811254,7.536644052925617,-0.11169144526650762,0.012474978945721268,0.3795777726462684,0.1387772089255574,0.5224864395280283
11166,11166,LOC644852,-0.1244161800876712,7.408195355646399,-0.07631798136909512,0.00582443428025355,0.5489157017766204,0.20643611929297834,0.6778495393460717
11167,11167,LOC645188,0.18551216411977586,6.424192360599752,0.13452675075873866,0.018097446669703792,0.2892222252265405,0.17354099731810976,0.42777865496077694
11168,11168,LOC645261,-0.25665170998829434,7.853894967984048,-0.1504322747707609,0.02262986929270571,0.23542288059047264,0.2142085620642332,0.3656898701087931
11169,11169,LOC645321,0.15434361330862567,6.382604031825862,0.1532309312632183,0.02347971829579313,0.2267238692064785,0.12641162417625673,0.3548564314011771
11170,11170,LOC645355,0.06311822623215703,6.8142110668240665,0.06260561672048666,0.003919463244952479,0.6231037935090811,0.12778882295440405,0.7382269749665801
11171,11171,LOC645485,-0.3659631823068389,8.069404253370509,-0.2238782797380724,0.0501214841384786,0.07534230348836841,0.20233155628397226,0.1473304661405651
11172,11172,LOC645513,-0.2282722997427737,7.788891482956242,-0.13067424523745924,0.01707575836837964,0.3033803648214693,0.21995173502860574,0.44276194906381705
11173,11173,LOC645984,-0.058782818019128276,7.203276368121794,-0.046352514684907455,0.0021485556176145614,0.7160767057489402,0.16088449895986648,0.8127170368445126
11174,11174,LOC646014,0.2607981098368932,5.517846787885042,0.260121798521838,0.06766335006623568,0.037908614270794116,0.12294708175696906,0.08292030727616632
11175,11175,LOC646214,-0.27075403792653896,8.581166212626227,-0.2657518318712653,0.07062403614293325,0.033800823550184225,0.12473793460258165,0.07525774562813484
11176,11176,LOC646241,-0.0848608269116716,7.299904415097972,-0.05341582909128327,0.002853250797509184,0.6750671436162521,0.2014749143506008,0.7805751813813292
11177,11177,LOC646268,0.3648871026920961,5.614406120070225,0.2893244597936558,0.08370864303489074,0.020405330185667973,0.1533184120098839,0.04877234273406622
11178,11178,LOC646482,-0.006835891065140782,7.046361371304427,-0.00839746061256668,7.051734473960877e-05,0.9474918645139028,0.10337987432279527,0.9687403364598267
11179,11179,LOC646484,0.03350914243965426,6.89515667533666,0.02966821577231713,0.000880203027112767,0.8159795929516679,0.14337876065984936,0.8836344494358338
11180,11180,LOC646522,0.2031196902891572,6.279363323688974,0.23497549049686106,0.05521348113424043,0.0616205735173893,0.10670885501062033,0.12473298929884702
11181,11181,LOC646588,0.4750781892326169,5.287193347777531,0.3873072196494745,0.1500068823926063,0.0015680885759049126,0.14362212884091574,0.005053118766550726
11182,11182,LOC646626,-0.0643701180523755,7.2407152222696896,-0.04908357708806943,0.0024091975397604547,0.7001175931916023,0.16635217119256482,0.7995067489618809
11183,11183,LOC646736,-0.12240886165510508,7.4133669136267635,-0.09510402867263383,0.009044776269765156,0.4547415170059541,0.1627215662401093,0.5938266628935619
11184,11184,LOC646762,-0.2521055974683214,8.316979634979837,-0.3412856692963249,0.11647590806704045,0.005782545006386708,0.08818156238430636,0.016138808108429457
11185,11185,LOC646778,-0.16158684860234013,7.674256216468276,-0.11838267396229735,0.014014457494463594,0.3515033196172377,0.1721302876201759,0.49414466283506114
11186,11186,LOC646903,-0.07366219013160097,7.244084676829685,-0.05151928433883445,0.002654236658785673,0.6859923283045644,0.18134343358654836,0.7888256090396847
11187,11187,LOC647070,0.18026053372204387,6.0014798992376175,0.1852766803142385,0.03432744826826453,0.1427235653661331,0.12142244977447285,0.24693822371393515
11188,11188,LOC647323,0.03666196179995964,6.883869158723287,0.03460824125999435,0.0011977303631099756,0.7860138492387202,0.13445596884864675,0.8624385272160261
11189,11189,LOC648691,-0.045992894149153085,7.1771517963360765,-0.03703246787685921,0.0013714036770506096,0.7714181772717319,0.1576210580394316,0.8517289813560746
11190,11190,LOC648987,-0.1623595174558951,8.005789103422256,-0.15120606623881444,0.02286327446741674,0.23299500159860434,0.13480014532486942,0.3627512229216893
11191,11191,LOC652276,0.02622673681813873,6.8553581379243385,0.02976448162795743,0.0008859243665810154,0.8153929866595766,0.11185557347987446,0.883308410510912
11192,11192,LOC652993,-0.19478876877074325,7.711972716489124,-0.20602094443797206,0.04244462954711396,0.1024149844820555,0.11750020983936395,0.18957145815530488
11193,11193,LOC653160,-0.07726849536965688,7.382962755935882,-0.08974484251266268,0.008054136757622628,0.4806650336135629,0.10890331409085743,0.6177330150090032
11194,11194,LOC653581,-0.09604302572905883,7.376341964183303,-0.09293786962230484,0.008637447609932533,0.465126038002412,0.13067530747885928,0.6034912996290344
11195,11195,LOC654342,-0.33421688793358795,8.319356911785452,-0.2366389349334033,0.05599798552641547,0.05974984582545247,0.17427408240846906,0.1215484181634733
11196,11196,LOC654780,-0.0537837742351636,7.2987958820072265,-0.04189467225763327,0.0017551635635745064,0.7423854357922346,0.16289778139321734,0.8324111537348335
11197,11197,LOC654841,0.2602872433769827,6.155922902172869,0.21867217724759985,0.047817521102205725,0.08256808956100055,0.14751072685310396,0.15879324861842514
11198,11198,LOC692247,0.07398809117565049,6.626838639420228,0.08483853116737422,0.0071975763706375265,0.5050693981508678,0.11035810941555807,0.6399323523831062
11199,11199,LOC727820,0.11540183317205994,6.367252783704448,0.20143651629812545,0.04057667009832496,0.1104575780222553,0.07126623216855907,0.20129250627551448
11200,11200,LOC727916,0.2482578875404197,5.883456125001024,0.4648538647938094,0.21608911561374125,0.00010890180283294186,0.060051534867978686,0.00046958752296841016
11201,11201,LOC727944,-0.0946231341472253,7.395021316913848,-0.08567967635205545,0.007341006939792971,0.5008407522437635,0.13974095518384486,0.6364607555889417
11202,11202,LOC728024,0.08047109473201301,6.691486345432304,0.06727480416987576,0.004525899276095133,0.5973674773499821,0.15156768077016738,0.717152274199682
11203,11203,LOC728040,0.1010350969916844,6.652475434031938,0.11654553110452576,0.013582860820435985,0.3590804686614503,0.1093480637894235,0.5015810786800743
11204,11204,LOC728061,-0.18588711049836307,8.01402421010911,-0.4677828478091316,0.2188207927044212,9.7190703732226e-05,0.04460509574770122,0.0004239002395410582
11205,11205,LOC728073,0.003003339183035707,7.0015978825515015,0.0027827947816132853,7.74394679657413e-06,0.9825886540610426,0.13706471757175204,0.9899104248454529
11206,11206,LOC728084,-0.06743148232444181,7.264531762402336,-0.05961359665866724,0.003553780906582261,0.6398376451812615,0.14339977468365375,0.752021799998893
11207,11207,LOC728099,0.07996417129236688,6.685342270034808,0.06680204441440518,0.004462513137944161,0.5999517575709077,0.15168360827449526,0.7192750091819028
11208,11208,LOC728114,0.09919600857103042,6.627422519157808,0.12568727567690582,0.015797291267082517,0.3223637998083886,0.09943729871215322,0.4635625263862577
11209,11209,LOC728175,0.03341698598208006,6.897790552836126,0.0244919317310451,0.0005998547199181737,0.8476619202623876,0.1732280017426814,0.904375961141154
11210,11210,LOC728196,0.15983575566047767,6.429016234286334,0.1123703454082186,0.012627094527162354,0.37666952204542536,0.179501044825269,0.5194738568267536
11211,11211,LOC728353,0.2361075220930629,5.931837071584807,0.2558205248434893,0.06544414093119834,0.04131892073336415,0.11331338811608538,0.08927080000808148
11212,11212,LOC728392,0.27446174952802244,5.4833463319101465,0.6320952698227296,0.3995444301322693,2.120518753042497e-08,0.042731081146944336,2.6697577672753063e-07
11213,11213,LOC728445,0.13394228919842127,6.3950905337695945,0.19441502077540426,0.03779720030310088,0.12370784288723673,0.08582728299692055,0.22028561283801593
11214,11214,LOC728485,0.13153391675612264,6.4218697584587465,0.1410036359691272,0.019882025356514142,0.2664134228312288,0.11728724174579018,0.40180963026955424
11215,11215,LOC728613,-0.02839616517969532,7.184506409258673,-0.08747881501396493,0.007652543076247496,0.4918578667766162,0.04106698675207653,0.6282400675384938
11216,11216,LOC728690,0.03903962671102081,6.8656623932065575,0.02484907721267054,0.0006174766383212622,0.845467612102744,0.19946441211351235,0.9029214843056728
11217,11217,LOC728730,-0.17224715339534666,7.784912043292683,-0.2436725569049353,0.059376314988588925,0.0523412904765774,0.08706779443298701,0.10868258176913258
11218,11218,LOC728743,0.09060901154468197,6.597588672389872,0.11076032899335718,0.012267850478716721,0.3835882941724173,0.10325495595506816,0.526400792794911
11219,11219,LOC728805,-0.1012469425262475,7.418453049361662,-0.098828701894448,0.00976711231814167,0.4371872265258979,0.12947074722019322,0.5776611990004467
11220,11220,LOC728819,-0.3443154370816213,8.251942655487639,-0.4133683538297399,0.17087339594790904,0.0006863463425547062,0.09632385372203088,0.002424209761543331
11221,11221,LOC728868,-0.17480781186746036,7.72578217299584,-0.1287225590877561,0.01656949721810086,0.3107215064628699,0.1710338862484209,0.45095330222193203
11222,11222,LOC729083,0.2629841073331169,6.140854695124794,0.1582754162493559,0.025051107388906875,0.21161436953396506,0.20835845097581884,0.3364791227151783
11223,11223,LOC729164,0.16367304901258867,6.253747148623179,0.1641199802757382,0.0269353679257087,0.1950134881560158,0.12493689711027472,0.3159285618327614
11224,11224,LOC729173,0.007218401887903188,6.982247846377251,0.009640387377314676,9.293706878468816e-05,0.9397335238757948,0.09508905816380074,0.9644059267110722
11225,11225,LOC729224,0.31537522004688395,5.556826005189935,0.27651517844288365,0.07646064390929977,0.02697750883907414,0.13920038932558107,0.0619586873315531
11226,11226,LOC729291,0.2339767719133495,6.232568086415211,0.1533760982817676,0.023524227524138432,0.2262788344428097,0.1914476107379856,0.35433279050249794
11227,11227,LOC729296,-0.004313256718562832,7.031818524962472,-0.007779057352113641,6.051373328747328e-05,0.9513537890070152,0.07041567528876927,0.9706038939412114
11228,11228,LOC729307,-0.28220712887127025,7.886173319012027,-0.2112759448950894,0.044637524891312855,0.09376345910503593,0.16580826403383894,0.1763919474345889
11229,11229,LOC729506,-0.2506789213785421,8.03883005766629,-0.2254714214662576,0.05083736189801478,0.07323471711101882,0.13756273035865724,0.14384645287452344
11230,11230,LOC729652,-0.07827067634704475,7.235483156280813,-0.04522529655334901,0.002045327448338362,0.7226995768838884,0.21957213590402214,0.8177906326707741
11231,11231,LOC729658,0.20318443518804727,6.281604600649081,0.18170876379052744,0.033018074838281695,0.15071424340590328,0.13964580556823206,0.25789902220161
11232,11232,LOC729680,-0.1683968774082609,8.266595095169638,-0.4848304577718282,0.2350605727832405,4.90885317967624e-05,0.038579963946765994,0.00023189619460272466
11233,11233,LOC729683,0.2343642480624302,5.665144405530312,0.2461199167076768,0.060575013400193764,0.04994634869085514,0.11721408746229453,0.1045618891048403
11234,11234,LOC729732,0.030095734145553006,6.8864600689591855,0.032990412808902456,0.0010883673373017952,0.7957957224621164,0.1157936869828825,0.8686591025761006
11235,11235,LOC729866,0.1948660749096711,6.392306477563058,0.18576325934234453,0.03450798852149115,0.14165888829689965,0.13090460140937518,0.24546877059049066
11236,11236,LOC729870,0.02400570762007011,6.913807978396362,0.02368930372862696,0.0005611831111471392,0.85259746217648,0.1286602757107316,0.9078972287289376
11237,11237,LOC729887,-0.09629323714606346,7.4545781267718265,-0.1490936732066614,0.022228923390254743,0.23966406109660285,0.0811071835413943,0.37052368408987896
11238,11238,LOC729970,0.08261079949365155,6.672003803873714,0.12422472284496044,0.01543178176590724,0.3280714717215152,0.08380228303595989,0.46980476921897973
11239,11239,LOC730098,0.2389382346107804,5.762702935706657,0.2733975956460401,0.07474624530503565,0.028822648840941437,0.10676417365449374,0.06556244334564988
11240,11240,LOC730101,-0.1524577102163971,7.858572164656567,-0.6286226191020203,0.3951663972466837,2.669752964923567e-08,0.02395419054707068,3.2328127294268883e-07
11241,11241,LOC730102,-0.2525580133397109,8.476722082266487,-0.6926995117022378,0.4798326135125186,2.274090021056077e-10,0.03339581034762463,6.48819755019359e-09
11242,11242,LOC730139,0.14207851740412525,6.335709056632751,0.16023228940675835,0.025674386568531164,0.20594868152681245,0.1111564309041064,0.3297706816373206
11243,11243,LOC730202,-0.1998392623274937,7.824360786144973,-0.1658422913257557,0.027503665592176825,0.1903042154332512,0.15091543859198614,0.310015631174833
11244,11244,LOC730961,0.1614105033289429,6.3111466201295805,0.16607385396297866,0.027580524970116756,0.18967734494283275,0.12171987758104358,0.30912084538598095
11245,11245,LOC731157,0.06680844658376267,6.783538217824906,0.057022811280374376,0.0032516010063171914,0.6544736859275526,0.14855240174794587,0.7634835070576407
11246,11246,LOC731424,0.02450024691248757,6.9209070844675,0.01865493797746836,0.0003480067109431912,0.8836760407677717,0.16676512184755968,0.9285265982253431
11247,11247,LOC780529,-0.05026265948949818,7.203938771172756,-0.0591524593881563,0.003499013451667481,0.6424329566409033,0.10772479588854453,0.7539908772456105
11248,11248,LOC79999,-0.07393340768586991,7.4250084534617,-0.06839944717817105,0.0046784843742794105,0.5912396994662787,0.13695376739488835,0.7126403034588815
11249,11249,LOC80154,-0.3995946069748999,9.382401555430029,-0.6034042292420256,0.3640966638671631,1.3102455925113692e-07,0.06706732356135339,1.259918663669347e-06
11250,11250,LOC81691,-0.2665795362469056,8.383712237148647,-0.5587858778039807,0.3122416572331653,1.5973126265362828e-06,0.050246229230223566,1.1015861441924587e-05
11251,11251,LOC90246,-0.4409206121209867,8.695410999503725,-0.4766756294275613,0.2272196556901617,6.836551427721383e-05,0.10326892159350433,0.00031055656794346025
11252,11252,LOC91450,0.4456310507009569,4.503579802397496,0.34649741167343245,0.12006045629638812,0.005034736935651443,0.15321667097472608,0.014294903414387307
11253,11253,LOC91548,0.3961548261851329,4.28746899227461,0.4790379005159655,0.2294773101307441,6.216394766886942e-05,0.09219172627104412,0.0002857483096517443
11254,11254,LOC93432,0.2455256617830407,6.165796996220045,0.17795778914369698,0.031668974716912525,0.15946866202636434,0.17242330577512802,0.2697464361959787
11255,11255,LOC93444,0.055717365867758654,6.758237151212287,0.04952015365866731,0.0024522456183780216,0.6975781550247042,0.1427182775215887,0.7977005305518282
11256,11256,LOC93463,0.10794047598785396,6.696272243936713,0.07115872924174384,0.005063564747299809,0.5763261499494848,0.19215777790533348,0.7004593868916306
11257,11257,LOC93622,-0.2460580724000036,8.714717944346333,-0.5223052982557936,0.2728028245860735,9.56610714495415e-06,0.051020349939680985,5.412961855865747e-05
11258,11258,LOH12CR1,-0.4051664870319154,8.962980208316221,-0.3091570783539367,0.09557809909634214,0.012928460582158123,0.15828654949068713,0.03270246628975986
11259,11259,LOH12CR2,-0.005519601830724774,7.035907764130867,-0.003580752539410437,1.2821788748494293e-05,0.9775971422321684,0.1957648934935441,0.9870321761953379
11260,11260,LONP1,-0.30171776719009125,9.423269279352324,-0.6839909083567136,0.4678435627146422,4.663899154905834e-10,0.04086715182818534,1.1608820252814464e-08
11261,11261,LONRF1,-0.30195652802882395,8.659583535022572,-0.20583646227383395,0.042368649201407454,0.10272959493199382,0.18231627841090295,0.19005633304163402
11262,11262,LONRF2,0.6665701959795179,4.847056182029043,0.3808284388783738,0.1450302998585393,0.0019062069716779821,0.20553985037220515,0.006012951488956548
11263,11263,LONRF3,-0.18406721918658447,8.114154295500692,-0.2812370342874356,0.07909426945479224,0.02437285258855136,0.07976560887803379,0.0568131456194919
11264,11264,LOR,-0.02040515959608397,7.092886503076841,-0.017943649427306578,0.0003219745547700797,0.8880822635681744,0.14439875485344306,0.9310219809279533
11265,11265,LOX,0.30524424878966816,5.812694255544058,0.487045831346205,0.2372136418317159,4.479876997922837e-05,0.06951575972102622,0.00021410667929821017
11266,11266,LOXHD1,0.08904322018238091,6.669377953090451,0.0933987733169326,0.008723330857107763,0.4629057643855801,0.12054835345502968,0.6013692679686686
11267,11267,LOXL1,-0.03377144864243204,7.206624680600383,-0.07237816573238783,0.005238598874784999,0.5697909079322541,0.05910248420223161,0.6953015953608115
11268,11268,LOXL1-AS1,-0.1091083259043384,7.385563124014723,-0.2983913562887887,0.08903740150786285,0.01662402618322636,0.04432268712882095,0.04077857804686983
11269,11269,LOXL2,-0.07231136025823344,7.384413392678174,-0.07824022872048468,0.0061215333902337535,0.5388660923123516,0.11701653007530988,0.6693593853724522
11270,11270,LOXL3,0.3632840115074879,5.174518560230043,0.4653217622288949,0.21652434240380414,0.00010694780329998105,0.08776267043526431,0.00046198976270917403
11271,11271,LOXL4,0.3671750430993041,5.278714434409523,0.3186189695377775,0.1015180477493152,0.01028885708147098,0.1387267972667407,0.026853706170815242
11272,11272,LPA,-0.288887321863363,7.882542702571776,-0.18813552636621567,0.03539497628109305,0.1365532650169958,0.19152990132430275,0.2381269893656824
11273,11273,LPAL2,0.2871670692172381,5.94308452704286,0.24243922937635465,0.05877677994060069,0.05358323422584346,0.14594264487877087,0.11086804291617047
11274,11274,LPAR1,0.20917954384624626,5.574693709716329,0.7976285204735781,0.6362112566728693,3.0529483954792672e-15,0.020088491272645632,1.3492162755939497e-12
11275,11275,LPAR2,-0.4603112299600615,9.90032482317566,-0.6260996712903719,0.39200079838991175,3.150451647733504e-08,0.07280542715175882,3.7037475804380585e-07
11276,11276,LPAR3,-0.1262253174865392,7.541871685111783,-0.13141434259585022,0.01726972943989949,0.30062619172615584,0.12092748674563986,0.44007707576758637
11277,11277,LPAR4,0.32583477301505553,6.043422419710533,0.21084089079384927,0.0444538812307439,0.09445724682862736,0.1918547559320246,0.17748127375912587
11278,11278,LPAR5,0.3545335338700206,4.627949011225074,0.5350045672812922,0.2862298870118427,5.2526839694283e-06,0.0711022206730478,3.1781746677275734e-05
11279,11279,LPAR6,-0.06201702642328625,7.366028459100014,-0.06402177734878589,0.004098787974897514,0.6152484899557202,0.12277091651470153,0.7322857013296208
11280,11280,LPCAT1,-0.15222376495686746,8.044615965336286,-0.6797490135632062,0.4620587214401518,6.559117522809838e-10,0.020859575389033984,1.5256465086621593e-08
11281,11281,LPCAT2,-0.18371742227163373,8.015496923306689,-0.2508922454325046,0.06294691881816412,0.0455339639566505,0.09002214495151764,0.09690791051412939
11282,11282,LPCAT3,0.4145900727191804,4.434543753804722,0.5751979765187418,0.33085271219125506,6.645725521497738e-07,0.07488012581895566,5.13975664885834e-06
11283,11283,LPCAT4,0.3791725806267193,4.831905676759543,0.4485049821092504,0.20115671897681905,0.00020173305973178723,0.0959631734289456,0.0008097366836870904
11284,11284,LPGAT1,-0.2289864856624229,8.598214155640179,-0.6450000843604115,0.4160251088249379,8.781849639319728e-09,0.034454926110671316,1.2989932751066027e-07
11285,11285,LPHN1,-0.3211517418182892,8.985703139538494,-0.3495442430697808,0.12218117786322602,0.004638255234041347,0.10932380218558473,0.013273611351019607
11286,11286,LPHN3,0.29489473380435993,5.512591314443622,0.6866741499422971,0.4715213881989764,3.74786796141121e-10,0.039649177405295034,9.799474511035681e-09
11287,11287,LPIN1,-0.23797770056198686,8.45778259634938,-0.5180905643790326,0.2684178328985845,1.1610502565759693e-05,0.04989606440234784,6.435255517315744e-05
11288,11288,LPIN2,0.07025715967347977,6.499017020726546,0.10098693132929376,0.010198360299307496,0.4271923221486589,0.08790299095610195,0.5684435133420921
11289,11289,LPIN3,0.2477076588683444,5.8197442784102895,0.2867036922620241,0.08219900715667741,0.02162602846202516,0.10511980960218922,0.05123885461848085
11290,11290,LPL,-0.06834786573364994,7.335281826360084,-0.3635506687839803,0.13216908877327935,0.003148648183218665,0.02224240388484135,0.009413775563661493
11291,11291,LPO,0.12138229667048173,6.458087600889617,0.11595161284505427,0.013444776521369358,0.3615512979372656,0.13205152226655342,0.5042807480198992
11292,11292,LPP,0.3932922795526365,4.305785564155215,0.6114612201257984,0.3738848237177301,8.001725798217525e-08,0.06463649127496017,8.235616547547553e-07
11293,11293,LPP-AS2,0.3022086661089665,5.97444053039097,0.23975754152998,0.05748367872050007,0.056366566299590415,0.15541152865373245,0.11578618793565078
11294,11294,LPPR1,0.2704617210548281,6.1270176162952135,0.18027784004876826,0.03250009961264926,0.15401072110687086,0.18741013822791952,0.26227604321872355
11295,11295,LPPR2,0.09825541364562276,6.477572509997871,0.09133587254605964,0.008342241613750051,0.4728879467504056,0.136050508259592,0.6107466145929524
11296,11296,LPPR3,0.07444694730882058,6.6179750717504655,0.10203588381918123,0.01041132158676145,0.42238185630273983,0.09217761730526867,0.5633579144023054
11297,11297,LPPR4,0.2838584570705324,6.1028266080612585,0.2388443650919831,0.057046630736192525,0.057340729204373525,0.1465669672865283,0.11744192669258571
11298,11298,LPPR5,-0.4554067630496133,8.480843713216073,-0.2231434615392634,0.049793004427724726,0.07633054327805912,0.25265539542473203,0.14898043395100227
11299,11299,LPXN,0.28200014835965875,5.389666699380064,0.4482298707419039,0.20091001702530387,0.00020378306176612143,0.07142504786834555,0.0008174970981174834
11300,11300,LQFBS-1,0.12401428413743855,6.385143454808003,0.1509053337429524,0.022772419752071848,0.2339365253601573,0.10317373043596983,0.36382472397832566
11301,11301,LRBA,-0.06788293180767446,7.592665151398874,-0.09628521525441328,0.0092708426765887,0.44913307930889895,0.08912152570505168,0.5887038818736279
11302,11302,LRCH1,-0.3826165776267044,9.108309683583268,-0.5125106296751989,0.2626671455300689,1.4945310420498498e-05,0.08141358024272184,8.026803004858506e-05
11303,11303,LRCH2,0.36821907323820185,5.716941388255344,0.4705777109597578,0.2214433820521254,8.710800797319778e-05,0.08768477326960211,0.0003849640638080812
11304,11304,LRCH3,0.3900089816811411,5.1735656929664895,0.2581301571054548,0.06663117800728678,0.03945749201342698,0.18538161575728326,0.08581971559634415
11305,11305,LRCH4,0.3828235569840968,4.327938651685826,0.339523777553769,0.1152763955243812,0.006056572271512581,0.1346903316868463,0.016810442519816067
11306,11306,LRFN1,0.2478240775457452,5.784292081837932,0.25429362105960623,0.06466524571160663,0.04258890687703811,0.11970043354331822,0.09154881659939054
11307,11307,LRFN2,0.2713998118826404,5.941340108349947,0.2640372262106953,0.06971565682503789,0.035010529212673384,0.1259088889778542,0.07757628262564638
11308,11308,LRFN3,-0.0886619821150772,7.420749817061558,-0.12606647233746915,0.015892755447613875,0.32089435069062583,0.08860601512094883,0.462093839885989
11309,11309,LRFN4,-0.23659317264536964,8.538832067260701,-0.2847919436025257,0.0811064511409042,0.02255511186906877,0.1011372789764427,0.05320019034143168
11310,11310,LRFN5,0.09872900771454322,6.658242039188031,0.08133060087011823,0.006614666637894474,0.5229004608555196,0.15365751958593502,0.6558088403977915
11311,11311,LRG1,-0.2341392916158969,8.719435727318075,-0.5580142725276172,0.31137992834452577,1.662632038496439e-06,0.04422043258611151,1.1413093678724648e-05
11312,11312,LRGUK,0.11494075320028925,6.618586142783997,0.09510425661315287,0.009044819625940434,0.454740431013061,0.15279362863454451,0.5938266628935619
11313,11313,LRIF1,-0.12821802925068493,7.779678107826133,-0.3611696560528703,0.13044352045334864,0.00336703322460687,0.04204272865505046,0.009990833718671112
11314,11314,LRIG1,0.4079424326392972,4.979853356178099,0.592811856814593,0.3514258975799656,2.455117406839788e-07,0.0703827054745924,2.1559435298100407e-06
11315,11315,LRIG2,0.09466520054723923,6.581905591286924,0.07070274696063975,0.004998878427780253,0.5787786943177733,0.169617247854574,0.7025084146321047
11316,11316,LRIG3,0.03307542074733373,6.788049515788767,0.07709181672046292,0.005943148205261446,0.5448592199013013,0.0543258917699004,0.6745143370196937
11317,11317,LRIT1,0.06874310077489737,6.754487507109653,0.0642871513096552,0.004132837823510503,0.6137812255878707,0.13552199849243754,0.731306120608022
11318,11318,LRMP,0.13728254200627965,6.149176080878881,0.5998609969356538,0.3598332156446364,1.6206058609017734e-07,0.02325495004094826,1.5057260147577304e-06
11319,11319,LRP1,0.2320341822828625,5.807321747204983,0.198534137760334,0.03941580385623927,0.11579546020816987,0.1454750944419473,0.20894514547187057
11320,11320,LRP10,0.20177001905013048,5.38916183144912,0.28260198215234994,0.07986388031643711,0.02366077680708536,0.08697844241676175,0.05542166157759977
11321,11321,LRP11,-0.2222603653753935,8.9353152552781,-0.6248710336829734,0.3904638087360277,3.4131529960660336e-08,0.035267569802079755,3.975891776751477e-07
11322,11322,LRP12,0.17036697979840504,6.322154987668925,0.3401907436160239,0.11572974204202333,0.005951525267136296,0.059808043578642174,0.016552822971980026
11323,11323,LRP1B,-0.07622300230139566,7.234520300408063,-0.03910289000285153,0.0015290360065751062,0.7590146552836922,0.2473711624235155,0.8437609014460141
11324,11324,LRP2,0.02732731020050537,6.919079667972327,0.016087834360572692,0.0002588184144132233,0.8995940561911059,0.2156985604926609,0.938422336664502
11325,11325,LRP2BP,-0.2817230494413717,8.061351456509785,-0.2634399734760432,0.06940061962505835,0.03544028608250172,0.1310165748224664,0.07828373806130409
11326,11326,LRP3,0.02915300842662882,6.8415751134765745,0.030219000657291807,0.0009131880007254027,0.8126246947548176,0.1224641714169764,0.8812794353423264
11327,11327,LRP4,0.015136628159795341,6.9082367699852725,0.0602475960020433,0.003629772824025424,0.6362764673531818,0.0318495973396423,0.7492423545695025
11328,11328,LRP5,-0.34718338535717597,8.879268108734873,-0.4941472280812486,0.24418148302038156,3.327376292533125e-05,0.07757387555318351,0.00016432003104858568
11329,11329,LRP5L,-0.2984865406381663,8.528550020049902,-0.3968517140836839,0.15749128297115794,0.001167612697858658,0.08767743761068153,0.0038929411812362183
11330,11330,LRP6,-0.02441764535176097,7.173792460434675,-0.026412508221525327,0.0006976205905521429,0.8358758363067988,0.11736720230843856,0.8971941132700733
11331,11331,LRP8,-0.1513728118827086,7.7394267882096175,-0.6196257277511323,0.3839360424911203,4.785935969044736e-08,0.0243520480685779,5.339487038107354e-07
11332,11332,LRPAP1,0.15594043007967368,5.998349448533846,0.19794367455408884,0.03918169829597504,0.11690522263476645,0.09807129008411634,0.21059667217002473
11333,11333,LRPPRC,-0.32677691275804394,9.603200186879477,-0.3854057032864521,0.14853755612572478,0.0016612550162443947,0.09936195595014276,0.00531380758888809
11334,11334,LRR1,-0.3698811138690804,9.656122386816012,-0.4476644499647519,0.20040345976224386,0.0002080563609137956,0.09383160774552364,0.0008328023097205627
11335,11335,LRRC1,0.394017053302145,4.369953729858661,0.7383693566356083,0.5451893068184821,3.3340881889911806e-12,0.04570469792689657,2.481088650604949e-10
11336,11336,LRRC10B,0.10997253200407286,6.436022310960023,0.20074432147554896,0.04029828260467856,0.1117130698486166,0.06815743632512293,0.2031701123349116
11337,11337,LRRC14,-0.3369996231380073,8.827597855366,-0.30980135880947457,0.0959768819201968,0.012731797322940318,0.13135300734860236,0.03225775956806746
11338,11338,LRRC15,0.17109837284021664,6.214179725788446,0.1676308703980355,0.028100108710402975,0.18550081025552007,0.12779292227506234,0.30351492603576025
11339,11339,LRRC16A,-0.053923456983840566,7.349860411269339,-0.042548413346875966,0.001810367478336613,0.7385080102317164,0.16080703325626894,0.8297909846021743
11340,11340,LRRC16B,0.1788158940175388,5.8045009009736095,0.229361561401402,0.052606725848489085,0.06828581199137299,0.09637286849670723,0.13564709152100698
11341,11341,LRRC17,0.3467639139635045,5.642697995072786,0.4892036797281017,0.2393202402595151,4.0956184663034523e-05,0.07851439105666963,0.00019782421544251394
11342,11342,LRRC18,0.3669172611712316,5.626375145722016,0.2638849328119792,0.06963525776518277,0.03511969847849395,0.17032732522136687,0.0777386354443204
11343,11343,LRRC19,0.19127228033212007,5.349811546491416,0.8107169344102412,0.6572619477395393,4.736792058489193e-16,0.017541555756408648,3.308878452470435e-13
11344,11344,LRRC2,-0.3090381623454273,8.095705997344277,-0.4646165726305428,0.21586855956295245,0.0001099052699686079,0.07480248141926414,0.00047306671062814635
11345,11345,LRRC2-AS1,-0.1246684617539927,7.469818505267872,-0.10645055907524206,0.0113317215274316,0.402478736637783,0.1478897618026457,0.5446617324016492
11346,11346,LRRC20,-0.24749165624699446,8.396450362041652,-0.39733544940781307,0.15787545935610878,0.0011500230270788823,0.07259313720790443,0.003842578097730782
11347,11347,LRRC23,-0.2136458893549172,8.195701005325484,-0.305779969998886,0.09350139005251963,0.014002751018191269,0.08448375996659904,0.035031142941188996
11348,11348,LRRC25,0.34706554776493753,4.842827615340108,0.4167552297109008,0.17368492149138567,0.0006134152870161258,0.09614073553178253,0.0021934458454977218
11349,11349,LRRC27,-0.2825138568702941,8.262330968610183,-0.25629370359749565,0.06568646250372095,0.0409317697999628,0.1353169789263083,0.08859345077643123
11350,11350,LRRC28,-0.09135858950616127,7.4506469556649995,-0.06674384553163956,0.0044547409163513615,0.6002702351392404,0.1734494072009383,0.7195600299994603
11351,11351,LRRC29,0.12366217426129855,6.39305783644545,0.17247963755178172,0.029749225369993988,0.17292019822010668,0.08969024318397045,0.2872056214493335
11352,11352,LRRC3,-0.036240392582411095,7.163321773255057,-0.042749910015279474,0.0018275548063144925,0.7373142084190271,0.1075634274687639,0.8289738074683878
11353,11353,LRRC31,0.1430393760400295,5.898128243388902,0.4628074763794266,0.21419076019269345,0.0001178398667567594,0.034795089801129844,0.0005026240525147971
11354,11354,LRRC32,-0.2181664779756078,8.387552803509914,-0.2669385383337217,0.07125618324774377,0.03298414713977685,0.10002967676035827,0.07361349132349455
11355,11355,LRRC34,-0.21323359913115744,7.7522639740611305,-0.6028093956212563,0.3633791674492644,1.3580956919725502e-07,0.03584430820577586,1.3007325170130727e-06
11356,11356,LRRC36,-0.2225693274671339,8.247920437182634,-0.3974856817616826,0.15799486720554962,0.0011446090724725089,0.06525373112326957,0.0038256690020670135
11357,11357,LRRC37A2,0.28435265973759805,5.324059858821194,0.3117172447130963,0.09716764065152436,0.01216216682033884,0.11007892497412183,0.031036026690365023
11358,11358,LRRC37A3,-0.2639920155383194,8.330805014548753,-0.17867306368217828,0.03192406368557574,0.15777096968253104,0.18462502844751533,0.26743877483171896
11359,11359,LRRC37A4P,-0.008992013406349288,7.0692226625213035,-0.012570121800721394,0.00015800796208497125,0.9214694820520882,0.09084212847142104,0.9529787303041201
11360,11360,LRRC37A5P,0.22602548707669184,6.306648105094463,0.12212672087900348,0.014914935952658024,0.33636994844420065,0.23328549679172145,0.47851020160147706
11361,11361,LRRC37BP1,0.02616425946990613,6.926463027143076,0.021892821778262173,0.0004792956454147506,0.8636645891788675,0.15174233347174387,0.9156747455896389
11362,11362,LRRC38,0.161678690660208,6.530927163209048,0.1102929624161337,0.012164537558526685,0.3856108483164293,0.18503395993250496,0.5285768925489904
11363,11363,LRRC39,0.24973443011355756,6.182125710881124,0.13924491930103172,0.01938914755115084,0.2724838276525148,0.2255545365310357,0.4091981475600005
11364,11364,LRRC3B,0.35081852726314416,5.865737710614044,0.4226582717300952,0.17864001466187102,0.0005029135732191689,0.0955353445165584,0.0018312751686667397
11365,11365,LRRC4,0.06309863156621101,6.6361421353727525,0.07984429143251953,0.006375110874361112,0.5305494306565876,0.10004409399177906,0.6621929637388129
11366,11366,LRRC40,-0.12439125427103676,7.940290471137451,-0.14575854286883613,0.021245552819246345,0.2504585943598455,0.10722519836091286,0.38283905278904884
11367,11367,LRRC41,-0.878872977023936,11.880594515982745,-0.6394360672187904,0.4088784840602335,1.2907749715270386e-08,0.13420587295147074,1.7906298531978235e-07
11368,11368,LRRC42,-0.430756502778548,10.130210491116236,-0.619333743399302,0.3835742857129925,4.8759580163399676e-08,0.06935082449506694,5.425944031029908e-07
11369,11369,LRRC43,0.002864977150261667,7.000375738288112,0.0033202817654429955,1.1024271001933254e-05,0.9792263954915332,0.109584210627296,0.9879861899254135
11370,11370,LRRC45,-0.25914662824080464,8.38793496173859,-0.353474053194171,0.12494390628151565,0.004167734296403244,0.08709838950251378,0.012081966022571921
11371,11371,LRRC46,-0.07596417598761257,7.3402609387566615,-0.05486095760790166,0.0030097246696559827,0.6667868403862579,0.17558809358053154,0.773808629612241
11372,11372,LRRC47,-0.131310005963723,8.169002612739666,-0.23182454036977185,0.053742617517655966,0.06529369836365932,0.06997569318327243,0.13081090184707583
11373,11373,LRRC48,-0.21695592393450613,7.871938725713742,-0.15715601058775408,0.024698011663858276,0.2149043381944508,0.17314670340879926,0.34023639739734113
11374,11374,LRRC49,-0.2264653650312525,8.243344728792053,-0.7078692626737693,0.5010788930383058,6.116575128865966e-11,0.02869913656624525,2.2149570972507104e-09
11375,11375,LRRC4B,-0.020564842585463226,7.093514276130656,-0.01956227538980335,0.0003826826184265058,0.878060461840448,0.13348333907717744,0.9248698526754658
11376,11376,LRRC4C,0.15942336643584412,6.4247878499122075,0.1182672946273982,0.013987152978483814,0.3519762635683015,0.16999367203574886,0.49461671484190894
11377,11377,LRRC52,0.0803300644313722,6.634481350968741,0.08442108206576758,0.007126919097155062,0.507174810988964,0.12041434404434632,0.6419352698559831
11378,11378,LRRC55,0.07705597932497682,6.741495665012921,0.05998534294248827,0.003598241367927928,0.6377485558975289,0.16284806263053553,0.7503229913050629
11379,11379,LRRC56,0.31935991844424705,5.243273923909354,0.4268746370511029,0.1822219557575108,0.00043542399606080864,0.08592151684451167,0.001611813099948173
11380,11380,LRRC57,-0.07344716101992853,7.427248742312063,-0.11417829497564115,0.013036683043544524,0.3689903474856946,0.08116076295883362,0.512144979797636
11381,11381,LRRC58,-0.3881534272662224,9.293665788465352,-0.5183438090869312,0.268680304418749,1.1477001938090122e-05,0.08132860058720155,6.375948613887675e-05
11382,11382,LRRC59,-0.3426734784769836,8.983610147082395,-0.22529731041100756,0.050758878078433885,0.07346273504745518,0.18819882740562432,0.1442149875308351
11383,11383,LRRC6,-0.22190769568103635,8.165873907541814,-0.7004282109395354,0.4905996786799584,1.1767275747310642e-10,0.02871722669274364,3.835215341685807e-09
11384,11384,LRRC61,-0.34086605093488337,9.348235868531734,-0.4361588021847814,0.19023450072326328,0.00031493124647548207,0.08931469050491353,0.0012036421006753554
11385,11385,LRRC63,-0.08229802045196187,7.252083414103925,-0.0447533531353316,0.0020028626168556948,0.725478502466788,0.23330960146496774,0.8200673756181391
11386,11386,LRRC66,0.11352028644487107,6.261570788683102,0.3772577910858659,0.14232344093498686,0.002119242317845665,0.035391680633983416,0.006604143386522936
11387,11387,LRRC69,0.04439649143563396,6.8439536854348875,0.033743315956813666,0.0011386113717613553,0.7912394506121716,0.1670004570156219,0.8656991149058163
11388,11388,LRRC7,0.4147055309956371,5.769559513640063,0.15234058940093115,0.023207655179023096,0.2294666899498158,0.3416878019774417,0.3583141888421735
11389,11389,LRRC71,0.15829265966179468,6.103123822162365,0.2106493069497912,0.04437313051842735,0.09476403878074044,0.0932930030662494,0.17791878444571996
11390,11390,LRRC72,-0.005238271276680848,7.033856721818778,-0.005066562833405852,2.5670058944849537e-05,0.9683052920297238,0.13130254189542426,0.9813845427176774
11391,11391,LRRC73,0.14878435344026794,6.382566566103313,0.20111710855085094,0.04044809135185476,0.11103555695681468,0.0920336481607566,0.20209068632541785
11392,11392,LRRC74,0.2802212094179624,5.7336378356253945,0.2199182204693176,0.048364023694391384,0.08079065861801316,0.15786264376557374,0.15610972716811589
11393,11393,LRRC75A,0.2712468635113868,5.070202831427967,0.7601958045300503,0.5778976612250905,3.2076818124221793e-13,0.0294409819568793,4.452714721025788e-11
11394,11394,LRRC75B,0.07928538792843551,6.588018698693478,0.0695992128061063,0.004844050423229671,0.5847338670532332,0.14432399932998247,0.7073102887081932
11395,11395,LRRC8A,-0.2823943984706928,9.162995317144684,-0.3378797258792667,0.1141627091602484,0.006322496542291237,0.09990220624341213,0.017450122689691146
11396,11396,LRRC8B,-0.5093356175545789,9.504300804787766,-0.571158657989328,0.3262222125961701,8.283098543592433e-07,0.09296292557539568,6.271695767884411e-06
11397,11397,LRRC8D,0.4900242940462827,2.7535564749379056,0.44617277489183704,0.19907014505468185,0.00021972698596953126,0.12482912942649314,0.000873542845817918
11398,11398,LRRC8E,-0.2540989368410839,8.162242175884419,-0.733329550066532,0.5377722290007823,5.540849278349708e-12,0.029918225757812413,3.5083944772708457e-10
11399,11399,LRRCC1,-0.043715201785807886,7.258387071154134,-0.09210710583578864,0.00848371894544517,0.4691425556321928,0.06001964624182,0.6071767895179976
11400,11400,LRRD1,-0.006626955893932439,7.0352263418952425,-0.00395052992794125,1.56066867115595e-05,0.9752843306874656,0.2130391841086819,0.9857866895376202
11401,11401,LRRFIP1,0.36189865338939664,4.609228124590634,0.36203288866844935,0.13106781247762184,0.0032863508511104715,0.11834121920840203,0.009768830155222685
11402,11402,LRRFIP2,0.6873764486057767,3.12373119240498,0.6933756326213489,0.4807697679130559,2.1484829979083351e-10,0.09072149820407438,6.203386575960667e-09
11403,11403,LRRIQ1,-0.0185149325595942,7.075686649817919,-0.014525691247900497,0.00021099570622933302,0.9093002738202374,0.16186153662035113,0.9454020857107631
11404,11404,LRRIQ3,-0.4499394524760484,8.493502274435814,-0.4200883682883946,0.1764742371712059,0.0005485803609266187,0.12344007277770823,0.001980377678527026
11405,11405,LRRK1,0.2242924497938828,5.8473126732647245,0.16911179733629805,0.02859879999831313,0.18159032689001686,0.16601381212060196,0.29865355819172423
11406,11406,LRRK2,0.3329079555256255,5.5932307581118765,0.5329279825903729,0.2840122346278448,5.803332020462103e-06,0.06712937520281366,3.4805468401127777e-05
11407,11407,LRRN1,-0.12623068565488024,7.430755575775387,-0.35048728330925943,0.12284133576150508,0.004521258767402077,0.042838663207448766,0.012976522015651687
11408,11408,LRRN2,0.4877551720401467,4.9762078630745,0.7165990083682243,0.5135141387943224,2.7649040833835385e-11,0.06029272976313605,1.1832805914164136e-09
11409,11409,LRRN3,0.2219825501928246,6.035021098955093,0.4906329541411754,0.2407206956892968,3.8581441830290726e-05,0.05006878560661331,0.0001875827097542659
11410,11410,LRRN4,0.14160621843804208,6.43690468089988,0.16278199516933028,0.026497977951307868,0.19872902659523373,0.1090055328538805,0.3208676611183855
11411,11411,LRRN4CL,0.25953707826293165,5.848857026412843,0.4309460224170325,0.18571447423706144,0.0003781876783921578,0.06901906116542468,0.0014210748179042474
11412,11412,LRRTM1,0.20227445689786708,6.157840687091937,0.2655547815678129,0.0705193420135288,0.03393805040491296,0.093263401652388,0.07551669559375156
11413,11413,LRRTM2,0.2775372021611019,6.00243180602031,0.2882521046850606,0.08308927585536711,0.02089753256679228,0.11708908178039125,0.04979490181930973
11414,11414,LRRTM4,0.1562751678191914,6.571554717835536,0.0723789724527017,0.005238715653308951,0.5697865959716533,0.2734898122863993,0.6953015953608115
11415,11415,LRSAM1,-0.3805229573124362,8.949350600986358,-0.5881625831792275,0.3459352242520617,3.211569122306275e-07,0.06645046224231202,2.717722912995013e-06
11416,11416,LRTM1,-0.08788612806220332,7.33087482613138,-0.06554975525126629,0.0042967704135009116,0.6068209601649073,0.16990977710304514,0.7252865121226661
11417,11417,LRTM2,0.09645978612583447,6.53797603238962,0.14142988529105466,0.020002412453440883,0.2649559530194795,0.08574755867646988,0.4002805331824214
11418,11418,LRTOMT,-0.0814020898204733,7.409653166935437,-0.05219765250053904,0.0027245949265670287,0.6820770361384669,0.19778633923698044,0.7857838068616535
11419,11419,LSAMP,0.5621214643599759,4.8148686792753566,0.2849983539904397,0.08122406177725998,0.022453196668707483,0.2401025535637496,0.052988663236798225
11420,11420,LSAMP-AS1,0.019277522375529942,6.931405792113176,0.023186583320851682,0.0005376176460947975,0.8556916869189322,0.10556059756577002,0.9098052477158872
11421,11421,LSG1,-0.30898091558442303,9.247981122014387,-0.5000401840323182,0.25004018564707464,2.586574051741774e-05,0.06795945714795278,0.00013139165163140537
11422,11422,LSM1,-0.3314291295848037,10.2367837321461,-0.29676354020074386,0.08806859879247851,0.017254920801508863,0.1354457472091112,0.0421056705985884
11423,11423,LSM10,-0.3294873313276991,9.517442336183246,-0.3652660712513509,0.13341930280739694,0.002999211853997703,0.10664439826733584,0.00902305261160326
11424,11424,LSM11,-0.07784718258101073,7.414509721677287,-0.07890195005693014,0.006225517722786298,0.5354275219728137,0.12491173427813156,0.6662789027311048
11425,11425,LSM12,-0.2533698336391051,9.02917847515587,-0.4839468467057947,0.23420455043648195,5.090307495464435e-05,0.0581859042278022,0.00023921573093377242
11426,11426,LSM14A,0.008140489270080372,6.949682312510652,0.006602509721169283,4.3593134618134884e-05,0.9587043266455259,0.15657994918982907,0.9751405445518488
11427,11427,LSM14B,-0.4482105705243184,9.050736485509935,-0.2784593942108316,0.07753963422426331,0.025877974669931008,0.19633522914030707,0.05979380510855271
11428,11428,LSM2,-0.2508431695924872,9.08796603075672,-0.6439337027471159,0.4146506135336112,9.460330812873641e-09,0.03785060822492252,1.3842125929241804e-07
11429,11429,LSM3,-0.5720121857114607,11.08794358027123,-0.4410493723922817,0.1945245488876256,0.00026452639798111026,0.1478251682504186,0.001029717625072972
11430,11430,LSM4,-0.4203184571757565,10.315641510511384,-0.4731286521514814,0.2238507214866775,7.875578868008416e-05,0.09939762245200692,0.00035200342701077866
11431,11431,LSM5,-0.23156894926266056,8.58187217313248,-0.628458817577614,0.3949604853910527,2.6987263738915997e-08,0.0363998442883607,3.2557615390876095e-07
11432,11432,LSM6,-0.3042376517028376,9.557576410028279,-0.4486467964294424,0.2012839479464015,0.00020068372180794144,0.07696774288141875,0.0008061224254778281
11433,11433,LSM7,-0.31343330246352025,10.273897081448428,-0.7176181855776487,0.5149758602717566,2.515272180794477e-11,0.038631140951539786,1.091547476454998e-09
11434,11434,LSM8,-0.2848809207017111,8.765560073811526,-0.400094744458456,0.16007580454327716,0.001054178410086306,0.08287522469461772,0.003556907676911648
11435,11435,LSMEM1,0.2503296512083763,6.077566918054633,0.15892958160518286,0.02525861190919848,0.2097082815955857,0.19749513998184176,0.3344303090107129
11436,11436,LSMEM2,0.11962110724836746,6.372732786890484,0.15770174005097526,0.02486983881510537,0.21329595737247728,0.09512765319423068,0.3384570936397007
11437,11437,LSP1,0.17946998837841924,5.867640859976763,0.553032449526116,0.305844890228856,2.14848718576893e-06,0.03433789259264891,1.4315535387023441e-05
11438,11438,LSR,-0.06473210735206875,7.631878266953183,-0.12766548663831462,0.016298476478597692,0.3147449565028323,0.0638678163648425,0.4553582331018729
11439,11439,LSS,-0.11182709281050833,7.690670218988553,-0.2118399302323764,0.04487615604085809,0.09287000467717883,0.06551989739681678,0.17504569164281553
11440,11440,LST1,0.20855542728215493,5.567950153464652,0.3860405762299546,0.14902732649595538,0.001629610747767585,0.0632922453903402,0.005225710164801874
11441,11441,LTA,0.1313206851808384,6.4547919441307355,0.12256428449972127,0.015022003834928615,0.33462841998949844,0.1350475237766387,0.4767981599468738
11442,11442,LTB,0.18885106626177756,5.949198422601948,0.34184951934833385,0.11686109387868687,0.00569718317662293,0.06593304475985858,0.015929309449937968
11443,11443,LTB4R,-0.03857962081490096,7.207374639110714,-0.03844543515580946,0.0014780514843195502,0.7629469634319316,0.1273491753024723,0.8463942875572991
11444,11444,LTB4R2,0.13760571834053684,6.344117069708082,0.2218495822145005,0.04921723712874841,0.07809569326124575,0.07681086778800872,0.15192133505592453
11445,11445,LTBP1,-0.1818288329671408,8.317234599282397,-0.2573598674417201,0.06623410136961977,0.04007042482946194,0.08670518855565051,0.08696382538404472
11446,11446,LTBP2,0.03722096033675162,6.79717456953018,0.0507249651658426,0.002573022091075945,0.6905873143389583,0.09307017430060248,0.7922163634057393
11447,11447,LTBP3,0.2718531898718324,5.3818137534112624,0.21922372738967472,0.04805904265062241,0.08177754822110056,0.15365830468240674,0.15760882936346854
11448,11448,LTBP4,0.19408727911573115,5.824973485441303,0.2691975059427222,0.07246729720578195,0.03147506176742683,0.08818501853019092,0.07077068451600332
11449,11449,LTBR,-0.16316054849889125,7.96973779498763,-0.13128090688232547,0.01723467651184581,0.3011215498674469,0.15647416972802888,0.4406532749276634
11450,11450,LTC4S,0.16693220226477362,6.138774173148093,0.2416061964850668,0.0583735541799807,0.05443559004706747,0.08514821210273772,0.11240609349377763
11451,11451,LTF,0.06455185484980268,6.655024369081667,0.2841508292502657,0.08074169376361365,0.022874166814689987,0.027661946353789244,0.05385887597826592
11452,11452,LTK,0.2550778521323094,5.536809438012182,0.4767696761347873,0.22730932408166996,6.810808690032483e-05,0.05972705718973796,0.00030958871155049
11453,11453,LTN1,0.0077076479265166965,6.972300134872329,0.00868330392269123,7.539976701382495e-05,0.9457071760954684,0.11272614320413785,0.9675637836676795
11454,11454,LTV1,-0.3818239000781585,9.127135926305908,-0.5401815097651494,0.29179606349215625,4.084921398041031e-06,0.07554517272056724,2.5463147056585642e-05
11455,11455,LUC7L,-0.2765289246390967,8.610711492147956,-0.4221570519091292,0.1782165764766072,0.0005115390295330595,0.07541354564151354,0.0018586204168688596
11456,11456,LUC7L2,-0.29308371643005043,9.089844134026228,-0.4548337105244842,0.20687370422947032,0.00015948904062149788,0.0728810086051445,0.000657228387185259
11457,11457,LUC7L3,0.027106428752556564,6.829950213067068,0.04329365614767721,0.0018743406626333086,0.7340957817688494,0.07944101883366385,0.8262393011540766
11458,11458,LUM,0.14699768160203167,6.014145348079356,0.4186348179681987,0.1752551108152669,0.000576047333295014,0.04049851614781555,0.002070080484982331
11459,11459,LURAP1,0.08012405161875705,6.591244315435072,0.08846036432393557,0.007825236056323414,0.4869929141541471,0.11458095084480854,0.6238291367055933
11460,11460,LURAP1L,-0.2491427678191894,8.941061757308432,-0.6890216316667477,0.4747508089047073,3.0893701854587535e-10,0.03328145308593606,8.404561729410717e-09
11461,11461,LUZP1,0.6761590878486834,2.628141691412176,0.5204695971133634,0.2708886015193468,1.041140143796259e-05,0.1408817128192336,5.8424176765763114e-05
11462,11462,LUZP2,0.15114463387867494,6.449089480468862,0.15077160004410967,0.02273207537986097,0.23435605835869625,0.1258589681395449,0.3643202041462719
11463,11463,LUZP4,0.11645951299820262,6.434955104070309,0.10774081751629187,0.011608083759078906,0.3967670642375075,0.136478251778225,0.5388855228338701
11464,11464,LXN,0.2814231715588824,4.256441859687216,0.4045248425374716,0.16364034822996618,0.0009152917260096713,0.08080074171239328,0.003139497422771258
11465,11465,LY6D,-0.08786841597611085,7.450269013685498,-0.2953673451881589,0.08724186860350104,0.01781225795490661,0.036095439019219945,0.04333008829628203
11466,11466,LY6E,0.04635947477546647,6.722668871859818,0.09132596796978648,0.008340432425618466,0.4729361511858231,0.06419920963136322,0.610772444771529
11467,11467,LY6G5C,-0.2983773592911749,8.372342974913687,-0.4450869099589096,0.19810235741677049,0.0002285963078921213,0.0762403125098413,0.000904694049455464
11468,11468,LY6G6C,-0.20032580071390693,8.061992748832722,-0.3085196392106824,0.09518436777868962,0.013125609897385836,0.07844012468416522,0.033096772511398496
11469,11469,LY6G6E,0.3764586432822867,5.472470374190029,0.35143525149040006,0.1235067359901207,0.004406286819356461,0.12736508717822376,0.012681836931574183
11470,11470,LY6H,0.1738686118706851,6.397758411076065,0.1554558050375514,0.024166507319873198,0.21996981414888275,0.14031569700375066,0.34665668342896366
11471,11471,LY6K,0.1779002006181134,6.313945130356933,0.1233352945008656,0.015211594869615253,0.3315735791343203,0.18178777797509127,0.4736296738887669
11472,11472,LY75,0.0343073226710627,6.720991572854384,0.10201230865860976,0.010406511117859469,0.4224896299705593,0.04248805208247376,0.5634322537881797
11473,11473,LY86,0.19891833033935732,5.623938598129363,0.6134040817201621,0.3762645674709554,7.089901102195174e-08,0.032526138489386895,7.440921107766047e-07
11474,11474,LY86-AS1,0.2997799773978882,6.015695200393461,0.12541132868768953,0.0157280013632117,0.3234358274909785,0.30118100196817665,0.4647824943559616
11475,11475,LY9,0.2649713764414913,5.7593527385920735,0.552765438212548,0.3055496296823102,2.177957441452024e-06,0.05073210037941155,1.4471822152391401e-05
11476,11476,LY96,0.11732745367474146,6.1161325548399965,0.4738624780520563,0.22454564810563551,7.649366829956311e-05,0.027690423518066838,0.0003429545314755775
11477,11477,LYAR,-0.2253953440935212,8.575706736826852,-0.6298141562872203,0.3966658714597831,2.4676784310014923e-08,0.035303326093938214,3.029341067082614e-07
11478,11478,LYG1,-0.2653223347664739,8.171910547617406,-0.24917780281045665,0.062089577413446825,0.04708068648848632,0.1309632049256826,0.09952503994621438
11479,11479,LYG2,-0.08435720140270574,7.32125665492712,-0.0769109416598429,0.0059152929470037575,0.5458060734407221,0.13888325492698433,0.6753188504375978
11480,11480,LYL1,0.23920422200408806,5.3797415661209405,0.3342533284730121,0.11172528759528737,0.006945574507255196,0.08565858672761184,0.01899310720477475
11481,11481,LYN,-0.28732359615511543,9.29892855126842,-0.6063656490642634,0.3676793003651254,1.0947706811987424e-07,0.04785304277227253,1.0766239373914064e-06
11482,11482,LYNX1,0.06399229753733653,6.716883601598171,0.047062055748353,0.002214837091261085,0.7119184855738576,0.17249618132095618,0.8092275893707358
11483,11483,LYPD1,-0.13719225003434868,7.52113124735029,-0.26485879193192263,0.07015017966363749,0.03442646536924273,0.06343453286067037,0.07643854276334988
11484,11484,LYPD3,-0.20903553132955,8.155015051472171,-0.2556638083620838,0.06536398290620431,0.041447809870146464,0.10038672139622608,0.08949569475900106
11485,11485,LYPD4,0.1375984934158892,6.536752028421527,0.06803857317157591,0.004629247439223889,0.5932029003399693,0.2562448078554439,0.7141962922468233
11486,11486,LYPD5,-0.17987404342874552,7.7550270707300255,-0.27888077840938746,0.07777448856622587,0.02564471626849781,0.07866338605100964,0.05931812975799189
11487,11487,LYPD6,-0.4226927922347248,9.077573220339037,-0.5281745572021127,0.2789683628756478,7.2729832333767485e-06,0.0863035541369068,4.250916381073509e-05
11488,11488,LYPD6B,0.019363968074104,6.9138611387156335,0.04247171391735213,0.0018038464830774032,0.7389625910906046,0.0578504407620183,0.8301636703707741
11489,11489,LYPD8,0.17011429781828366,5.798982909587172,0.7506972316155801,0.5635463335552959,9.151675426539189e-13,0.019012937951574996,9.85967817719931e-11
11490,11490,LYPLA1,-0.3565406902036038,10.57349651542042,-0.4681199032504508,0.2191362438192114,9.592019282885815e-05,0.08547591967560604,0.0004189495312038974
11491,11491,LYPLA2,0.14151618098988206,5.904604151540863,0.12583256595810166,0.015833834655600006,0.32180027086828494,0.14169398601891633,0.46309043498489566
11492,11492,LYPLAL1,-0.2314579747395574,8.663138424182776,-0.4895213090149258,0.2396311119796865,4.0417044714609615e-05,0.052362077811177986,0.00019562608477757514
11493,11493,LYRM1,-0.2869846465970609,9.50287145922358,-0.5612843832878734,0.3150401589228484,1.4019289577126092e-06,0.05374182546911574,9.892072850852576e-06
11494,11494,LYRM2,0.04201106158148741,6.742685117533628,0.031153169554618183,0.0009705199732987893,0.806942251536682,0.17118067095426887,0.8771907944020942
11495,11495,LYRM4,-0.30137029487863953,9.138909674601699,-0.6692054959323058,0.4478359957860034,1.4946355267965155e-09,0.04249904244679485,2.942393848434413e-08
11496,11496,LYRM5,-0.2293112737285625,9.023972409329957,-0.3779455161643237,0.14284281318871708,0.002076626836305004,0.07133958850641403,0.006492831957866713
11497,11497,LYRM7,0.053970597951456825,6.639435850232992,0.09112091122717103,0.008303020462869981,0.4739347313106982,0.07490879761002986,0.6116109883865628
11498,11498,LYRM9,-0.19438500290969707,7.82997978161967,-0.1848783409402325,0.03418000094881285,0.143599617619602,0.13122874408268134,0.24815654932188022
11499,11499,LYSMD1,0.12248684086714208,6.337708259343209,0.1674304660186113,0.02803296095120936,0.1860346221441971,0.091597763879198,0.3041814967179544
11500,11500,LYSMD2,-0.2373835030532303,8.941285497817576,-0.4119463708494394,0.16969981245602386,0.0007192435502764372,0.06668552528670663,0.0025247558893234314
11501,11501,LYSMD3,0.31514835140654146,4.367697342261026,0.5625516815911763,0.3164643944610602,1.311618554585862e-06,0.05882166841125525,9.321660584035722e-06
11502,11502,LYSMD4,-0.2950110982177128,8.68906274898154,-0.4697449187338977,0.22066028867631615,9.000665979615057e-05,0.07041153653812426,0.0003961024894186253
11503,11503,LYST,0.4502459898387648,4.814152704614235,0.4628251653548065,0.214207133685704,0.00011775979752266711,0.10951940725241546,0.0005023814845061774
11504,11504,LYVE1,0.1972402377201264,6.148295172872831,0.5607080135636505,0.3143934764744949,1.444902706570515e-06,0.03699136694499173,1.0135166110488956e-05
11505,11505,LYZ,-0.06799162504942692,7.755255629137112,-0.3329504972604278,0.11085603362596616,0.0071822125054892575,0.024454903394175886,0.019556244411715062
11506,11506,LYZL1,0.012537682360801107,6.972652730402777,0.009068555259205274,8.223869448925963e-05,0.9433022468226232,0.17557612336705505,0.9663112226409996
11507,11507,LYZL4,0.20031544758300984,5.88474625818262,0.2237611571415863,0.05006905544534168,0.07549913274190033,0.11081024508133176,0.14759715803248638
11508,11508,LYZL6,-0.10400840636485632,7.492036119505878,-0.10962634800780514,0.012017936177528405,0.3885066308799422,0.11976562379681245,0.5312313627394802
11509,11509,LZIC,0.05265612809338822,6.622833169663794,0.080035015604894,0.006405603722875626,0.5295648199480998,0.08328707487018625,0.6612689525992447
11510,11510,LZTFL1,-0.31015647629059745,8.679790593044139,-0.3921995907390049,0.15382051897584295,0.0013495716133981592,0.09238662839843308,0.00443266311136231
11511,11511,LZTR1,-0.4571783896866544,10.178997811873495,-0.5502652001027578,0.3027917904441281,2.472884153573241e-06,0.0881046939578538,1.6212626807638064e-05
11512,11512,LZTS1,0.1987191652869966,6.175129486122827,0.15574222140552768,0.024255639528328404,0.2191106829263783,0.16006838734749407,0.3457331564245644
11513,11513,LZTS1-AS1,0.2445643036614595,5.965397123900412,0.2538390288694175,0.06443425257736897,0.04297317032767554,0.1183521038528596,0.09225577510120092
11514,11514,LZTS2,-0.23749651306111036,8.431439324199449,-0.15959632630582207,0.02547098737031444,0.2077780523997886,0.18656745580785286,0.33203702492195575
11515,11515,LZTS3,-0.3644391348602717,9.497383411891652,-0.6740904297723572,0.4543979075106813,1.0247636048410878e-09,0.05071646960232558,2.1803923225880446e-08
11516,11516,M1AP,0.20825779203400765,6.304507470564063,0.09889126699796348,0.009779482688462498,0.4368956477059912,0.26614201098190704,0.5773111576197975
11517,11517,M6PR,-0.3178580901183702,9.795425680668654,-0.4644030394276981,0.21567018302968413,0.00011081552972416121,0.07698245097055585,0.0004763220119445635
11518,11518,MAATS1,0.19019355642046806,6.337211862923873,0.09239718168270344,0.00853723918290651,0.4677379951383287,0.26030315591959163,0.6059383994209445
11519,11519,MAB21L2,0.21800149301075167,6.068976606881553,0.7155230334032323,0.5119732113305631,3.054021406611414e-11,0.027030982752521814,1.2767342386133238e-09
11520,11520,MAB21L3,0.027994056673795897,6.889359521176928,0.07066146753298283,0.004993042993914784,0.5790009555818753,0.05018805884870831,0.7026994167530969
11521,11521,MACC1,-0.1915794532928992,8.123300433072602,-0.6912991219999027,0.4778944760778364,2.5568404247279357e-10,0.025431163123863586,7.1627916426239915e-09
11522,11522,MACF1,-0.08789816628182029,7.606849100805203,-0.08013153776506247,0.0064210633445936326,0.5290668713704552,0.13886144528855512,0.6608376939220861
11523,11523,MACROD1,-0.3556193731963723,9.021753136372746,-0.5333097235997017,0.2844192612859903,5.698227033542153e-06,0.0716373292680382,3.4228878338794815e-05
11524,11524,MACROD2,0.4858958336949111,5.0673906727607685,0.3412638460502019,0.11646101262097587,0.005785871340489133,0.16996907407760292,0.016139897373455607
11525,11525,MACROD2-AS1,0.0018490294627160192,7.009028111363477,0.001269446728934967,1.6114949976036883e-06,0.9920568589062524,0.18498356963566065,0.9952740921758116
11526,11526,MAD1L1,-0.2744198828273015,8.634023844680586,-0.4909073887085882,0.2409900642886849,3.814031714348711e-05,0.06185059637645263,0.00018560192533532884
11527,11527,MAD2L1,-0.1734141044603913,8.239347287295923,-0.66620045884271,0.4438230513622373,1.8786934123346453e-09,0.02465415589405621,3.559326845503652e-08
11528,11528,MAD2L1BP,0.3364669617461944,4.153668740809511,0.3473615855467061,0.12066007111352164,0.004919354347644221,0.11535679737244207,0.014004025029346076
11529,11529,MAD2L2,-0.2578937709100437,8.74351623255165,-0.6587386787979157,0.4339366469444236,3.278253933408728e-09,0.03740798911043467,5.702055335579599e-08
11530,11530,MADCAM1,0.25217859452221075,5.353292419010551,0.4954167161939673,0.2454377226844139,3.152892377476873e-05,0.05615510760156081,0.00015666793123970098
11531,11531,MADD,0.14772017316571592,5.985072457357488,0.09983524025685736,0.009967075197144437,0.4325096293825864,0.186975591090922,0.5734049237345358
11532,11532,MAEL,-0.2356115679744237,7.877267487649922,-0.15448793910811912,0.02386652332987392,0.22289045146623845,0.19136424164606405,0.350140930468001
11533,11533,MAF,0.3251429761228785,5.43739622549493,0.7302146240825993,0.5332133972240918,7.54147610263284e-12,0.03863555870914436,4.366595320922838e-10
11534,11534,MAF1,-0.0905358202974618,7.72720527609976,-0.09371590235673052,0.00878267035453625,0.4613814390983578,0.12215064035912905,0.6002011374173782
11535,11535,MAFB,0.19495622356713435,5.569348564707915,0.6473409551105926,0.4190503121634943,7.450654804931137e-09,0.029152609549721542,1.1314441079998863e-07
11536,11536,MAFF,-0.15125665985671571,8.123244603900082,-0.4827056340112131,0.23300472910616726,5.35568246553526e-05,0.03485239571181822,0.0002504928975264763
11537,11537,MAFG,-0.13610376335013027,7.846718914496652,-0.11249896866508476,0.012656017950707723,0.3761200448368585,0.15267220913101656,0.5189252601424013
11538,11538,MAFG-AS1,-0.22119329171038832,8.07651332446093,-0.2775920020591746,0.0770573196072208,0.026363758975692483,0.09722020281284563,0.06075611378449713
11539,11539,MAFK,0.05694515529168796,6.6536490954831145,0.05364079425363222,0.002877334808160503,0.6737755818722775,0.13462943747295714,0.7794657554883292
11540,11540,MAG,0.10719998306176966,6.591283768063617,0.12166279089840888,0.01480183468918996,0.3382226175845429,0.11107156583590257,0.48043363619503293
11541,11541,MAGEA1,-0.15473295376357868,7.591583165957319,-0.12727991723590198,0.01620017733157807,0.3162207959623819,0.15313711359440085,0.45688292878071657
11542,11542,MAGEA10,0.2252445014194073,6.0879438569741176,0.200590075463086,0.04023637837428652,0.11199432935850342,0.13971114559549885,0.20359613853747413
11543,11543,MAGEA11,-0.06546864369640651,7.227082514422812,-0.05206323652172885,0.0027105805971174802,0.6828521768313603,0.15948393483990095,0.7863003237946989
11544,11544,MAGEA12,0.01652627907946981,6.960922883812852,0.013231098012459004,0.00017506195461529662,0.9173541807204276,0.15861539370653413,0.9498567841398519
11545,11545,MAGEA4,-0.542409109011098,8.56928654510762,-0.33868429998806826,0.1147070550584078,0.0061911031793991855,0.19137251579661446,0.01714648156412449
11546,11546,MAGEA6,-0.032378041397257036,7.12350654351409,-0.1154496900080672,0.013328630922958813,0.3636474917943042,0.03537921733910819,0.5065370190225046
11547,11547,MAGEA8,-0.16623552771631545,7.575522869938957,-0.12493170504862558,0.015607930926356782,0.3253045063982813,0.16766383186784306,0.4668185628839894
11548,11548,MAGEB1,-0.07292026166278129,7.243695306592738,-0.048527224075644367,0.0023548914764877985,0.7033584785812628,0.190614073945482,0.8020657110941151
11549,11549,MAGEB18,-0.049096461749209765,7.151952008707662,-0.021093549503743998,0.00044493783066689883,0.8685969940200264,0.2955344035926956,0.9186972432609888
11550,11550,MAGEB2,-0.1163527276113692,7.410675524400643,-0.08558897313836211,0.007325472322879271,0.5012958575321173,0.1720150107900753,0.6368302395180938
11551,11551,MAGEB3,-0.07731742674733583,7.281620453585541,-0.049151811061706935,0.0024159005306457373,0.6997204795653613,0.1995339414353441,0.7992330301400118
11552,11552,MAGEB4,-0.14544404959919596,7.497652030077617,-0.07372101452500776,0.005434787982596404,0.5626344295060042,0.2498765161955579,0.6899121501105617
11553,11553,MAGEB6,-0.23761659055501075,7.678519533415893,-0.10483186557515972,0.010989720039968356,0.4097119010301419,0.28627801927808944,0.5513149330024061
11554,11554,MAGEC1,-0.14110626676817115,7.4944361318229875,-0.09150953359747832,0.008373994739228013,0.4720431871656116,0.1950105329077649,0.609983006210247
11555,11555,MAGEC2,-0.056940817768930826,7.24664043226058,-0.04618996249583815,0.002133512635366935,0.7170304953741016,0.15639269529594468,0.8133306467616243
11556,11556,MAGEC3,0.417013952058278,5.5283014076605035,0.3255661759185018,0.10599333490219684,0.008661448262552473,0.15381044924203768,0.02307339920353965
11557,11557,MAGED1,-0.0027131203203598136,7.042241765730324,-0.00438590576840971,1.923616940936957e-05,0.9725614880072252,0.07856149433199147,0.9840584535462321
11558,11558,MAGED2,-0.3668877847418225,9.647120706735588,-0.5015898784546917,0.2515924061681924,2.4189427683733614e-05,0.08036329519971153,0.00012365959784968163
11559,11559,MAGEE1,0.5949087702300833,4.273698575500204,0.4712690953700536,0.2220945602509087,8.476716107181181e-05,0.14139985695378934,0.00037584620659502146
11560,11560,MAGEE2,0.39605704129974345,5.706904327849383,0.2608038843952868,0.06801866611567013,0.037389901406014274,0.18618789661686747,0.08196783913213597
11561,11561,MAGEF1,-0.28752017982418243,8.847058854151307,-0.45014624660700864,0.20263164333437786,0.00018989068555696567,0.07243498120507127,0.00076703652224139
11562,11562,MAGEH1,0.14189722637370827,6.0819774929292985,0.6031245381903771,0.3637592085673557,1.332543171938105e-07,0.023833170420035802,1.2796550948257059e-06
11563,11563,MAGEL2,0.3333397304621976,5.846221436317518,0.2529443981659113,0.06398086856351508,0.04373774535383381,0.16192299649096986,0.09360024465236398
11564,11564,MAGI1,0.7123875595751348,3.5922787229392457,0.4800519577152355,0.2304498821062303,5.96646788240698e-05,0.16532962908259272,0.0002756643097792258
11565,11565,MAGI1-IT1,-0.14190220977679255,7.648145996003087,-0.14227222675290133,0.020241386505228973,0.26209153081911946,0.12538128892377265,0.39688555143728677
11566,11566,MAGI2,0.3552185490254375,5.591558780568207,0.4156678037956192,0.17277972311227335,0.0006360258377100084,0.09871064507506924,0.00226569164593029
11567,11567,MAGI2-AS2,-0.1126950766989896,7.367688023042299,-0.08784652373396146,0.0077170117321414535,0.4900323799768047,0.16229393539498582,0.6266106399998645
11568,11568,MAGI2-AS3,0.7060978970381855,4.617957169394757,0.4720420992771328,0.22282374348996245,8.221869757487631e-05,0.1674742733814236,0.0003658199909562249
11569,11569,MAGI2-IT1,-0.01243898313103392,7.055172802373495,-0.008630992348346283,7.449402891721209e-05,0.94603376850274,0.18302572073760012,0.9677071921080225
11570,11570,MAGI3,0.5111429896844302,3.935678273727479,0.6479582305284355,0.4198498685095412,7.132907469381727e-09,0.07630794373970341,1.0908411811402634e-07
11571,11571,MAGIX,0.3204303549784643,5.475435236089072,0.30528634597811305,0.09319975304066816,0.014166043116342843,0.12693641840286626,0.035406932558218404
11572,11572,MAGOH2,-0.3752298410395686,8.68485490117806,-0.3286876741622042,0.10803558714615932,0.008006530605881131,0.13692787554758962,0.021535389426202447
11573,11573,MAGOHB,-0.4815169100562384,9.199416008279616,-0.6098118901785146,0.3718705414030927,8.861593918757242e-08,0.07947753546925852,9.005059423307747e-07
11574,11574,MAGT1,-0.06042969094208464,7.520261849071561,-0.07434114437295193,0.005526605746680083,0.559343906637759,0.10294893792642547,0.6868885277441688
11575,11575,MAK,-0.2361635793392765,7.855039982997519,-0.15944651854204767,0.02542319227517955,0.20821064778753745,0.18569921708677015,0.3325320140009679
11576,11576,MAK16,-0.27971931657722865,9.0986557830308,-0.6551833150761933,0.4292651763542304,4.2509586464075235e-09,0.040961982775657886,7.086567320088908e-08
11577,11577,MAL,0.23419389812790525,6.005907784503807,0.5699290664262461,0.3248191407574924,8.852315564132008e-07,0.042881402885223095,6.630816103122747e-06
11578,11578,MAL2,0.07237522777799017,6.229843819259796,0.08550432003632953,0.007310988744875061,0.5017207989627643,0.10710571588444157,0.6372295543424435
11579,11579,MALAT1,0.05220409547686505,6.609211638683683,0.1980014473614657,0.03920457315723528,0.1167962816750448,0.03282130381556879,0.21048797267585678
11580,11580,MALL,0.13131732842379934,5.6602370750888715,0.7305274142415873,0.5336703029584997,7.313007337770785e-12,0.01558964451998025,4.280085781065577e-10
11581,11581,MALRD1,-0.0891931061339018,7.308612755167098,-0.16478481449554544,0.027154035088331318,0.19318586536262747,0.06780165536085896,0.3136332103653233
11582,11582,MALSU1,-0.4741056937655263,10.688500368694273,-0.690139589593866,0.4762926531247898,2.815984085127531e-10,0.06313740357249381,7.797971274096762e-09
11583,11583,MALT1,-0.1886454541742359,8.282506022065446,-0.4259791875828442,0.18145826825373995,0.0004490255092444835,0.050884150877498535,0.0016558855747679717
11584,11584,MAMDC2,0.10601178970344652,6.517522244675504,0.7077976199770111,0.5009774708451213,6.155824970894107e-11,0.013437216054562159,2.225448910596192e-09
11585,11585,MAMDC2-AS1,0.30358700342501,6.038064504500189,0.15015039964856433,0.022545142514623587,0.2363116281561949,0.25386871970865904,0.3666653635275672
11586,11586,MAMDC4,0.06159906053533835,6.694206540510407,0.113649769949004,0.012916270209461535,0.37122534114626027,0.06838906712342456,0.5143240411082703
11587,11587,MAML1,0.13097194391601227,5.931400109748693,0.1091554647317299,0.011914915480799931,0.3905599185291786,0.15147261304708592,0.5332645041456092
11588,11588,MAML2,0.06665235419721485,6.592798919590807,0.12499424949825715,0.015623562407632557,0.3250604370059562,0.06719086318257568,0.4666037228797549
11589,11589,MAML3,-0.1278035742852102,7.735416713677631,-0.09684284253636384,0.009378536150522962,0.4464987511897457,0.16681438304450494,0.5863949817363169
11590,11590,MAMLD1,0.1443964670433758,6.362344125088602,0.17283046938090058,0.029870371146422405,0.1720346936020996,0.10450938632765852,0.2862398225089103
11591,11591,MAMSTR,0.015886162197383008,6.9487284142050365,0.01530074085673127,0.00023411267076484552,0.9044828410246784,0.13184384045838515,0.9416623039610293
11592,11592,MAN1A1,0.2079821702105777,5.316721501602288,0.5541485320979642,0.3070805956263285,2.0293001845477097e-06,0.03967760370016496,1.3605106964823732e-05
11593,11593,MAN1A2,-0.2723258238820864,8.510494840243298,-0.2678378205341604,0.0717370981084891,0.032376304324748285,0.1244103684224684,0.0724960055994648
11594,11594,MAN1B1,-0.32684040649297746,9.431786815850527,-0.4980409682107667,0.24804480601631795,2.8187557689689337e-05,0.07227212264619047,0.00014185488305141125
11595,11595,MAN1B1-AS1,0.15077461186170174,6.1039671163112175,0.1684420533610722,0.028372725340494294,0.1833513722789884,0.11205511770991038,0.3008162714373433
11596,11596,MAN1C1,0.2969714123990277,5.324969978315612,0.5403396507116744,0.2919669381312143,4.053399792585317e-06,0.0587325329328973,2.5304022796239404e-05
11597,11597,MAN2A1,0.3747099443649685,3.721700969388783,0.5808863505033731,0.3374289522011276,4.848990112235682e-07,0.06668442793495627,3.9144875198626545e-06
11598,11598,MAN2A2,-0.4861439363907807,9.999450166630725,-0.4883618234412322,0.23849727059484524,4.241750342893868e-05,0.11032223561754216,0.00020416782323931252
11599,11599,MAN2B1,0.2664139739555246,4.936422629181644,0.38208015126784906,0.14598524199286242,0.0018361975460860905,0.08183505276378086,0.005809036940904937
11600,11600,MAN2B2,-0.04283280077188015,7.3287853363721585,-0.06749757325640286,0.004555922395503471,0.5961514528325319,0.08040830421545431,0.7163125007037264
11601,11601,MAN2C1,0.07193953443461475,6.596109104323298,0.05210848255582811,0.0027152939542710425,0.6825912186757936,0.17509467210869106,0.7860834312074192
11602,11602,MANBA,-0.23742720333148465,8.797044585077826,-0.4028166018431079,0.1622612147204289,0.0009667569683616776,0.0685143563449106,0.003297816057615226
11603,11603,MANBAL,-0.40999099595630617,10.423981061780664,-0.5329737836723147,0.2840610540819833,5.790626734112512e-06,0.08266289693576444,3.4745364900860755e-05
11604,11604,MANEA,-0.11435378873546535,7.618880105485756,-0.20512351625966985,0.04207565692273103,0.10395248578925367,0.06929547333104437,0.19181685422121833
11605,11605,MANEAL,-0.2291509677032528,8.467057239960647,-0.6822319319622916,0.4654404089890009,5.376000332158223e-10,0.031188312069146486,1.3022067918667375e-08
11606,11606,MANF,-0.3077920431149529,9.95387645844398,-0.474183743881361,0.2248502229613442,7.552230819815966e-05,0.07257845110229623,0.000339513303722472
11607,11607,MANSC1,-0.1879197552435648,8.706547579942496,-0.23782894301452664,0.05656260613540695,0.058439957456736774,0.09746943095099277,0.11921971537688505
11608,11608,MAOA,0.22944414315388714,4.746096502511164,0.8244882700185954,0.6797809073982563,5.669317863694172e-17,0.019999551728507547,6.461530438857753e-14
11609,11609,MAOB,0.43235018741085296,5.12247030729341,0.388867657277132,0.15121805487620496,0.0014951687056714634,0.13008764437246295,0.004846987772652027
11610,11610,MAP10,-0.11051328100352213,7.372603989556095,-0.09057694718287317,0.008204183360968995,0.4765891825266213,0.15431640063073054,0.6140984617168859
11611,11611,MAP1A,0.09703680474638524,6.553314748941201,0.09829202254160067,0.009661321695318534,0.4396928558215504,0.124771168322549,0.5802912522835669
11612,11612,MAP1B,0.2479164135130383,5.703691898231032,0.7064620619917142,0.4990886450335847,6.932999653332995e-11,0.031542857179084234,2.4491697796562154e-09
11613,11613,MAP1LC3A,0.15578629459122534,5.859501411964878,0.18283304272881176,0.033427921513475505,0.14816122552068262,0.1063887824571224,0.2544758358701128
11614,11614,MAP1LC3B,0.2604600862200562,4.679411860930693,0.44908237293052095,0.20167497767690748,0.00019749191765428527,0.0658126225707054,0.0007950711055593135
11615,11615,MAP1LC3B2,0.0678825259047987,6.746394301700492,0.07237209546235998,0.005237720201612944,0.5698233543175115,0.11880935998533415,0.6953020080997189
11616,11616,MAP1LC3C,-0.0373274093460162,7.173873334253488,-0.03784388878898976,0.0014321599186734243,0.7665501154464991,0.125177142846588,0.8487701124625404
11617,11617,MAP1S,-0.2647462738445737,8.618955399947092,-0.4438490916802534,0.197002016185386,0.00023910574291354859,0.06788219916105914,0.0009420909397166844
11618,11618,MAP2,0.5255350341172113,5.050589086293551,0.4127606831453964,0.17037138155065434,0.0007002340014725692,0.14728189660837465,0.002467225398940528
11619,11619,MAP2K1,-0.2854451368858094,9.346389411704148,-0.5108121579769712,0.2609290607370902,1.612507015212764e-05,0.06101106992145764,8.5964646515097e-05
11620,11620,MAP2K2,-0.03699896957478027,7.265559984098046,-0.04460519741279122,0.001989623636234076,0.7263516116586531,0.10523879019683227,0.8206795445303211
11621,11621,MAP2K4,0.025429874395310883,6.833886289415183,0.034667580314411334,0.0012018411248561598,0.7856556833438108,0.0931030067185182,0.8621787778244677
11622,11622,MAP2K5,-0.46359539763544394,9.458095521977123,-0.3206140494429691,0.10279336870021864,0.009796344584383226,0.1739430012006292,0.025698345484532863
11623,11623,MAP2K6,0.1683086270937818,5.738861434354866,0.3793090894134845,0.14387538531168675,0.0019943921502800347,0.052141770611910165,0.006268296373630501
11624,11624,MAP2K7,-0.004271095348270118,7.038780758667882,-0.003167152745344386,1.003085651234248e-05,0.9801842624364716,0.1712664259511178,0.9886301911067439
11625,11625,MAP3K1,0.2211710495079936,5.704410926746322,0.35657108533537873,0.12714293889724995,0.0038272087797988218,0.0735966210978136,0.011175594137883426
11626,11626,MAP3K10,0.08877623448709883,6.410325165294702,0.1250593956805623,0.01563985244798744,0.3248063384099886,0.08944613123707966,0.4663007994078695
11627,11627,MAP3K11,0.13416366532171156,6.1976292620909215,0.11113216863293293,0.012350358905058641,0.3819836734158916,0.15237044493003624,0.525063885224142
11628,11628,MAP3K12,0.12519645343947086,6.232534236903193,0.1976470387983991,0.03906435194577588,0.11746580873768082,0.07885931893975816,0.2114278258574766
11629,11629,MAP3K13,0.6187982363363703,3.239332914247583,0.5076641257223561,0.2577228645454442,1.8543656597413642e-05,0.1333705030056744,9.727783033357373e-05
11630,11630,MAP3K14,0.21586090527360027,5.944541515068432,0.3192098566552876,0.10189493258588926,0.010140796043704629,0.08138894698211856,0.02649281437162791
11631,11631,MAP3K14-AS1,0.31934004314480396,5.787709015338005,0.29076301967723056,0.08454313361182157,0.019760561086709826,0.13345575531625206,0.04743641015368071
11632,11632,MAP3K15,-0.1125818847735762,7.434571132623165,-0.09691169185492246,0.009391876018183443,0.4461740912239624,0.146841035207151,0.5861380699742117
11633,11633,MAP3K19,0.0010829237169333718,7.010498894671231,0.0008559460272430543,7.326436015531673e-07,0.9946441550795118,0.16067765352478894,0.9965770220814707
11634,11634,MAP3K2,0.6425722683769977,3.2260843657881098,0.6170096091932705,0.3807008578368325,5.6517745149011054e-08,0.10408411298115502,6.159495577261371e-07
11635,11635,MAP3K3,0.6188406965017959,3.861439409760748,0.4268183291375994,0.18217388608781213,0.00043626810908606653,0.16652155091614193,0.0016143858342889219
11636,11636,MAP3K4,-0.08614414132419891,7.688166976029304,-0.12934494496189305,0.016730114787195136,0.3083681266094519,0.08387196351095262,0.44855993697371405
11637,11637,MAP3K5,-0.23506003213681365,8.89715388120129,-0.569174726287108,0.32395986904400426,9.219488725161388e-07,0.043124450840066,6.874932105487943e-06
11638,11638,MAP3K6,-0.2756512377450752,8.343725192408321,-0.28511559095764993,0.08129090020712995,0.022395484956433988,0.11768798977597753,0.05286822231019853
11639,11639,MAP3K7,-0.15400367730472792,8.126678957094873,-0.1935266014559448,0.03745254547108809,0.12546713634980008,0.0991529525985468,0.2227954766424699
11640,11640,MAP3K7CL,-0.26722604952038304,7.9280003409581745,-0.371978419924348,0.13836794488941456,0.002473309701656313,0.08468882846507346,0.0075938638294863825
11641,11641,MAP3K8,-0.3699518746340515,8.813884195262261,-0.5198371443767819,0.27023065667380713,1.0718388972047991e-05,0.07721023724517627,5.992490138785756e-05
11642,11642,MAP3K9,-0.29024433319273474,8.44699661235219,-0.2585533906945561,0.06684985583965175,0.03912403600213269,0.1377188636816372,0.08518308864128127
11643,11643,MAP4,-0.930313179306704,13.230363637962329,-0.5661163474434112,0.3204877188426691,1.0859733448209949e-06,0.17203875377147693,7.920765504243396e-06
11644,11644,MAP4K1,0.2817366893661536,5.452529392021211,0.4386926739771512,0.19245126220122305,0.0002878145121597833,0.07329452787316823,0.0011125710926133713
11645,11645,MAP4K2,0.08322201103051778,6.602333763823593,0.11761258641915046,0.013832720484202131,0.3546673731652565,0.0892408822518678,0.4972049560138737
11646,11646,MAP4K3,-0.1973091168547204,8.41294009435561,-0.5309752082984318,0.28193467182756304,6.3698811819414145e-06,0.03999070336294062,3.7864336259934484e-05
11647,11647,MAP4K4,-0.3422352242476436,8.842831764025169,-0.4803739177498809,0.2307591008543693,5.88907892482005e-05,0.07935615673086698,0.00027253569168011305
11648,11648,MAP4K5,-0.024980374131645458,7.1685714142801835,-0.0468386357300942,0.002193857797056457,0.7132269297973739,0.06765843429078243,0.8103320653075621
11649,11649,MAP6,0.3503708665093975,5.379170196178523,0.20836082030274927,0.043414231437234566,0.09848921277210088,0.20887094981362986,0.18374040533788258
11650,11650,MAP6D1,0.390785665147618,4.980791790782695,0.2658361154768153,0.0706688402918027,0.033742269493923886,0.17997577277671126,0.07514282660334448
11651,11651,MAP7,-0.20556506172794373,8.901302802938531,-0.3588100859670407,0.12874467779167514,0.003596619718403083,0.06791434835322567,0.010577862284669124
11652,11652,MAP7D1,0.2817935293090102,5.024422793988983,0.4110642926806474,0.16897385271704096,0.0007403616355628732,0.07936568385987576,0.0025925826678709608
11653,11653,MAP7D2,0.2380990217119363,6.0876863352456025,0.445514916291782,0.19848354063847348,0.00022506195311866207,0.06076531304287072,0.0008929491745666227
11654,11654,MAP7D3,0.5066725499864713,4.683210202780477,0.2629113565621797,0.06912238140936558,0.035824309994612204,0.2361394131625573,0.07895129584096552
11655,11655,MAP9,0.23230202801933986,6.206786609043538,0.2179827415042568,0.04751647559371163,0.08356474784126537,0.13208812711196133,0.16041083365859424
11656,11656,MAPK1,0.10581613440234892,6.249426528663819,0.10465039404195917,0.01095170497313732,0.4105274836586164,0.1277097129623709,0.5521958206217095
11657,11657,MAPK10,0.8768962303187104,3.3282052736975616,0.6436720463634097,0.41431370326965933,9.634241228132235e-09,0.1324098339732079,1.4030228231015705e-07
11658,11658,MAPK11,0.1447521815626521,6.384860578187432,0.13307797995614712,0.017709748749208696,0.2944947080895369,0.13691246510746466,0.43323932769557894
11659,11659,MAPK12,0.18889472303676336,5.952583065265076,0.2062931359640603,0.04255685794588627,0.1019521633945072,0.11378779965186843,0.188860059735505
11660,11660,MAPK13,0.3649479178319481,3.769341823321625,0.4090123751801512,0.16729112305050872,0.000791676714977594,0.10340587033848024,0.002752265663963418
11661,11661,MAPK14,-0.1261467399579315,7.922304550315633,-0.14767610982773172,0.021808233413852282,0.24421239978008055,0.10729560793388672,0.3758916424221796
11662,11662,MAPK15,0.11430914889454295,6.402057051609397,0.12538582691313138,0.015721605590689743,0.3235350137323342,0.11486710456966252,0.464876300336653
11663,11663,MAPK1IP1L,-0.20730115646706493,8.741614448513069,-0.20437645452953448,0.04176973516606288,0.10524596877540254,0.12609851178494835,0.1938011440332774
11664,11664,MAPK3,0.3714224145637818,3.722196052541142,0.5621689922759006,0.3160339758765016,1.3382977999962398e-06,0.06939411495136368,9.489469174498551e-06
11665,11665,MAPK4,0.28824178014006635,5.835095210797687,0.23056091660113276,0.053158336263954484,0.06681534031498403,0.15449487468533582,0.13315720545932075
11666,11666,MAPK6,0.5489069254892295,3.3583974679939392,0.5029390289139093,0.2529476668048661,2.2812707394008938e-05,0.11980171628844187,0.00011714706630715285
11667,11667,MAPK7,0.23080196485216106,5.529509154057744,0.2311922195379753,0.05344984237489538,0.06605160997120434,0.123350881843587,0.13207272520096305
11668,11668,MAPK8,-0.11591315715270765,7.694652783528179,-0.10526905328475644,0.01108157357946889,0.4077509243367569,0.1390645412811147,0.5495978434309644
11669,11669,MAPK8IP1,0.16840297820218875,6.329943038531959,0.2220949825725718,0.04932618128391097,0.07775844256667933,0.0938925085729144,0.15142617569976985
11670,11670,MAPK8IP2,0.0931946852443264,6.507247132182023,0.08912505574896014,0.007943275562255252,0.4837128955280678,0.1322707265933223,0.620692270245337
11671,11671,MAPK8IP3,0.13036301633089575,6.31800068909562,0.12623562540444794,0.0159354331212521,0.3202402341701885,0.1301033313772553,0.4613359679986317
11672,11672,MAPK9,-0.0978963828958117,7.759466684795131,-0.09958316232180756,0.009916806218011472,0.4336784280520064,0.12422835423975087,0.5746730118385875
11673,11673,MAPKAP1,-0.41188922957680624,9.764370176298396,-0.4840035977471853,0.2342594826322192,5.078469590198476e-05,0.09457510123670176,0.00023871121983014545
11674,11674,MAPKAPK2,-0.09214969539279556,7.61350314271683,-0.08667578187264789,0.007512691163234837,0.495856861826065,0.1345125396045462,0.6320662152760034
11675,11675,MAPKAPK3,-0.4246640816332061,10.34196310589872,-0.6167485707306748,0.3803787994983301,5.74585411035627e-08,0.06883426311853916,6.236915827557144e-07
11676,11676,MAPKAPK5,-0.37428110808121945,9.910599805883347,-0.6534836484690456,0.4270408788164152,4.807365465189297e-09,0.05505910600682529,7.850942620563668e-08
11677,11677,MAPKAPK5-AS1,-0.4439281675274575,10.094431389020283,-0.4283100801468455,0.1834495247553972,0.00041440109300658334,0.11894606518616525,0.0015432253945068895
11678,11678,MAPKBP1,0.09843950207412502,6.519925959183492,0.07261658711315422,0.0052731687239623145,0.5685171951496647,0.1717076506173398,0.6944518019177995
11679,11679,MAPRE1,-0.2078481246586407,8.9524733154057,-0.2886647115396322,0.08332731568825906,0.020706967652854503,0.08755152493703551,0.04942239441447859
11680,11680,MAPRE2,0.5722160104555126,3.584178176338124,0.4808124109226163,0.2311805744972189,5.785169697956342e-05,0.13252587032208354,0.00026803134319478944
11681,11681,MAPRE3,-0.2204811302266056,8.1680070700658,-0.2306330202314464,0.05319159002107877,0.06672775446264505,0.11813678532607272,0.13308671600971828
11682,11682,MAPT,0.5510404225687526,4.413652575412621,0.3849062490860346,0.14815282058548052,0.0016865359113157749,0.16780832270923646,0.005382746523145631
11683,11683,MAPT-AS1,0.2537935823068588,5.7563908072604955,0.17540545094605706,0.030767072221589625,0.1656364974273608,0.1809071724108252,0.2779863870254591
11684,11684,MARC1,-0.20789403472770215,8.680925948521352,-0.4569547932895545,0.20880768311029949,0.00014725909760751726,0.05139418417950915,0.0006116025620810868
11685,11685,MARC2,0.21109605310002544,5.597239847604832,0.4686139386558997,0.2195990235025953,9.408557462839264e-05,0.05053915406481911,0.00041193350557578703
11686,11686,MARCH1,0.31180894327369696,5.768638976864812,0.5593706055748192,0.31289547438114,1.5494236612224324e-06,0.05868194315415256,1.0740323106200951e-05
11687,11687,MARCH10,0.16902546916397965,6.327663371093571,0.1260865130875735,0.01589780878258284,0.3208168084788517,0.1688914911926669,0.46204362780058084
11688,11688,MARCH11,-0.0987903001580332,7.387601373191968,-0.10648111838896757,0.011338228573365326,0.402342904192582,0.11715740053279824,0.5445459743931478
11689,11689,MARCH2,0.06569574931026442,6.582751549942517,0.13941364637217732,0.01943616479478651,0.2718974759768682,0.05926169585067384,0.4086293179456646
11690,11690,MARCH3,0.27516109202186945,5.168517080874214,0.4819420671132938,0.23226815605343465,5.525226750545344e-05,0.06353325715402205,0.0002573645628803171
11691,11691,MARCH4,0.05921101072307512,6.766810813162499,0.057012470424672085,0.003250421783924109,0.6545323693430417,0.13168302667907464,0.7634835070576407
11692,11692,MARCH5,-0.3921699685095816,9.863984279585035,-0.5076204378524508,0.25767850892551386,1.8579475930026027e-05,0.08453477600465358,9.741853541518489e-05
11693,11693,MARCH6,0.2807028526015824,5.183656825784496,0.21196975642509602,0.04493117763891453,0.09266528360955988,0.1643593498251555,0.17470544284912234
11694,11694,MARCH7,-0.08733803914041523,7.474500964481372,-0.058466301055105224,0.003418308359066197,0.6463025901725004,0.18939060270845592,0.7570553681065341
11695,11695,MARCH8,0.5799104882747459,3.7146729593830496,0.6316395076821065,0.3989684676648939,2.1859540059184995e-08,0.09039501080556736,2.740986334578176e-07
11696,11696,MARCH9,-0.2412280707165124,8.265717146786741,-0.2325062641798535,0.05405916288287183,0.06448442526937441,0.12815316250082434,0.12940508101272383
11697,11697,MARCKS,0.312811399485332,4.044807701204371,0.7482105454530696,0.55981902032718,1.1949581566806543e-12,0.03522723348389928,1.1519576984458628e-10
11698,11698,MARCKSL1,-0.3512304953676098,10.971118597152216,-0.629304548248584,0.3960242144463543,2.5522652952028284e-08,0.05508651075960218,3.1106025860582244e-07
11699,11699,MARCO,0.3010837636179909,5.551082832325636,0.3422035800296943,0.1171032901851394,0.005644149974209655,0.10499337394782217,0.015801430858630908
11700,11700,MARK1,-0.06979808012529215,7.294068655687269,-0.06543859216105279,0.004282209344020599,0.6074323781018715,0.1351704682598462,0.7258552117755229
11701,11701,MARK2,0.3797688068110956,4.7045522346724145,0.4295393882968669,0.18450408609844665,0.000397136713772086,0.10139845685148173,0.0014842933270166592
11702,11702,MARK3,-0.3176284767704512,8.80485278449161,-0.2954525823490293,0.08729222841670993,0.017777797125417927,0.130437261159487,0.04326540518653634
11703,11703,MARK4,-0.387392138109496,9.663937005817647,-0.4224803435503732,0.17848964068644135,0.0005059602682180102,0.10554920644644523,0.0018411308365419274
11704,11704,MARS2,-0.1678335919529921,8.057105349256432,-0.4701311941133831,0.22102333967847546,8.865129941045833e-05,0.04001531122102624,0.0003904299143244814
11705,11705,MARVELD1,-0.22156454875082726,8.407651514794313,-0.14508005667835608,0.02104822284579501,0.2526944988453804,0.19190105438193736,0.3854405418395938
11706,11706,MARVELD2,0.08584888566956178,6.395662705710483,0.09983629127493816,0.009967285055534292,0.4325047599009013,0.10866136367840168,0.5734049237345358
11707,11707,MARVELD3,0.43048395634683145,4.038093308859084,0.7373651381020344,0.5437073468882323,3.6926085335835465e-12,0.05008414486046374,2.6629667928711734e-10
11708,11708,MAS1,0.06832749336281302,6.730774076124858,0.07275032277682067,0.005292609464131594,0.5678033241552076,0.11896313259560268,0.6939319930346532
11709,11709,MAS1L,0.03648451936128297,6.868018269819889,0.03152679136659653,0.0009939385738729056,0.8046723148840778,0.14689840268628834,0.8756811386911254
11710,11710,MASP1,0.4164377744258837,5.148194221108678,0.2492048925900641,0.062103078490825386,0.0470559158410848,0.2055300191716116,0.09951131421276282
11711,11711,MASP2,0.14975174109585787,6.290598072276954,0.11954775454157596,0.0142916656159329,0.3467496416826253,0.15794607090953736,0.48930428063581716
11712,11712,MAST1,0.20945038796332194,5.98858612365669,0.22958583356551,0.05270965497397004,0.06800888734446887,0.11276693932098095,0.13518748443587972
11713,11713,MAST2,0.38126833771324825,4.645320885588774,0.5558731321768002,0.3089949390760464,1.85724223079052e-06,0.07241021335467675,1.2600822793072092e-05
11714,11714,MAST3,0.319875896053143,4.874304888500792,0.6040855107140823,0.3649193042546937,1.2573959202718038e-07,0.05359221506089912,1.2166625850529898e-06
11715,11715,MAST4,-0.4356096623683248,9.445304572571251,-0.4362046630611215,0.19027450807626653,0.0003144204082204152,0.11412486104086292,0.0012021140430814072
11716,11716,MASTL,-0.19090613239791945,8.028090455993611,-0.56910552764022,0.32388110159065325,9.253877439095146e-07,0.035030212211517385,6.89108376697405e-06
11717,11717,MAT1A,-0.13911891051114092,7.789545678834562,-0.15512314791859572,0.02406319102017453,0.2209706050143416,0.11251866300183776,0.3478315367874949
11718,11718,MAT2A,-0.12812919885353716,8.049322531998481,-0.2612061651132811,0.06822866069318667,0.03708674712948661,0.0601344740126917,0.08133075588264432
11719,11719,MAT2B,0.1777521485543361,5.611468005465142,0.1845571083556664,0.03406132624460518,0.14430901749554526,0.12021620510421045,0.24912402534008551
11720,11720,MATK,0.31156292789000656,5.158069031917564,0.4648294697537155,0.21606643595152036,0.0001090045750326696,0.07536954736960852,0.0004698075004879689
11721,11721,MATN1,-0.017361706277968656,7.090214596039008,-0.011815807377396759,0.0001396133039797437,0.9261684174510711,0.186596218696356,0.9561487929015516
11722,11722,MATN1-AS1,-0.23510130306741525,7.823371125221037,-0.1589378323688276,0.025261234558101545,0.2096843184614295,0.18547100486873466,0.3344169919194473
11723,11723,MATN3,-0.5354394194944996,8.53327327944579,-0.2849579673948379,0.08120104318179751,0.02247310677832476,0.2287409596566862,0.053029871121785185
11724,11724,MATN4,0.1097918003036408,6.425321632741501,0.12494119021473135,0.015610301012273682,0.32526748462358845,0.1107265970830228,0.4668185628839894
11725,11725,MATR3,-0.156763863707586,7.688475130052633,-0.468837732410719,0.21980881933202495,9.326519141428271e-05,0.037508360003742164,0.00040867214084910805
11726,11726,MAU2,-0.07742555942313338,7.429245379458046,-0.04274324269039465,0.0018269847956899753,0.7373537002654413,0.2298391215361293,0.8289738074683878
11727,11727,MAVS,0.3404997224233419,4.6524998600811465,0.6240522249487587,0.3894411794634961,3.599586328473272e-08,0.054145670541313265,4.157282236964731e-07
11728,11728,MAX,0.4191963647549121,3.762749429745839,0.5796233646008001,0.33596324479115197,5.203184716338506e-07,0.07484655900502696,4.156208617718032e-06
11729,11729,MAZ,-0.15463545628384076,8.232260619873081,-0.2714681206737283,0.0736949405421259,0.030016852679422563,0.0696259954040346,0.06790086125278341
11730,11730,MB,0.024640773797420846,6.8231951483052695,0.07579378963824651,0.0057446985477267645,0.5516717745384164,0.04116933318190185,0.6802831431939756
11731,11731,MB21D1,-0.4875123161082774,8.864893880033653,-0.3238963626779286,0.10490885375599224,0.009030600295191977,0.18084949766986785,0.023938994906644907
11732,11732,MB21D2,-0.044736589988194304,7.304951397566443,-0.07562922277113272,0.005719779336965621,0.5525383931206724,0.07490861981064872,0.6809252733341772
11733,11733,MBD1,-0.003686587703098026,7.039150637288516,-0.0025572845755732184,6.539704400464697e-06,0.98399943004173,0.1830830952585719,0.990526436310906
11734,11734,MBD2,0.032194046182190926,6.852092696176902,0.014207703792505378,0.00020185884705557167,0.9112777224882596,0.28774778301872445,0.9468473658101036
11735,11735,MBD3,-0.2107795374592092,8.44409572457367,-0.18572285725165905,0.03449297970572012,0.14174706430872822,0.14162664391231652,0.245601910514123
11736,11736,MBD3L1,-0.058072126533723664,7.223222861126742,-0.05399319253331317,0.002915264839939425,0.6717542915141659,0.1363951448290042,0.7777810609388474
11737,11737,MBD3L2,-0.09385864192384204,7.444050789140032,-0.096768414750086,0.009364126093244659,0.4468498640061535,0.12260320411150498,0.5866410475331034
11738,11738,MBD4,-0.19812442913325956,8.384646823462006,-0.26716775428258177,0.071378608928398,0.032828317762102176,0.09075644696196443,0.07333373438604525
11739,11739,MBD5,0.05510601486699844,6.766126106273863,0.04202182971689016,0.0017658341727553124,0.7416307447228745,0.16639658801040566,0.8319957404016912
11740,11740,MBD6,-0.06058632114431384,7.413497185945602,-0.0695775867537513,0.0048410405784757886,0.5848508482506751,0.1103203433843402,0.7073807595435864
11741,11741,MBIP,-0.2190562421808719,8.38316429284199,-0.5739477948767271,0.3294160712438576,7.116774235488155e-07,0.03969300394323757,5.4689051124732426e-06
11742,11742,MBL2,-0.0701355929543596,7.226443067765486,-0.043870618317243794,0.0019246311515372864,0.7306857276185093,0.2028385707817224,0.8239881903957594
11743,11743,MBLAC1,-0.09940058478047656,7.596878090798624,-0.12872448567502226,0.016569993212299003,0.3107142038137981,0.09725314557661877,0.45095330222193203
11744,11744,MBLAC2,-0.11416164616332665,7.542795092798626,-0.09935157804275584,0.009870736059585805,0.4347537730072246,0.14520967601641166,0.5756400461309354
11745,11745,MBNL1,0.343144033294777,4.580478428137578,0.5286565584672599,0.2794777568104474,7.109501945721962e-06,0.0699730297406551,4.165483350503492e-05
11746,11746,MBNL1-AS1,0.4058216614077815,4.929130826292699,0.5456429428341409,0.2977262210647017,3.118909194488525e-06,0.07915604083125598,1.9994073003744524e-05
11747,11747,MBNL2,0.004490043077407384,6.985281058129871,0.007304801945450168,5.336013146225257e-05,0.9543162710846992,0.07806109339955629,0.9725501835540101
11748,11748,MBNL3,0.4686034419305865,4.19988963023715,0.6138832425527788,0.3768526354871139,6.880610351306759e-08,0.07652780067082471,7.261189919958474e-07
11749,11749,MBOAT1,0.2148702461687851,5.379836970238179,0.5562778092491232,0.3094450010630039,1.8188985493801704e-06,0.04076503670897179,1.2378456344069011e-05
11750,11750,MBOAT2,0.1780234361817424,5.603444660304662,0.2516367230302661,0.06332104037741086,0.044875450199488576,0.0869566291844685,0.09568509984934277
11751,11751,MBOAT7,0.30426099177753896,4.905224476958825,0.3457921375302621,0.11957220237774767,0.005130665521837306,0.10485332105537068,0.014542481920862157
11752,11752,MBP,0.6655146250892403,3.00969646694445,0.5467891567197253,0.2989783819062683,2.945417849593605e-06,0.12942184030741427,1.903970851729836e-05
11753,11753,MBTD1,-0.0012057124386732846,7.022397513877218,-0.0016704898562392176,2.7905363597981207e-06,0.98954758803299,0.09166497995412944,0.9938617419810954
11754,11754,MBTPS1,0.009992466022422658,6.932848703319046,0.010785642211432706,0.000116330077913039,0.9325897703756588,0.1176536930161419,0.9602601624974986
11755,11755,MBTPS2,-0.4326928279283184,9.523479445420849,-0.4744638923743328,0.22511598516700249,7.46845662298627e-05,0.10195277132607196,0.0003361659284364325
11756,11756,MC1R,0.10241307910450773,6.4229089202265195,0.13493643053013127,0.01820784028421294,0.2877426088106539,0.09550808584696643,0.42634482273061636
11757,11757,MC2R,0.03032519569082635,6.88693908120403,0.02036950264400093,0.00041491663796396105,0.8730694900822553,0.1890328253688132,0.9215294197067724
11758,11758,MC3R,0.17432985912838087,6.3318420227194645,0.1681108634772403,0.028261262419063325,0.18422676016197928,0.12982397833592876,0.3018408482490475
11759,11759,MC4R,-0.21101165241813452,7.806343521682607,-0.17661144558411265,0.031191602711309975,0.16270068988286834,0.1493518806416472,0.2741214844327016
11760,11760,MC5R,-0.022489649526418444,7.101393741770037,-0.020774589827303243,0.0004315835824926914,0.8705667368252494,0.13745503334932235,0.9199298631703887
11761,11761,MCAM,0.02549166076818205,6.858990077021028,0.037099615506585484,0.0013763814707364774,0.7710149935725488,0.08720347541584482,0.8513757424819511
11762,11762,MCAT,-0.28964144419017057,9.142228422112376,-0.6151970020671625,0.3784673513524244,6.336302912994139e-08,0.047139245004309965,6.769247142619046e-07
11763,11763,MCC,0.307439101069502,5.467806706193984,0.6151556995308086,0.3784165346652385,6.352777428068823e-08,0.05004122485569778,6.780157476827519e-07
11764,11764,MCCC1,-0.09317940640591513,7.800168587725681,-0.14202183109064048,0.02017020050633841,0.26294082438201793,0.0824791750939513,0.39793022237700737
11765,11765,MCCC2,-0.35751164787371925,9.412398893581237,-0.5304164455801784,0.2813416057419104,6.541246093107533e-06,0.07256690848377052,3.879777708744005e-05
11766,11766,MCEE,-0.08136828905342262,7.6478419770952355,-0.11401788506232514,0.01300007811408559,0.3696678142953892,0.09004195534904112,0.5127566307050123
11767,11767,MCEMP1,-0.12838310803055067,7.671651032160231,-0.13755862077726633,0.018922374150143768,0.2783903314160487,0.1174021130398743,0.41567555863025124
11768,11768,MCF2,0.017351520542808457,6.958993106969186,0.006465090475938577,4.179739486207169e-05,0.9595630951599179,0.34084585002892914,0.9756016163053675
11769,11769,MCF2L,0.47358762423843,4.429159204747238,0.3412635493907425,0.11646081014276778,0.005785916569389789,0.16566375671931236,0.016139897373455607
11770,11770,MCF2L-AS1,-0.20612630658613987,8.196549085849579,-0.4881195116065785,0.2382606576110447,4.2846969667793654e-05,0.04680740904570197,0.0002059602948182179
11771,11771,MCF2L2,-0.4935491281935973,8.375555210227974,-0.20723309360392064,0.042945555084651324,0.10036638496571074,0.2958991764417965,0.18647070051230838
11772,11772,MCFD2,-0.3453440110162749,9.116410011632428,-0.4717974762268296,0.2225928585740058,8.301743607709212e-05,0.08196429988375925,0.00036891905976799296
11773,11773,MCHR1,-0.13565436044114734,7.536310677063267,-0.09050481323650916,0.008191121218975405,0.4769417794031998,0.18957463689582688,0.6144065575833607
11774,11774,MCHR2,-0.0756351666356538,7.364538186958094,-0.07136460185665312,0.005092906398158618,0.5752204140159509,0.13425681489358302,0.699522550992049
11775,11775,MCHR2-AS1,0.2314901953158865,6.204813151733687,0.12458497541817914,0.015521416099948303,0.3266596703404967,0.2341392496805112,0.4682475118305061
11776,11776,MCL1,0.18641348148553846,5.680337653240799,0.2888677168473086,0.08344455783657688,0.020613752175542312,0.07846244443132834,0.049216185596622795
11777,11777,MCM10,-0.21117544831900628,7.983514945230643,-0.6226649483531249,0.3877116379075997,3.937609443359905e-08,0.03370320203623997,4.505367778336775e-07
11778,11778,MCM2,-0.18588140657793356,8.474576974297726,-0.656082582206176,0.4304443546743237,3.981861624052943e-09,0.02715499190426907,6.710288985904007e-08
11779,11779,MCM3,-0.22135967354273456,8.935749186402218,-0.7446114827388014,0.5544462602264764,1.748514569882446e-12,0.025201301973852716,1.514563320432175e-10
11780,11780,MCM3AP,-0.5855925910854924,10.004362627698383,-0.4158028173662128,0.17289198292968008,0.0006331780106541438,0.16266473731506267,0.002256660602487736
11781,11781,MCM3AP-AS1,-0.7468000950198511,9.843567208407963,-0.5146358097815604,0.2648500167095225,1.3582173076980012e-05,0.1580143370112196,7.363595891551386e-05
11782,11782,MCM4,-0.26866330184262865,8.751259504111497,-0.645563980564284,0.4167528530020032,8.441978628872607e-09,0.04036449504407889,1.2538480604131434e-07
11783,11783,MCM5,-0.21101239338696764,8.482105970463543,-0.6382195983941531,0.4073242557743941,1.4027238620748835e-08,0.032325895096103716,1.9164659453142967e-07
11784,11784,MCM6,-0.2787622714539643,8.770160179998214,-0.6271594054001809,0.3933289197819084,2.9393394533772887e-08,0.043968014735836516,3.499252109009631e-07
11785,11785,MCM7,-0.21574028353848135,8.824541526149545,-0.6871310573879311,0.4721490900270563,3.6100458888793287e-10,0.028970197717334476,9.487323267437118e-09
11786,11786,MCM8,-0.6525661906244706,10.51672892810678,-0.6551014573736181,0.4291579194530384,4.27629244250688e-09,0.09558244797998704,7.107702488221592e-08
11787,11787,MCM9,-0.025068896802334158,7.137720705152304,-0.023535937599450326,0.0005539403586852194,0.8535411924736124,0.13523451689105054,0.9084107987917667
11788,11788,MCMBP,-0.4555795553431861,9.780754791309407,-0.458246875703809,0.20999019909230213,0.00014023748984349758,0.1122238357521472,0.0005870564165012449
11789,11789,MCMDC2,-0.07942842528774377,7.265768773641303,-0.04197736706148239,0.0017620993454144265,0.7418946070999082,0.2400943500673736,0.8321600294636333
11790,11790,MCOLN1,0.3544727993029172,4.6045106221126035,0.4720797608192045,0.22285930057511733,8.209635697608818e-05,0.0840662191342652,0.00036535072139687417
11791,11791,MCOLN2,0.13361747277306968,6.087153371856303,0.7622601297941154,0.5810405054737416,2.537794600854781e-13,0.01440954350364181,3.713239329831776e-11
11792,11792,MCOLN3,0.3949026913141934,5.446068078516237,0.3844590650457563,0.14780877269585704,0.0017094633565874293,0.12042389581153945,0.0054494963914177505
11793,11793,MCPH1,-0.5836353530203644,9.87168167880066,-0.6366194120482386,0.40528427579664494,1.564036512516202e-08,0.08978847174178378,2.0917583247285484e-07
11794,11794,MCRS1,-0.4019464739973079,10.055238398510273,-0.5385107358894903,0.2899938126682404,4.432241784274587e-06,0.07987467043520803,2.7415080216642727e-05
11795,11795,MCTP1,0.26705049443796824,5.930243711546816,0.5341220604526108,0.2852863754621424,5.4804515222067815e-06,0.053681303944551735,3.300310837413455e-05
11796,11796,MCTP2,0.2941959049657592,5.231488503621014,0.4680408782757475,0.2190622637371331,9.62166926624621e-05,0.07054483102319889,0.0004200750966946808
11797,11797,MCTS1,-0.7932080222942586,11.72024228995862,-0.4970422474996499,0.2470509957995033,2.941846381715872e-05,0.17586553210356906,0.0001472282953456372
11798,11798,MCU,0.3742556508221679,3.7027857657024215,0.3959539719325461,0.15677954788915946,0.0012009004060268215,0.11022963862831332,0.003991021837401906
11799,11799,MCUR1,0.3618011178335421,4.1037411035276685,0.5803237768402919,0.3367756859661809,5.003863039688727e-07,0.06448131927916605,4.017747650146807e-06
11800,11800,MDC1,-0.31605940203322624,8.936563372637673,-0.4712353622206912,0.22206276660726604,8.48800138392672e-05,0.07512894240034251,0.00037626953934274954
11801,11801,MDFI,-0.11202747781165924,7.639983999455946,-0.14042007260999154,0.019717796791795292,0.2684175078147303,0.1003171255267406,0.4042409855850883
11802,11802,MDFIC,0.11583623453017147,6.420144526522468,0.1968395002589477,0.03874578886219227,0.11900233447003007,0.07327493818349604,0.21351743778911345
11803,11803,MDGA1,0.17927990750140926,6.030929562148413,0.20462692729507503,0.04187217937422391,0.10481091227683573,0.10891425300489516,0.1931807222193274
11804,11804,MDGA2,-0.07291163286930516,7.231511801911892,-0.0319024185552742,0.0010177643096759036,0.8023918128549212,0.29010569460147256,0.8737262889009564
11805,11805,MDH1,0.1103490797954892,5.789418434568429,0.10427314953279036,0.010872889713487656,0.4122259314576874,0.13366768679410626,0.5537000710653901
11806,11806,MDH1B,-0.06841322522683985,7.254405828559968,-0.05201648829475517,0.002705715054518401,0.6831218377877799,0.16680722455992944,0.7863970203492272
11807,11807,MDH2,-0.3103907264342758,9.933885363426704,-0.3351732079034743,0.1123410792963056,0.00678263461083574,0.11080686239618867,0.01860156439939817
11808,11808,MDK,-0.10556134884946136,7.850713420549531,-0.2291104895871444,0.05249161643886099,0.06859690018848386,0.056958119637947724,0.13616883981864678
11809,11809,MDM1,-0.1969104566817175,7.894177224356603,-0.4157735924905017,0.17286768021245774,0.000633793464948073,0.054702040678273584,0.002258110806753952
11810,11810,MDM2,-0.5015761199189871,9.464135032086373,-0.4889137850646516,0.2390366892262443,4.145404938025212e-05,0.11365553309267105,0.00019993038737847654
11811,11811,MDM4,0.03349492702268645,6.833991070525066,0.040761343731081215,0.0016614871427633533,0.7491224432196666,0.10427341840981474,0.8368453189539273
11812,11812,MDN1,-0.3480911776510773,8.529673641329612,-0.31359415473510105,0.0983412938840225,0.011625622529761721,0.13385984035411666,0.029832072032467124
11813,11813,MDS2,-0.4174466244570084,8.666832510084582,-0.3349905490793853,0.11221866797250804,0.006814720037753765,0.14911645088023925,0.018677732238647993
11814,11814,ME1,-0.1527345743961973,7.999174784842357,-0.6082505115905364,0.3699686848501493,9.755371926530425e-08,0.025312794860039883,9.780211993935941e-07
11815,11815,ME2,0.2445976543659592,4.773440828431287,0.44765643603761146,0.20039628472589613,0.0002081175136411439,0.06205103245872636,0.0008328931358157403
11816,11816,ME3,-0.2976157362292873,8.878389481692844,-0.4657487717877774,0.2169219184218231,0.00010519276737926716,0.07181428841578523,0.0004552256949636352
11817,11817,MEA1,-0.4734144394389381,11.407205606013262,-0.5988726258312472,0.35864842197001306,1.7188274828114455e-07,0.08040059763610423,1.5825344022228679e-06
11818,11818,MEAF6,-0.3829500016544131,9.372936159589845,-0.308948097112837,0.09544892670964296,0.012992811539618374,0.1497191155817119,0.03283455874552876
11819,11819,MECOM,-0.16522351846431216,7.982140560907736,-0.16735270036560207,0.028006926319658988,0.18624206250553266,0.12361605572080148,0.3044517146189559
11820,11820,MECP2,0.5711822408446746,3.596266575300449,0.4979955894760514,0.24799960713759994,2.824243435468133e-05,0.12631717037272816,0.00014209802879893685
11821,11821,MECR,-0.22370664966351386,8.624946497321798,-0.4610767992702155,0.2125918148252666,0.00012592033875653166,0.05467763754158369,0.0005332039373822239
11822,11822,MED1,-0.2988886109001835,9.06797510223165,-0.541629289035655,0.2933622867412691,3.8046969916410578e-06,0.05891281660982741,2.3916027098399743e-05
11823,11823,MED10,-0.26931819795717804,9.052667912370213,-0.4304111655987413,0.18525377147206706,0.00038529350752012216,0.07172945075618313,0.001445267781976138
11824,11824,MED11,0.02412014593916152,6.823221000650972,0.01971572917882569,0.00038870997705279885,0.8771113086318287,0.1553412583282178,0.9242297400818574
11825,11825,MED12,-0.3515695586964649,9.2113110381934,-0.23967572783028296,0.05744445451097587,0.05645329210840558,0.18086096372525468,0.1158838065455007
11826,11826,MED12L,-0.15075464688756393,7.563684256603572,-0.09583263501276748,0.009183893933490304,0.4512774556115359,0.19886482032634495,0.590650425022578
11827,11827,MED13,0.5448236203224952,3.3101594819052225,0.4836031063305518,0.23387196445255898,5.162556355555308e-05,0.12523383462340354,0.00024213809373954993
11828,11828,MED13L,0.2660519231779745,5.417253473194616,0.27723413904039296,0.07685876784946792,0.026566408648557374,0.11710027730404755,0.06113661841493198
11829,11829,MED14,-0.3355348174162454,8.868036947721631,-0.21015595677442486,0.04416552616777393,0.09555764870576053,0.1982400452344069,0.17914473921939608
11830,11830,MED14OS,0.25229769914729466,5.6886576657810295,0.3347699219055933,0.11207090061267704,0.006853652230118822,0.09019036794738232,0.018767809691859268
11831,11831,MED15,-0.2497683683456843,8.839200532578355,-0.3277348074953573,0.10741010404401892,0.008201703760905123,0.09144185056130466,0.02199306424528044
11832,11832,MED15P9,0.03369485051629377,6.866165203740307,0.035048561072233614,0.0012284016332340894,0.7833571705735147,0.12201987862863285,0.8603696140121254
11833,11833,MED16,-0.29139955456513744,9.076146792885265,-0.2838465809260645,0.08056888150341686,0.02302691119512312,0.12501697056400188,0.05415963526994582
11834,11834,MED17,-0.2881742644387549,8.765259791032651,-0.3538889271232814,0.12523737274046715,0.0041206154089832095,0.09672472074418596,0.011962987891343532
11835,11835,MED19,-0.2829559732928453,9.303216973977463,-0.3219503172074909,0.10365200675000404,0.009478045480705707,0.1056750567314468,0.02497530723834048
11836,11836,MED20,-0.3864221688039278,9.621837230787364,-0.4524795311311539,0.20473772609266888,0.00017414978742883702,0.0967213704600446,0.0007096751311199596
11837,11837,MED22,-0.08436144964602434,7.514476752359743,-0.10024585509292444,0.010049231463311605,0.4306095644357253,0.10633801840928643,0.5716342057935232
11838,11838,MED23,-0.07290391484596863,7.486711785402621,-0.08791820069877028,0.007729610014109248,0.4896769548868773,0.10490380231634792,0.6262301103215807
11839,11839,MED24,0.06664477909265487,6.763729431364129,0.05474190541867648,0.002996676208867321,0.6674675080826795,0.1543827174441714,0.7743495600305597
11840,11840,MED25,-0.22296844568425225,8.183189980593543,-0.16965682394729978,0.028783437911885076,0.18016627922787626,0.16448801852394349,0.29689527255761816
11841,11841,MED26,-0.3892747007055618,9.363790979747458,-0.2993916777845097,0.08963537672662368,0.01624621652157171,0.15755358768125258,0.03993777032292376
11842,11842,MED27,-0.3414837010132153,9.165466573988317,-0.4461347045749244,0.1990361746261551,0.00022003253583037456,0.08699906354120575,0.0008745970197148974
11843,11843,MED28,-0.3002133796903734,8.863319697741913,-0.2511599616218073,0.06308132632186769,0.045296251865560716,0.14693820776138658,0.09647785326534054
11844,11844,MED29,-0.06057903758643768,7.41257089755077,-0.1001439941044414,0.010028819555190395,0.4310804712180477,0.07643862952902912,0.5720355171411743
11845,11845,MED30,-0.30742373299587383,8.799743109026899,-0.34492097370199404,0.11897047809953168,0.005251379543004606,0.10624712186097117,0.014839961373321773
11846,11846,MED31,-0.37967412580495297,9.081516403535565,-0.32299291713190986,0.1043244245173808,0.009235984030449448,0.14128547751519605,0.024402786015054023
11847,11847,MED4,-0.12001206891461713,7.7704716071043265,-0.16478290180617902,0.027153404727664827,0.19319110565980366,0.09123030213513933,0.3136332103653233
11848,11848,MED6,-0.3894801715104105,9.450460554580095,-0.4834340432055845,0.23370847413009896,5.198437412617353e-05,0.08956726012798383,0.0002436626886801489
11849,11849,MED7,-0.08103883405455323,7.5653497460200025,-0.08233125662107693,0.006778435816805624,0.5177821058144347,0.12458210515705165,0.6511365564118226
11850,11850,MED8,0.12775369814425466,6.095830934540832,0.14447705287785373,0.020873618808270145,0.2546930118226522,0.11112151094370387,0.3878878381756476
11851,11851,MED9,0.25691903374044184,5.4008269994669735,0.2845530674206291,0.08097044817848909,0.022673546400288562,0.10992637381007464,0.05345042970806105
11852,11852,MEDAG,0.24758546136804535,5.9332012475036215,0.20849767385765725,0.043471280004054015,0.09826328483906796,0.14749492825763802,0.18338992185005334
11853,11853,MEF2A,0.4002817657058632,4.670964076052755,0.3902871117607745,0.1523240296065673,0.001431499265495522,0.1199225040133514,0.004661521292376771
11854,11854,MEF2BNB,0.09808009388441533,6.387789139792197,0.08279693701078589,0.006855332778368046,0.515408803030392,0.14992602091370955,0.6490188771078177
11855,11855,MEF2C,0.18258552568103065,5.851989690949497,0.6740874613826305,0.4543939055932794,1.0250008701891615e-09,0.02540936775320741,2.1803923225880446e-08
11856,11856,MEF2C-AS1,0.1636245660159548,6.365044103887099,0.14477404966359647,0.020959525455997496,0.25370735019094265,0.142024171114899,0.3866042268935939
11857,11857,MEF2D,0.5980782519969988,3.253178492656564,0.6084815893976169,0.37024984463585,9.617935146924367e-08,0.09906012343828716,9.664797475946505e-07
11858,11858,MEFV,-0.10077575960297093,7.460552917198273,-0.11268583023039155,0.012698096334712626,0.3753226346979456,0.11285372902326975,0.5181941708458112
11859,11859,MEG3,0.5060006150013098,4.903977343446237,0.2917426407037802,0.08511376840481501,0.019331492620512727,0.2106875321806345,0.04651371918857812
11860,11860,MEG9,0.011213095199281277,6.973120452427782,0.009903139603375,9.807217400393434e-05,0.9380941161558972,0.1437922456051245,0.963545419786366
11861,11861,MEGF10,0.2967435192942311,5.931470536030504,0.1477305585461698,0.0218243179283633,0.2440366133114476,0.25230362441861137,0.37575461186429165
11862,11862,MEGF11,0.21353747011190732,6.144591203308573,0.1573521849173393,0.02475971009826054,0.2143251918830742,0.17020067891449922,0.3396196663144485
11863,11863,MEGF6,-0.4115681603620899,9.022894203308423,-0.5274248025049315,0.278176922297366,7.534261235879549e-06,0.08419780260074047,4.378809099918723e-05
11864,11864,MEGF8,0.3078696029141705,5.279478063090232,0.2830349990469513,0.08010881068550771,0.02343858942849345,0.13249486724159176,0.055018383462425845
11865,11865,MEGF9,0.029510820887920727,6.839879910430062,0.033697557270247216,0.001135525365981591,0.7915161672326503,0.11115789375831342,0.86575828878791
11866,11866,MEI1,0.3669483042938717,5.050940166315946,0.41863897299920055,0.17525858971382538,0.0005759670693366665,0.1010946759639661,0.002070080484982331
11867,11867,MEIG1,0.20519978128191715,6.213161004869313,0.1459896972168356,0.021312991693463342,0.24969992833197524,0.17659595536928502,0.38194653988479654
11868,11868,MEIS1,0.19675262679708055,6.132418438116188,0.7574027269078076,0.5736588907273831,4.387636169510669e-13,0.021541524515087816,5.5160893627546903e-11
11869,11869,MEIS2,0.03328031269057335,6.842496629515729,0.12642206792757005,0.015982539259083134,0.3195202451530442,0.033164241257049025,0.4604519138077576
11870,11870,MEIS3,0.20052390912682255,5.842696799913174,0.20974120360145412,0.04399137248818665,0.09622883488307736,0.1187182449246556,0.18013791661419779
11871,11871,MEIS3P1,0.09570755895817117,6.309395857547461,0.30914178715854673,0.0955686445675802,0.012933159809391873,0.03739215426307787,0.0327067120953382
11872,11872,MELK,-0.16036934967294553,8.224840868245284,-0.6504363207216909,0.4230674073139704,5.981990063433298e-09,0.02378391126763281,9.427947221517327e-08
11873,11873,MEN1,-0.188364656869166,8.44037316500244,-0.28070418221340104,0.07879483791209425,0.024655709657366177,0.08179615180756224,0.0573798380043272
11874,11874,MEOX1,0.1497840287048731,6.412885414950253,0.25230673665409514,0.06365868936103891,0.04428951988368909,0.07295547822160799,0.09463143098976687
11875,11875,MEOX2,0.6213659355939215,5.160412731884853,0.41171777865447706,0.16951152926017693,0.0007246632893507089,0.17467018447593352,0.0025425443180313676
11876,11876,MEP1A,0.12158306179621127,5.790914646381077,0.7420581567130391,0.5506503079443531,2.2818989940759364e-12,0.013948628643929891,1.87176222411797e-10
11877,11877,MEP1B,0.08455891490762589,6.640396783056271,0.4716006268154593,0.22240715121273413,8.366537156992532e-05,0.020080074133721683,0.00037149346347072645
11878,11878,MEPCE,-0.3668587790748911,10.04040978328514,-0.5154572613329648,0.2656961882608803,1.3086987713994635e-05,0.0774547935946413,7.136709114745752e-05
11879,11879,MEPE,0.1723521508310102,6.166742430245908,0.21844641360493544,0.047718835616858524,0.0828934163316673,0.09778191555874544,0.15931986603907475
11880,11880,MERTK,0.2862920331045405,5.4921344667557666,0.3938195395666531,0.15509382974449065,0.001283502755561513,0.08486339437368673,0.004231123789265423
11881,11881,MESDC1,-0.3498674748139528,9.449156086785669,-0.4291873198601028,0.18420175552869825,0.00040201292981998483,0.09350874461235803,0.001500963792284788
11882,11882,MESDC2,-0.6065333119746873,11.657417718886185,-0.4801237069061837,0.23051877393333498,5.949140777011848e-05,0.14073582944705262,0.00027503980257513144
11883,11883,MESP1,0.31413978772451,5.116655414493739,0.3157031485110623,0.09966847797979786,0.011047289432129242,0.1199083469657447,0.02852379309082613
11884,11884,MESP2,0.29173166844103804,5.4349629386103775,0.2745436141626587,0.07537419607749482,0.028132424133142254,0.1297655432323881,0.06418793010253877
11885,11885,MEST,-0.20590471973426253,9.049599637973524,-0.5461136303123206,0.29824009721290196,3.0465402097436268e-06,0.0401126833906047,1.9599770719547902e-05
11886,11886,MET,-0.15563926283719978,8.181892304615154,-0.679069983744377,0.4611360428225884,6.923482496553264e-10,0.02136723636597853,1.5899047026814523e-08
11887,11887,METAP1,-0.22504294642044012,9.050330617699519,-0.3002408857023574,0.09014458944733604,0.01593128052019862,0.09080001472956868,0.03924375835114334
11888,11888,METAP1D,-0.7760698282822477,10.179366249670716,-0.6598665362357371,0.4354238456437492,3.0166901156266303e-09,0.1122302979039072,5.328419612878848e-08
11889,11889,METAP2,-0.3385285357783077,9.485932848035173,-0.6235604498783139,0.3888276346524454,3.716143223442228e-08,0.053901733298180717,4.273663383093014e-07
11890,11890,METRN,-0.18976106249070326,8.222523470312147,-0.3033911016893777,0.0920461605842943,0.014808313140064625,0.07569031355104433,0.03683791166549104
11891,11891,METRNL,0.30370711116332755,4.692018914619583,0.5723782228216738,0.3276168299604977,7.752614996417522e-07,0.05525663468761532,5.9113689347683606e-06
11892,11892,METTL1,-0.2261912003736844,8.546670405643365,-0.610455056252109,0.3726553757037656,8.5163972083962e-08,0.03727170463283698,8.699178374897156e-07
11893,11893,METTL10,-0.2099975919021876,8.143510712652171,-0.2403912206396308,0.05778793896061165,0.055698499326919546,0.10768970735426203,0.11466403678338652
11894,11894,METTL13,-0.5135648499783165,10.962074247092636,-0.7059907740551887,0.4984229730510446,7.228923811781384e-11,0.06542884284604855,2.54127183675529e-09
11895,11895,METTL14,-0.257873907247145,8.448252953485202,-0.2465040337809197,0.060764238670264814,0.049578727650285814,0.1287581818161235,0.10390050296303922
11896,11896,METTL15,-1.0450455849512037,11.508455371996455,-0.4161244574201654,0.17315956406322705,0.0006264402422831608,0.290019367998697,0.0022370652121770857
11897,11897,METTL17,-0.13991455673323436,8.032771999367853,-0.16580157082454922,0.02749016088788801,0.19041460488344386,0.10568793618134872,0.3101637945968598
11898,11898,METTL18,0.031437172977510565,6.816673542890303,0.0532228298951446,0.0028326696220474967,0.6761759281832773,0.07490894802562778,0.781515528821456
11899,11899,METTL20,0.5635263256856348,4.9825806169519975,0.2591887299133752,0.06717879771410852,0.038627852178932914,0.2666867601681696,0.08429770623146148
11900,11900,METTL21A,-0.15045359887870915,7.799977771996769,-0.2866135341742631,0.08214731797186149,0.021669102156940092,0.06386994352457122,0.051311580886663495
11901,11901,METTL21B,-0.2580633058680006,8.617880069386974,-0.4534076757714618,0.20557852044847896,0.0001682281388777081,0.06442686996810981,0.0006891752454401758
11902,11902,METTL21C,-0.13651484626719482,7.431889965609032,-0.10528480708851322,0.011084890603665444,0.40768036370671146,0.16375623326768132,0.5495716058309783
11903,11903,METTL21EP,-0.2674594461780317,7.908477316934652,-0.1934897981160026,0.03743830197497144,0.1255404243595573,0.17223377199918732,0.22285251983820095
11904,11904,METTL22,-0.6337515850729996,10.391892276253994,-0.6995443532449149,0.4893623021568464,1.2701506235335268e-10,0.08221752427952125,4.044869375385077e-09
11905,11905,METTL23,-0.38265511301139693,10.340551838339207,-0.4945537384519884,0.2445834002168377,3.270553498182295e-05,0.08540660307788958,0.00016193213035310756
11906,11906,METTL25,-0.03098985761003337,7.2337966788226735,-0.045354861860279726,0.0020570634943650567,0.7219372847662257,0.08668675415009419,0.8171842507768865
11907,11907,METTL2B,-0.0829835915533594,7.415380975561439,-0.1043428750082892,0.01088743556499546,0.4119117043466174,0.1004515038652018,0.5533466474954094
11908,11908,METTL3,-0.31661598789731704,8.828147475955626,-0.4284317092210209,0.18355372946604534,0.0004126629632292089,0.08480455797520894,0.001537281346762174
11909,11909,METTL4,-0.2149372141098178,8.081303711056227,-0.4051948487228592,0.16418286543154076,0.0008957916081993914,0.06158961514288099,0.0030795947413173237
11910,11910,METTL5,-0.4197664021652555,10.037237251282702,-0.6730350529582564,0.452976182510523,1.1124936519790589e-09,0.05858376304386191,2.3389368964666524e-08
11911,11911,METTL6,-0.7804452338455915,10.266834198906928,-0.491684265100116,0.2417534165470412,3.6916758239966965e-05,0.17553572156890287,0.00018005234227173078
11912,11912,METTL7A,0.33956149433412314,4.793739837082553,0.6076296556326284,0.3692137984042266,1.0133872635062617e-07,0.0563669741608652,1.0084972973909972e-06
11913,11913,METTL7B,0.2239941951624993,5.1209153560040095,0.5081374171880989,0.2582036347465921,1.815969907816976e-05,0.0482172118352414,9.540230071270405e-05
11914,11914,METTL8,-0.3135247356448326,8.727358355064288,-0.6052237198401711,0.36629575105717377,1.1735607919635556e-07,0.05237250351970734,1.1452662888675438e-06
11915,11915,METTL9,-0.280847403881285,8.9583314635375,-0.3341082410457031,0.11162831673465363,0.006971584780746503,0.10062009764317804,0.019054609166611832
11916,11916,MEX3A,-0.009224413135255356,7.069180642759059,-0.00848772166874166,7.204141912602671e-05,0.9469282833065402,0.13801812622031706,0.9684849560762825
11917,11917,MEX3B,0.16488203077222496,6.3544086387708845,0.1270796204674502,0.016149229938151186,0.3169892155373785,0.1634429487057717,0.45768778920268915
11918,11918,MEX3C,-0.4547246867215837,9.23213772469742,-0.3389303995215735,0.11487381571985344,0.006151395068486088,0.16030414731260306,0.01704959173276158
11919,11919,MEX3D,-0.4102501280985654,9.199903900711151,-0.5589936765021998,0.31247393036944604,1.580137288220449e-06,0.0772841741980549,1.091827472125521e-05
11920,11920,MFAP1,-0.3029470773173608,9.598647621734454,-0.3948278514912579,0.15588903231320286,0.0012438641755562222,0.08952883087926658,0.004116118386563263
11921,11921,MFAP2,-0.19488945028619425,8.192814960937183,-0.3773718660297144,0.14240952527074868,0.002112119897417301,0.06073834315027717,0.006584790725391831
11922,11922,MFAP3,0.07912273503722338,6.495344654021612,0.12450440968496408,0.015501348031001375,0.3269750663273533,0.08008077652929503,0.46851353545416763
11923,11923,MFAP4,0.15801013490089227,6.008418708910932,0.7284369080199038,0.5306203289655977,8.975098327489761e-12,0.018873797667266882,4.984759770498966e-10
11924,11924,MFAP5,0.09567549462506283,6.546791459503063,0.6124930336136312,0.3751477162252288,7.504522055074015e-08,0.015681673183679964,7.809246761298788e-07
11925,11925,MFF,-0.3741161017263782,10.190612399876779,-0.4520041338567564,0.20430773702359653,0.00017725634861530357,0.0937649910440931,0.0007207071403049942
11926,11926,MFGE8,0.031002769618361407,6.8325333243717346,0.03434501320854883,0.0011795799322953935,0.7876032049862531,0.11457362840158684,0.8634845789781952
11927,11927,MFHAS1,-0.1881388188675883,8.62635176050952,-0.25453242739146603,0.0647867565937919,0.042388184007537404,0.09078096046832748,0.09119882013742896
11928,11928,MFI2,-0.3482877663839631,8.941034149250168,-0.5602753922522051,0.3139085151633623,1.4779667939553837e-06,0.06539308732831772,1.0337652106945683e-05
11929,11929,MFI2-AS1,-0.3370013643525572,8.604709055893979,-0.2403495984667641,0.057767929483134764,0.055742181846038436,0.1728507843166962,0.11474305588174548
11930,11930,MFN1,-0.136963453892304,8.026782371031898,-0.26239697043254445,0.0688521700921776,0.03620131271538949,0.06396749676560959,0.07962009210357093
11931,11931,MFN2,0.3447546682903892,4.745481227853754,0.4469756009150344,0.1997871878133561,0.0002133733596974613,0.08762605185733846,0.0008504088692320844
11932,11932,MFNG,0.3353754896484879,5.220921509278532,0.4507397412379077,0.203166314331216,0.00018576771154659588,0.08435162754898906,0.0007523470719172496
11933,11933,MFSD1,0.44953202012806937,2.675335412342841,0.6727649658780122,0.4526126993128429,1.1360664352419418e-09,0.06278397066173398,2.3723740265346432e-08
11934,11934,MFSD10,-0.2984215975413965,9.040157149032797,-0.5698145868707158,0.32468866341064456,8.907140212484823e-07,0.05465789017794183,6.662663948233467e-06
11935,11935,MFSD11,0.568109436667871,2.906813259682905,0.6596051249899094,0.43507892091295397,3.075489187684128e-09,0.08221404703776418,5.419016953563856e-08
11936,11936,MFSD12,-0.4197507941180615,9.653000916799172,-0.5620451125600261,0.3158947085526124,1.3470425609098707e-06,0.07844874150089462,9.542102275598053e-06
11937,11937,MFSD2A,-0.34938091621631595,8.881434999032816,-0.414313871613323,0.1716559842112211,0.0006652335260113456,0.09747185473318944,0.0023588721149133273
11938,11938,MFSD3,-0.19091649124327095,8.159633483969587,-0.4325099655297785,0.18706487028257016,0.000358089845755768,0.05054514263542033,0.001352360587694656
11939,11939,MFSD4,0.12463772586566225,6.144372033697168,0.6338729328651516,0.40179489501906895,1.8825853119243087e-08,0.019314190992980197,2.426924186797178e-07
11940,11940,MFSD5,0.15477726865458735,5.7914118400464645,0.16135661068906046,0.02603595581306101,0.20274251484887748,0.12022534525792793,0.32572068840807494
11941,11941,MFSD6,0.10862733385354002,6.158035726571788,0.17914018014618302,0.0320912041428069,0.1566695092565324,0.0757648010664411,0.2658708568637878
11942,11942,MFSD6L,0.2748875388195561,5.716011526351782,0.2636153670465945,0.06949306174311072,0.03531362758580525,0.12774628900102195,0.0780801108199523
11943,11943,MFSD7,0.4682391327517202,4.724922342042743,0.4222510751115751,0.17829597043288106,0.0005099108138972493,0.1276611658698924,0.0018536375146793577
11944,11944,MFSD8,0.07733004698776054,6.56107054665436,0.11511284646359025,0.013250967420950095,0.36505841024335617,0.08474849427667998,0.508083472006973
11945,11945,MFSD9,0.09646532445273813,6.4626851351879,0.1126771446382996,0.012696138923840288,0.3753596768637806,0.10803512266104846,0.5181941708458112
11946,11946,MGA,-0.17112027556466208,7.8675568965217675,-0.20336932237947614,0.041359081285087286,0.10700942398166513,0.10462805833887663,0.19636378919777633
11947,11947,MGAM,0.3072274675308871,5.8326707137911615,0.2775801771940791,0.07705075477109638,0.0263704342516426,0.1350406927149332,0.0607631148882018
11948,11948,MGARP,-0.4734574215654189,8.609684306878833,-0.2869844525531359,0.08236007600722313,0.02149235858398813,0.2007071594934379,0.05098784236812696
11949,11949,MGAT1,0.3279172485562841,4.425989680168879,0.3273740417363176,0.1071737632027722,0.008276675104863651,0.12020088033215262,0.02217112807964156
11950,11950,MGAT2,0.6211548246327704,2.015095880338654,0.6188283188352909,0.3829484881925124,5.0355799037067316e-08,0.10013699365838807,5.574922434292908e-07
11951,11951,MGAT3,0.3083373418082592,5.377745705409553,0.3343948036653313,0.11181988471837548,0.006920293725323837,0.1103624370517586,0.01892787916521356
11952,11952,MGAT4A,0.2800786085787273,5.227414168734477,0.8318722254560649,0.6920113994852262,1.6808900532169412e-17,0.02372983903627289,2.7999749309548355e-14
11953,11953,MGAT4B,0.3870556411197065,3.198911065094043,0.581900031541728,0.33860764670826404,4.5812466194155886e-07,0.06870032011614363,3.7197936086780868e-06
11954,11954,MGAT4C,0.14824027985769206,6.574212328565742,0.05754329070965144,0.003311230305695456,0.6515227098384698,0.3266295478751657,0.76134033163826
11955,11955,MGAT5,-0.2855986911268448,8.891705537657113,-0.2528593187346583,0.0639378350709555,0.043811036359844235,0.13878219445102588,0.09373856262942663
11956,11956,MGAT5B,0.22084193483686704,5.893035085024786,0.2155844595709767,0.04647665920851008,0.08710595085651153,0.1270380770720231,0.1661042062167803
11957,11957,MGC10814,0.2402483997687687,5.711108357455336,0.29304934554801404,0.08587791892611933,0.018771544422360974,0.09954650178912608,0.04534781285879372
11958,11958,MGC12488,0.17948732345754098,6.3390671996301755,0.2166287175842626,0.04692800128220221,0.08554978971257747,0.10272703727581806,0.16361387942849323
11959,11959,MGC12916,0.13173488396843086,6.448179181435895,0.1226563889839535,0.015044589758582909,0.33426256239104035,0.13537019629575814,0.4764336068306443
11960,11960,MGC15705,-0.008416341568255879,7.04717722613045,-0.0087799219426273,7.708702931862834e-05,0.9451039924642042,0.12173630426110645,0.9673257781815148
11961,11961,MGC15885,-0.29312453427031915,8.25412016216014,-0.23868268669374945,0.05696942492734655,0.057514620092076335,0.1514601192341712,0.11770901598090096
11962,11962,MGC16025,0.04150614425398917,6.876586914638139,0.028877060143687874,0.0008338846025421668,0.8208043676876401,0.18246619583184268,0.8872400327129447
11963,11963,MGC16142,-0.30975904638573865,8.113169110906988,-0.29805640494145913,0.08883762052662708,0.016752203897993513,0.1259875368052828,0.04104650095169151
11964,11964,MGC16275,-0.28441228634206017,8.428909851259531,-0.4010143696011211,0.16081252462658455,0.0010238745830545757,0.08251294169334504,0.003469254278836933
11965,11965,MGC20647,-0.2510859250753797,8.017460836508256,-0.29663210168580423,0.0879906037505373,0.01730674467299705,0.1026616006593147,0.0422141874176336
11966,11966,MGC24103,0.21344424673239112,6.282928286020992,0.20378082517925208,0.041526624710736884,0.10628615682760546,0.13023128284197746,0.19530137684359747
11967,11967,MGC27382,-0.17455021070954727,7.529572391533586,-0.10639666217824637,0.01132024972267188,0.4027183671708136,0.20716879909621674,0.5448743734540975
11968,11968,MGC2889,-0.014329906951694778,7.063394940762056,-0.013255911438348946,0.00017571918806135042,0.9171997313328346,0.1372776295714737,0.9498331108991696
11969,11969,MGC32805,-0.18437658903121315,7.8485258666530475,-0.5547228886871409,0.3077174832334061,1.970405861386647e-06,0.03512169988789119,1.327189391238813e-05
11970,11970,MGC34796,-0.03724901156843236,7.201140669397486,-0.03354181681965582,0.001125053475563346,0.7924581687308019,0.14095740164997878,0.8663510522953107
11971,11971,MGC34800,-0.110551510629815,7.458738697029631,-0.10850165455281308,0.011772609040697985,0.39342150077370974,0.12863552382444407,0.5359181582422207
11972,11972,MGC39545,-0.2562023326778943,7.753656627430848,-0.11654415276350727,0.01358253954336372,0.3590861908463261,0.2772854754721156,0.5015810786800743
11973,11973,MGC39584,0.06048520655108025,6.808109962705316,0.0668316986378004,0.0044664759428137725,0.5997895115852103,0.11468292690560357,0.7192175956584274
11974,11974,MGC40069,0.33011507647019706,5.9326789842355705,0.23979679357351974,0.05750250220814125,0.0563249959805353,0.1697329837135348,0.11572275028069183
11975,11975,MGC4294,0.04768925149283733,6.821872218380222,0.0603743762925058,0.003645065312709086,0.6355653212340524,0.10013341828892074,0.7486046501989887
11976,11976,MGC45800,-0.16587405483225912,7.747456940649187,-0.1356491166870248,0.018400682857970075,0.28518053273961075,0.15386249485911904,0.4231591363900418
11977,11977,MGC45922,0.11133756664225088,6.335429573132559,0.1792089597604503,0.03211585125842269,0.15650780860829944,0.07762432742966194,0.26567191309968835
11978,11978,MGC4859,-0.378710469175834,8.118999801242564,-0.21869189081159365,0.04782614310674999,0.08253973019427682,0.21460355570324074,0.1587810124684254
11979,11979,MGC50722,0.08394805408243122,6.612093608950433,0.11287255708898887,0.012740214143807056,0.3745268180534467,0.09385170104715387,0.5173424918637104
11980,11980,MGC57346,-0.0828611184122705,7.3208364086251345,-0.07490881965702463,0.005611331262408638,0.5563397287693828,0.14008772277705164,0.6843247274354436
11981,11981,MGC70870,-0.1035946950440169,7.534427563375852,-0.14202983073879358,0.020172472819690358,0.2629136624987786,0.09169315582879732,0.39791692489593594
11982,11982,MGEA5,0.14073195409414413,6.0836289569473445,0.202119175234946,0.04085216099765482,0.1092300583117584,0.08660283958726417,0.19942474603668564
11983,11983,MGLL,0.2322396156065836,4.758679838192814,0.37206370415497,0.13843139994951706,0.002467194239308883,0.07358140651105327,0.007577236030667119
11984,11984,MGME1,-0.23980358193942386,9.010547501665323,-0.494282493804909,0.2443151836819999,3.3083678511393766e-05,0.053561772441087015,0.0001635535311031136
11985,11985,MGMT,-0.07775763170453348,7.591801343469488,-0.218429775706618,0.04771156691524345,0.08291743167584183,0.04411838382498864,0.15935187992015926
11986,11986,MGP,0.2618024313523993,5.7401959391208255,0.5233071212141421,0.2738503431134329,9.132207126208361e-06,0.054141994986346025,5.190497252442049e-05
11987,11987,MGRN1,-0.09154968872545773,7.702533373780872,-0.10254444850820654,0.010515363919852224,0.4200607856761923,0.11278553425879932,0.5610223457393576
11988,11988,MGST1,-0.010238247601083559,7.103103264981346,-0.01025904612119848,0.0001052480273168776,0.9358738940006291,0.12673598535403013,0.9623147756212548
11989,11989,MGST2,-0.30845285405336664,10.08359214978734,-0.31832709906682344,0.10133214200029922,0.010362682242754656,0.1166591858469065,0.027026843787408415
11990,11990,MGST3,0.8714096332441461,0.2693605601160263,0.5704978473604049,0.32546779384285585,8.584590458774314e-07,0.15932130204630204,6.459322667990193e-06
11991,11991,MIA,-0.08479504115074954,7.531461041193082,-0.13636598019949595,0.01859568055576932,0.2826186674842198,0.0782334629719633,0.4204814321106685
11992,11992,MIA2,-0.17375453585116776,7.6125273331027135,-0.17557699127809462,0.03082727986626812,0.1652165535113352,0.12372951026483175,0.2774105967502492
11993,11993,MIA3,0.09891881082494412,6.268829724192632,0.15493112464783845,0.024003653384644046,0.22154974981307948,0.08010663050633034,0.34843923539852106
11994,11994,MIAT,0.4122178671601773,5.13024774730921,0.3002515530247739,0.0901509950937886,0.015927357994350452,0.16631459667304102,0.0392385594274925
11995,11995,MIATNB,-0.07325709227202115,7.374319503275328,-0.07937678697314021,0.0063006743101792825,0.5329667441558086,0.11683899533272472,0.664405591611501
11996,11996,MIB1,-0.15964843874081164,8.087728876271564,-0.32534801209692565,0.10585132897542128,0.008708918943451457,0.058928520999807776,0.023179896720801535
11997,11997,MIB2,0.2740247072429452,5.630320766794753,0.21729125793755194,0.04721549077608373,0.08457388890558194,0.1563323899797867,0.16201765430381962
11998,11998,MICA,-0.1552774077256759,7.915650191472746,-0.3449288520004971,0.11897591294238084,0.005250276757937215,0.05366322827711873,0.014838781413877627
11999,11999,MICAL1,-0.04138781036685951,7.302697251832114,-0.0736908008700659,0.005430334132871704,0.5627949813012153,0.07113460658445832,0.6900022597662185
12000,12000,MICAL2,0.422801297310136,3.8583565776829087,0.6786100455146559,0.4605115938734033,7.181130769888618e-10,0.0581180775569523,1.638644750494605e-08
12001,12001,MICAL3,0.44211852132078455,4.6122097685471495,0.4052500746532125,0.16422762300643431,0.0008942011687358631,0.12666708236783664,0.0030751034316301596
12002,12002,MICALCL,0.2615771979061566,5.7624690133276415,0.507281147676241,0.25733416278772425,1.8859852917461373e-05,0.056435456072047134,9.869746614974047e-05
12003,12003,MICALL1,-0.3024930305678023,9.133944641103751,-0.4530884062370203,0.20528910386640312,0.00017024393702745125,0.07558596508729802,0.0006959517869219651
12004,12004,MICALL2,-0.18537079928462336,8.012915778700078,-0.13417320437194946,0.01800244877143692,0.2905031202826286,0.1738740973121906,0.42903396451106096
12005,12005,MICB,-0.0937037770438916,7.568139461534098,-0.35308153423710104,0.12466656981922515,0.004212752554455748,0.031533560088981664,0.012194513643462
12006,12006,MICU1,-0.08248946749524727,7.722298935138683,-0.0965927001326667,0.009330149718919269,0.4476794047657361,0.10795004355588614,0.5874384966492162
12007,12007,MICU2,0.2265069810813912,4.835080210240252,0.30029008844081195,0.09017413721579066,0.015913194875567374,0.09137426322709848,0.03921258932981469
12008,12008,MICU3,0.4799448575028933,5.609098258565834,0.3830203803150334,0.14670461173667282,0.0017851347425416793,0.14700202386339467,0.005660725267204579
12009,12009,MID1,0.08083992883209958,6.453440844729665,0.10966839612174144,0.012027157107915193,0.3883235924296377,0.09305100952257503,0.5310481461360155
12010,12010,MID1IP1,-0.2835647582256547,8.945794286594452,-0.6606287457810033,0.4364303397521815,2.8512774492840013e-09,0.04092349773060827,5.065169250553326e-08
12011,12011,MID2,-0.3010853229866185,8.560286902923922,-0.3945301175762654,0.1556540136747418,0.001255452335307656,0.08905817688820776,0.004147493565383263
12012,12012,MIDN,0.1789939255237526,6.131142617085506,0.16898655476456484,0.028556455691197268,0.18191870928967852,0.13258643071965254,0.299099211150793
12013,12013,MIEF1,0.14633664272679264,5.9051646218035,0.11706021914707347,0.013703094906760869,0.3569476500888127,0.1576709719426635,0.4997083590690167
12014,12014,MIEF2,0.3518183868849119,5.376412403860162,0.3212020998482086,0.10317078894689856,0.009655143977141564,0.1317343961868279,0.025383287947675193
12015,12015,MIEN1,0.4713817868829618,2.463512571394378,0.4645241112367866,0.21578264992032645,0.00011029857107976568,0.1141266096104408,0.00047447666999052957
12016,12016,MIER1,0.4122921834691894,4.484519235268165,0.6003734773491295,0.3604483123042857,1.5717843967231293e-07,0.06974700814407013,1.469011269358626e-06
12017,12017,MIER2,-0.5720072852639072,9.925873063147456,-0.38264529397973496,0.1464174210048378,0.0018053506146880336,0.17540101830181168,0.005720642019471666
12018,12018,MIER3,0.23467557054409435,5.5218154166015605,0.7679518482901109,0.5897500412921974,1.3138971970229498e-13,0.024857778891337657,2.245209589336903e-11
12019,12019,MIF,-0.20465552608576407,9.404906973146593,-0.7034265022309489,0.4948088440408672,9.061968053786795e-11,0.026262542846917803,3.097065422701597e-09
12020,12020,MIF4GD,-0.3369953176920105,9.60922781680596,-0.5838301279663454,0.3408576183211992,4.1094510562852893e-07,0.05951564407128757,3.365739887437895e-06
12021,12021,MIIP,-0.4415196458788948,10.004051450876599,-0.5182637366457589,0.2685973007220245,1.1519057702927354e-05,0.09252980468149936,6.392752295153559e-05
12022,12022,MILR1,0.35320216866237003,5.6289719187929474,0.3959866003975474,0.15680538769440688,0.0011996757453423348,0.10401858410668456,0.0039882166528341775
12023,12023,MINA,-0.38167149347901,9.497500131805877,-0.6663662607824574,0.4440439935091941,1.855263081112276e-09,0.05423767856711846,3.527280247716096e-08
12024,12024,MINK1,0.09352048646217644,6.342640191774316,0.11029237826968286,0.012164408704382809,0.3856133802119118,0.10703054715049597,0.5285768925489904
12025,12025,MINOS1,0.435438562673125,3.3413480419471715,0.43177684301790537,0.1864312421665089,0.0003673864777808246,0.11552309822303533,0.0013838500915539672
12026,12026,MINOS1P1,0.21950253796289307,6.2178718721048,0.3067247152859891,0.09408005096727108,0.013694742138821523,0.08650472721108693,0.034359824008362884
12027,12027,MINPP1,0.19972758784556416,5.3899940624251705,0.3146478571936982,0.09900327403658588,0.011333479362762404,0.0765207186647948,0.029148039857555805
12028,12028,MIOS,-0.35723644476036376,9.241773244414333,-0.4941908924292458,0.2442246381600144,3.321229257354428e-05,0.07981077745020428,0.00016409130633814772
12029,12029,MIOX,0.19602206826281826,6.1611843439400635,0.2113216139234186,0.0446568245111984,0.09369086182553774,0.11514495287399935,0.17628600337405678
12030,12030,MIP,0.05223277440347294,6.814052225404812,0.05933455027619487,0.003520588856478297,0.6414076257718956,0.11160245795794857,0.7533182631570885
12031,12031,MIPEP,-0.18940988861574515,8.439996242942518,-0.5098783510336923,0.25997593285283715,1.6810010670665327e-05,0.04058477600811446,8.917706542705969e-05
12032,12032,MIPEPP3,-0.1470085913327531,7.7299221462932115,-0.17648922430131905,0.031148446294481293,0.16299646301344298,0.10412554728274298,0.2744703271038964
12033,12033,MIPOL1,-0.42711204200145264,8.704531061870867,-0.6256123636028041,0.3913908294926872,3.2522706616706926e-08,0.06764098052608089,3.815163660806005e-07
12034,12034,MIR100HG,0.2265780369918905,6.254971393158688,0.5282088681708499,0.2790046084143303,7.261231011864497e-06,0.04625753873617442,4.245193238712896e-05
12035,12035,MIR10A,-0.011043361044250813,7.075493889812182,-0.016120330101934355,0.00025986504259533093,0.8993922976690905,0.08699114738887231,0.9382976571506995
12036,12036,MIR124-2HG,0.31730002333548873,5.92900047068767,0.16750470179099505,0.028057825122090173,0.18583675324972646,0.23717421458910706,0.3039038583010743
12037,12037,MIR1244-3,-0.5962164696329881,14.075212592046766,-0.628608495249879,0.3951486403003172,2.6722395685403506e-08,0.09368114896928936,3.2328127294268883e-07
12038,12038,MIR133A1HG,-0.012565135765420376,7.053576391991777,-0.007755318090983689,6.014495869233889e-05,0.9515020633296942,0.20575891661243811,0.9706038939412114
12039,12039,MIR142,0.20059378642946032,5.948279187103343,0.2826201679649349,0.07987415934052801,0.023651409664979025,0.08646534826875323,0.05540580660916495
12040,12040,MIR143HG,0.3367201765786659,5.4174703305148935,0.5364621706797367,0.2877916605704149,4.895743990863895e-06,0.06727252372276246,2.9880872638714105e-05
12041,12041,MIR146A,0.16064898324094976,6.231238073901907,0.2326464385198983,0.05412436535599282,0.0643190297884129,0.08529090981701219,0.12912103365792912
12042,12042,MIR17HG,-0.06509503758367056,7.202386165813892,-0.03561072438746227,0.0012681236913998,0.7799689284153297,0.23200411338660964,0.8578509393485686
12043,12043,MIR194-2,0.013527605484786218,6.941046118953742,0.0120707204678914,0.0001457022926139724,0.9245801695968516,0.1423181371619498,0.9550817004923291
12044,12044,MIR205,0.3740217710647544,5.501715230532386,0.28119489683358817,0.07907057000525229,0.024395120321815542,0.16210887010108138,0.05684669434724153
12045,12045,MIR205HG,0.1494209351650494,6.4841211511466375,0.13825764339284433,0.01911517595654291,0.27593167085164433,0.13593630568829965,0.4130174673791775
12046,12046,MIR210HG,0.09834927693629132,6.476676107398197,0.1550072640985533,0.024027251923318654,0.22131998537902428,0.07960532525847187,0.3482043216639618
12047,12047,MIR302B,0.15639688770644108,6.289203500493227,0.2078275436328644,0.04319228789247015,0.0993734477670936,0.09348490490559967,0.18500103261661038
12048,12048,MIR31HG,-0.03919777115102275,7.169072848049445,-0.04089087170600083,0.0016720633888766194,0.7483515146302026,0.1216398207694011,0.8361529313983856
12049,12049,MIR34A,-0.2143990274290781,7.985633863593472,-0.3673411317913645,0.13493950710576064,0.002826901149291991,0.06894148686665699,0.008554575794846012
12050,12050,MIR3663HG,-0.4205292979752542,8.279682099487697,-0.21771769758089995,0.04740099583992821,0.08395041884872317,0.2394207252965129,0.1610940469799823
12051,12051,MIR3682,-0.3653647354102521,8.38192170590569,-0.4626820618540115,0.21407469036147933,0.00011840899369877642,0.08890757357521112,0.0005046539575963399
12052,12052,MIR3916,-0.08970538058120804,7.3193503094470564,-0.08280561997185014,0.0068567706989224675,0.5153646033971766,0.1371098886959885,0.6490009587442347
12053,12053,MIR4296,0.08150468770125599,6.694924961285509,0.06005536376110297,0.0036066467164784007,0.6373553757347464,0.17204828661783236,0.7499418964103419
12054,12054,MIR4313,0.17894627506532373,6.217876594375934,0.21435552476360445,0.045948290996680234,0.08896577140724005,0.10355667396615838,0.1691888802866236
12055,12055,MIR4435-1HG,-0.02876598623568092,7.126490858477496,-0.02590812046510468,0.0006712307060343759,0.8389677657360377,0.1409618890012045,0.8990423083439181
12056,12056,MIR4500HG,-0.08391352917889006,7.283117808114822,-0.05793330646510032,0.0033562679979792353,0.6493149090595985,0.18364444493869334,0.7595977719024152
12057,12057,MIR4755,0.2875268398079725,5.346409346391465,0.2503126755830719,0.0626564355575562,0.04605209301721107,0.14123720186381175,0.09781834961134926
12058,12058,MIR5188,-0.003908312152083557,7.027518982475369,-0.002531559900408861,6.4087955293581236e-06,0.9841603649820904,0.1960666816794589,0.9905643831599892
12059,12059,MIR622,-0.002833128675790277,7.026727512900481,-0.003469234047167435,1.2035584874025744e-05,0.9782946832945308,0.10371324952043537,0.9874602109976259
12060,12060,MIR646HG,0.20691530927600768,6.276622499896088,0.3174789811425176,0.10079290346729104,0.01057981884783126,0.07848951846604788,0.027499622208794632
12061,12061,MIR663AHG,-0.048332864704780015,7.1613836178860595,-0.02423956118794028,0.0005875563265839008,0.8492131853185545,0.2531595498218051,0.9054956683279973
12062,12062,MIR670HG,0.17401852334043322,6.1188123007260735,0.22924818610255684,0.05255473083131254,0.06842614820449319,0.09383628206684624,0.1358921716221845
12063,12063,MIR7-3HG,0.2853480881785327,5.9841573588255015,0.22863955938106545,0.05227604811396775,0.0691834656940437,0.15430097711105667,0.13713207776700378
12064,12064,MIRLET7BHG,-0.17407737128432907,7.836451179757097,-0.1740748811055822,0.030302064231922582,0.16892047285630293,0.12506293121948908,0.2822727710242488
12065,12065,MIRLET7D,-0.061833337966455335,7.374448557399987,-0.13327738917396148,0.017762862465027583,0.2937652960489161,0.05839538763182059,0.43240127011550283
12066,12066,MIRLET7DHG,-0.14099228873286834,7.4973989878650995,-0.08912995928109388,0.00794414964144945,0.4836887418520047,0.20009851653652985,0.620692270245337
12067,12067,MIS12,-0.11085490112044558,7.83716631254017,-0.20241776517007348,0.040972951656447015,0.10869646967945824,0.06811234876330274,0.1987318028284079
12068,12068,MIS18A,-0.20884092092882306,8.334396479648204,-0.6702251983351878,0.4492018164834418,1.3822066838697044e-09,0.02936941206754308,2.761225621697274e-08
12069,12069,MIS18BP1,-0.32113746321520226,8.671919363244653,-0.5432711986276654,0.2951435952583402,3.508681167865458e-06,0.06302730989968268,2.2151746556888194e-05
12070,12070,MISP,0.2753060347386178,4.165166569357131,0.4885423731184754,0.2386736503322316,4.2100095759154106e-05,0.062445777801491714,0.00020282037233915065
12071,12071,MITD1,-0.1653643002077522,8.21038382819586,-0.4623495088817138,0.21376706836316192,0.00011993036834275347,0.04027644468495992,0.0005103344716962717
12072,12072,MITF,0.3619805237751621,5.314352474310205,0.6710603104923897,0.4503219403181424,1.296163223384918e-09,0.0507904437425972,2.6232163179813457e-08
12073,12073,MIXL1,0.2180491003493747,5.984255609021544,0.29444083961932355,0.08669540803573221,0.018190536204204483,0.08988106868465166,0.044111541041662726
12074,12074,MKI67,-0.15720380067806322,8.118192912097436,-0.5440367287857899,0.2959759622679431,3.378155708703545e-06,0.030791632879782038,2.1402563449963508e-05
12075,12075,MKKS,-0.023991800994042016,7.215292147591428,-0.02703858280568058,0.0007310849601396455,0.8320414026511302,0.11264820340212205,0.8945415834778188
12076,12076,MKL1,-0.06793792762218802,7.377008824926577,-0.06691401583960732,0.004477485515783221,0.5993392342938784,0.12865447551313386,0.7188644590182888
12077,12077,MKL2,0.4981262078500657,4.749858337161228,0.2116509635219634,0.04479613035977549,0.09316861629726604,0.2921267544897195,0.17551686697845117
12078,12078,MKLN1,-0.14320233234432125,7.8722634847771085,-0.2182901356946011,0.04765058334156736,0.08311920661640755,0.0813051950242523,0.15966880327138344
12079,12079,MKNK1,0.21708445489473074,5.842431329872392,0.21341631685143855,0.04554652429843363,0.09040805873749733,0.12620676707784734,0.17122664367846985
12080,12080,MKNK1-AS1,0.0019856568300892644,7.006419396893183,0.0025012153890947397,6.256078422644352e-06,0.9843502026717862,0.1008221370592966,0.9906633656577372
12081,12081,MKNK2,0.34105208244623114,3.7565780194668608,0.5535919932038583,0.30646409493942073,2.087936965930181e-06,0.06515826861125422,1.395502314728953e-05
12082,12082,MKRN1,0.3046617044392225,4.091923043039143,0.31592532934291845,0.09980881372043147,0.010987839671874592,0.11619968587364372,0.02837706238454911
12083,12083,MKRN2,-0.5453920148320356,10.665074951409009,-0.5084720435460603,0.2585438190679067,1.7892704902463048e-05,0.11729745664756212,9.420394198802409e-05
12084,12084,MKRN3,-0.055424362908168316,7.235007758981792,-0.038740271293657966,0.0015008086199062196,0.7611827720265562,0.1815582825909378,0.8455526713255196
12085,12085,MKRN7P,0.21993468406725908,5.932623988123294,0.2268711453247709,0.051470516580973305,0.07142207768832727,0.1199068607073434,0.14092438199004345
12086,12086,MKS1,-0.5926846494935553,10.437959525965686,-0.6032823742742678,0.3639496231099977,1.3199165233824375e-07,0.0995068445474908,1.2680919393898262e-06
12087,12087,MKX,-0.7129903975458481,9.295189684658196,-0.3719325169783714,0.1383337971858665,0.002476606853765802,0.2259920784940225,0.007599677117514304
12088,12088,MLANA,0.3812609956313826,5.7318373983568005,0.17398583881665927,0.030271072108736537,0.16914192683144366,0.27405504873844483,0.28257741286336313
12089,12089,MLC1,0.3128107639942821,5.757261229435751,0.27349957423895865,0.07480201710889166,0.02876065808981968,0.13971612377271012,0.06545581197425594
12090,12090,MLEC,-0.4041952340002962,11.304477048001456,-0.6278091505935316,0.3941443295689716,2.8165961371004034e-08,0.06364324141434044,3.3735281719529445e-07
12091,12091,MLF1,-0.04608844937390239,7.259259736086255,-0.16123377312247122,0.025996329595308523,0.20309106785166345,0.035827832192025115,0.3261329892230137
12092,12092,MLF2,-0.25980705487292954,9.307610567851233,-0.3364924658213977,0.11322717955456447,0.006554803239498154,0.09233916376305758,0.018033828503536083
12093,12093,MLH1,-0.28596137289441065,9.39988788171443,-0.5067484478345003,0.2567939893826753,1.9307996597525926e-05,0.061783670860118864,0.00010082340639484541
12094,12094,MLH3,-0.3698322303536887,9.21966307565717,-0.5171470233428516,0.2674410437523719,1.2120730874881474e-05,0.07773492319600588,6.678738602940416e-05
12095,12095,MLIP,-0.11468074779520028,7.457447831153346,-0.11935565512857428,0.014245772411171156,0.347530670584827,0.12115350828183614,0.490080050820357
12096,12096,MLK7-AS1,-0.06993352677876921,7.2616929129843,-0.2734430786559514,0.07477111726484482,0.028794986777331732,0.03124260524320752,0.06552016797973297
12097,12097,MLKL,-0.3241951110378424,9.541572188950957,-0.6267997193612143,0.3928778881912969,3.009446001203449e-08,0.05118230593315637,3.570934419510175e-07
12098,12098,MLLT1,-0.7625968126340273,11.436999757635572,-0.5898713054841892,0.34794815703362164,2.9111176481293194e-07,0.13258150179733674,2.4966436701085314e-06
12099,12099,MLLT10,-0.4884816530490223,9.603946476998066,-0.4074518881088949,0.16601704112350346,0.0008328340726350375,0.13904477240092886,0.002880073753259619
12100,12100,MLLT11,-0.1313208474358704,7.627499755943003,-0.18481358308054996,0.03415606049107133,0.14374241643245406,0.08868648132151524,0.24832405487393638
12101,12101,MLLT3,0.20539226252101286,5.7027854513332885,0.4217013472429973,0.17783202626655895,0.0005194977198183648,0.056087169505980056,0.0018821688343093005
12102,12102,MLLT4,-0.016588315995990352,7.102335645695156,-0.015698696506148968,0.0002464490719921739,0.9020106110964514,0.1341804793800007,0.939856603151309
12103,12103,MLLT4-AS1,0.13479450747251792,6.499936054784246,0.18381549941811592,0.033788137826331374,0.1459567669156249,0.091544109710665,0.2511876172262463
12104,12104,MLLT6,-0.2802690012060767,8.872117613847038,-0.23483351848988646,0.05514678140633983,0.061782403194346525,0.14733343331257728,0.12497878946039925
12105,12105,MLN,0.13333285038165538,6.374579056688365,0.22050667825112805,0.04862319515334651,0.07996185173802144,0.0749024203051913,0.1548536844381018
12106,12106,MLNR,0.01271984776379597,6.9744659316591475,0.007937185309526341,6.299891063776075e-05,0.950366171289496,0.20351942567889367,0.9701682665947313
12107,12107,MLPH,-0.18643738548624952,8.802665832694569,-0.4810150676447521,0.2313754953012854,5.7377208520027054e-05,0.04315544424021694,0.0002661176805528348
12108,12108,MLST8,-0.342664774927032,9.380292943684498,-0.6516579198528674,0.4246580445069661,5.481704085294189e-09,0.05065437514053354,8.76876065847137e-08
12109,12109,MLX,0.7706899524528654,1.0451464678582232,0.8214208378019873,0.6747321927753187,9.240321245970727e-17,0.06795770086583497,9.528531265785528e-14
12110,12110,MLXIP,0.20642421060426688,5.607896436128608,0.3704180551249183,0.13720953556252702,0.002587612323083801,0.06573933534994206,0.007900006324034923
12111,12111,MLXIPL,0.08462686673718321,6.515431664293178,0.1333991312272181,0.017795328212176557,0.2933205617167097,0.07984733276165193,0.4320403185944327
12112,12112,MLYCD,0.23362125130743144,5.631326079419892,0.17023184341309056,0.02897888051181898,0.1786726592337722,0.17174734685598114,0.2947704125938852
12113,12113,MMAA,-0.053885597739196524,7.291583710521867,-0.07100252129454251,0.005041358030181963,0.5771657905677829,0.09614032889301496,0.7011078186299682
12114,12114,MMAB,-0.3569614254636726,8.997695421979476,-0.35622516143774524,0.12689636564134765,0.003863979397644183,0.11891420822395365,0.011273844496899053
12115,12115,MMACHC,-0.2005286182296687,8.281586148456336,-0.3781071064242823,0.1429649839285435,0.0020667256792142666,0.062354092054538776,0.006469347294504907
12116,12116,MMADHC,-0.6136751458177729,13.666545423102033,-0.4951290425205521,0.2451527687473187,3.191671678039404e-05,0.13675834033679474,0.00015826803340495375
12117,12117,MMD,-0.4107018092953305,9.501793139492431,-0.6009205419843837,0.3611054977788055,1.5212002045794726e-07,0.06937904165419571,1.4303773525909024e-06
12118,12118,MMD2,0.27636979896902203,5.738060093435942,0.18439269377677744,0.03400066551825641,0.14467311774269678,0.18708520431314704,0.2495934006308237
12119,12119,MME,-0.041465687922099065,7.203495475056728,-0.06463263092411614,0.004177376980173014,0.6118733127826519,0.08130779613976945,0.7296319707218242
12120,12120,MMEL1,0.1110208456287771,6.257618276490108,0.15560240121926724,0.02421210726520182,0.2195297918186207,0.08950970054359524,0.3462178750150922
12121,12121,MMGT1,0.4840705569152456,2.4908609007942606,0.5369224368344735,0.2882857031762692,4.787825959271113e-06,0.09659488184530947,2.9271702752121955e-05
12122,12122,MMP1,-0.059018799603277314,7.381221047468434,-0.6231997614101961,0.3883779426217253,3.803889690005338e-08,0.009406083257134686,4.3699326916215164e-07
12123,12123,MMP10,-0.06662366124848787,7.330034720711219,-0.5184388770091284,0.2687788691944861,1.1427255821497145e-05,0.013955951641194128,6.351571478812132e-05
12124,12124,MMP11,0.2038218924601703,5.856120527512765,0.1809967465687846,0.03275982226848483,0.15234792696112645,0.14065377106648938,0.26010687514492326
12125,12125,MMP12,-0.08688390633940674,7.869434819648597,-0.5576020057364011,0.3109199968012574,1.698549967853986e-06,0.01642683860775981,1.1625189492376127e-05
12126,12126,MMP13,-0.15645073460081466,7.547589133589747,-0.13974560706816289,0.019528834694849374,0.2707463248939641,0.1407864993331182,0.4073233059315543
12127,12127,MMP14,-0.2525850457170965,8.561028765888379,-0.25377453702531577,0.06440151564241338,0.04302791564318747,0.12226678722580912,0.09236414683319039
12128,12128,MMP15,0.3580023633401665,4.931988134152481,0.39598627419712457,0.15680512935252033,0.0011996879832168936,0.10543235185506944,0.0039882166528341775
12129,12129,MMP16,0.5453061158201251,5.019483083488625,0.2164685104063971,0.04685861599756445,0.08578709775863608,0.3123406130017461,0.1639936089303729
12130,12130,MMP17,-0.035210942043231365,7.209106520706706,-0.04179575030117537,0.001746884743238201,0.7429727137668789,0.10689810608439347,0.8329402628195156
12131,12131,MMP19,0.05102042602996383,6.7235739354807755,0.04462186355300227,0.001991110706942752,0.7262533776604378,0.1450667017168315,0.8206795445303211
12132,12132,MMP2,0.5261668422412229,4.240640595443867,0.5356614124198827,0.2869331487556637,5.0889287766177105e-06,0.10534220225814336,3.093788676520396e-05
12133,12133,MMP20,-0.04620866156310717,7.157004638351125,-0.03480983900375865,0.001211724891467597,0.7847972013853595,0.16848539004542376,0.8615516588565593
12134,12134,MMP21,0.0998892471605574,6.720722987367273,0.05708197574553438,0.003258351955013775,0.6541379730298408,0.22187848977901428,0.7632608333402232
12135,12135,MMP24,0.17245347531093966,6.210945553489653,0.14179464212463336,0.02010572053525285,0.26371300732863034,0.1528994405413336,0.3987087323676248
12136,12136,MMP24-AS1,0.3962589117155459,3.8279066578719743,0.4862189424095972,0.2364088599579072,4.635764109088515e-05,0.09044441700234393,0.0002204864304465447
12137,12137,MMP25,0.20305028635072672,5.789306262313424,0.22307845211118527,0.04976399579632238,0.07641846713744628,0.11268494058181586,0.14912516048133723
12138,12138,MMP26,0.13093957104434972,6.509529167688289,0.15575792585392065,0.024260531466315443,0.2190636441172964,0.1054609914997972,0.34568412252131847
12139,12139,MMP27,-0.1004634122889989,7.3817760183415055,-0.08069448987880687,0.006511600696800865,0.5261672937937509,0.15759760019988558,0.6586215460753571
12140,12140,MMP28,0.1976478904672659,5.667078462480362,0.6546601452963149,0.4285799058393921,4.4153586055332215e-09,0.028983991276147807,7.298823710139077e-08
12141,12141,MMP3,-0.049885276942337034,7.307194960145313,-0.5553446147307086,0.3084076411103992,1.9084609547697484e-06,0.009487222175591729,1.290684633839441e-05
12142,12142,MMP7,-0.07023040089637253,7.5137741827263085,-0.8024237970742727,0.6438839501110936,1.5676509715339276e-15,0.0066331722719840756,8.082733759182667e-13
12143,12143,MMP8,0.05173750249762246,6.849775561851297,0.025439172105793512,0.0006471514774281827,0.8418446273990045,0.2582058451927276,0.9008324063015981
12144,12144,MMP9,-0.06081447706878265,7.413352468198462,-0.21241707591141,0.04512101413875371,0.09196261781622543,0.0355300545061369,0.17368310560006645
12145,12145,MMRN1,0.26240096622749426,6.203178867886344,0.42799302006857337,0.18317802522741825,0.00041896340811227765,0.070371467097166,0.00155780436172242
12146,12146,MMRN2,0.3495891308964835,5.6542963365430055,0.31595809075642745,0.09982951511444683,0.010979097077675932,0.13331990036052005,0.028364123748178392
12147,12147,MMS19,-0.3756267440147833,9.757279505568148,-0.6791360238494717,0.4612257388900702,6.887217913401374e-10,0.051559335720024496,1.584938405044705e-08
12148,12148,MN1,0.15272582402942947,6.469396176828966,0.2053269073548812,0.04215913888391995,0.10360247171994992,0.0924522417876081,0.19134426653266656
12149,12149,MNAT1,-0.2531355499116592,8.441597850473663,-0.6277559634327421,0.3940775496253701,2.8264585944782662e-08,0.03986345817456866,3.381600047703141e-07
12150,12150,MND1,-0.1468238799008138,7.778018230407772,-0.6977085740013381,0.4867972542349807,1.4872623443670558e-10,0.019145701223323475,4.614135539723294e-09
12151,12151,MNDA,0.03616801708752911,6.832083032564168,0.11936419422295805,0.014247810862496046,0.3474959295631148,0.038206623516770885,0.49007965259387437
12152,12152,MNS1,-0.17299407740374162,7.892790521394406,-0.6617351540979111,0.4378934141689861,2.6264152239089817e-09,0.024892041723283683,4.708197158422931e-08
12153,12153,MNT,-0.168706036019103,8.019998034912621,-0.13234627203977412,0.0175155357228259,0.2971813345976957,0.16046706519447798,0.43600689706728324
12154,12154,MNX1,0.19749632321286495,5.5618228269770205,0.27201725339641025,0.07399338614532687,0.029672830454220357,0.08873067046973633,0.0672631784241748
12155,12155,MNX1-AS1,-0.3672891232154765,8.800147916376002,-0.491908114453601,0.24197359306529706,3.6571006633138265e-05,0.08256013674788946,0.00017856711356045303
12156,12156,MOAP1,-0.2383632210039628,8.960264492503226,-0.3500320799517441,0.12252245699534417,0.004577403055583096,0.0810127840628472,0.013120273086519118
12157,12157,MOB1A,0.2217384926839284,5.112175864807643,0.3030663516311654,0.0918492134910252,0.014920841268166372,0.08854958029133668,0.03708801855626065
12158,12158,MOB1B,0.0410354967772449,6.700196704495197,0.07064388741687948,0.004990558829368743,0.5790956242610218,0.07358729884924736,0.702735541797278
12159,12159,MOB2,-0.2545998512341095,8.856109364106818,-0.252115494658795,0.0635622226470489,0.04445611604127932,0.12410869982703855,0.09492349996332554
12160,12160,MOB3A,0.3980039983371544,4.304518868024174,0.5592234879551456,0.3127309094807189,1.5613441720875878e-06,0.07493239131486698,1.0806203459194245e-05
12161,12161,MOB3B,0.3502015422699407,4.512390466590563,0.7488669246019264,0.5608016707627473,1.1140471245564097e-12,0.039359348387360715,1.1015840402862582e-10
12162,12162,MOB3C,-0.023969430863822375,7.167623619846432,-0.01908693858977182,0.0003643112247297207,0.8810016282034974,0.15945806056423664,0.9270067399937278
12163,12163,MOB4,0.26562830417717925,4.544211627249784,0.3421400727545382,0.11705982938448073,0.005653630358534514,0.09264888552954477,0.015823880756632405
12164,12164,MOBP,0.4360394387913428,5.466262983849722,0.20666977237210016,0.042712394812335686,0.10131442979012244,0.262164681697612,0.18791963210928228
12165,12165,MOCOS,-0.19286557284973813,8.14964558855583,-0.5761444776364529,0.33194245911098136,6.308757357191216e-07,0.034748366907220184,4.912482580725486e-06
12166,12166,MOCS1,0.4918809011341307,4.8937204233087375,0.7134051420780407,0.5089468967433894,3.709492990429087e-11,0.06136095495898977,1.4958858604793645e-09
12167,12167,MOCS2,-0.1579135150304227,7.9798480120358475,-0.20263567329567625,0.04106121609199203,0.10830833309963783,0.09691767656157214,0.1982768579992102
12168,12168,MOCS3,-0.18256558729271405,8.110827325986536,-0.258688455303077,0.06691971690709206,0.03901811438616348,0.08657759797444252,0.08501230174387465
12169,12169,MOG,0.3228815385614956,5.885429041824606,0.15168760647881088,0.02300912995927059,0.2314928771725155,0.2672037343288473,0.36077569306734963
12170,12170,MOGAT1,0.24828833756175414,6.087866568145246,0.2226913487802217,0.04959143682155435,0.07694368556304605,0.13804233617959125,0.14997439341744037
12171,12171,MOGAT2,0.2389646310588549,5.277495824662125,0.6593516606402778,0.4347446123890921,3.1335382704088066e-09,0.034605332965577336,5.498927977771694e-08
12172,12172,MOGAT3,0.3093312781665101,5.265662114096585,0.7317087355775753,0.535397673720534,6.508341862305378e-12,0.036595732247056485,3.9368196376598595e-10
12173,12173,MOGS,-0.3286248806854636,9.24847157624508,-0.5730040756003836,0.3283336706546501,7.492937574190366e-07,0.059693036930425714,5.7396378906647465e-06
12174,12174,MOK,-0.17971669227871342,7.986088141566392,-0.4217075647018732,0.17783727012678455,0.0005193883813885932,0.049074973432802864,0.0018820875834956472
12175,12175,MON1A,-0.4697818418174086,10.093121009664888,-0.6148656904243784,0.3780598172610476,6.469599120941622e-08,0.0765234303182183,6.874345876545183e-07
12176,12176,MON1B,0.1917016202993297,5.551089651259281,0.2030417192833372,0.041225939769533496,0.1075879420700398,0.1174093799431876,0.1972582241577099
12177,12177,MON2,0.5123447258896405,4.359443415986746,0.5345644096849036,0.2857591081017695,5.3651566871276114e-06,0.10286999998175908,3.238084394084404e-05
12178,12178,MOP-1,0.21444494716126372,6.399545079301701,0.08241156953236417,0.006791666792787694,0.5173724042680072,0.329345675215489,0.6507347049093162
12179,12179,MORC1,0.1392176409674616,6.620209444344837,0.07260315787069578,0.005271218532797173,0.5685889025632394,0.2428819589017431,0.6944609523410574
12180,12180,MORC2,-0.4733453794308765,9.822359880947607,-0.5075914479961041,0.2576490780787817,1.8603279943203477e-05,0.10204051152797247,9.749613435868134e-05
12181,12181,MORC2-AS1,-0.07144466844623434,7.5191907457249645,-0.08751820521238943,0.007659436243597908,0.4916621443695873,0.10327755546005804,0.62806416566325
12182,12182,MORC3,-0.2360683211498685,8.678952848351909,-0.38640825378332216,0.1493113385918763,0.0016115328440305054,0.07156172395104707,0.005176170830240372
12183,12183,MORC4,-0.16855964465773945,8.142465280374559,-0.6839954762275384,0.4678498114997371,4.662172515230264e-10,0.02283082699228364,1.1608820252814464e-08
12184,12184,MORF4L1,-0.4008366452154124,11.33251380241152,-0.32991325346604994,0.10884275481255412,0.007761470759748445,0.14566291018827274,0.02095171394943313
12185,12185,MORF4L2,-0.12712569388593922,7.8229778362026225,-0.2024137224637007,0.040971315041612055,0.1087036806512349,0.07811120517061172,0.1987318028284079
12186,12186,MORF4L2-AS1,0.26548238692949777,5.923181297535924,0.16019176149248304,0.025661400450064573,0.2060649198854255,0.20775651228113004,0.32993240962062026
12187,12187,MORN1,0.14698071433656984,6.29076329136797,0.13983628847298096,0.01955418757389875,0.27043243351096186,0.13217716070171542,0.40697592256575854
12188,12188,MORN2,-0.23156711948541345,8.636544071699108,-0.45102925778576003,0.20342739137877355,0.0001837863848690437,0.05819544827319434,0.0007448800607035637
12189,12189,MORN3,-0.248763020829814,8.05949823486886,-0.2149160329459311,0.04618890121721654,0.08811368653571325,0.14356624701790324,0.1677747192412618
12190,12190,MORN4,-0.1763381603801938,8.013950268325939,-0.1446992139165407,0.020937862508064804,0.2539554677190331,0.15314027304597955,0.3869550839752084
12191,12191,MORN5,0.10993069531895427,6.53981140431409,0.14356455473690805,0.020610781376806667,0.2577376167565674,0.09623954504317593,0.39173702284830525
12192,12192,MOS,0.16043654918683584,6.353707326687415,0.1946825978263379,0.03790131389641162,0.12318167106211153,0.10265737275561856,0.21952918170109664
12193,12193,MOSPD1,-0.01523510330754191,7.115616898000174,-0.030038590014070183,0.0009023168900333967,0.8137232317690358,0.06438341242234888,0.881896630997371
12194,12194,MOSPD2,-0.15782272601374014,8.003539199439912,-0.16947082778821035,0.02872036147122125,0.18065133802473116,0.11656036191105085,0.29750828241317423
12195,12195,MOSPD3,-0.27632672691838217,8.922047924560184,-0.3087039593175098,0.09529813449830676,0.013068337998953123,0.10812785592200104,0.03297924010806781
12196,12196,MOV10,-0.2567149093045336,8.656998161572886,-0.37001982375026665,0.1369146699681784,0.0026175286842927067,0.08185724479986553,0.007985711983426116
12197,12197,MOV10L1,0.1942825430658072,6.156112003929191,0.13459701811093885,0.0181163572843564,0.28896809014615965,0.18164878980519789,0.42754711686736097
12198,12198,MOXD1,0.3700080211811613,5.355044773154347,0.5228844465088577,0.2734081444008745,9.312986116207061e-06,0.0766045971965657,5.2835398047278994e-05
12199,12199,MPC1,1.0,0.0,1.0,1.0,0.0,0.0,0.0
12200,12200,MPC2,0.430422939781556,3.2020598633313733,0.7338951693678604,0.5386021196214804,5.236802039595443e-12,0.050594502880863416,3.3551168096875537e-10
12201,12201,MPDU1,-0.05799495685769589,7.410889528710243,-0.0386249660706627,0.0014918880039598446,0.7618725725661235,0.19054698121643893,0.8458523742076086
12202,12202,MPDZ,0.3676350189332641,5.471810423402796,0.4102514242565753,0.16830623110454854,0.0007603183949695478,0.10378931720959672,0.002654739574825146
12203,12203,MPEG1,0.15238376061853454,5.789396429423152,0.7123242697464114,0.5074058652697583,4.09373100829001e-11,0.019068200906037773,1.611743936703181e-09
12204,12204,MPG,-0.3050499168732917,9.47399052164797,-0.6674773712920059,0.4455260411868863,1.7052620097257956e-09,0.04321943611806395,3.291216472425321e-08
12205,12205,MPHOSPH10,-0.5258442145608023,11.239540422876566,-0.712782151969135,0.5080583961657511,3.926540405937211e-11,0.06571450111843524,1.557910840139683e-09
12206,12206,MPHOSPH6,-0.3428771715688909,9.051475141293924,-0.3253355516822965,0.10584322118842424,0.008711637062175245,0.12656628676856288,0.023184281747745474
12207,12207,MPHOSPH8,0.0953311307702397,6.4022435346484725,0.11811633557854205,0.013951468730502759,0.3525956432853853,0.10178366386430504,0.4952401115149838
12208,12208,MPHOSPH9,-0.18143625494304186,7.907085443396696,-0.27667220825127264,0.07654751081863558,0.0268872652078737,0.08003316095492019,0.06178963473166773
12209,12209,MPI,0.12256284300879038,6.3147400256063575,0.1280116163327446,0.016386973916121806,0.3134238485968437,0.12059400990268758,0.4538410860156904
12210,12210,MPL,0.007432034197644684,6.986092659180331,0.005550845839900319,3.081188953833868e-05,0.9652775659469409,0.1700380037355652,0.9794336280515065
12211,12211,MPLKIP,-0.33921934019890704,10.057580552974482,-0.5214753922473405,0.27193658471951765,9.940012132179364e-06,0.07049130410400062,5.601117947497895e-05
12212,12212,MPND,0.2586371445712655,5.01813043696584,0.5615024475429461,0.3152849985967188,1.3859850071987729e-06,0.04840590230427445,9.79553046047305e-06
12213,12213,MPO,-0.057599149564119274,7.2351627673791326,-0.03301284933485489,0.0010898482212058289,0.7956598464255468,0.22146261823478328,0.8686234106848768
12214,12214,MPP1,0.18262823989448967,5.722149568480978,0.4592045931063847,0.2108688583300003,0.00013523286954540624,0.04486838695234152,0.000568193207218815
12215,12215,MPP2,0.192930506536872,6.150688909148787,0.19286411357078254,0.0371965663034437,0.12679136097064272,0.1246586586486346,0.22464366546184608
12216,12216,MPP3,0.0167950294879668,6.941136731617483,0.01682728613276718,0.0002831575585940186,0.8950045632128611,0.1267387299605866,0.9353499310016187
12217,12217,MPP4,-0.05364541931776296,7.195179131122908,-0.041788436622356026,0.0017462734353406663,0.7430161392734895,0.16289252143832486,0.8329458247122957
12218,12218,MPP5,0.3989070940627985,3.6869151762394985,0.6986940599891924,0.4881733894641812,1.3666637923827577e-10,0.05187406653974469,4.307875462015811e-09
12219,12219,MPP6,-0.34704238351965866,8.165631062126543,-0.3091259102913925,0.09555882841348204,0.01293804058253092,0.13559429781347926,0.0327152345650055
12220,12220,MPP7,0.029413718175490624,6.848464673151217,0.05147003767346309,0.00264916477810771,0.6862768839275084,0.0724808994262244,0.7889433519907731
12221,12221,MPPE1,0.3290655697536036,4.4684708541192695,0.3590207659166624,0.12889591035938688,0.003575570252260964,0.108643076884976,0.010523877959025875
12222,12222,MPPED1,-0.012078798307698226,7.068269164819133,-0.012323488646843902,0.00015186837242889053,0.9230055752423952,0.12446900994536125,0.9539199747141408
12223,12223,MPPED2,0.5028857395233919,5.3740544861318815,0.3472553949802899,0.12058630934291716,0.004933405797166288,0.1724729871276066,0.014034800648664735
12224,12224,MPRIP,0.5362153502823259,3.3818095857724257,0.3312218506200649,0.10970791432818056,0.00750707248925859,0.19399506165489191,0.020351233694904203
12225,12225,MPST,-0.03745817600418238,7.341479974577173,-0.05424039107796247,0.002942020024290311,0.6703377866567307,0.08757661923279335,0.7767223912489435
12226,12226,MPV17,-0.3449440850687947,9.580896728641315,-0.5972298187098388,0.3566834563561869,1.894602181683009e-07,0.05883337116787631,1.7211776463277848e-06
12227,12227,MPV17L,0.21023466723758796,5.7147745809508494,0.27811196024153184,0.07734626242938739,0.026071641405415475,0.09221640628993848,0.060183497988942763
12228,12228,MPV17L2,-0.36548835246535016,9.590806136435091,-0.4040887782895265,0.1632877407395221,0.0009281883766568604,0.10507247747947757,0.0031803669772949863
12229,12229,MPZ,0.4010975808908505,5.290640335535554,0.4318228754789582,0.18647099578691584,0.0003667963329674634,0.1063983941964851,0.0013823485190411452
12230,12230,MPZL1,-0.3038104833874776,9.236256749047783,-0.21093724079767284,0.04449451955533542,0.0943032509453574,0.17880112264279208,0.17728264313341713
12231,12231,MPZL2,0.0638808906027545,6.557661109790669,0.14899545041150533,0.022199644243327345,0.2399773231416519,0.053842746575054806,0.3708951165848174
12232,12232,MPZL3,0.497029010603211,4.916512414991153,0.3947155356307924,0.15580035406830334,0.0012482242784688268,0.14693466133670074,0.004128653849128218
12233,12233,MR1,-0.3810430020673036,9.024889714364882,-0.4579353579374577,0.2097047920493075,0.00014190165936729386,0.09394391225713594,0.0005921912571976775
12234,12234,MRAP,-0.010438214175645874,7.056501357181051,-0.009675985127111692,9.362468818008668e-05,0.9395114016862148,0.1369981919256535,0.9643372012475133
12235,12235,MRAP2,-0.14923451012400935,8.131023930849036,-0.5871110952977053,0.3446994382216712,3.410716296910533e-07,0.026132045271269326,2.872775628533551e-06
12236,12236,MRAS,0.3831558736416072,5.183953698015623,0.3680429590870048,0.13545561973351866,0.0027706503068906157,0.12293478188943653,0.008404318867588778
12237,12237,MRC1,0.13786334804132033,6.0263513170009055,0.7089361251543821,0.5025904295489098,5.5595839301712276e-11,0.017418186560390556,2.065056432381783e-09
12238,12238,MRC2,0.5055432006211793,3.4661413764007527,0.5858698864844745,0.343243523889331,3.660747300617402e-07,0.08881031999639863,3.044296574303757e-06
12239,12239,MRE11A,-0.5604731955099717,9.585145965507733,-0.6477566556668815,0.4195886849607428,7.235229421441118e-09,0.08371726925590826,1.1025960107058931e-07
12240,12240,MREG,-0.1844542421809237,8.090053116800432,-0.4458145389675496,0.19875060315484885,0.00022261759937577046,0.047035139153869886,0.0008842230584156839
12241,12241,MRFAP1,-0.2988792589036249,10.339062951768264,-0.344129400472522,0.11842504426957742,0.005363227915325545,0.10356375223967758,0.015102821912402429
12242,12242,MRFAP1L1,-0.07391917048222116,7.677791031105275,-0.10970640446293367,0.012035495180184796,0.3881581835021341,0.08505501569770714,0.530888995372874
12243,12243,MRGBP,-0.3389788645668799,9.17767895331996,-0.7093468709808577,0.5031729833703336,5.358316888354361e-11,0.04277802407679755,1.9971489194029894e-09
12244,12244,MRGPRF,0.1976829456963455,5.9600539330683695,0.5333448667067334,0.2844567468424232,5.688640910470749e-06,0.039818343174007086,3.4180776613830205e-05
12245,12245,MRGPRG-AS1,-0.1282730652970573,7.693390201001994,-0.1435559639957911,0.02060831479876087,0.25776639679698665,0.11230435418833608,0.39174196944618894
12246,12246,MRGPRX1,-0.4403660583427237,8.340905599888611,-0.2743048282920815,0.07524313882434833,0.02827508257481378,0.1960642092603864,0.06449303909391114
12247,12247,MRGPRX2,-0.19877843825845806,7.708590284573152,-0.15206457993914968,0.023123636472070042,0.23032163223261795,0.16408359534959313,0.3594418381376003
12248,12248,MRGPRX3,-0.21877912605538155,7.736987306308285,-0.17704337219476798,0.031344355638095144,0.16165859989130954,0.15445965910045487,0.2726415093961299
12249,12249,MRGPRX4,-0.15233226920251516,7.664022079568817,-0.1157562820859737,0.013399516842367516,0.3623661831099658,0.16600537851324226,0.505152548940795
12250,12250,MRI1,-0.1380610085135747,8.064089003995193,-0.20285267235821303,0.04114920668286851,0.10792287991192023,0.08463889392453798,0.19772262589826728
12251,12251,MRM1,-0.09617449158839822,7.578640073563791,-0.09922295092905424,0.009845193991069508,0.4353516919497488,0.12249079837743122,0.5760794921583752
12252,12252,MRO,0.1086393001805721,6.6085915468064265,0.06311290008430359,0.003983238157051289,0.6202850694222743,0.21817566150407292,0.7361359773299365
12253,12253,MROH1,-0.13233124230821972,7.652651202914593,-0.09873136613443996,0.009747882658772838,0.43764106794888413,0.1693886428203038,0.5781197661461042
12254,12254,MROH2A,0.03899295160794453,6.872534109386217,0.033907566574688165,0.0011497230710169099,0.7902463890613309,0.14596335597395607,0.8652434803884681
12255,12255,MROH2B,0.1646555650550983,6.380783791409957,0.14629068982022975,0.02140096592807868,0.248714397876336,0.1414054904639109,0.380928471526261
12256,12256,MROH6,-0.06237252756316097,7.457957595601405,-0.09106275535869113,0.00829242541351683,0.4742181429371069,0.08662605305332942,0.6117713502503902
12257,12257,MROH7,-0.1017979652297968,7.491311371938865,-0.13035604536847695,0.016992698564108427,0.3045695157654176,0.09833099813442224,0.4441083337081757
12258,12258,MROH8,0.053632698601739456,6.798641391285795,0.04112078963636917,0.001690919340318526,0.7469836867724365,0.1655026186932131,0.8354905086027122
12259,12259,MROH9,0.10988717371360412,6.676846040465075,0.08351901003725128,0.00697542503760248,0.5117397416205923,0.16651210804579747,0.6458380829826352
12260,12260,MRPL1,-0.17736035192341842,8.665145425021679,-0.42253439536103465,0.17853531526311514,0.0005050329597382215,0.048316234286790806,0.0018383743054515356
12261,12261,MRPL10,-0.4495036177940286,10.818139068222894,-0.6383803325832776,0.4075294490291362,1.3874216552398246e-08,0.06883213369453056,1.8979542605318006e-07
12262,12262,MRPL11,-0.21321658059510326,8.797765596640078,-0.3728789858069784,0.13903873805644076,0.002409410600584004,0.0673827957872217,0.007418709875678459
12263,12263,MRPL12,-0.2932807147057621,9.135700978513492,-0.29752176132380864,0.08851919846122136,0.016958552517659604,0.11952057880061227,0.04148169600925322
12264,12264,MRPL13,-0.17601078491162445,8.710152439214376,-0.3434554857671753,0.11796167070356638,0.005460099448353804,0.0611246951906257,0.015333737978744861
12265,12265,MRPL14,-0.33344091393171155,10.138958950190311,-0.4740115483825713,0.22468694800004269,7.604152443743461e-05,0.07866339172382297,0.00034128371653466424
12266,12266,MRPL15,-0.3930581585011916,10.980893778710477,-0.5343158561855752,0.2854934341713243,5.429658406406527e-06,0.07897070588996452,3.271542926842886e-05
12267,12267,MRPL16,-0.2416464351184099,9.309831097760863,-0.4288636593358585,0.1839240382989433,0.0004065437528334513,0.06464435307866223,0.0015165727765044598
12268,12268,MRPL17,-0.25785727179159296,9.279332715004132,-0.7070589056066877,0.4999322959977269,6.574786514539738e-11,0.03275234089435786,2.34172700612431e-09
12269,12269,MRPL18,-0.26387268271697184,9.654840839501112,-0.2715319006532937,0.07372957307239016,0.02997672475241828,0.11878090431795894,0.06783843395481429
12270,12270,MRPL19,-0.3576013010526776,9.005272217413305,-0.4945237214188691,0.24455371104596724,3.274718395793258e-05,0.07982113755565709,0.00016205216375891912
12271,12271,MRPL2,-0.21924230323543853,8.571635907196297,-0.34257953222588083,0.11736073590010332,0.005588313708143943,0.07635873422933327,0.015661308832646187
12272,12272,MRPL20,-0.5702392703808287,10.34483692738292,-0.3337674422185249,0.11140070548509637,0.007033016741478822,0.2045362499051359,0.019210390708466685
12273,12273,MRPL21,-0.2086513341718508,8.899676711229063,-0.30479968625569825,0.09290284874157208,0.014328633224192372,0.0828014052102358,0.03577202587847427
12274,12274,MRPL22,-0.2948565945667853,9.680962963317032,-0.5303454193436907,0.2812662638188352,6.563334368099844e-06,0.059860479820121874,3.89181286257399e-05
12275,12275,MRPL23,-0.5538083513946758,10.801445122397995,-0.37195836781765257,0.13835302738957211,0.002474749537623116,0.17552298892181029,0.00759505403021947
12276,12276,MRPL24,-0.3716712900633933,10.270729477582417,-0.6078418012312801,0.36947165532408704,1.0003007527311746e-07,0.061663037548627814,9.981452282810711e-07
12277,12277,MRPL27,-0.18350275808793687,8.77558800143066,-0.22376277185517685,0.05006977806831192,0.0754969688458273,0.10150905171955882,0.14759715803248638
12278,12278,MRPL28,-0.15617680488102756,8.248621060730462,-0.16368876861134785,0.026794012969499376,0.19620547913754569,0.11953750673553655,0.3174796122486402
12279,12279,MRPL3,-0.3890112795208873,11.336906179457769,-0.7372284587695352,0.5435058004197043,3.7441637027350034e-12,0.04527744267536033,2.675903134743449e-10
12280,12280,MRPL30,-0.3739954635692466,9.704409259240919,-0.5840447134890611,0.3411082273545194,4.0599188468148756e-07,0.06601329864799693,3.3352633773814923e-06
12281,12281,MRPL32,-0.3528158092296391,10.404483998171038,-0.6303689433790909,0.3973650047768715,2.3786109421447788e-08,0.05518036358378611,2.928518084056833e-07
12282,12282,MRPL33,-0.5964161239057107,12.70431644841316,-0.7200673723240975,0.5184970206857303,2.000292040571804e-11,0.07299277721340594,9.177187317496273e-10
12283,12283,MRPL34,0.19780411422724412,5.282563037453636,0.2755084251919205,0.07590489235173205,0.027562161163069816,0.08765222136618775,0.06308620653062856
12284,12284,MRPL35,0.5724587018971314,2.7614064622788392,0.6470391598302387,0.4186596743538212,7.610846505435459e-09,0.08567083026457417,1.1477220130585296e-07
12285,12285,MRPL36,-0.3126313021630151,10.026542963681553,-0.6628250801789016,0.4393370869141674,2.4214364668028647e-09,0.04485270051037565,4.4101098981174124e-08
12286,12286,MRPL37,-0.3639059656861752,10.337186389148409,-0.6969943098289725,0.4858010679339657,1.580935094045671e-10,0.04754771852305823,4.862947366698722e-09
12287,12287,MRPL38,-0.4385229073349038,9.812708356294108,-0.4617199715608928,0.21318533213819166,0.00012285972358901966,0.10699266458848336,0.0005213653369234217
12288,12288,MRPL39,-0.4632930984598375,9.797493639821392,-0.6057194776642949,0.36689608562190623,1.1387194330291527e-07,0.07729046962572114,1.1152858128560063e-06
12289,12289,MRPL4,-0.32263511763697394,9.30062702389946,-0.6636314525223855,0.4404067047769713,2.279660943844654e-09,0.046187566641240456,4.1942275054338134e-08
12290,12290,MRPL40,-0.3746721964345747,10.281716637661118,-0.6386448613000101,0.4078672588649091,1.3625816785052729e-08,0.0573331412510164,1.8686957725162562e-07
12291,12291,MRPL41,0.5479066503851734,3.4070126094732203,0.4883081909518725,0.2384448893506904,4.251221539648733e-05,0.1243561838600747,0.00020448734438270396
12292,12292,MRPL42,-0.318296141732117,9.566079186348952,-0.5408043285027591,0.2924693217273201,3.962087694241087e-06,0.06287355374969085,2.4811743498782747e-05
12293,12293,MRPL43,-0.19433908789692328,8.403117809396598,-0.3246860992681685,0.10542106305797896,0.008854336463624202,0.07189686502277938,0.02352934791014629
12294,12294,MRPL44,-0.24868614676058515,8.781850027241695,-0.3690764701220864,0.13621744079777934,0.0026896303621679342,0.07953194538668829,0.008183777644056008
12295,12295,MRPL45,-0.3742783794807801,10.189675165041995,-0.617206082671439,0.3809433484866232,5.5819264114018413e-08,0.0605945961538692,6.09564379419601e-07
12296,12296,MRPL45P2,0.061706677483715174,6.843702701187197,0.030384840010565614,0.0009232385024676688,0.8116152008354871,0.2577975543634834,0.8806256726171197
12297,12297,MRPL46,-0.3554752747003613,9.876122398516047,-0.6293941512351506,0.3961369976090157,2.5371965477380962e-08,0.05573911410171231,3.1006202732092814e-07
12298,12298,MRPL47,-0.3442008364451439,9.643390908458274,-0.47241413745304706,0.2231751172655064,8.101749564042829e-05,0.08155578172932622,0.0003610689170803611
12299,12299,MRPL48,-0.2407009659300329,9.127731977207912,-0.378019880371294,0.14289902995592746,0.0020720650420275612,0.07486577786574118,0.006482312696490441
12300,12300,MRPL49,-0.22359562235994285,9.173688569994287,-0.2766549476802885,0.07653796007598318,0.026897172250200337,0.09863670004126954,0.061799285419425816
12301,12301,MRPL50,-0.25374724694540746,8.652959929658152,-0.6374120402248376,0.4062941090235899,1.4820545215686476e-08,0.0389556908522196,2.0058681665355664e-07
12302,12302,MRPL51,-0.5555787636595441,12.718111720685195,-0.687109626269356,0.4721196385120141,3.616401120596962e-10,0.07460905031874042,9.492505002003298e-09
12303,12303,MRPL52,-0.3783225075862223,9.601906612247738,-0.6425967470601629,0.412930579332303,1.0381262423197852e-08,0.057289171519431435,1.4937291546468405e-07
12304,12304,MRPL54,-0.3706288828982348,10.322041266927444,-0.4703994851121514,0.2212756755937771,8.77210150631903e-05,0.08830157469580754,0.0003870412757117738
12305,12305,MRPL55,-0.4626253358104458,9.874223197409718,-0.4002866457365298,0.16022939875500208,0.0010477887946593596,0.1345063539437372,0.0035408655350106792
12306,12306,MRPL57,-0.3898323741089309,10.316285919656492,-0.5917675498091394,0.35018883300711223,2.6087492766048433e-07,0.06744107694328079,2.270754336014033e-06
12307,12307,MRPL9,-0.4373762494623704,10.728617892016619,-0.7383265437438249,0.5451260851967021,3.34866911794838e-12,0.0507406919657848,2.4834051283963074e-10
12308,12308,MRPS10,-0.2852537725397261,9.349678844947167,-0.5424140029153827,0.29421295055868874,3.660425445781505e-06,0.05611015932552345,2.3076131885996648e-05
12309,12309,MRPS11,-0.3048027310714231,8.958966980605787,-0.23719873925839505,0.05626324190577208,0.059130718435731776,0.15853898315674447,0.12049267975211927
12310,12310,MRPS12,-0.3748888729497543,9.330281266001668,-0.4745400170551651,0.2251882277867164,7.445841230248665e-05,0.08831449082659673,0.000335217654555166
12311,12311,MRPS14,-0.036412701724413035,7.295063298349957,-0.045752301569247485,0.002093273098883366,0.7196006474989118,0.1009692401209424,0.8153566752468219
12312,12312,MRPS15,-0.4022811464876493,9.940906422869569,-0.5641513333761244,0.3182667269500591,1.2054064598436414e-06,0.07477311284932889,8.669238421758237e-06
12313,12313,MRPS16,-0.28891855404243605,9.440078764894226,-0.3770842108269176,0.14219250205495926,0.002130121250484481,0.09012310765708877,0.0066332723151051815
12314,12314,MRPS17,-0.25316999582491995,9.10451038878615,-0.6533275437432499,0.4268368794135881,4.861794581106592e-09,0.037258429167295576,7.93384790157221e-08
12315,12315,MRPS18A,-0.20359452833388736,8.675474220121902,-0.2381881673316195,0.05673360305679556,0.05804914974207261,0.10543074031554996,0.11859003185514928
12316,12316,MRPS18B,-0.3615898746019317,10.23929340674315,-0.5298760098100711,0.28076858577224256,6.711073609948526e-06,0.07349883963550204,3.963138778931969e-05
12317,12317,MRPS18C,-0.4648330239913152,9.492892618392716,-0.33945921235237475,0.11523255685089465,0.006066827245813919,0.16357920669170115,0.016834590467465455
12318,12318,MRPS2,-0.3112245124229201,9.37047204380622,-0.7291518700038105,0.5316624495300538,8.369750795585432e-12,0.0370970560834939,4.744684646031479e-10
12319,12319,MRPS21,0.05252896791319881,6.579324828803553,0.25450687611287265,0.0647737499887331,0.042409623153522,0.025349059271437983,0.09123588211697983
12320,12320,MRPS22,-0.2546084171045123,9.295168945713637,-0.2786789813996141,0.07766197467392644,0.0257561992461039,0.11143400883664696,0.05955055463104633
12321,12321,MRPS23,-0.352491747112366,9.385108569293896,-0.6979544710734806,0.4871404436914621,1.4562555023910074e-10,0.04593304546069321,4.524420789709794e-09
12322,12322,MRPS25,-0.19358839757350413,8.34725204551171,-0.27014621786432524,0.07297897902639948,0.03085873824058138,0.08762527212330147,0.06960170571813247
12323,12323,MRPS26,-0.5119990272277463,10.242814520560868,-0.5378407836945075,0.289272708605122,4.5791089682307625e-06,0.10192273198919738,2.8176285579674264e-05
12324,12324,MRPS27,-0.6108903357521263,10.760809526703953,-0.662303055086834,0.4386453367773538,2.51764001690276e-09,0.08776660897460169,4.562300800504542e-08
12325,12325,MRPS28,-0.2251065863496509,9.05692734019017,-0.5081650636615632,0.2582317319261606,1.813750082295624e-05,0.048453112339709135,9.530880376634733e-05
12326,12326,MRPS30,-0.2033379627655412,8.499687936087179,-0.32389920899942,0.10491069759044996,0.009029959567981888,0.07543031463763479,0.023938994906644907
12327,12327,MRPS31,-0.5111556422244907,10.676263400373456,-0.4903135339899109,0.24040736161367546,3.910082156265667e-05,0.11539149675228302,0.0001898919692620162
12328,12328,MRPS33,-0.28158310675822296,9.84508411162874,-0.3970256885242359,0.15762939734814355,0.0011612588784423686,0.08266920193380872,0.0038741428150777216
12329,12329,MRPS34,-0.3403007072280583,9.829619333437003,-0.5067696196678585,0.25681544741830603,1.9289998293297163e-05,0.0735198771164734,0.00010075371756906659
12330,12330,MRPS35,-0.3795710770252451,10.838641079628141,-0.5941115706461365,0.35296855837561925,2.275804507048471e-07,0.06526674431135535,2.024755406743412e-06
12331,12331,MRPS36,0.020343240329686558,6.833419819961376,0.02145491713792895,0.0004603134693953973,0.8663663215115498,0.12039195438658518,0.9173714093361014
12332,12332,MRPS5,-0.14980824281664495,7.910740962455683,-0.09683506060224516,0.009377028961840495,0.4465354552631682,0.19555162703266551,0.5863987768946652
12333,12333,MRPS6,-0.03697710853217803,7.3630171430831055,-0.036264978145226494,0.0013151486398737553,0.7760307753250365,0.12940883107146686,0.8549090115309389
12334,12334,MRPS7,-0.2307716569624994,9.083287993153467,-0.2752237880031663,0.07574813348281181,0.027729378859308595,0.10237545002087296,0.06342202146158932
12335,12335,MRPS9,-0.29279330397903736,9.426012531594367,-0.3900898332744489,0.1521700780240873,0.0014401997687363158,0.08777180587947905,0.0046849220357495745
12336,12336,MRRF,-0.3067422289939955,9.330295704573237,-0.5473253480023554,0.2995650365658995,2.8673978358326784e-06,0.0595684186001006,1.8590868303879237e-05
12337,12337,MRS2,-0.11219683050410058,7.654324708950367,-0.14926028719682682,0.022278633334079225,0.23913332240065024,0.09439478984740247,0.3699672856030636
12338,12338,MRTO4,-0.26419887150294025,8.736640028077101,-0.6168694444575015,0.3805279115053065,5.702108150994296e-08,0.04281073915938925,6.204982513054345e-07
12339,12339,MRVI1,0.2599195209422494,5.504244253791082,0.5810326063431281,0.3375988896338885,4.8094714876585e-07,0.04623842944763824,3.886160636762866e-06
12340,12340,MRVI1-AS1,0.060612778864234586,6.674278175168678,0.07908640837178108,0.006254659989148125,0.5344709287241454,0.09702955733719258,0.6655913486411736
12341,12341,MS4A1,0.07245043334797062,6.677608835774733,0.5018243381745461,0.2518276663843212,2.3944773659590178e-05,0.01585967357817393,0.0001225825233093204
12342,12342,MS4A12,0.05296056836978751,6.514900301844097,0.8077038080962464,0.6523854416131779,7.366000853439505e-16,0.004909685127687473,4.833659044885834e-13
12343,12343,MS4A14,0.3593625562749424,5.722342034654628,0.33966551110075394,0.1153726594313364,0.006034113950400906,0.12637632039617755,0.01675240225588867
12344,12344,MS4A15,0.11012436256385623,6.6290690631090365,0.1114957290660329,0.012431297599966216,0.380418670186808,0.12465594349346247,0.5233777829031339
12345,12345,MS4A2,0.3821661535300274,5.603052942370479,0.5757948455450081,0.33153970415619977,6.431316326823565e-07,0.06891700761700484,4.991761830013058e-06
12346,12346,MS4A3,0.6196130097093837,4.974523886266547,0.2811587913812285,0.07905026597095315,0.02441421409577333,0.2685907047530961,0.056885066305570414
12347,12347,MS4A4A,0.17984582615642147,5.808311361959268,0.6769975781700123,0.4583257208480619,8.158311991299334e-10,0.02483055978029589,1.8114619534704677e-08
12348,12348,MS4A5,0.05364888304918513,6.799367347832152,0.05565689368171013,0.003097689814297185,0.6622430596316079,0.12222841417280465,0.7700624741621902
12349,12349,MS4A6A,0.2457045671743541,5.373232566411789,0.6994556010317622,0.4892381378147037,1.2799125397023099e-10,0.031883534744079706,4.064003819245384e-09
12350,12350,MS4A6E,0.14102694324080484,6.5518932070874225,0.10025003250686544,0.010050069017627578,0.4305902583287142,0.17775766657977538,0.5716342057935232
12351,12351,MS4A7,0.15192718775315697,5.98481413557199,0.6699570429365472,0.44884243938028257,1.4109676216814374e-09,0.02138112644149323,2.809792041992173e-08
12352,12352,MS4A8,0.14671869215774974,6.046764129779106,0.7139495633485712,0.5097239790056155,3.529232124381065e-11,0.01827436926732617,1.4392753607056866e-09
12353,12353,MSANTD1,-0.14099409268989546,7.553025690120434,-0.12607202940874082,0.015894156599238412,0.3208728479234042,0.14089878037608294,0.46209360389581156
12354,12354,MSANTD2,0.05593624741179483,6.6952460403604235,0.14546831274529662,0.021161030012963426,0.2514133727784939,0.04831530293596577,0.38394616273048554
12355,12355,MSANTD3,-0.35369042995518224,9.318850957839107,-0.7024138136152596,0.4933851655575326,9.90144217149e-11,0.04551697290018159,3.3088847256730857e-09
12356,12356,MSANTD4,-0.051372870915265115,7.250574819907682,-0.0619805357770236,0.0038415868152069017,0.6265844801927987,0.10506229157753684,0.7408712043766311
12357,12357,MSC,0.11279769429989403,6.464763477763128,0.1532790269208459,0.02349446009380141,0.2265763561847992,0.0923546993042901,0.3547473785830256
12358,12358,MSH2,-0.1986079278555713,8.446305434109554,-0.6187339459992054,0.3828316959317476,5.0659263593016645e-08,0.03202569762132919,5.599930337451635e-07
12359,12359,MSH3,-0.2636940883967286,8.585421377123275,-0.3440297030717132,0.11835643659561115,0.005377462770033643,0.09140188007362254,0.015135034609446133
12360,12360,MSH4,-0.031885628559337645,7.115736170318114,-0.02331085169849939,0.0005433958069094321,0.8549266165522866,0.17366926547562286,0.9093936477767839
12361,12361,MSH6,-0.2972631989759621,8.87762263861617,-0.5992227894682596,0.3590679514181221,1.6834044264519643e-07,0.05043859430032999,1.5532221071502891e-06
12362,12362,MSI1,0.21292059404467,6.055489647839879,0.2203005119071509,0.04853231554655272,0.08025145392723243,0.11973009838850635,0.15530341687169064
12363,12363,MSI2,-0.3625376207546207,9.303948437747193,-0.6787954563130849,0.4607632715112893,7.076189224274607e-10,0.04980902510372855,1.6198190026603235e-08
12364,12364,MSL1,-0.13898234929558168,8.066120277533766,-0.11678801233176195,0.013639439824403785,0.3580746777070951,0.15010093102145902,0.5006849064213305
12365,12365,MSL2,-0.07878875482644505,7.561499863400132,-0.1390184596710423,0.01932613212930921,0.2732721344003068,0.07127844578188819,0.4100691615576636
12366,12366,MSL3,-0.4245804643606828,9.28540257449821,-0.2696500460850005,0.07271114735364287,0.03117979971698514,0.1925622640792975,0.07020155571546197
12367,12367,MSLN,-0.10772793630878294,7.6267794268459,-0.6716558948508206,0.4511216410878565,1.2379349439358635e-09,0.015091198055855638,2.5385872358836292e-08
12368,12368,MSMB,-0.6176452770888841,8.987654182845864,-0.2795117302000337,0.07812680731941644,0.025298769548186814,0.2694504012795964,0.05861810984014396
12369,12369,MSMO1,-0.08238539848887824,7.81600993345255,-0.23087584519312915,0.053303655893641735,0.06643346778288302,0.044094178270884216,0.13266211301282785
12370,12370,MSN,0.08076222343322319,6.5091869674797,0.12314823550875817,0.015165487908920569,0.33231310997446306,0.08265437727383967,0.474373130949044
12371,12371,MSR1,0.4724127154709894,5.165374715753039,0.5439005889736802,0.2958278506859162,3.401030953324957e-06,0.09256474879796824,2.1534890436915775e-05
12372,12372,MSRA,0.5173964983694335,4.166722100316504,0.4356711255466781,0.18980932963510935,0.0003204104795898952,0.13575707796705164,0.0012224258166876642
12373,12373,MSRB1,-0.07818244878139803,7.706982128374492,-0.09354166753385876,0.008750043565014966,0.4622185844134558,0.10568172834505034,0.6008619567047803
12374,12374,MSRB2,-0.039072658569937316,7.276267523030598,-0.04707221724702937,0.0022157936365515287,0.7118589950812438,0.10530058280676388,0.809202442965057
12375,12375,MSRB3,0.3770328238737867,5.004324306916661,0.6776625079267218,0.4592264746495343,7.74094798752008e-10,0.05196100809489894,1.7389027870305743e-08
12376,12376,MSS51,0.08239868488206266,6.7332488626277875,0.053559612040584834,0.0028686320419379603,0.6742415542762932,0.1951026652560501,0.7799103070270353
12377,12377,MST1,0.09154637707189786,6.417448976321062,0.27539723974454755,0.0758436396589158,0.027627378755928158,0.04058433764122182,0.06322211634361452
12378,12378,MST1L,0.16636609694977514,6.419620736686465,0.4530795885817879,0.2052811135894422,0.0001702999228980589,0.04157203198366394,0.0006959517869219651
12379,12379,MST1R,-0.21353069916672754,8.605862768678845,-0.4730593851781743,0.22378518190515226,7.89724687432693e-05,0.05050562838784132,0.0003527534675403252
12380,12380,MST4,-0.05430628012432838,7.4120632875372445,-0.12833555578320388,0.016470014878183836,0.3121906667090313,0.05329678566046301,0.4525092963577023
12381,12381,MSTN,0.1413778280159273,6.631882644111178,0.06266420048336159,0.003926802022218935,0.6227779960488073,0.2859641458700633,0.7380428777123036
12382,12382,MSTO1,-0.3558638309911249,9.001971808328546,-0.6166358570824575,0.38023978023981697,5.7869323389452766e-08,0.05769937094117944,6.275213810709062e-07
12383,12383,MSX1,-0.18130228028690107,7.847616387568495,-0.6560401790511051,0.4303887165294061,3.9941786060777186e-09,0.02648904340643412,6.725811641882815e-08
12384,12384,MSX2,-0.14031971892535688,7.616164055810278,-0.6460634544836609,0.4173979872193613,8.151383136096477e-09,0.021053954325965428,1.2173669090494429e-07
12385,12385,MT1E,0.11901209120580054,5.663378113935599,0.52115618174119,0.2716037657670563,1.0087419574338208e-05,0.02475205116181563,5.678270623402493e-05
12386,12386,MT1F,0.10530285257920534,5.908520950993159,0.5925494499343971,0.3511148506175565,2.4928986121562944e-07,0.01818040733559428,2.1829243609480206e-06
12387,12387,MT1G,0.15910665174673347,5.760116125797259,0.6009240518789493,0.3611097161266141,1.5208806755033442e-07,0.026877325233407152,1.4303773525909024e-06
12388,12388,MT1H,0.10971212134479437,5.828425165941115,0.5676917289622518,0.3222738991321508,9.983395426531972e-07,0.020205672372347768,7.358421646070451e-06
12389,12389,MT1HL1,0.11354986734449456,5.682210159056367,0.5173277592438691,0.2676280104842826,1.202140896204362e-05,0.0238556286966692,6.630759324326403e-05
12390,12390,MT1M,0.060930009677571124,6.49360341730748,0.6155923957229252,0.3789539976718906,6.180619818425418e-08,0.009906130414722266,6.615982311814258e-07
12391,12391,MT1X,0.11390667649062908,5.816436494476213,0.5737950023039353,0.32924070466897315,7.176448340247528e-07,0.02064809189183443,5.51085066695249e-06
12392,12392,MT2A,0.13676751306234286,5.431923110800805,0.6345232172586456,0.4026197132402624,1.802040464675862e-08,0.0211575332023,2.3507943531660114e-07
12393,12393,MT3,0.3022247305114918,5.175553885669215,0.4133371803938193,0.1708476246959127,0.000687052656014597,0.08455647237594391,0.0024263087517932317
12394,12394,MT4,0.08278707618465665,6.621731189668622,0.0845316069712016,0.0071455925771336986,0.5066169390176726,0.12393396918772373,0.641416616839786
12395,12395,MTA1,-0.41703157875376906,9.536892716380581,-0.6831310802412115,0.4666680727915246,4.999975206439048e-10,0.05661973652849914,1.2331943404947335e-08
12396,12396,MTA2,0.044420797717734266,6.80552725980741,0.0712378730476452,0.005074834556352414,0.5759009550846508,0.07899048355150266,0.700153558407709
12397,12397,MTA3,-0.5319137191943708,10.371751702521912,-0.4748663912050813,0.2254980894961373,7.349594898424542e-05,0.12519447417425136,0.0003312367577789834
12398,12398,MTAP,-0.4171747826917194,9.041442707736913,-0.5619097902518121,0.3157426123808353,1.3566562877413688e-06,0.07799474673872996,9.607060794976893e-06
12399,12399,MTBP,-0.7758567048731267,9.701808275059818,-0.3882589813729061,0.1507450366167266,0.0015232418231768993,0.23387468142516146,0.004926194994160058
12400,12400,MTCH1,-0.369516171774441,10.91948752844139,-0.2723233486146169,0.07416000620067817,0.029482506913408982,0.16581380870336462,0.06690879136552835
12401,12401,MTCH2,0.01461904090181391,6.876461651290524,0.018113291117712548,0.0003280913151150043,0.8870310717777116,0.10248360961267526,0.9304310307204722
12402,12402,MTCL1,-0.10676710414116164,7.528758944482551,-0.41165428706632495,0.16945925206008428,0.0007261751764112762,0.030018531885101406,0.002547023557691316
12403,12403,MTCP1,-0.3475632964901088,8.261885313543356,-0.3007520402769991,0.09045178973077768,0.015744250536575848,0.13997237850658048,0.03885818843965694
12404,12404,MTDH,-0.2859306206244316,9.346158781146855,-0.3074499951502438,0.09452549951788493,0.013462261605175193,0.11239019995168492,0.033851053769167305
12405,12405,MTERF1,0.10422889762070864,6.443667967877393,0.13302988719305686,0.017696950886597427,0.2946708020343976,0.0986201872902554,0.4332981594604803
12406,12406,MTERF2,-0.22503615069013289,8.57588284533597,-0.6565974116808645,0.43112016102601053,3.835163605237636e-09,0.03282974811900348,6.498471664430438e-08
12407,12407,MTERF3,-0.21477423705692286,8.658606495614848,-0.6411539124543822,0.4110783394555617,1.1470157941008133e-08,0.032647716266597016,1.6223792959668916e-07
12408,12408,MTERF4,-0.03026926518538729,7.198782512954461,-0.021528692804578708,0.00046348461387391926,0.8659110415322957,0.1785203398314278,0.9170238460671881
12409,12409,MTF1,0.5417908360756121,3.3081430606400977,0.5523194082364627,0.3050567287146764,2.228031954011621e-06,0.10385327177881414,1.475474983612283e-05
12410,12410,MTF2,-0.2799830965036311,8.879395309514521,-0.3779237163042392,0.14282633534520708,0.002077965827940459,0.0871096423813747,0.006495142898968048
12411,12411,MTFMT,-0.22346700140213469,8.512056213263692,-0.5121972699943873,0.2623460433897033,1.5156744711739606e-05,0.04758900619036524,8.130277600513282e-05
12412,12412,MTFP1,-0.2460604863067539,8.892137840470065,-0.3600410225088141,0.12962953788919238,0.0034751729415051107,0.08097409796864524,0.01027650826823613
12413,12413,MTFR1,-0.30925171858597633,9.062673002759073,-0.5777466909914063,0.3337912389515195,5.774672761205822e-07,0.05548607187164194,4.5423370375558324e-06
12414,12414,MTFR1L,0.1870391083988595,5.649483483625684,0.2585892219007913,0.06686838568325666,0.03909591293406983,0.08873554299639921,0.08514754043923184
12415,12415,MTFR2,-0.2798744600067939,8.353860132377543,-0.6281561693076275,0.3945801730392328,2.7530433841430802e-08,0.04402791448179082,3.3047203150564524e-07
12416,12416,MTG1,-0.3418999031823886,9.583090763156193,-0.5352369513952305,0.28647859413886034,5.194194996929508e-06,0.06852681514422275,3.1489443633401034e-05
12417,12417,MTG2,-0.34479861389205696,8.846288195752575,-0.22403988076549566,0.05019386817341754,0.07512634285966625,0.1904854543587768,0.14696124251364703
12418,12418,MTHFD1,-0.21566397860061826,9.011526378275086,-0.6426787333343105,0.41303595428019374,1.0322426724776872e-08,0.03265078211659842,1.4892215238177428e-07
12419,12419,MTHFD1L,-0.16070724750530874,7.585645444617988,-0.12681390710944246,0.016081767036362292,0.3180104418507887,0.15964386702453556,0.4588563511646342
12420,12420,MTHFD2,-0.21649714133197184,8.525007296382169,-0.650452670922843,0.4230886771106603,5.9750170584450486e-09,0.03210666166483827,9.423816052485618e-08
12421,12421,MTHFD2L,-0.4248775245331846,8.758913630111621,-0.3836950511491238,0.1472218922763287,0.0017492825355476624,0.12986727772256512,0.0055596924747610505
12422,12422,MTHFR,0.3696487599654945,4.899467766492238,0.3591553015589676,0.12899253063791294,0.0035621857757462227,0.12198939207481345,0.010493692419233364
12423,12423,MTHFSD,-0.16649597647691264,7.714782607966018,-0.07467225992159822,0.0055759464017987245,0.5575906863312651,0.28238031164791605,0.6854690257370867
12424,12424,MTIF2,-0.36217701513567774,10.38683093125288,-0.4772039622526804,0.2277236215896576,6.69309076110648e-05,0.08470467395359184,0.0003051987374852828
12425,12425,MTIF3,-0.6217458641587651,10.470600265028768,-0.4803454907487469,0.2307317904826545,5.895874373672711e-05,0.1441790749708418,0.00027275188968571367
12426,12426,MTL5,-0.3562706851166125,8.563701183024909,-0.3978371391907621,0.15827438931948984,0.0011320331757788727,0.1043432096281344,0.003789484993274307
12427,12427,MTM1,0.22768693739157006,5.58465907057968,0.7132187488505874,0.5086809837119973,3.773201973343603e-11,0.02841851015888085,1.518748861203638e-09
12428,12428,MTMR1,-0.3660253256959427,9.444763316542273,-0.4160774839443346,0.173120472645448,0.000627420176081215,0.10159262831164258,0.002240004548160137
12429,12429,MTMR10,0.3288116124714537,5.01713871152349,0.24663234141893786,0.060827511833787526,0.04945642463874796,0.16408691775276776,0.10366652555919922
12430,12430,MTMR11,0.15290695853806718,5.64856389284279,0.3933073784726121,0.15469069396099855,0.001304069141653955,0.04539490758790562,0.004294345690771958
12431,12431,MTMR12,-0.16266275527560795,8.158823035247076,-0.202964274983358,0.04119449691952015,0.10772505429867373,0.09966391356262476,0.19742603680075996
12432,12432,MTMR14,0.2678836665745713,5.220036220575619,0.1666819941159386,0.027782887162465787,0.1880381006102937,0.20125344947290527,0.3069474648511918
12433,12433,MTMR2,-0.190590267083476,8.45816734651266,-0.3121597417311543,0.09744370435766096,0.012033780578054421,0.07366566795629588,0.030730131888887794
12434,12434,MTMR3,0.3356826147479497,4.951463551721171,0.27133375886026845,0.07362200869724231,0.030101535394418608,0.15122489362820316,0.06807108907332236
12435,12435,MTMR4,0.11807245471568616,6.104489429365652,0.16853591943898413,0.02840435614114375,0.1831038169094152,0.08770069850163874,0.3004961762191378
12436,12436,MTMR6,-0.3180962641292072,8.836866867194233,-0.4012132784015584,0.16097209476572635,0.0010174244227912131,0.09223072629919007,0.0034492668790562678
12437,12437,MTMR7,-0.3761884680541447,8.244264225877247,-0.1998137420477689,0.03992553151113231,0.11341821246397593,0.23428082277202245,0.20571802007130294
12438,12438,MTMR9,0.3189979778622921,5.0732295726789225,0.4155454422328649,0.17267801456050724,0.0006386168302614237,0.0886769698986036,0.0022741732378410017
12439,12439,MTMR9LP,-0.10529802362323913,7.4993851852942495,-0.10669386173469468,0.011383580131862144,0.4013980292537418,0.12462318612387308,0.5435389146754489
12440,12440,MTNR1A,-0.07279427832347067,7.280743858298455,-0.06031592287790336,0.0036380105526131854,0.6358931621068618,0.15299526789812876,0.7488724399295242
12441,12441,MTNR1B,-0.08067135577027927,7.390394027507037,-0.08318610860779586,0.00691992866530801,0.513429655987787,0.122733985082399,0.6471287585364954
12442,12442,MTO1,-0.2941700713838684,9.027943420791237,-0.3779767500696887,0.1428664235932439,0.0020747097318212907,0.0915085784061854,0.006487774619868599
12443,12443,MTOR,0.16717487409355333,6.180981252714941,0.1271416804820088,0.016165006915789218,0.31675100053367483,0.16563356345652616,0.45743533955029864
12444,12444,MTPAP,-0.27713291566572823,9.1361231235122,-0.5317561793099297,0.2827646342342941,6.137377633782397e-06,0.05605451105644773,3.661292359767433e-05
12445,12445,MTPN,-0.031470027180911346,7.172550547670398,-0.03823500977645058,0.0014619159726052713,0.7642068073645296,0.10445335271544798,0.8473578296712181
12446,12446,MTR,-0.16867327904309726,8.139781633280478,-0.2759815614776461,0.07616582227563977,0.027286082142943882,0.07460490610178994,0.06258660192833913
12447,12447,MTRF1,-0.32670117330134724,8.496735879621799,-0.4136521291953838,0.1711080839878745,0.0006799468961138929,0.09132055397267266,0.002405137215835732
12448,12448,MTRF1L,0.8476490917253241,2.3827780457420324,0.5953544429133435,0.3544469126966576,2.1159342815129806e-07,0.1452816081569938,1.8973315472531508e-06
12449,12449,MTRR,-0.10042507810471014,7.755018656999613,-0.14772217444116914,0.021821840821627213,0.24406367555859435,0.0853905129638402,0.3757695623335486
12450,12450,MTSS1,-0.1780437068574342,8.040111447613064,-0.1680597187871381,0.028244069078811936,0.18436221237180694,0.13263121570185302,0.3019713871047182
12451,12451,MTSS1L,-0.028742036601934383,7.130188730805884,-0.015263227211262541,0.00023296610490262525,0.9047159349556992,0.2391248608200512,0.9418596976811531
12452,12452,MTTP,-0.3258237740186133,8.064383563074896,-0.1967519976435093,0.03871134857671151,0.1191697466024191,0.20620285886333745,0.21373371398669747
12453,12453,MTURN,-0.0891999394621083,7.491502938004405,-0.12572452861356068,0.01580665709510204,0.32221924917471445,0.08938999448414657,0.4634777708986012
12454,12454,MTUS1,0.3266678094663218,4.496675238527118,0.5948247942976385,0.3538165359112279,2.1827236238401165e-07,0.05606597158093224,1.948346252030409e-06
12455,12455,MTUS2,-0.4499732466477707,8.896617217394498,-0.3843218770673481,0.14770330519256986,0.0017165529138730025,0.13727490249045524,0.005470486144211901
12456,12456,MTUS2-AS1,0.06599815629966951,6.7403097416053805,0.06235664934144813,0.0038883517170923225,0.6244891593856423,0.1341551030307258,0.7391183431720073
12457,12457,MTX1,-0.27822232375578154,9.359013915917599,-0.4173938122101679,0.17421759447133686,0.0006004798933586617,0.07692773313832671,0.0021503873144835157
12458,12458,MTX2,-0.2492187168419091,9.17550808703398,-0.3518403564664951,0.12379163643847033,0.004357948196690384,0.08420596475990508,0.0125610765605391
12459,12459,MTX3,0.0464488072736142,6.744071328220897,0.0559170627154673,0.003126717902725503,0.6607604427460174,0.1053305494820676,0.7688751954682971
12460,12460,MUC1,-0.020889879185369317,7.184265340116345,-0.06436428323820413,0.004142760956767764,0.6133550422644154,0.041133312836529504,0.7309158837902221
12461,12461,MUC12,0.0889020363085628,6.202719016141195,0.5496107968826004,0.30207202804992705,2.556031137904595e-06,0.017161921474517217,1.6702128633471337e-05
12462,12462,MUC13,0.24327262502022,4.4388263755368635,0.4558555862186282,0.2078043154867292,0.00015348516084468162,0.060323475001533615,0.0006363624656503122
12463,12463,MUC15,-0.4660737422499956,8.47969455287715,-0.21587642049232897,0.046602628924580836,0.08666864107243277,0.2677260054501378,0.16544511833775843
12464,12464,MUC16,0.03778135899342031,6.882917073931347,0.0504958487753294,0.0025498307435409357,0.6919147878445684,0.09490119000851142,0.7932659248740679
12465,12465,MUC17,-0.03747474040477622,7.200674491669272,-0.10787326238242673,0.011636640737027878,0.3961834749648033,0.043861885167071464,0.5384943421379635
12466,12466,MUC19,0.06740880263490047,6.770614276198421,0.06379990068339181,0.0040704273272106585,0.6164764094227297,0.13391063815479798,0.733223301260461
12467,12467,MUC2,0.10372368261121036,5.8341204763790575,0.4158873974601889,0.17296232736620915,0.0006313998706655606,0.02880507225386405,0.0022521766099922115
12468,12468,MUC20,0.11295324977129027,6.170918715623101,0.2288074815109924,0.05235286359540312,0.06897385155322802,0.06103177378883552,0.1368293106802082
12469,12469,MUC3,0.16228777854634566,6.232221831848941,0.15763047679814662,0.02484736721561104,0.213505502836911,0.12911778892624515,0.33871514021489435
12470,12470,MUC3B,0.11750187029223814,6.110068383046689,0.17659521274342913,0.031185869163896988,0.16273995028189092,0.08317450802403664,0.2741663002453981
12471,12471,MUC4,0.07221189188969436,6.540290895540685,0.15851732228649235,0.025127741464879682,0.21090809235259592,0.0571228683774259,0.335725870324571
12472,12472,MUC5AC,-0.15001525896705706,7.834042939623622,-0.4552189026487101,0.20722424932869585,0.00015720103760684354,0.0372644299924756,0.0006496542880488925
12473,12473,MUC5B,0.057366217865622425,6.646376746673392,0.19172617883433046,0.036758927650413664,0.12909067347640302,0.03729464286870417,0.22795878122249916
12474,12474,MUC6,0.16125245779792688,6.242898938865267,0.1813769995496152,0.032897615965621116,0.15147382955772326,0.1110361798808248,0.25887189480486916
12475,12475,MUC7,-0.6553176037234765,9.251443256514744,-0.36740229305115785,0.13498444493924888,0.0028219589846820315,0.21068134674303726,0.008542007522125998
12476,12476,MUC8,0.15029564691343422,6.187325993184773,0.11610236965949597,0.013479760240550255,0.36092313425879896,0.1632910845000803,0.5035947469313332
12477,12477,MUCL1,-0.21500466399403628,8.026716438852546,-0.34413699414933313,0.11843027074213815,0.005362145047116419,0.07449875410231266,0.01510173637603148
12478,12478,MUL1,0.4887315515692522,3.3181741271441907,0.5936655034783899,0.3524387300202501,2.33590681211041e-07,0.08413431276800898,2.0697827634676925e-06
12479,12479,MUM1,0.1277777403359468,6.206332846327473,0.13269876514530035,0.017608962271087582,0.29588508956181764,0.1212089456061061,0.43463516581611455
12480,12480,MUM1L1,0.14344142656975006,6.545746432017051,0.2072312094020594,0.0429447741502402,0.10036954445492803,0.08599874013747884,0.18647070051230838
12481,12481,MURC,0.2538189893496808,6.202969329380026,0.14433728668108287,0.0208332523264571,0.2551577604815528,0.22099276567520035,0.38843172606172416
12482,12482,MUS81,-0.3449662582098221,9.574085808480051,-0.4436847128275526,0.19685612439686784,0.0002405341384631605,0.08849179078636851,0.0009461883321380092
12483,12483,MUSK,0.30881576032817204,5.885340165688393,0.2827320377075648,0.07993740514627183,0.02359385684866534,0.13305686165468758,0.05531514174003882
12484,12484,MUT,0.294827253147782,4.482095278527384,0.4415198037036905,0.1949397370625454,0.0002600893234630729,0.07609143752220401,0.001014086118039763
12485,12485,MUTYH,-0.3484079393362101,9.790688172733216,-0.5209428789179916,0.2713814830953653,1.0187052203362534e-05,0.07250236852493742,5.7313747847185164e-05
12486,12486,MVB12A,-0.08052570458941857,7.632145906046229,-0.1809739120328161,0.032751556836461464,0.15240053625842773,0.055576569226525055,0.26011854099978393
12487,12487,MVB12B,0.5845926039808174,3.810915133017475,0.44484555131204,0.1978875645221128,0.00023061171067324468,0.14947406475482147,0.0009121272318957285
12488,12488,MVD,-0.17600131108062497,8.149483887575322,-0.2689481355825263,0.07233309963331694,0.0316387620821637,0.08004745907411816,0.07107971707534547
12489,12489,MVK,-0.15983561821789866,7.94572817541852,-0.12876483073498016,0.01658038163420809,0.3105613029229584,0.1563327232017911,0.45078121957213385
12490,12490,MVP,0.3313505483158192,3.72437035588596,0.43951458568980606,0.19317307103408185,0.000279488010231808,0.08600203925360868,0.0010842552600447515
12491,12491,MX1,0.02622897332157988,6.826883551440481,0.11724656840939528,0.013746757803779007,0.3561773600227401,0.02821496578805732,0.4988694606618225
12492,12492,MX2,0.03508206738937738,6.802554560209957,0.10769991063527933,0.011599270750847152,0.3969474136767659,0.041128277331167286,0.5390290489227043
12493,12493,MXD1,0.16739336528863738,5.680173442316527,0.6888754341233879,0.4745493637386864,3.126935517316677e-10,0.02237008628264179,8.474817099811344e-09
12494,12494,MXD3,-0.3490534341260285,9.481386744773273,-0.3915258306340684,0.15329247605369722,0.0013779401311959025,0.10418431970822767,0.004512217381074742
12495,12495,MXI1,0.1882321088135356,5.043444958920733,0.7316270903982691,0.5352781994046371,6.561117430053193e-12,0.022274327875259844,3.95768796511983e-10
12496,12496,MXRA5,0.14263678165194155,6.039373939270263,0.6235664670133849,0.3888351387835549,3.7146957658690385e-08,0.022710783764685244,4.273663383093014e-07
12497,12497,MXRA7,0.12848014867498073,6.22461563075484,0.17104770390576535,0.029257317011434383,0.1765689019212411,0.09398856087950112,0.2919443432011805
12498,12498,MXRA8,0.29073673930226196,5.1022668046796325,0.6200204527162197,0.3844253617864261,4.6667325519122166e-08,0.04672382772950672,5.219942841511315e-07
12499,12499,MYADM,0.059475030323859875,6.531140040453594,0.11689276598722402,0.013663918740143915,0.3576407041168476,0.06417467120797032,0.5002719105775038
12500,12500,MYADML2,-0.19696161931233735,7.874072738204213,-0.19298401024509354,0.03724282821027837,0.1265509203181895,0.1271811699380215,0.22433367546581484
12501,12501,MYB,-0.32028385224566674,9.21374732723293,-0.5057833846150724,0.2558168321526783,2.014515783246921e-05,0.06937684753164458,0.00010461472250890185
12502,12502,MYBBP1A,-0.4742030140603398,9.901734608112656,-0.71696566350139,0.5140397626399884,2.672492195839857e-11,0.05855587511441478,1.155146077862517e-09
12503,12503,MYBL1,0.0937744944338544,6.603303941743051,0.11436901841211528,0.013080272372550763,0.36818583721197184,0.10344783548703852,0.5114545066922349
12504,12504,MYBL2,-0.2614689141212333,8.83029227136475,-0.6505345722077742,0.4231952296375518,5.940203796114941e-09,0.03876754132200614,9.38942432152329e-08
12505,12505,MYBPC1,0.11851491966767964,6.528492189402634,0.14521706164070378,0.021087994991559958,0.25224191873081003,0.10254898450894548,0.3850438997555453
12506,12506,MYBPC2,0.14549434246018422,6.451123987847282,0.18134925557082965,0.03288755249609409,0.1515374790503212,0.10020121109942616,0.25892629055604494
12507,12507,MYBPC3,0.21938987341793595,5.589016312959446,0.258651238860557,0.06690046336410092,0.03904727686627574,0.1040567258822168,0.08506728174438642
12508,12508,MYBPH,0.2031173515870666,6.138562411862821,0.1876308723145605,0.0352053442455229,0.1376276153726509,0.1350405901972538,0.2397155784128128
12509,12509,MYC,-0.19180251986178212,8.971587119605498,-0.7897144125945645,0.6236488534595781,8.828923626754284e-15,0.018922783537100682,2.8535871811546868e-12
12510,12510,MYCBP2,0.08197014789832706,6.3686815953476525,0.10297375006123424,0.010603593201673535,0.4181071725834292,0.10055843582331646,0.559206399993463
12511,12511,MYCBPAP,0.044467242228966114,6.839122826613803,0.04143104211962143,0.0017165312511178445,0.7451391649610621,0.13619006709832945,0.8342915715777908
12512,12512,MYCL,-0.5103723315118049,10.216693938214394,-0.5986164992895092,0.358341713221627,1.7451812799702124e-07,0.08673502306531193,1.6013517210913116e-06
12513,12513,MYCN,-0.15908333446062667,7.73302195636157,-0.12027785317195795,0.014466761963655072,0.3437911958755434,0.16675497929173402,0.48623854396740207
12514,12514,MYCNOS,0.15972873708060042,6.407800936085094,0.12777730888498345,0.016327040665888463,0.31431776342581674,0.15745586510429951,0.45486174598944545
12515,12515,MYCT1,0.597865517594089,4.701144186687053,0.5262802986114007,0.2769709527065051,7.950030170613563e-06,0.1226784898461515,4.58598570443891e-05
12516,12516,MYD88,0.3895485312361872,3.1279963966588498,0.4141375064148994,0.17150987421955086,0.0006691263919287722,0.10873386627300156,0.002369932615228265
12517,12517,MYEF2,0.02225528788857524,6.923225410021707,0.03322607187661158,0.0011039718523497587,0.7943688688173101,0.08501949377146531,0.8676952259389079
12518,12518,MYEOV,-0.16675201125779554,7.9463011196555025,-0.4976955776652549,0.24770088802755175,2.8607739169696607e-05,0.03690682867985527,0.0001436683427430038
12519,12519,MYEOV2,-0.5977237774611415,10.94253351100734,-0.4264661952496823,0.18187341569074014,0.00044158083573480136,0.16100165062277275,0.0016312577614870562
12520,12520,MYF5,0.157305309035953,6.498675359341863,0.15099744259580786,0.02280022767047428,0.23364787487542565,0.1307885190687686,0.363454114677634
12521,12521,MYF6,-0.06073110482216822,7.2666327562851825,-0.08027956288076066,0.006444808216326005,0.5283036757671853,0.0957648949461717,0.6601128670439327
12522,12522,MYH1,0.3456701788962495,5.949793704392617,0.24218383349220102,0.058653009204978124,0.053843390743056274,0.17587163039361972,0.11129998344223783
12523,12523,MYH10,0.2061370753112034,6.0017799556484155,0.4102284248366189,0.1682873605439335,0.0007608900748740027,0.058199756346474264,0.0026554511799188603
12524,12524,MYH11,0.2176120195637368,5.691410609304001,0.6945993469717299,0.4824682528135536,1.9377599159190064e-10,0.02862339620323253,5.700223704972462e-09
12525,12525,MYH13,0.11055914684329377,6.5502585953308525,0.18746756460619307,0.03514408777937717,0.1379766366324108,0.07357053727369504,0.24023569520306057
12526,12526,MYH14,-0.015035384115018341,7.12242500865723,-0.01975819563076141,0.00039038629458343946,0.8768486725268473,0.09662435633922203,0.9241267074044274
12527,12527,MYH15,0.2487421460748529,6.115267607211175,0.2257234399403165,0.05095107133848967,0.07290567147368306,0.13633933573516716,0.14332930692352308
12528,12528,MYH16,0.018694071272942595,6.953312755815669,0.020862037582714654,0.0004352246121025987,0.8700266227390259,0.11377760758245635,0.9194716371181647
12529,12529,MYH2,-0.06522233393828945,7.243045107340528,-0.0528359417182163,0.00279163673725075,0.6784006715116846,0.15655393731767925,0.7829229664029806
12530,12530,MYH3,0.01460877869875901,6.963936372602433,0.012918097281612558,0.00016687723737720576,0.919302690703185,0.14360953460034162,0.9514648839639378
12531,12531,MYH4,-0.2179669120423285,7.75656277889627,-0.17834692559285065,0.031807625868421806,0.15854338885546754,0.15272492776841975,0.2684539123985573
12532,12532,MYH6,0.07200207610781396,6.7252880737772465,0.07849152684513454,0.006160919786480476,0.5375589752586575,0.1161406981173614,0.6680922640740489
12533,12533,MYH7,-0.15095106230118996,7.6832806636173245,-0.15006257831367809,0.02251877741014877,0.2365889996635959,0.12630546339475238,0.36700105929191756
12534,12534,MYH7B,-0.10283313958647912,7.442253914342825,-0.07208887509057628,0.005196805911824709,0.5713381591703783,0.18069144356173356,0.6965224250877973
12535,12535,MYH8,-0.002732416291318207,7.0250480402818605,-0.0016139500261397315,2.60483468687644e-06,0.9899013443086556,0.2150108481879495,0.9940326274520722
12536,12536,MYH9,0.05098135611185188,6.54808881211725,0.07390892812684048,0.005462529656858472,0.5616363633649383,0.08736333614310622,0.6890394566125283
12537,12537,MYL1,-0.024458750007462636,7.112041846614937,-0.02699203564456291,0.0007285699882373546,0.8323263507248025,0.11503884428830632,0.8947146748545842
12538,12538,MYL10,0.3255577243726892,5.16631421598429,0.3744720640331903,0.14022932674127775,0.002299975877000813,0.10237738883422737,0.007111076187386151
12539,12539,MYL12A,0.3433133304892522,4.935076619732079,0.31863614522051953,0.101528993040992,0.010284526958947904,0.12970353609954813,0.02684564022372431
12540,12540,MYL12B,0.5332702562874977,0.6191207838388424,0.4469874633509744,0.19979779239293868,0.00021328075407299547,0.13553643127317655,0.0008502567616809125
12541,12541,MYL2,-0.19332184329248514,7.741990226026631,-0.18536924120315196,0.034361755584232316,0.14252057401809767,0.1301531367854871,0.24664613045328102
12542,12542,MYL3,0.10992167129578484,6.437899185674065,0.09571153115137147,0.009160697195339951,0.45185221631384903,0.14518602894454044,0.5910813307182979
12543,12543,MYL4,-0.20990476784310266,7.969964227130077,-0.13543561532326392,0.018342805897991126,0.2859464769335405,0.19501746206200726,0.4240632076425024
12544,12544,MYL5,0.1151253255289361,6.303753599922934,0.14449022751595006,0.020877425847611004,0.2546492333379286,0.10012789437573902,0.387848441970238
12545,12545,MYL6,0.4884696595379591,2.5107087991104318,0.4171991045203176,0.17405509281255485,0.0006043974857383379,0.13513689029206075,0.0021633433972997867
12546,12546,MYL6B,-0.2780443446319869,8.964689514455875,-0.727604806817093,0.5294087549033393,9.73228223492907e-12,0.0332923600983483,5.295290748678116e-10
12547,12547,MYL7,0.025823596316702696,6.875762206496455,0.026196292189172226,0.0006862457244604857,0.8372009544156879,0.1251503262095096,0.8979488196073165
12548,12548,MYL9,0.2299691911711641,5.577088852985276,0.5882110589848226,0.3459922499120465,3.202657335091736e-07,0.04015430144323544,2.7123013137040104e-06
12549,12549,MYLIP,0.2823700000307985,4.950371191744521,0.3205472628008145,0.10275054768909443,0.009812494103869258,0.10597104996188154,0.025731358660606538
12550,12550,MYLK,0.2814051953708935,5.436736596910484,0.7367901860015892,0.542859778188256,3.914158413741478e-12,0.032795718601645964,2.75207928737359e-10
12551,12551,MYLK-AS1,-0.13336169021727226,7.723032047548922,-0.14971719609800654,0.022415238807448955,0.2376820191941964,0.11185123219398146,0.36822178606741474
12552,12552,MYLK2,0.19793083194705685,5.676588304770613,0.20099119327790865,0.04039745977527762,0.11126404381652276,0.1225141556378396,0.20248952591367345
12553,12553,MYLK3,0.13749655527234095,6.517408790175369,0.050491185252039016,0.0025493597881557227,0.6919418173607144,0.34540300703928506,0.7932659248740679
12554,12554,MYLK4,0.028401390981547814,6.923106164811977,0.011428530380010958,0.0001306113066468334,0.928581912150906,0.3155912945773339,0.9575448241727558
12555,12555,MYLPF,-0.12525423972799932,7.765507161559749,-0.1504354567990258,0.022630826662331557,0.2354128608996473,0.1045383641622343,0.3656898701087931
12556,12556,MYNN,-0.2338310444035485,8.120809376783182,-0.20636985195454688,0.0425885157957416,0.1018220131155456,0.1408021830595249,0.18869300565082156
12557,12557,MYO10,-0.22379736176218115,8.298666284967767,-0.18560979288720011,0.03445099521562933,0.14199404155795414,0.15046843083079095,0.24597079993100526
12558,12558,MYO15A,-0.057824999410123624,7.284509179879171,-0.05552405764492117,0.003082920977356529,0.6630005468828071,0.1320590333527329,0.7706122506976109
12559,12559,MYO15B,0.1681304737727128,5.821020868535434,0.5262319768369503,0.27692009344572466,7.968046169143042e-06,0.0345037663232312,4.591512687859768e-05
12560,12560,MYO16,-0.055905822145644636,7.219037858561895,-0.04103191564309343,0.001683618101341935,0.7475123240631525,0.17289144316393446,0.8358011942587689
12561,12561,MYO18B,-0.10912535144458592,7.453759079652519,-0.12613466969338394,0.015909954898659068,0.3206305284774332,0.10899655099439867,0.4618367762524156
12562,12562,MYO19,-0.3575897781541889,9.198361773101666,-0.4251754316326645,0.18077414766402253,0.0004615624033090585,0.09667694411774376,0.0016966786358271367
12563,12563,MYO1A,0.1845006870087235,5.429102123064034,0.7418781676168817,0.5503832155865821,2.324856764880904e-12,0.021178286049797518,1.8867831241604222e-10
12564,12564,MYO1B,-0.3520340180160013,9.318033220624514,-0.53455435625175,0.28574835978772284,5.367751694241254e-06,0.07068423106600233,3.2383003901324527e-05
12565,12565,MYO1C,0.22200138162080188,5.1532129577828725,0.2129782302216696,0.0453597265483545,0.09108704913561387,0.12934346605050406,0.17228491999578288
12566,12566,MYO1D,0.3951274574235638,4.482267543224685,0.4983649027202884,0.2483675762634025,2.779868489262223e-05,0.0872964672167782,0.0001400280347405756
12567,12567,MYO1E,-0.06167237346488371,7.467999377203068,-0.11773171461967692,0.013860756627289049,0.35417676826515065,0.06606485250783269,0.49676053369501416
12568,12568,MYO1F,0.22514316646499302,5.565562638801178,0.4379693441995769,0.19181714645860745,0.0002953291641164579,0.05869134040925144,0.0011355385385195126
12569,12569,MYO1G,0.2663546382637902,5.631981233418803,0.3373529924265566,0.11380704149915236,0.006409836500384302,0.09439391519827987,0.017664259714715743
12570,12570,MYO1H,0.02648279957324805,6.919134090100559,0.02197299746405993,0.00048281261755558425,0.8631700981583228,0.1530290480483662,0.9153720124486077
12571,12571,MYO3A,0.17872437367933594,6.427192504885684,0.08879997280757533,0.007885435170626119,0.4853156028639816,0.2545986045439962,0.6222326453534353
12572,12572,MYO3B,-0.13399606873442876,7.4589255638504826,-0.11153845204232643,0.01244082628399835,0.3802350150901037,0.15161883770191126,0.5232244437008844
12573,12573,MYO5A,0.4032094440385962,5.278018676368411,0.5867009522268841,0.34421800734393243,3.4915012560976637e-07,0.07068020514784391,2.9316967700967394e-06
12574,12574,MYO5B,0.5162687396750529,3.212849200837818,0.5198331692208707,0.2702265238222145,1.0720344861535913e-05,0.10774820266169627,5.992490138785756e-05
12575,12575,MYO5C,-0.03876664775962583,7.41331828356545,-0.05063590615836686,0.002563994992478935,0.6911032017624392,0.0971060609733263,0.7925804369368845
12576,12576,MYO6,-0.26287491667419594,9.131218290760161,-0.4735691112996441,0.22426770317713468,7.739072485108688e-05,0.06209060224102824,0.00034668931457391115
12577,12577,MYO7A,-0.19614975115348046,7.865012333578951,-0.11269995764619062,0.01270128045345316,0.3752623890408791,0.2196303991236504,0.5181602394108421
12578,12578,MYO7B,0.2054158017967622,5.963091069037633,0.15312685357314107,0.023447833285210187,0.2270433120899205,0.16835823706878386,0.3551959921476108
12579,12579,MYO9A,0.2902237364798302,5.373362793107861,0.3228933096819501,0.10426008943736373,0.009258875125974541,0.10803612541124646,0.024457299445349925
12580,12580,MYO9B,0.2018435850284927,5.77786845805425,0.18441130070483291,0.03400752782764832,0.14463187780376055,0.13662131038073572,0.24958190404338473
12581,12581,MYOC,0.028721812068927207,6.8744504125920765,0.02434831248331582,0.0005928403207851929,0.8485446453244478,0.14976776639376022,0.9049610585816753
12582,12582,MYOCD,0.19109794341414305,5.968657096377326,0.4670826633173174,0.21816621437159844,9.98796830717101e-05,0.045943453513965546,0.00043449066631536404
12583,12583,MYOD1,0.047353834720405774,6.750382016570146,0.044928494951656135,0.0020185696586209915,0.7244468081126005,0.1337207084786539,0.819125711658227
12584,12584,MYOF,-0.2616802013384209,9.090376570119805,-0.4507659776296394,0.2031899665884046,0.00018558735740912305,0.06581142401735113,0.0007517572436764983
12585,12585,MYOG,0.2191941047163809,5.7551873520166215,0.29412954114930195,0.08651218697669891,0.018319165145393442,0.09045774522378693,0.044383701188576305
12586,12586,MYOM1,0.27120363089903965,5.68379187475863,0.4133842195649594,0.17088651298533056,0.0006859871168080492,0.07586697198887887,0.002423591600898326
12587,12587,MYOM2,-0.10058796359172524,7.478144975376084,-0.1290715633151972,0.01665946845662896,0.3094004234126248,0.09814576649416704,0.44963869330920003
12588,12588,MYOM3,-0.18844942865165484,7.916916933274146,-0.24521538288477546,0.06013058400332701,0.05082084857295727,0.09462045414955214,0.10607474465998935
12589,12589,MYOT,0.14242670413914735,6.4269606888720565,0.5760508717330113,0.3318346068243622,6.341352751994664e-07,0.02566709574509956,4.929516582966828e-06
12590,12590,MYOZ1,0.21795446203302068,5.783117649545798,0.2222573237785201,0.04939831797318992,0.07753597566576459,0.12142640246938395,0.15106086846982744
12591,12591,MYOZ2,-0.035579515120908074,7.127077336043001,-0.01689630577232016,0.00028548514875173953,0.8945763573694607,0.267393237124354,0.9351250733170338
12592,12592,MYOZ3,0.10674252322441027,6.462684603189026,0.12368769645084582,0.015298646253316575,0.33018319299199905,0.10875954600182354,0.4720795618804793
12593,12593,MYPN,-0.21075681746008407,7.880497590285389,-0.15631250415913406,0.02443359895649929,0.21740707519913224,0.1691299357133082,0.34362091916190124
12594,12594,MYPOP,-0.11408625486457255,7.701959353523499,-0.13983403065495562,0.01955355612921106,0.2704402459349465,0.10259744381132753,0.40697592256575854
12595,12595,MYRF,-0.393056045787508,8.888594456711294,-0.38419613444791895,0.14760666972472342,0.0017230741551351398,0.11995701947838425,0.005488038068752972
12596,12596,MYRFL,0.05080777219501319,6.839575539739107,0.05683541383882981,0.003230264266231047,0.655537472214605,0.11334769759199095,0.7642760827397045
12597,12597,MYRIP,-0.17997509193781852,7.897971333357325,-0.30435756294896044,0.0926335261242304,0.014477733407375288,0.07153586380057808,0.03612343783116855
12598,12598,MYSM1,-0.15763706988861598,7.742168135311749,-0.22434083223034249,0.050328809005802666,0.07472547124783355,0.08696426166848857,0.14629600215819866
12599,12599,MYT1,0.22240098034170191,5.971118049522983,0.17465591439382344,0.03050468843274258,0.16748061344806064,0.15923202285568225,0.2802687676576473
12600,12600,MYT1L,-0.4587407402324164,8.456471334497275,-0.1729677889926796,0.029917856029016133,0.17168899976608912,0.3317496609458572,0.28581836484737544
12601,12601,MYZAP,0.20133365960566071,5.676145843102447,0.4676919284169906,0.21873573990640344,9.75360629366923e-05,0.04832364073600647,0.0004252352411705399
12602,12602,MZB1,0.1207338923883844,6.128715335472427,0.4578048179814105,0.2095852513669924,0.00014260439901891617,0.02977697088161832,0.0005945510706112109
12603,12603,MZF1,-0.2310146400511954,8.48339767987433,-0.24438305032524066,0.059723075286269085,0.051636558937568966,0.1164127279467741,0.10738400881523634
12604,12604,MZT1,-0.20463220272807395,8.264966893308205,-0.5905339770835322,0.3487303780900937,2.801884647121837e-07,0.03551515011707305,2.4153985682095298e-06
12605,12605,MZT2B,0.12348078739955486,6.119031727776947,0.19867882573314985,0.039473275794703326,0.11552475869607218,0.0773582590186784,0.2085609545280069
12606,12606,N4BP1,0.4438643472850296,3.697011928924349,0.4111670695961889,0.16905835912031736,0.0007378724414831934,0.12497448465701973,0.0025847019929340917
12607,12607,N4BP2,-0.06922523418927479,7.384366581914216,-0.10738388541695976,0.011531298847242744,0.3983423247739295,0.08139747561770397,0.5405165137527065
12608,12608,N4BP2L1,0.4326504814671211,4.971865796873027,0.3538810690481932,0.12523181103069206,0.004121503482657968,0.14522136239356986,0.011963962187259826
12609,12609,N4BP2L2,0.06117171379755317,6.6676860921454635,0.09383824940088648,0.008805617050622971,0.4607940929888925,0.08242412057125872,0.5996802093310926
12610,12610,N4BP2L2-IT2,-0.0680447788396912,7.274659560039318,-0.06250267318192064,0.003906584154885982,0.6236764599938709,0.1379908865009512,0.7386456566538768
12611,12611,N4BP3,0.11795588331684224,6.6197724840920875,0.09522030796911922,0.009066907049733907,0.4541877045971029,0.1566088666936033,0.593425530532778
12612,12612,N6AMT1,-0.42944576584771,8.97358414603958,-0.3441843130801328,0.11846284137044287,0.005355401643767639,0.14877902885263025,0.015087003695180722
12613,12613,N6AMT2,-0.4390919765993112,10.100343885471952,-0.6220052389412929,0.3868905172704149,4.108682174065625e-08,0.07019959889760563,4.677892349074191e-07
12614,12614,NAA10,-0.3170986486648322,9.33955592624318,-0.6333587268911157,0.4011432769291349,1.9486758257492044e-08,0.04920511513095109,2.49843546516276e-07
12615,12615,NAA11,0.1763629081006756,6.372132659870522,0.120945181192193,0.014627736853612397,0.3411009019072023,0.18383280074640448,0.48344394468227414
12616,12616,NAA15,-0.4344051364814299,9.282279170111094,-0.5787531761938451,0.33495523895446394,5.46122378219206e-07,0.07773760526508007,4.328799451075003e-06
12617,12617,NAA16,-0.2670581410636837,8.59713595649664,-0.5085978598155035,0.2586717830089106,1.7793264591410143e-05,0.0574170286690748,9.372735215932539e-05
12618,12618,NAA20,-0.4031893460495731,10.789039854998844,-0.7184830118685269,0.51621783834367,2.3204540848508836e-11,0.049570308801766466,1.0275957711134126e-09
12619,12619,NAA25,-0.4406333686314116,9.32865286241186,-0.6290320324622966,0.3956812978636477,2.598617004623201e-08,0.06915789939515883,3.15963229843433e-07
12620,12620,NAA30,-0.3293513900959356,8.5489634348244,-0.1905665748275569,0.03631561944150685,0.13146613717378858,0.21546877265433007,0.23119207410251677
12621,12621,NAA35,-0.11917241454637904,7.882126570110072,-0.16449080535748414,0.02705722504715373,0.1939925739453364,0.09075737279782467,0.31472199496450853
12622,12622,NAA38,-0.2508658108756129,9.295229276696132,-0.3580832109526963,0.1282235859661932,0.003670089787443176,0.08307382958179205,0.010770537247199076
12623,12623,NAA40,-0.09373077625565443,7.535885518870822,-0.14421084321478322,0.020796767300718787,0.25557870385104964,0.08168171958919655,0.38896316198569686
12624,12624,NAA50,-0.2728629741291206,8.992569960327204,-0.47779542125473606,0.22828846457199065,6.53578817052602e-05,0.06371391271639593,0.0002990333674894168
12625,12625,NAA60,0.2858392743247097,4.71131890801421,0.3704876728923264,0.13726111576517147,0.002582413852430555,0.09101060044962488,0.007888012769817826
12626,12626,NAAA,0.22058871827917406,5.3184288009652,0.7997337551223179,0.6395740790820436,2.283484653914309e-15,0.021030521096319085,1.0749752213155295e-12
12627,12627,NAALAD2,0.5824788441797429,5.286170762596607,0.14512193895663533,0.021060377166533396,0.2525560870213682,0.5043467106806147,0.385266256469372
12628,12628,NAALADL1,0.2101628811271211,5.822581573400493,0.6934528225600559,0.4808768171165084,2.1345705938635484e-10,0.027731825615359185,6.171445421911233e-09
12629,12629,NAALADL2,-0.03099435946367964,7.123107348480287,-0.028054678890882184,0.0007870650076705104,0.8258265870381591,0.14025247772210667,0.8906131747103401
12630,12630,NAALADL2-AS3,-0.4243679484275903,8.199024648205992,-0.26869706136418403,0.07219811078574807,0.03180429986430354,0.19320192084235915,0.07142938327748322
12631,12631,NAB1,-0.15458696206933553,7.863450854865049,-0.2030028748356908,0.04121016719155513,0.10765669784605628,0.09469706951368907,0.19733416216830443
12632,12632,NAB2,-0.05758080581606235,7.329297342315378,-0.06282138005052502,0.003946525791452504,0.621904241239666,0.11617582044924332,0.7374513385196018
12633,12633,NABP1,-0.18053543694233726,7.93837307001372,-0.24720583346311026,0.06111072409819099,0.04891278559380603,0.08987007230081745,0.10272586286818636
12634,12634,NABP2,-0.3261486765352102,9.222176185004779,-0.6471211581071941,0.4187657932699961,7.567002083323167e-09,0.0487988692594746,1.1442976963293517e-07
12635,12635,NACA,-0.5154957525858527,12.26945694674328,-0.6599295372925581,0.4355069941911697,3.0026797500201693e-09,0.07453512121963815,5.3080024478927977e-08
12636,12636,NACA2,-0.3613272263230515,8.266457962831684,-0.29245650008835666,0.08553080444393096,0.01902385115256321,0.15004727217342165,0.04587544506779023
12637,12637,NACAD,0.08501398592934811,6.630425354347754,0.12388488558119387,0.0153474648754655,0.3294068011374709,0.08648040437766304,0.47128067379967836
12638,12638,NACAP1,-0.2389587912627638,9.427812281923586,-0.14111933711367478,0.019914667307402985,0.2660172760280376,0.2128984919794737,0.40146380321884134
12639,12639,NACC1,0.043148720661840924,6.7462318592087875,0.03979707677276317,0.001583807319657206,0.7548692398004831,0.13758678227235846,0.8408792894999724
12640,12640,NACC2,-0.055956488276364916,7.341407767595578,-0.05179803731566125,0.002683036669754636,0.6843824657836368,0.13701177896682593,0.7873866232762023
12641,12641,NADK,0.3869609454364272,4.23948421864308,0.3333407462003014,0.11111605307737377,0.0071106005363138595,0.13899699745475394,0.019390511851640424
12642,12642,NADK2,-0.19843842018124352,8.242517684154553,-0.3896350658648596,0.1518154845515135,0.0014604375961403005,0.059568553037300964,0.004744340855748305
12643,12643,NADK2-AS1,0.27733871938132776,6.100046222371389,0.2284872708632037,0.052206432946515016,0.06937400575623423,0.15007540676019268,0.1374342781677113
12644,12644,NADSYN1,-0.2240559091003008,8.335717485584343,-0.21626704137099484,0.0467714331833636,0.08608626151017755,0.12846024412472415,0.164463872342558
12645,12645,NAE1,-0.3337155594874129,10.207962401476461,-0.6441144225810328,0.4148833893768973,9.341956518141877e-09,0.05033137572737184,1.3687420054151716e-07
12646,12646,NAF1,-0.225472128340476,8.231287073864495,-0.4985826898792949,0.24858469864727314,2.7540041276218602e-05,0.04978515236127557,0.0001389190761324281
12647,12647,NAG18,0.10265007018786967,6.674834659790911,0.07595455710508021,0.0057690947450288925,0.5508257934709393,0.17114065888023705,0.6796656727984725
12648,12648,NAGA,0.4641595294641288,3.227504663706727,0.4459950347541898,0.19891157102539092,0.0002211568514830313,0.11829915215854905,0.0008787434163055125
12649,12649,NAGK,0.08470122491313394,6.2617807197397015,0.09212827011296458,0.008487618154007363,0.4690400003310437,0.11626526897774768,0.6071166292390168
12650,12650,NAGLU,0.0451402934622639,6.77052647187811,0.04927460417684077,0.002427986616784334,0.6990060400438893,0.11620304738776148,0.7987007068990304
12651,12651,NAGPA,0.2154171997701654,5.455517571765313,0.3020375281305381,0.0912266683992056,0.015282200720227446,0.0863478266624751,0.037851544846908995
12652,12652,NAGS,0.18585842649603296,5.960284863465059,0.5861774829592432,0.3436040415284339,3.597225085549391e-07,0.032624226885586284,3.0030034397676196e-06
12653,12653,NAIF1,-0.22387029096393346,8.078998715565477,-0.1641992929164318,0.026961407794256168,0.19479481094542364,0.17080255741311545,0.3156923837017773
12654,12654,NAIP,0.2543850387596772,5.850095589238705,0.37728696898241104,0.14234545696393475,0.002117418515438029,0.07930126431311138,0.0065994096073417555
12655,12655,NALCN,-0.2025663244503784,7.7009962108771814,-0.123887054623525,0.015348002303292266,0.3293982673982233,0.2060567560768072,0.47128067379967836
12656,12656,NALCN-AS1,0.11477978678301536,6.498725680267572,0.14661903801346535,0.02149714230799401,0.2476423281087371,0.09834680428348816,0.379848039041982
12657,12657,NAMPT,-0.1646431584617554,8.366564990262525,-0.4221438055561045,0.17820539256939014,0.0005117687983462242,0.0449023495881328,0.0018588314874517754
12658,12658,NANOG,-0.2366936660729513,8.075437344029574,-0.13776016218937565,0.018977862286443083,0.2776799658108086,0.21612576826218532,0.41498686401884477
12659,12659,NANOS1,-0.13978599515808807,7.526077481308513,-0.19890650948079835,0.039563799513834916,0.11509976087845733,0.08746878262538603,0.20803650127894113
12660,12660,NANOS2,-0.19908322199870207,7.803230069335758,-0.16644781385728125,0.027704874737868142,0.1886681228116175,0.14978205155644525,0.30762805507759783
12661,12661,NANOS3,0.06892918681328797,6.6440874148359255,0.08999697961057705,0.008099456339026622,0.4794280521162764,0.09687538467991964,0.6167289098596868
12662,12662,NANP,-0.22604935833570625,8.49253112225939,-0.662890061462547,0.43942323358581936,2.409708375002629e-09,0.032425260443577436,4.396144470150121e-08
12663,12663,NANS,0.4430737149307373,3.81665615444832,0.412163204449377,0.16987850710197894,0.0007141365695416622,0.12438893605422255,0.002509676633142599
12664,12664,NAP1L1,-0.2682727577103095,9.36047938752008,-0.7068090231128268,0.4995789951537085,6.722559358426904e-11,0.0340993742257888,2.3826026662313355e-09
12665,12665,NAP1L2,0.1805172157642001,6.316153469499242,0.5701581130303808,0.32508027385436444,8.74357412564839e-07,0.033033419611961004,6.5607102457004805e-06
12666,12666,NAP1L3,0.3090164666972811,5.985532649356824,0.5379207549648567,0.2893587386219614,4.5613417167945965e-06,0.061502488213173175,2.810123894087823e-05
12667,12667,NAP1L4,-1.036176796389266,12.942645517789275,-0.6047037789948781,0.3656666603306865,1.211180819876212e-07,0.17332216459300684,1.1780642258260809e-06
12668,12668,NAP1L5,-0.18812768259416285,7.855559346856768,-0.41892637285770257,0.17549930587571086,0.0005704398659954963,0.05178627488595863,0.0020529957284581143
12669,12669,NAPA,0.08560320244547967,6.291473639086223,0.10376119590303012,0.010766385775226992,0.4145373615171161,0.10420981655900934,0.5556673824607334
12670,12670,NAPA-AS1,0.22458457365604806,5.884541521926974,0.20335313893439172,0.04135249911447003,0.10703794594247812,0.13732913006022202,0.19638284498723743
12671,12671,NAPB,-0.16155461082630931,7.739396645183108,-0.18481566328665092,0.034156829396084734,0.1437378276787762,0.10910333953497478,0.24832405487393638
12672,12672,NAPEPLD,0.27578936371091856,5.216695424646149,0.5559112419075146,0.3090373088791553,1.8535992394585633e-06,0.052372524728358814,1.258297540140288e-05
12673,12673,NAPG,-0.134276975082396,8.001667873414855,-0.28653412311216514,0.0821018037076574,0.021707101695520682,0.05701992128812966,0.05139241554432421
12674,12674,NAPRT,-0.017820720703857734,7.163557685749327,-0.02676863132025696,0.0007165596227598421,0.8336942650594471,0.08451768599110397,0.8956960364091252
12675,12675,NAPSA,0.2560425648238827,5.505254150020861,0.3337584133714377,0.11139467849621948,0.0070346506968905825,0.09184141301148603,0.01921243042516907
12676,12676,NAPSB,0.19521199037600268,6.157371930311509,0.5552646586297466,0.30831884112320906,1.916323781233241e-06,0.037133303331392274,1.2943852614661832e-05
12677,12677,NARF,-0.4315732403162009,9.828814847817931,-0.5713026414751737,0.3263867081565109,8.218739638974676e-07,0.07874042520441672,6.2338636385988304e-06
12678,12678,NARFL,-0.3689641419393682,9.572266389740694,-0.35032089563224816,0.12272472991658052,0.00454170988267613,0.12528244406907174,0.013026586425079681
12679,12679,NARS,0.06000209018779479,6.341485428454515,0.06400732983055595,0.004096938272037577,0.6153284140959429,0.1188090048284978,0.7323405774799473
12680,12680,NARS2,-0.272449395835527,9.316747885687473,-0.545433675640849,0.2974978945230869,3.1515980087877203e-06,0.05317063797799046,2.01558933491725e-05
12681,12681,NASP,-0.18871444733070192,8.433604393470704,-0.4301069991476305,0.18499203071577985,0.00038938857777043664,0.05030529759855755,0.0014588598013181326
12682,12682,NAT1,0.0589887808437597,6.456478477501593,0.10791850960507757,0.01164640471538122,0.3959842189335323,0.06901346136550315,0.5382949316387723
12683,12683,NAT10,-0.3324025511134643,9.56421720031095,-0.7029356378969399,0.494118511025578,9.460027201049072e-11,0.04271469754418883,3.1779085439855406e-09
12684,12684,NAT14,-0.16287006069843785,7.902054748918928,-0.2383602169083596,0.056815593004600234,0.057862725134842224,0.08427717076351933,0.11826551316623872
12685,12685,NAT16,0.3335347144099347,5.2700009456865935,0.29411316200432597,0.08650255206418292,0.018325954483957668,0.13765259603338545,0.04439518339300853
12686,12686,NAT2,0.17375580908046231,5.394162785004637,0.4086175961900209,0.166968339916111,0.0008019111145779016,0.049289813783975824,0.002782022618741503
12687,12687,NAT6,-0.33517592359635057,8.951661327526972,-0.3605373485400609,0.12998717969229734,0.003427243503065913,0.11012591647639423,0.010152798640067353
12688,12688,NAT8B,0.333611856576516,5.630426450829384,0.5385281444418828,0.29001256235601736,4.4284847995041325e-06,0.06629221944808633,2.7415080216642727e-05
12689,12689,NAT8L,0.27489697362358195,5.5959451159595845,0.2299222053729789,0.052864220523574285,0.06759523507164268,0.14777443888235672,0.13448868205406306
12690,12690,NAT9,-0.3569717425855748,9.584077250273936,-0.6324948914273503,0.4000497876816956,2.0646732787971322e-08,0.055518609206609934,2.613120973252595e-07
12691,12691,NATD1,-0.007588711612861691,7.058095009107273,-0.007205169512942494,5.191446771023598e-05,0.9549387142882638,0.1337570642593799,0.9730013578277115
12692,12692,NAV1,0.43721764899432464,4.783561492874519,0.4205308307833412,0.17684617963932714,0.0005404588255148731,0.11979660150938308,0.0019535362821773623
12693,12693,NAV2,-0.7659408891734396,10.587189963418275,-0.5475825343380075,0.2998466319120352,2.830665319351613e-06,0.14864366798447362,1.8369211114941318e-05
12694,12694,NAV2-AS2,0.0998071072398244,6.615822054749912,0.09806842903484014,0.009617416773361476,0.44073912915237856,0.12862870651823108,0.5810779812356016
12695,12695,NAV2-AS4,-0.09981717841339152,7.524453505238867,-0.0964029849891364,0.009293535514815656,0.4485759992003532,0.13088547741886974,0.5882825500262467
12696,12696,NAV2-AS5,-0.1887944727281756,7.6793979631344005,-0.1616737957837931,0.026138416243139638,0.20184446516755614,0.14635326416622976,0.32461143241193385
12697,12697,NAV2-IT1,0.05782067345622373,6.809020856059696,0.05289729334415754,0.0027981236431378533,0.6780476949505423,0.13862622404724134,0.7826407352568623
12698,12698,NAV3,0.3017907851458169,6.003458717117008,0.13428365023639832,0.01803209872081136,0.2901025767310914,0.2828366195087991,0.4286593535320966
12699,12699,NBAS,-0.3262611579516775,8.81168206384083,-0.26331720154493593,0.06933594862945641,0.0355291692388019,0.15180524147972266,0.07844705677590876
12700,12700,NBEA,0.2933581359234429,5.804733744690068,0.5601140901568568,0.3137277939922435,1.4904752205812313e-06,0.05510284214854287,1.041169061344728e-05
12701,12701,NBEAL1,0.2001198051428041,5.896275449679205,0.5385190368769929,0.29000275307892404,4.4304499554072086e-06,0.0397668781475507,2.7415080216642727e-05
12702,12702,NBEAL2,-0.3664005849342694,9.04814530238053,-0.7709687789210921,0.5943928580710797,9.198406273964657e-14,0.03843937511820391,1.7320998944583012e-11
12703,12703,NBEAP1,-0.14113215200262189,7.428203955750148,-0.07397582367564907,0.005472422488490722,0.5612812624949752,0.2416288153736822,0.6886818368932341
12704,12704,NBL1,-0.199523311930965,8.980732089844741,-0.3182976414880133,0.10131338857683182,0.010370158669121532,0.07546898613013303,0.0270388882277102
12705,12705,NBN,-0.3579293048539526,9.554829961744923,-0.6052276864395023,0.3663005524329125,1.1732780746901665e-07,0.0597894130045265,1.1452662888675438e-06
12706,12706,NBPF1,0.2092333678292661,5.34120884237926,0.6564446232092933,0.4309195433403911,3.878155921166612e-09,0.03053682223955396,6.550816417540015e-08
12707,12707,NBPF20,-0.20689620649017615,8.06708606623911,-0.3175695010459966,0.10085038799460323,0.0105564571570538,0.07845739368197392,0.027455275686191327
12708,12708,NBPF3,-0.17010033986093487,7.856234180550369,-0.18491206151887768,0.034192470495161206,0.1435253017555038,0.11481255708992415,0.24806771566090147
12709,12709,NBPF4,-0.1809438149567056,7.901094582137491,-0.3939582041581655,0.1552030666235268,0.0012779849947861439,0.05361346954889271,0.004214217308069734
12710,12710,NBPF8,0.12478680816906028,6.613475224284443,0.09583010259067112,0.00918340856253855,0.4512894703911127,0.16461428261302324,0.590650425022578
12711,12711,NBR1,0.37417930715087977,4.455365951966941,0.4450012819755376,0.1980261409598719,0.00022930946944814482,0.09563189591425657,0.000907307977507688
12712,12712,NBR2,0.0464972789138308,6.737863099434322,0.0601206076717511,0.0036144874668206173,0.6369891084067999,0.09804422860175524,0.7497146118022312
12713,12713,NCALD,-0.18511337276790085,7.80365064627444,-0.1700532392418718,0.028918104176653286,0.17913562036598218,0.1362338307789737,0.29539916684627965
12714,12714,NCAM1,0.6796214646509245,3.9868919664250533,0.5151253835954523,0.2653541608243619,1.3284991774169568e-05,0.14361417335650953,7.226488240885256e-05
12715,12715,NCAM2,-0.2066721839487208,7.648874970263979,-0.0869020263170698,0.00755196217801269,0.49472848554229104,0.3008916733837265,0.630976226775329
12716,12716,NCAN,-0.005502629968757863,7.036070198424544,-0.004326156178331567,1.8715627279316387e-05,0.972935144468396,0.1615355841224583,0.9842985542379404
12717,12717,NCAPD2,-0.21012359192702865,8.510220032029816,-0.5865521951969951,0.3440434776904138,3.5212440473466274e-07,0.03684765329379296,2.952092134931909e-06
12718,12718,NCAPD3,-0.2129625560511274,8.479625981822847,-0.527831135291894,0.2786057073835297,7.391593664974929e-06,0.043520988651132186,4.309772773694995e-05
12719,12719,NCAPG,-0.1309549145515441,7.870798171803174,-0.6007425908975362,0.3608916605182846,1.537483489616092e-07,0.02213220966617136,1.4431818364818584e-06
12720,12720,NCAPG2,-0.14827770963097767,8.044797367698969,-0.6342271760757562,0.40224411087302825,1.83829525225866e-08,0.02295604719125173,2.386345678579719e-07
12721,12721,NCAPH,-0.17232276127413562,8.076315155224254,-0.6566143916209944,0.4311424592838087,3.830413733209023e-09,0.025138430695825675,6.49550582557881e-08
12722,12722,NCAPH2,-0.4551062582651949,9.684981413272196,-0.33002963662952856,0.10891956105381866,0.007738543935553312,0.16531888850146909,0.02089242849076262
12723,12723,NCBP1,-0.22303673586238648,8.303361560036876,-0.3718437479424208,0.13826777288386655,0.002482994153977641,0.07071413601505491,0.007618197563670419
12724,12724,NCBP2,-0.31090657514906433,9.538960334716275,-0.4917120127893767,0.2417807035213801,3.687373619328617e-05,0.06992309770189467,0.00017992355954610454
12725,12725,NCBP2-AS2,-0.13454264827369708,8.169129669355367,-0.1569827668591027,0.024643589090739392,0.2154167029233024,0.10749637500508633,0.34089803433236726
12726,12726,NCDN,-0.4750004850491777,9.373464677153104,-0.357654524354358,0.12791675879114206,0.003714041231240665,0.157511930906344,0.010887716645798916
12727,12727,NCEH1,0.1273826927566188,6.061178107850812,0.29239374544792684,0.08549410237706705,0.01905072714715313,0.05291024314793747,0.045919801466117655
12728,12728,NCF1,0.26730406950446983,5.478575546154766,0.6467120332615922,0.4182364539653428,7.788169281544983e-09,0.040037968743080334,1.1687651129026792e-07
12729,12729,NCF2,0.03093723818962251,6.847593118313202,0.08250301113705666,0.006806746846681295,0.5169061311403077,0.04746055114083055,0.6503371060796749
12730,12730,NCF4,0.08352034658652213,6.476791734790707,0.2477407207183424,0.0613754647020437,0.04841016150253637,0.041480596936652514,0.10191736800869386
12731,12731,NCK1,0.16832533311587225,5.805600086421076,0.2595646261949681,0.06737379517173353,0.038336750805982214,0.07953566909633104,0.08377218352205296
12732,12732,NCK1-AS1,-0.3074042235045858,8.863554905262534,-0.5167227946934223,0.26700244655578065,1.235687011314736e-05,0.06468560247188113,6.791574170055993e-05
12733,12733,NCK2,0.2533387643044632,4.806428345390337,0.2138425359747078,0.045728630192094215,0.08975128066792896,0.1469764164037909,0.17029387390379405
12734,12734,NCKAP1,-0.17732638136631587,8.379456565316307,-0.30703386010848305,0.09426979125311552,0.013595229576983716,0.06980566371060103,0.03413783586381985
12735,12735,NCKAP1L,0.2613329126390708,5.534280341701509,0.6304630078790354,0.3974836043038807,2.363814424791725e-08,0.040862326460928064,2.918380921828096e-07
12736,12736,NCKAP5,0.2116303755414426,6.372306069732557,0.1738428249029441,0.03022132777023568,0.16949805627117234,0.1522515426332352,0.28289446284200054
12737,12737,NCKAP5L,-0.06535770061999499,7.308696322209692,-0.05333814217098977,0.002844957410252717,0.6755133740922059,0.15539762613122515,0.7810059859031885
12738,12738,NCKIPSD,-0.048038622546870684,7.281671678282744,-0.03404063274420917,0.0011587646776261256,0.7894421126123568,0.1791205065259025,0.8646689064094171
12739,12739,NCL,-0.7120616384536835,12.524218936619413,-0.6932065355402142,0.4805353009156662,2.1792627226948672e-10,0.09402365202278376,6.264645309095259e-09
12740,12740,NCLN,-0.7148360044360091,10.635590346820038,-0.6440271467664871,0.4147709657721823,9.398947185894149e-09,0.10783738105557028,1.3761609284012023e-07
12741,12741,NCOA1,0.2690143950526108,5.026980008809036,0.639355525636933,0.4087754881624789,1.2979173602180331e-08,0.041087854854417724,1.797084426823626e-07
12742,12742,NCOA2,0.19813229888605746,5.7888892819573625,0.3310709831792856,0.1096079959032988,0.0075360250547116545,0.07171812732972375,0.0204194973172899
12743,12743,NCOA3,0.29869324389627583,5.000249659894845,0.3883724011375345,0.15083312196533394,0.0015179750956210744,0.09000729658291758,0.004913565126408725
12744,12744,NCOA4,0.5952541873192317,0.07295507735838669,0.6322522815371197,0.3997429475088932,2.098408634305488e-08,0.09263707735071013,2.648079194398913e-07
12745,12745,NCOA5,-0.3868334792036728,9.431056165976614,-0.4924416770668575,0.2424988053124192,3.5758935250777714e-05,0.08682905380944256,0.00017515488415643325
12746,12746,NCOA6,0.3433539422517329,5.0584969662482315,0.2373352663784216,0.05632802866691634,0.058980514002135324,0.17848200878445106,0.12019791367553552
12747,12747,NCOA7,-0.5709807180655311,10.363285988178776,-0.7399670490306508,0.5475512336511299,2.8313265238219783e-12,0.0659170739728525,2.1741977260058488e-10
12748,12748,NCOR1,0.4645777444706587,3.900441912175257,0.5146317668277881,0.2648458554282909,1.3584652776147673e-05,0.09830037415606664,7.363595891551386e-05
12749,12749,NCOR2,-0.04257881055113813,7.260790451025843,-0.03593996830961234,0.0012916813220959394,0.7779864133913394,0.1503624260272902,0.8561922946582028
12750,12750,NCR1,0.17368339624501805,6.251086496849627,0.1460493431188152,0.02133041062543741,0.2495044204953176,0.14941042352695308,0.3817308340982127
12751,12751,NCR2,0.1684476199655281,6.109836595213432,0.1304997177461378,0.017030176331821634,0.30403222165183363,0.1625285103253908,0.4435638186263193
12752,12752,NCR3,0.2786818499830518,5.699430185925661,0.2331335866670954,0.054351269232264084,0.06374688541673944,0.1476294211599597,0.12816254792493664
12753,12753,NCS1,-0.2105772251200677,8.149583992891744,-0.18958226316610985,0.03594143450718413,0.13350832550186306,0.13850630996772895,0.23379611747880033
12754,12754,NCSTN,0.02082646226950691,6.881722825254212,0.01277423236180485,0.00016318101243338232,0.9201984460996686,0.2070376884951994,0.9521189426292859
12755,12755,ND2,0.2319693570433304,3.781447164247067,0.27489024062894984,0.07556464439304195,0.027926415282901542,0.10304186866938056,0.06381875506028206
12756,12756,ND4,0.4127123626883578,1.1085123767666651,0.2373406004880245,0.05633056064001608,0.05897465179810469,0.21453074553526366,0.12019727855886655
12757,12757,ND6,0.03890227864331832,6.723555120947182,0.10732746843441072,0.011519185480539429,0.3985916476692233,0.04576699857339516,0.5407578636253134
12758,12758,NDC1,-0.2226796731304343,8.827237866212192,-0.5998589646575743,0.3598307774800569,1.620802281413193e-07,0.03772098042126208,1.5057260147577304e-06
12759,12759,NDC80,-0.12007823809036895,7.80513791117738,-0.6262408220732087,0.3921775672309283,3.121527163248665e-08,0.01898521196408473,3.6817358780038037e-07
12760,12760,NDE1,-0.4575079452111703,9.568105313308806,-0.7016432869316773,0.4923033020962881,1.0589282579157788e-10,0.05900496957599045,3.5009299885749907e-09
12761,12761,NDEL1,0.17927463641838715,5.939795589724878,0.12311821121987886,0.015158093933982703,0.3324319066312837,0.18352024005040996,0.47448015674271343
12762,12762,NDFIP1,-0.08999661385425507,7.801378275386897,-0.08094443278561189,0.006552001198984441,0.5248824661554972,0.1407394696291843,0.6573932796181198
12763,12763,NDFIP2,0.4606836573782,3.300717573552161,0.42812114101845006,0.1832877113869396,0.00041711434025504056,0.1235022393122452,0.0015520809189034414
12764,12764,NDN,0.11305276337908875,6.236001350223777,0.6858120817987485,0.4703382115411334,4.021651410339623e-10,0.015236300420565804,1.0330825775908011e-08
12765,12765,NDNF,0.15933415578072438,6.014989073298173,0.6886274025020253,0.4742076994766863,3.1916634308240405e-10,0.02130766447233113,8.609756101469351e-09
12766,12766,NDNL2,-0.1986571436033417,8.198776423292022,-0.3834219560324413,0.14701239636774333,0.001763716359475713,0.06077188723716636,0.005601008617751365
12767,12767,NDOR1,0.4117550736505772,4.6923005078258635,0.33159228933485024,0.10995344634632703,0.00743639496085751,0.14878017075296715,0.02017984121270293
12768,12768,NDP,-0.16751354941451455,7.597839236463878,-0.4608579816892965,0.212390079286732,0.00012697748439473446,0.040967793294537536,0.0005370502782359325
12769,12769,NDRG1,0.1962037400673156,5.008172443626334,0.5891671127650551,0.34711788676391103,3.0315822818670623e-07,0.034173568047442725,2.582569406523652e-06
12770,12770,NDRG2,0.3337975041065296,4.524344848939012,0.5376523461887687,0.28907004536228753,4.621230169457653e-06,0.0664812385293048,2.8381378139422994e-05
12771,12771,NDRG3,-0.00520160936842446,7.05350041953846,-0.007023507072852828,4.9329651602413704e-05,0.9560737001370156,0.09405397469294924,0.9736335122721691
12772,12772,NDRG4,0.24695337959844044,5.865854723533137,0.2673735933792435,0.07148863843652904,0.03268890530154317,0.11303013010590775,0.07308261865629954
12773,12773,NDST1,0.5134760770633107,4.1262681322118935,0.35923438391709706,0.12904934258829628,0.0035543389148321096,0.16941164020627,0.010474851551536381
12774,12774,NDST2,-0.1219427013256386,7.702206516520944,-0.1051693347603224,0.011060588973928757,0.4081977241415761,0.14643863843098587,0.5499660336012636
12775,12775,NDST3,0.235731739959662,6.180849221663737,0.17518115926155484,0.03068843856022224,0.16618676191625126,0.16825443380254887,0.27869389989130494
12776,12776,NDST4,-0.1040729311830026,7.365725122876987,-0.06384492575294358,0.0040761745443988785,0.616227144912906,0.206599190992768,0.7330363035602592
12777,12777,NDUFA1,0.7679614699926918,-1.96700354867993,0.7314837037740501,0.5350684088870024,6.654793488900598e-12,0.09091456384125704,3.99195437679065e-10
12778,12778,NDUFA10,0.13903163621834913,6.287510821770782,0.05194924181802663,0.0026987237254678057,0.6835098093711621,0.3394312027073377,0.7867229149533601
12779,12779,NDUFA11,-0.4223034987516589,10.453339374238123,-0.32730818120723026,0.10713064548518507,0.008290426063614792,0.15483385703526753,0.022202470493145974
12780,12780,NDUFA12,-0.5485300362766141,13.209439848541846,-0.4571674467914182,0.20900207440578425,0.00014608170963814837,0.1355242282255952,0.0006069453995038571
12781,12781,NDUFA13,-0.05580843743894225,7.630283301269626,-0.037885486721540115,0.0014353101041279927,0.7663007919291651,0.18694732258845695,0.8486801845868189
12782,12782,NDUFA2,0.6119076148288856,3.0996283807150675,0.3431493875464713,0.11775150217351835,0.0055046058619663465,0.2127170241489158,0.015444705874693085
12783,12783,NDUFA3,0.04924842394444412,6.505688880216932,0.056409533273747314,0.003182035444162005,0.6579575735140872,0.11070109420675464,0.766396173118582
12784,12784,NDUFA4,-0.2858534309940056,10.345647441947554,-0.4867000567226146,0.23687694521379624,4.544463834088047e-05,0.06516035695990954,0.0002167629170202129
12785,12785,NDUFA4L2,0.2551376857642879,5.627652605392336,0.35241907724886207,0.12419920600893936,0.004289706565896207,0.08604428393952919,0.012394075474914258
12786,12786,NDUFA5,0.3022631703349841,5.051070072759264,0.4036537995526631,0.1629363898933015,0.0009412163028706896,0.0870080778946738,0.0032199113805157636
12787,12787,NDUFA6,0.6940333040776475,0.2374456666995828,0.6158354920848731,0.3792533533114178,6.086703774598213e-08,0.11276567989469095,6.540867164276872e-07
12788,12788,NDUFA7,-0.3941085095197392,9.843164399276182,-0.3182035862055401,0.10125352227406656,0.010394061546316476,0.14911917702838695,0.027076073954707482
12789,12789,NDUFA8,0.00911491781003258,6.925421018460356,0.011506500693662405,0.00013239955821325338,0.9280959520494616,0.10059696819819056,0.9573046719741125
12790,12790,NDUFA9,-0.16984528049428235,8.814382002312998,-0.2195255914672216,0.04819148530903347,0.08134742712023244,0.09586217440358273,0.1570174288518258
12791,12791,NDUFAB1,-0.3607303408111017,11.160137459147768,-0.3090087759897344,0.09548642363867384,0.012974098466536422,0.14100144341556065,0.03279875114322277
12792,12792,NDUFAF1,-0.19543183666141944,8.404029639396821,-0.4510744166688866,0.20346812937317632,0.00018347908956387737,0.04910806831195776,0.0007437738084061709
12793,12793,NDUFAF2,-0.3015991257961124,9.51040060289099,-0.7041676660911058,0.4958521019681951,8.491040341381703e-11,0.038622211229401036,2.937276015856562e-09
12794,12794,NDUFAF3,-0.2647405623200925,9.30394595244508,-0.3211160061155591,0.10311548938360778,0.009675705271632522,0.09915872878196608,0.02541471865994473
12795,12795,NDUFAF4,-0.11839232399065845,7.913221266130299,-0.1979898920440675,0.0391999973516215,0.11681806506756807,0.07443911134318475,0.21050971116236886
12796,12796,NDUFAF5,-0.25241631395819103,8.532677945482542,-0.320894948376823,0.10297356789376387,0.009728673754212856,0.09461528796196746,0.025536294563330834
12797,12797,NDUFAF7,-0.26678485722568124,8.36952664073007,-0.4307146667335188,0.1855151241393662,0.00038124655700325067,0.07099327024537974,0.0014318234810796729
12798,12798,NDUFB1,0.3040892286754117,4.500784988527757,0.3457183728424513,0.11952119332083215,0.005140791177823143,0.10481952453941999,0.014567368876702454
12799,12799,NDUFB10,0.6613230685121928,0.487336583135515,0.6290200723155673,0.3956662513758816,2.6006694166578384e-08,0.10379866004040199,3.160353323104685e-07
12800,12800,NDUFB11,-0.32528163991796005,10.357945854884369,-0.3132094093564339,0.09810013410940616,0.01173390729205628,0.1252587480605671,0.030070741113547784
12801,12801,NDUFB2,-0.1821423709821734,8.538408492677451,-0.13372699596417134,0.017882909449601504,0.29212503622466085,0.17142639267119,0.4308621780107074
12802,12802,NDUFB2-AS1,-0.15423785728747114,7.764074941049316,-0.1672531017163005,0.02797360003372316,0.1865079860220588,0.11546755988519901,0.30484039831743404
12803,12803,NDUFB3,0.4093117833064363,2.6798325897157884,0.35951297569570256,0.1292495796935788,0.0035268180001633577,0.13492445709023598,0.010403656694392794
12804,12804,NDUFB4,0.2231767940568861,5.252405907617233,0.13786389581885578,0.01900645377035232,0.27731480952839993,0.20362716657319185,0.4145269690299924
12805,12805,NDUFB5,-0.05331007123799721,7.600504823832704,-0.04352820466523706,0.0018947046013787652,0.7327088940087019,0.155392782404913,0.8252788463413315
12806,12806,NDUFB6,-0.4529785723970562,10.059085490851134,-0.25609699003352504,0.06558566830423143,0.0410923534699056,0.2171436257990895,0.08887883683487871
12807,12807,NDUFB7,0.3502939159966245,4.804655602120388,0.2785699273933491,0.07760120444793578,0.025816616243287557,0.15337758039587485,0.059671130830226495
12808,12808,NDUFB8,0.42427709900901023,3.429349038586317,0.29235149491631485,0.08546939657980407,0.01906884005986596,0.1762574767450638,0.04595323074742904
12809,12809,NDUFB9,0.7808751498844929,-1.8698343424648591,0.5612105712590459,0.3149573052929047,1.407364632249585e-06,0.1462576981971021,9.921542111132679e-06
12810,12810,NDUFC1,0.4253347086829349,3.3949703765276116,0.4704559636952456,0.22132881377642225,8.752632833189057e-05,0.10131950357807752,0.0003864972756988357
12811,12811,NDUFS1,0.4343710853448448,4.0947040338830245,0.5635072794361948,0.3175404539775817,1.247160558104388e-06,0.08087308107391866,8.939841736428509e-06
12812,12812,NDUFS2,0.4000574191935705,2.8806244222689266,0.4016754672372339,0.16134318098025016,0.0010025781131195906,0.11583593750430456,0.0034045521467154986
12813,12813,NDUFS3,0.5146227588025283,1.7297261434590603,0.5241168999060326,0.2746985247671102,8.7949607518047e-06,0.10619993739847856,5.014609665095596e-05
12814,12814,NDUFS4,0.4323300662743926,4.184352387931748,0.36362047884405135,0.1322198526347772,0.003142439846537892,0.14066178214512776,0.009400405425718752
12815,12815,NDUFS6,-0.21925981929129704,9.23046642228177,-0.2648325760542693,0.07013629333954036,0.03444497640977618,0.10139147725698792,0.0764718027633487
12816,12816,NDUFS7,0.4490153864656859,4.013519020121324,0.35972949975617663,0.12940531299482907,0.003505559275435319,0.1479099298163667,0.010350816213464935
12817,12817,NDUFV1,0.2730840409555272,4.846276735733947,0.23334714034326196,0.054450887906377976,0.06349736782436023,0.14452402178335685,0.1277201839342858
12818,12818,NDUFV2,0.049568564215012566,6.504772129588968,0.05714053335821261,0.0032650405524610074,0.6538057707494274,0.10999072137155848,0.7629554327519992
12819,12819,NDUFV2-AS1,0.27530769404784594,5.939675565043527,0.19295746909884154,0.03723258488103039,0.12660411603403932,0.17779584254917954,0.22439123692233767
12820,12820,NDUFV3,-0.21224434241372686,8.60347660906813,-0.3460857940518713,0.11977537684451428,0.005090529486384778,0.07307238145893279,0.014438168438462655
12821,12821,NEB,-0.23539304973778502,7.823871597170335,-0.2260624003746057,0.05110420886312853,0.07246497317799487,0.12881864193830522,0.14260532480638666
12822,12822,NEBL,-0.2684007207475909,8.676281797661924,-0.7574437015478058,0.5737209610144416,4.3676528261391366e-13,0.02938221033753418,5.5160893627546903e-11
12823,12823,NEBL-AS1,-0.016358718022306182,7.0831599025723175,-0.026782126117296447,0.0007172822793627725,0.8336116218531573,0.07754477838745998,0.8956516830181157
12824,12824,NECAB1,-0.2606934562907212,7.759839807708987,-0.16087178006503644,0.025879729621293455,0.2041207025947893,0.2031237511598508,0.3273035034942734
12825,12825,NECAB2,-0.1916261184010921,8.12664838249413,-0.20835873203827807,0.043413361216598965,0.0984926633646798,0.11423766226332605,0.18374040533788258
12826,12826,NECAB3,-0.0396257814020702,7.286021118226955,-0.04090699891634182,0.0016733825603415904,0.7482555453655324,0.12291947611043047,0.8361529313983856
12827,12827,NECAP1,0.08145484086727399,6.375777463714835,0.12140520969491125,0.014739224941065368,0.3392540030142991,0.0845783732744632,0.4816105658305511
12828,12828,NECAP2,0.28692249820721244,5.24387282071114,0.20692016669063285,0.04281595538327928,0.10089217176912572,0.17229142561170574,0.1872897722494982
12829,12829,NEDD1,-0.2975025088684595,8.941813495273257,-0.548750415851012,0.30112701889665866,2.669334437544887e-06,0.057559770114312535,1.737434242411618e-05
12830,12830,NEDD4,-0.1550682268834188,8.006439546827961,-0.4334581118456291,0.1878859347247779,0.00034638477209166207,0.040943819834740866,0.0013115012462190457
12831,12831,NEDD4L,0.2493172086057413,5.0636652173237495,0.6589101636064872,0.4341626037039278,3.237142404973611e-09,0.036147313681784365,5.639607303274622e-08
12832,12832,NEDD8,-0.5707741635297716,12.76627755819718,-0.5686281757478774,0.3233380022543589,9.494401374787904e-07,0.104863893700806,7.045965105244416e-06
12833,12833,NEDD9,0.42680194766328455,4.312678270338939,0.4846115201486017,0.23484832546073856,4.9532472900245296e-05,0.09783867903190864,0.0002336875164825298
12834,12834,NEFH,0.4032434852084527,5.597066108114703,0.3580382852910809,0.12819141373417747,0.003674674088804232,0.13355268305472248,0.01078106860764878
12835,12835,NEFL,-0.11928607300433372,7.43048516614525,-0.2194671864851112,0.04816584594369057,0.08143050736321497,0.0673449357213428,0.15712724332861558
12836,12836,NEFM,0.3738577548288458,5.69399693711414,0.3233729343244301,0.10457005465359218,0.009149103016515694,0.13893852639115073,0.02419980772232165
12837,12837,NEGR1,0.3280563908997686,5.674719052698418,0.6535301768692685,0.4271016920787774,4.7912545290788625e-09,0.04825316245207957,7.83053711903417e-08
12838,12838,NEGR1-IT1,-0.13321704945249369,7.441250814477155,-0.11682101938103287,0.013647150569223663,0.3579379011929127,0.1438331944318784,0.5005582983747191
12839,12839,NEIL2,-0.3033731403277232,8.831981654322366,-0.535122073942525,0.28635563402054914,5.223032182320887e-06,0.06082321004479563,3.162000612472989e-05
12840,12840,NEIL3,-0.2445286649403518,8.063382305647298,-0.5812809768249169,0.33788757401852954,4.7430543537077996e-07,0.04347240738001357,3.838222796320717e-06
12841,12841,NEK1,0.06967381951261492,6.685743271511978,0.05091392499059018,0.002592227757947443,0.6894932011900667,0.1735695630187733,0.791296585498484
12842,12842,NEK10,0.2933282498217113,5.822548337601438,0.3360322251019721,0.11291765630698243,0.006633510917510502,0.10441408477921617,0.018231841467024994
12843,12843,NEK11,-0.4382562054002386,9.138822817957145,-0.4190245901215149,0.17558160712650356,0.0005685620488760297,0.12060534507750653,0.0020475987308182977
12844,12844,NEK2,-0.14204000332606587,7.934689454793933,-0.6445630053342202,0.4154614678454819,9.054164551967447e-09,0.021397154660443826,1.3347034266361814e-07
12845,12845,NEK3,-0.11512249506657578,7.836624688755041,-0.2388619847774885,0.05705504777184112,0.05732180440437596,0.059437492863204974,0.11741427112909207
12846,12846,NEK4,-0.4021933540905032,9.286901072366472,-0.477483955794232,0.2279909280409081,6.618194103425373e-05,0.0939921240400682,0.0003022927511277715
12847,12847,NEK5,-0.4840260435067962,8.618150875337589,-0.5839703440449437,0.34102136272397,4.077021400367317e-07,0.08545112019949372,3.3455058137534767e-06
12848,12848,NEK6,-0.3950887845202077,9.352095120012855,-0.661474523834679,0.4375485456823153,2.67781629875078e-09,0.056888994316276566,4.792405946235384e-08
12849,12849,NEK7,0.275687120066203,4.345922948138568,0.4824916154939314,0.23279815902194376,5.402712183309357e-05,0.06356026207145578,0.0002524724478410965
12850,12850,NEK8,-0.06772469968337927,7.35854823129041,-0.06927776479491239,0.0047994086949792025,0.5864737592323674,0.12385475621996547,0.7087103379563012
12851,12851,NEK9,-0.64807475698341,10.969510771023717,-0.3234684891154648,0.10463186345064156,0.00912736919454176,0.2407676303756,0.024165934699572296
12852,12852,NELFB,-0.3868528223788231,9.967266884453746,-0.5582874332190254,0.3116848580902877,1.6392268764786933e-06,0.07301056923882791,1.126903428893527e-05
12853,12853,NELFCD,-0.3322639409201301,10.016271950786589,-0.673363161448237,0.4534179471955646,1.084482041425805e-09,0.04633036243227805,2.2870990175584206e-08
12854,12854,NELL1,0.2855852048799926,5.907907804427119,0.19196776045740188,0.03685162105503043,0.1285999104455324,0.18542067614318414,0.22730368893249836
12855,12855,NELL2,0.18286640891630507,5.99212290492931,0.5760489749847276,0.3318324215809553,6.342014869612369e-07,0.03295500506481282,4.929516582966828e-06
12856,12856,NEMF,-0.22188912986928624,8.608647061569249,-0.33964811891249097,0.1153608446807936,0.006036865876457462,0.07803582886587447,0.016757893930866085
12857,12857,NENF,-0.4849567262576418,10.271881210738972,-0.4659894033353518,0.2171461240208372,0.00010421547264427285,0.1169422524793588,0.0004514475015226502
12858,12858,NEO1,0.3246852671453489,4.858537200230523,0.541424337177569,0.29314031288816994,3.8432438412688415e-06,0.06403177949650915,2.4130311795499207e-05
12859,12859,NES,0.4315289172009377,4.671022015836794,0.4373752112334156,0.19129707540147486,0.00030163519757219154,0.11268196204408887,0.0011573193131512772
12860,12860,NET1,0.2134935471007614,4.859926230451991,0.2218399383166164,0.049212958232320164,0.07810897043701115,0.11917654735391855,0.15193117352137578
12861,12861,NETO1,0.018348889327302317,6.954640084590926,0.008122824893167612,6.598028424506347e-05,0.9492068195872876,0.2868748775160213,0.9694838412747832
12862,12862,NETO2,-0.04118837335595986,7.305766714108444,-0.2801643862887369,0.07849208334454456,0.024945076297180672,0.01792319389973728,0.057917669429294126
12863,12863,NEU1,-0.0456138035388352,7.413410520413191,-0.06821117333621324,0.004652764167902928,0.592263569830314,0.08472902915430529,0.7135094108553356
12864,12864,NEU2,0.09098060102786623,6.556305159315995,0.09814266334523186,0.00963198236849552,0.44039160618732376,0.11716379244654886,0.580796603653258
12865,12865,NEU3,-0.3164439057211294,8.576855400265766,-0.2361131866503103,0.055749436910164284,0.060336074558475575,0.16539572307730466,0.12252228943771461
12866,12866,NEU4,0.2814360779485232,5.053196293755879,0.6100287608065803,0.372135089011212,8.743746684543924e-08,0.046426582969269686,8.90201384362006e-07
12867,12867,NEURL1,0.08853436847817897,6.532902839090882,0.11630148032137955,0.013526034324944241,0.3600945172275607,0.09602263523030982,0.5026652981733274
12868,12868,NEURL1B,0.21884937337181548,5.044486631464613,0.7114310945098207,0.5061342022354414,4.439601295048685e-11,0.027454977680596068,1.7198491242268208e-09
12869,12869,NEURL2,-0.1485306767595858,7.742945142555307,-0.14823941828304815,0.02197492513289651,0.2423979616582196,0.12584373739458565,0.3737896360968985
12870,12870,NEURL3,0.3229691745767126,4.987171770076347,0.4864628734333409,0.23664612722902265,4.5892638268823306e-05,0.07366793304188289,0.00021856280662224957
12871,12871,NEURL4,0.1876016716522616,5.888461478386861,0.178722393301293,0.03194169386734206,0.15765438092441705,0.13116339383636413,0.2673334843237381
12872,12872,NEUROD1,0.1536529801826431,6.394182586801933,0.5306976939076741,0.2816400423189232,6.454460574572556e-06,0.03116513417144544,3.8346047665944774e-05
12873,12873,NEUROD2,0.1561824813252339,6.310815470057768,0.12358553355206235,0.015273384103347928,0.3305858926015357,0.15926732100008767,0.47253052833572645
12874,12874,NEUROD4,0.12644759440309186,6.486363116226489,0.17044186817175874,0.02905043042587918,0.17812936421584855,0.09284035187646868,0.2940315134609061
12875,12875,NEUROD6,-0.006902151553490216,7.054213456256845,-0.008716174677913866,7.597170101590688e-05,0.9455019614530612,0.10056485307056094,0.9674831061411917
12876,12876,NEUROG1,0.14608510938034164,6.350645200848705,0.15613110793783244,0.024376922865895084,0.21794794987539126,0.1173712408518464,0.3441994497193406
12877,12877,NEUROG2,0.011645378665659026,6.974289303704803,0.021263200284811958,0.0004521236863520273,0.8675496349993281,0.069539400205179,0.9180363554036727
12878,12878,NEUROG3,0.4006543693781666,5.2993482781501084,0.4396582735919646,0.1932993975378668,0.00027805517261711513,0.1039477226571812,0.001079276709629616
12879,12879,NEXN,0.1871282624781695,6.167271542416081,0.5582109429991188,0.31159945688396545,1.6457494488548597e-06,0.03532366818045733,1.1310283819407169e-05
12880,12880,NEXN-AS1,-0.05093086621039068,7.157504586297926,-0.01889278444412637,0.0003569373040522232,0.8822034281612003,0.3423038047878238,0.9278462116897259
12881,12881,NF1,0.04950158601041011,6.858374154369548,0.027273508297584157,0.0007438442548583918,0.8306035869787441,0.2304202686646655,0.8934276725282028
12882,12882,NF2,-0.7147004437151914,10.355965029269417,-0.36820227174122544,0.13557291291539922,0.002758021266826532,0.22919541576428165,0.008374221891913705
12883,12883,NFAM1,0.2403216667705389,5.636671260261758,0.2341732242822614,0.0548370989707503,0.06253956788165341,0.12671066795082875,0.12621568895407312
12884,12884,NFASC,0.5315301541600548,4.569617616821317,0.5193274704488148,0.2697010215627646,1.097189118500412e-05,0.11108134088009916,6.117309567746246e-05
12885,12885,NFAT5,-0.16301047500412782,8.07996898449456,-0.30610326955362394,0.0936992116314186,0.013896683237308862,0.06438547123955793,0.03481002608489571
12886,12886,NFATC1,0.27923624468033936,5.556047112988896,0.3269253199412389,0.1068801648186814,0.008370758830645275,0.102513781489268,0.022406524410089425
12887,12887,NFATC2,0.4993581681159873,4.461628474343115,0.6559772608734776,0.43030616678307054,4.012521288225732e-09,0.07297066221369858,6.742031987220668e-08
12888,12888,NFATC2IP,-0.043976297476549915,7.30997791592979,-0.05943249734577246,0.003532221740755251,0.6408563738548374,0.09380596755728572,0.7528749946197854
12889,12889,NFATC3,-0.2351450947414681,8.476454453617983,-0.2089237506116481,0.043649133569638135,0.09756247095324634,0.13978510368247402,0.18227204801074537
12890,12890,NFATC4,0.19628592280930826,6.0696443598050145,0.15795638168461568,0.02495021851489599,0.2125483817140941,0.155836622568523,0.3375924311294343
12891,12891,NFE2,-0.10228899163813436,7.398682477986541,-0.10576952880585333,0.011187193223812238,0.4055127873740307,0.12213201554324987,0.5476041039277023
12892,12892,NFE2L1,0.46580758347573703,2.7261686671330976,0.7031322677687982,0.494394985977693,9.298612884009424e-11,0.05982453989903539,3.1602861181282492e-09
12893,12893,NFE2L2,-0.3382807938090246,9.354678110960359,-0.23123789826372526,0.053470965593424936,0.06599662267373141,0.18075463939101188,0.13197496204632503
12894,12894,NFE2L3,-0.13307239413850766,7.781842513298946,-0.7620468733058032,0.580715437115151,2.6002415724239233e-13,0.014360345097148437,3.779075922875172e-11
12895,12895,NFE4,-0.18524304296844404,7.654803852326815,-0.2097691917570152,0.04400311381039141,0.09618342677390812,0.10965604948098118,0.18006847988147145
12896,12896,NFIA,-0.14738503727167168,7.947730973823074,-0.20817245555577216,0.04333577125211993,0.09880084070543824,0.08794558728827101,0.18414082154025865
12897,12897,NFIA-AS2,0.0655106380581792,6.769221069701773,0.06566319848758655,0.004311655635620189,0.6061972777201936,0.12643160834043973,0.7246992408651205
12898,12898,NFIB,0.08254595785971762,6.527594647903412,0.1045982044851992,0.010940784381527542,0.4107622118749764,0.09967514682014617,0.5523507015743054
12899,12899,NFIC,-0.09238667069841468,7.58958134141249,-0.10889465310907766,0.011858045475746357,0.3916999508918766,0.107106686959781,0.5343494038404679
12900,12900,NFIL3,-0.05408683126370269,7.435156105708697,-0.09319572814110122,0.008685443743750045,0.4638831661206962,0.07338468419805931,0.6022416044570549
12901,12901,NFIX,-0.31199140224700866,8.77951507240485,-0.24419873692887045,0.05963302311765568,0.051818629255423215,0.15734467609201008,0.10772126490603721
12902,12902,NFKB1,-0.022732179976855758,7.207732160094503,-0.02183167994567826,0.0004766222492505304,0.8640417221632409,0.13220703434010198,0.9158952221569818
12903,12903,NFKB2,-0.5031336090945955,9.578793234367724,-0.4619021483214882,0.21335359462400608,0.00012200532837791001,0.12269511818485225,0.0005183531872570552
12904,12904,NFKBIA,0.06611918290951889,6.542505188003831,0.07098802689354201,0.005039299962238245,0.5772437285932654,0.1179911656276528,0.7011562117280213
12905,12905,NFKBIB,-0.12110885041717015,7.764983719812751,-0.10723242461060216,0.011498792887868479,0.3990118809556424,0.14260754816302526,0.541227384478682
12906,12906,NFKBID,-0.020348409093161636,7.109848693224517,-0.012551270417959396,0.00015753438910474262,0.9215868831802576,0.2058793166629236,0.9530392043170847
12907,12907,NFKBIE,-0.1722652641971318,8.083183957050945,-0.228946411383995,0.05241645928560947,0.06880081294920619,0.09302009602163212,0.1365360707858376
12908,12908,NFKBIL1,-0.1589392852693767,8.081697306066301,-0.20650431418653206,0.04264403177764997,0.1015942064462712,0.09564075731383163,0.188374222158918
12909,12909,NFKBIZ,-0.10498065647154037,7.977088521288077,-0.3348992920023431,0.11215753578367066,0.006830799824078739,0.03751173627625999,0.01871274946977771
12910,12910,NFRKB,-0.6268309203350962,10.345133311407869,-0.4295795901323745,0.18453862425829884,0.00039658335285127017,0.16734495532897872,0.0014824810126004239
12911,12911,NFS1,-0.2692485078119389,8.818741511618326,-0.399952382970058,0.15996190864342796,0.0010589412255997217,0.07836076395734623,0.0035713085563560155
12912,12912,NFU1,-0.35565242078304016,10.250814279415632,-0.5086364640320917,0.25871105254306936,1.7762856411380462e-05,0.07645681375712388,9.361271734934142e-05
12913,12913,NFX1,-0.31112169652627164,8.842297829318099,-0.3184937211619413,0.10143825041958042,0.0103204810487241,0.11760005971551513,0.026929752634066804
12914,12914,NFXL1,-0.20858114660603155,8.412763895178289,-0.6362748562319377,0.404845692672973,1.6009971361539516e-08,0.032118054803653893,2.1354871101089354e-07
12915,12915,NFYA,-0.2651226334973123,8.540938445396558,-0.3008766828393981,0.09052677827643972,0.0156989309522223,0.10672284303239817,0.038755169832463965
12916,12916,NFYB,-0.2345707407527372,8.477077030717865,-0.4027565547482871,0.16221284239270994,0.0009686126850985576,0.06770211353936179,0.0033016382332455947
12917,12917,NFYC,0.3818806047937396,4.588738318829434,0.21315860832827435,0.045436592304446674,0.09080699833626876,0.22229580742350089,0.1718302646777263
12918,12918,NFYC-AS1,-0.07925594143034552,7.365423920739316,-0.07948813622746853,0.0063183638009165965,0.5323905006747209,0.12622846532010584,0.6638404037606427
12919,12919,NGB,0.0029653050778979425,7.001151426847067,0.002714273841038254,7.367282484144556e-06,0.9830173108234888,0.13874529848583855,0.9899200086440963
12920,12920,NGDN,-0.26777401100437703,8.656565292747054,-0.23066691380319776,0.05320722512349186,0.06668661508006687,0.14345468683312326,0.13303534311919374
12921,12921,NGEF,0.002335569169982416,7.000267704753855,0.002818001914658347,7.94113479101811e-06,0.9823684053987876,0.10525770118187547,0.9898426895559407
12922,12922,NGF,0.2631758886299413,5.72837398381234,0.3171505197314101,0.10058445216590356,0.010664966384782286,0.09994590877393457,0.027676744824344245
12923,12923,NGFR,0.3061448939327087,5.740506187390489,0.2950547888574361,0.08705732842770618,0.017939111409089843,0.1259071116656903,0.04358970574100545
12924,12924,NGFRAP1,-0.051904846355289365,7.5442419130419145,-0.1368587575408548,0.01873031951562648,0.28086647599152315,0.0477126636056316,0.4183631543263471
12925,12925,NGLY1,0.16791516948050686,5.857705251222428,0.17802270891915653,0.03169208489091473,0.15931402205741207,0.1178760089410926,0.2696112181660877
12926,12926,NGRN,-0.6009606501806737,12.183043073812142,-0.7535760775263989,0.5678769046200731,6.693827820137924e-13,0.06657739944513505,7.66956833042787e-11
12927,12927,NHEG1,0.08342946041480262,6.623141199614949,0.07138645966336807,0.0050960266232696755,0.575103073831272,0.14804656271384248,0.699522550992049
12928,12928,NHLH1,0.18267288263650794,6.021123069691058,0.14610492151926205,0.021346648092149718,0.24932233910068705,0.1570825113878378,0.38156788818642184
12929,12929,NHLH2,-0.0908311621200526,7.336895747304722,-0.06282743980362958,0.003947287192278698,0.6218705657140142,0.18324444776279253,0.7374513385196018
12930,12930,NHLRC2,-0.27717714163248425,8.237643521465436,-0.26911755597957365,0.07242425893641896,0.03152746792368026,0.12597786039476794,0.0708590885196986
12931,12931,NHLRC3,-0.05478896645537916,7.350267848807238,-0.08044686884744799,0.006471698707358498,0.5274417300895002,0.08621408819169189,0.6593751852079482
12932,12932,NHLRC4,0.07285409206475572,6.530254195629282,0.08044949956497928,0.006472121980255599,0.5274281824534279,0.11463699345042555,0.6593751852079482
12933,12933,NHP2,-0.29841106481859386,10.202566189397208,-0.7436877203615203,0.5530714254165149,1.926010064571941e-12,0.034068069789036315,1.6165793778412938e-10
12934,12934,NHP2L1,-0.5402539216665346,10.51823533578203,-0.4878781179484123,0.2380250579728849,4.327880544613242e-05,0.12276118961646172,0.00020771332711347462
12935,12935,NHS,-0.3440923204207895,8.452197709788827,-0.6011139585693579,0.36133799118692383,1.5036862411398904e-07,0.058097556056483264,1.4163690975156297e-06
12936,12936,NHSL1,0.5548440686833511,3.5630491183199315,0.7615279330650485,0.579924792838325,2.758404260812253e-13,0.05997258796480765,3.9154897337934925e-11
12937,12937,NHSL2,-0.008738781147639424,7.0528692335154375,-0.011211178974049944,0.00012569053398817957,0.9299367196359984,0.09898660690573964,0.9585767166659153
12938,12938,NICN1,-0.379060523993304,9.41802979906242,-0.4966818180046436,0.24669282833639786,2.987478896280139e-05,0.08412411391199269,0.00014909853767906524
12939,12939,NID1,0.20970901424907065,5.823041533240999,0.3475169900015177,0.12076805833971495,0.004898854419065786,0.07186160962243024,0.013953004398904326
12940,12940,NID2,0.019012656545255927,6.900464044579043,0.06412671789393415,0.0041122359478482145,0.6146680891610479,0.03757622466650423,0.7319448397269116
12941,12941,NIF3L1,-0.3561769792896532,10.048464580939136,-0.5099922126723339,0.26009205698642296,1.6725069998057924e-05,0.07629486373838616,8.88352687780094e-05
12942,12942,NIFK,-0.4387441934691633,9.981632056834105,-0.6818198129700238,0.4648782573584783,5.557200315488591e-10,0.05978224478962579,1.342553352694835e-08
12943,12943,NIFK-AS1,-0.04617544191647716,7.239204239401629,-0.04517638969871153,0.0020409061862098486,0.7229873882042326,0.1296761370380494,0.817859890903341
12944,12944,NIM1K,0.1896607004492041,6.262295580333729,0.18250204082009208,0.03330699490349855,0.14890949517669685,0.12976514852365315,0.25545190773743304
12945,12945,NIN,0.4916505489489384,4.582387146247398,0.39926770291782937,0.15941469859328006,0.0010821201145320867,0.1433796111625481,0.003642672327093477
12946,12946,NINJ1,-0.3175831102494617,9.24472656334044,-0.39966581199193335,0.1597327612751714,0.0010685876122293702,0.0925067170847224,0.003601037152634145
12947,12947,NINJ2,-0.15546558386661224,7.977138196756778,-0.44144398998404777,0.19487279629303605,0.0002607997613436185,0.040132393271446784,0.0010166730570469954
12948,12948,NINL,0.14484375426473411,6.321944212385149,0.2875209330514361,0.08266828694276837,0.021238891250501636,0.061277023704314586,0.050492880440946394
12949,12949,NIP7,-0.3018968325411269,9.200494089616829,-0.6144464560816489,0.3775444473912979,6.642067155200643e-08,0.04923034063337095,7.035052939687093e-07
12950,12950,NIPA1,-0.17256266082224408,7.9839331607765365,-0.3251769401787441,0.10574004242401053,0.008746301298797934,0.06373282013995417,0.02327081393604488
12951,12951,NIPA2,0.25365116840102164,4.7330673027020636,0.2972082666471525,0.08833275376340494,0.017080556523486206,0.10348998251472016,0.04174240509153524
12952,12952,NIPAL2,0.23316171956951234,5.491271171200527,0.21738137055332324,0.04725466026364123,0.08444183743259619,0.13296198766923406,0.1618076267235528
12953,12953,NIPAL3,0.4861147401164698,3.9996892747010713,0.473231060014305,0.2239476361622628,7.843644181220786e-05,0.11492518645877768,0.0003507208646383154
12954,12954,NIPAL4,0.05213590145625035,6.719574759452142,0.07173973533417095,0.005146589625816897,0.5732081021799973,0.09205784808971046,0.6980321779515581
12955,12955,NIPBL,0.06896295091630783,6.52072519781229,0.09146203700852126,0.008365304213748112,0.4722741497021588,0.09535752690088513,0.6102450451578405
12956,12956,NIPSNAP1,-0.3220536895640617,9.798481731456503,-0.5290804507285677,0.2799261233431443,6.968568433393809e-06,0.06559930634794776,4.096209267783468e-05
12957,12957,NIPSNAP3A,0.06213507617998465,6.4852953272072735,0.10749663575384262,0.011555526698394316,0.3978443232415872,0.07298309161991616,0.540111517760427
12958,12958,NIPSNAP3B,-0.036615088715441765,7.129136469242711,-0.02861077559408425,0.0008185764800950472,0.8224297729088323,0.16246386863042575,0.8882323593507584
12959,12959,NISCH,0.3380852883929879,4.659899406697607,0.3713571252075358,0.1379061144424054,0.0025182705608543434,0.10735343610575886,0.007713316689575787
12960,12960,NIT1,0.43239082115207417,4.350099894807328,0.4953247493749005,0.245346607343308,3.165242052151659e-05,0.09630844201447053,0.0001572094418333582
12961,12961,NIT2,-0.2296530085630863,9.017538018099527,-0.6722815960027207,0.4519625443239654,1.1794438998894426e-09,0.03211664658989228,2.439904909185289e-08
12962,12962,NKAIN1,0.20386395218555065,6.191667592071828,0.19208970836199435,0.03689845605859604,0.12835271619343278,0.13227462438756024,0.22693321923324516
12963,12963,NKAIN2,-0.2260855571313932,7.752703919992743,-0.348818844235591,0.1216745860938535,0.004730061811627196,0.07714446303593736,0.013520259837749066
12964,12964,NKAIN3,-0.0247448920585198,7.106121628036551,-0.02067796607113604,0.00042757828083905315,0.8711635942355048,0.15194591657107764,0.9202462260082858
12965,12965,NKAIN4,-0.1196916072308862,7.541310022456586,-0.07218530484126008,0.0052107182350256435,0.570822194591513,0.21003158406557831,0.6960109585517575
12966,12966,NKAP,-0.32610222908914244,9.06094742609666,-0.5951601193779242,0.35421556769794504,2.140211870971405e-07,0.05592009315483038,1.9159275761011067e-06
12967,12967,NKAPL,0.1725644315396088,6.360898257499987,0.10908297509279792,0.011899095455095971,0.3908765800936289,0.1997096794444884,0.533528669519542
12968,12968,NKAPP1,-0.07260593141491045,7.360388323762973,-0.07609412975260868,0.005790316582806846,0.5500918478620092,0.1208270288051288,0.6789147934259551
12969,12969,NKD1,-0.14933268694060595,7.915464983963269,-0.5385107591231829,0.2899938376914267,4.432236768167426e-06,0.02967534037841162,2.7415080216642727e-05
12970,12970,NKD2,-0.3994345920127125,9.218234218767359,-0.4692057543733972,0.22015403993710872,9.193040965773424e-05,0.09547527369367786,0.0004032313188450952
12971,12971,NKG7,0.14646460111813275,6.243056917726302,0.40553722335998105,0.1644604395305231,0.0008859727064907578,0.04192659697739693,0.0030497121219293217
12972,12972,NKIRAS1,0.02711663691654244,6.875091479474731,0.040526273694274764,0.001642378859543266,0.7505221647331988,0.08490756318926238,0.8378998222027864
12973,12973,NKIRAS2,-0.17141683088486787,8.144224017758638,-0.21151014872389365,0.044736543013203615,0.09339162497749423,0.1005976854360098,0.17586049033805545
12974,12974,NKPD1,-0.04394388266277128,7.238219541398598,-0.05475033858241591,0.00299759957488918,0.6674192836109345,0.10178033461892164,0.7743350970583867
12975,12975,NKRF,-0.3651799742479729,9.446259854223381,-0.5660577783012768,0.3204214083753774,1.0893665398773323e-06,0.06754142060649286,7.94283919900459e-06
12976,12976,NKTR,-0.0807281759399935,7.425664270069164,-0.0924487711107804,0.008546775279893464,0.4674884350891215,0.1104242014177439,0.6056875710096282
12977,12977,NKX1-1,-0.0497468263733043,7.311867690330784,-0.0812587932337738,0.0066029914778092036,0.5232687291345853,0.07749266393187361,0.6561311134574085
12978,12978,NKX2-1,-0.2546312392672428,8.162610093239948,-0.23834261422067446,0.056807201753545235,0.05788177623696007,0.1317693423675476,0.11829169548055546
12979,12979,NKX2-1-AS1,0.0856101616160452,6.677904517511932,0.09602592322845144,0.009220977931876451,0.4503609435581306,0.11270141847173162,0.589884850465815
12980,12980,NKX2-2,0.17437725390429795,6.32108998036904,0.3932332428602088,0.15463238329035595,0.0013070705883461205,0.051780539172625685,0.004302920886384195
12981,12981,NKX2-3,0.1349132858957134,6.180698956488112,0.6960550249039482,0.484492597694036,1.7126967994137553e-10,0.017673914717221337,5.1655221714909295e-09
12982,12982,NKX2-5,0.06572279271036513,6.6660725155551726,0.0684668395796578,0.004687708122026595,0.5908733992839645,0.12162407966950163,0.7122384337041053
12983,12983,NKX2-8,0.0714973713724271,6.665900888773416,0.07782320847519072,0.006056451777372998,0.5410386303691055,0.11632309744421244,0.670877440689724
12984,12984,NKX3-1,0.14253381017825556,6.334860864323052,0.11841806736768933,0.014022838679098605,0.35135831955709096,0.1517880244921478,0.4939728890481597
12985,12985,NKX3-2,0.3148005684447172,5.737862980221088,0.3635703249637796,0.13218338119426826,0.003146899021015668,0.10243897307401804,0.009411144634731982
12986,12986,NKX6-1,0.10240247086736187,6.5600560331391335,0.14976772809998376,0.02243037238023067,0.2375218853411564,0.08585591069145325,0.3680526960331121
12987,12987,NKX6-2,-0.06634770033368052,7.2869717502690525,-0.06431080524202652,0.004135879670877866,0.613650515046658,0.1307513329638897,0.7312277501422648
12988,12988,NKX6-3,0.10800755634878596,6.421180178265648,0.1371629226877265,0.01881366736023924,0.2797885408600009,0.09905976881776472,0.4172741633831487
12989,12989,NLE1,-0.3320672917612679,8.892856816129935,-0.6878521614385215,0.4731405959956458,3.4022980856540774e-10,0.04450230616894465,9.029015324122432e-09
12990,12990,NLGN1,0.6341585527742712,5.082663712781017,0.4170340642339088,0.17391741073145195,0.0006077363098915835,0.1755263060810298,0.002174216056616924
12991,12991,NLGN2,0.09595387160775072,6.4556907481461705,0.09751659063832856,0.009509485449723352,0.4433273260420394,0.12436933413946713,0.583713051214716
12992,12992,NLGN3,0.09402115279518164,6.4997253212445365,0.11547115574988702,0.013333587810214664,0.3635576923281021,0.10271677762949777,0.5065370190225046
12993,12993,NLGN4X,0.27771508069645395,5.8373603111312224,0.604693183288728,0.3656538459158552,1.2119591654209186e-07,0.04645491842475924,1.1780642258260809e-06
12994,12994,NLGN4Y,0.19939782117235072,6.3856366439578345,0.08729819714068117,0.007620975224013231,0.4927558447186553,0.2889735392013395,0.6291643760249105
12995,12995,NLK,-0.06765047118082902,7.4619569878998755,-0.10880930309898007,0.01183946444088572,0.39207345128088306,0.07849151378660238,0.5345549618383717
12996,12996,NLN,-0.01402463959430997,7.0952768745844725,-0.010605222393168894,0.00011247074200857097,0.9337148377151924,0.16793903778734945,0.9611444032287156
12997,12997,NLRC3,0.17257854283293628,6.242676109922222,0.4872336613802641,0.23739664078201786,4.445149347298473e-05,0.0392828533152024,0.00021268163746298812
12998,12998,NLRC4,0.6307436949854378,4.6388459974943865,0.4730434406287639,0.22377009672189885,7.902242403873906e-05,0.1491939571330797,0.0003529038136850679
12999,12999,NLRC5,-0.018632962281352927,7.1443369699762584,-0.04562073119293684,0.0020812511145782003,0.720373897516172,0.05181689787205297,0.815883721271585
13000,13000,NLRP1,0.3357538778951494,5.446628231321627,0.29965177552294425,0.08979118657405298,0.016149194978435873,0.13576219639242154,0.039726322533003386
13001,13001,NLRP10,-0.047364901465412224,7.186994883204452,-0.042127341740997366,0.001774712922162779,0.7410047052253366,0.1426628912334299,0.831724796519456
13002,13002,NLRP11,0.032730218605058634,6.899092448590138,0.02518707580116558,0.0006343887874136607,0.8433920190564972,0.16498236031771346,0.9019199539193807
13003,13003,NLRP12,0.07701849702008998,6.676704088022167,0.07543627870032535,0.00569063214415316,0.5535552768429753,0.1292943966235454,0.6818542967211546
13004,13004,NLRP13,-0.08340075747134187,7.370148484767914,-0.10188754403255693,0.010381071628986223,0.4230602521499954,0.10341583745155876,0.5639848411910952
13005,13005,NLRP14,0.06661057262672541,6.737426997483351,0.052156472334747836,0.002720297606405317,0.6823144763207012,0.16197485605899434,0.7858588685720749
13006,13006,NLRP2,0.020738997634586524,6.937712527550817,0.052724842191070806,0.00277990898407332,0.679040039681204,0.04988524834372205,0.7834103388010907
13007,13007,NLRP3,0.5765268429345257,4.953225878222557,0.2923941797780913,0.08549435636810276,0.019050541024902685,0.2394683707267403,0.045919801466117655
13008,13008,NLRP4,0.03591521797607758,6.889573525477308,0.048247918737048985,0.0023278616624568837,0.7049874859055967,0.09442739304754054,0.803457923650634
13009,13009,NLRP5,0.06456773360359568,6.7259860479482105,0.07330105477174842,0.005373044630650864,0.5648679773366234,0.11156798414745284,0.6914763170844873
13010,13010,NLRP6,0.11740435361528954,6.558670976246847,0.10923846918179074,0.011933043149181043,0.3901975111920989,0.1356769085460661,0.5328704739146687
13011,13011,NLRP7,0.1318000159226637,6.459661620666603,0.18413703911750526,0.03390644917496165,0.14524063486870978,0.08934866213158457,0.25035309624149565
13012,13012,NLRP8,0.00719173233775062,6.987759236722433,0.007619690375502812,5.80596814185302e-05,0.9523492190040884,0.11986371629553835,0.971093955715663
13013,13013,NLRP9,0.007913383729310105,6.986862163105598,0.010038754231754722,0.00010077658652557332,0.93724806636047,0.10010705251622784,0.96301275728218
13014,13014,NLRX1,-0.00985413641778541,7.082636987043776,-0.010866928175840071,0.00011809012797886687,0.9320829277042164,0.11515698462256685,0.9598752044623743
13015,13015,NMB,-0.31301892145906524,9.182076071359091,-0.7085725770108169,0.50207509689175,5.743718655706589e-11,0.03958879923002439,2.1189135858488277e-09
13016,13016,NMBR,-0.04548017364006332,7.162908522807072,-0.03313367676899273,0.0010978405362320886,0.7949282171704128,0.17422806533274104,0.8679997248298351
13017,13017,NMD3,-0.2883937025874707,9.541889497421149,-0.6480509203065685,0.4199699953101904,7.086318807198137e-09,0.04304334622439187,1.0844822174549518e-07
13018,13018,NME1,-0.20277634620312224,9.051500192768806,-0.7516094055831639,0.5649166985610771,8.292074617016187e-13,0.02260036483794755,9.0871862785261e-11
13019,13019,NME3,-0.163792609359406,8.248218355115025,-0.1894497052007096,0.03589119080063577,0.1337851679885853,0.10781211072010026,0.23420515867363098
13020,13020,NME4,-0.2259977199813048,8.853608044709821,-0.6617656757717799,0.4379338096296805,2.620457432774489e-09,0.03251604429496565,4.7053072725316385e-08
13021,13021,NME5,-0.09803775405147892,7.4580682534384275,-0.3726482760568131,0.1388667376481148,0.002425638459034107,0.031005131284097837,0.007464430983428107
13022,13022,NME6,-0.1951555554480027,8.219781946648926,-0.3335254339842417,0.1112392151143768,0.007076928251662986,0.07005651962468004,0.019313280565817513
13023,13023,NME7,-0.13248117267382534,8.281175526853984,-0.3378899048240481,0.11416958778200427,0.0063208190685513106,0.04686605475547784,0.017447716625809895
13024,13024,NME8,0.2854437247039421,6.039392577938376,0.2285570862725082,0.05223834168537875,0.06928660212126984,0.1544114608752106,0.13731137264904353
13025,13025,NME9,-0.007942570429083513,7.0429354822597885,-0.006987408002015356,4.882387058662824e-05,0.9562992493897088,0.14435722489784222,0.9737004065043325
13026,13026,NMI,-0.2657760983040364,9.391236576239672,-0.607084877356009,0.3685520483143605,1.047736797324534e-07,0.0441813967527763,1.038386285860997e-06
13027,13027,NMNAT1,0.050402595988266914,6.740524990256686,0.08290547728915929,0.006873318164543306,0.5148564290258102,0.07694424839668741,0.6485757619934752
13028,13028,NMNAT2,-0.4966970701310782,9.01873196675438,-0.3690967116687535,0.13623238256468698,0.00268806487780637,0.1588378634339176,0.008180163705578548
13029,13029,NMNAT3,-0.1126786998185407,7.722730100093533,-0.12325974631629785,0.015192965061958103,0.3318721310618569,0.11521268130458445,0.4738685875078802
13030,13030,NMRAL1,-0.3735320968185238,10.077120783775369,-0.6192010756254177,0.3834099720556743,4.9173875637007975e-08,0.06015872554828889,5.466428526280327e-07
13031,13031,NMRK1,0.11698304946711127,6.351256792872155,0.13834918107432878,0.019140495903937408,0.2756107802251757,0.10635401823751832,0.41265851827146977
13032,13032,NMRK2,0.11213528933014599,6.467124429182805,0.15229591704868795,0.02319404634970084,0.2296049134236981,0.09241923127962552,0.3585041747919953
13033,13033,NMT1,-0.4008999694834866,9.712135592077008,-0.5567229345765417,0.3099404258835163,1.7775795723279813e-06,0.07597039047552502,1.2116300169582131e-05
13034,13034,NMT2,0.3569542054427243,5.330329304862407,0.5511073366958921,0.3037192965600392,2.369607275171848e-06,0.06863926829677404,1.560712205645913e-05
13035,13035,NMU,-0.10261794922366548,7.649507552353363,-0.6813394407467698,0.464223433517121,5.775741995870672e-10,0.014000895500186343,1.3744361859404331e-08
13036,13036,NMUR1,0.24087711427060546,6.027012866201521,0.3567541747030072,0.12727354116802378,0.003807872742374153,0.08010685883652702,0.01112663395440727
13037,13037,NMUR2,-0.14824849430381834,7.636182908080813,-0.3898820552569422,0.15200801701137734,0.0014494147070281274,0.04446897025130556,0.004712774096200315
13038,13038,NNAT,0.03479300984403365,6.803451840312192,0.04144413074355791,0.0017176159730891221,0.7450613813523199,0.10652703120130294,0.8342884437243129
13039,13039,NNMT,-0.2856330953053789,8.135567055241545,-0.3169784148153161,0.10047531545883057,0.010709818253696568,0.10853992947900112,0.027768332648922315
13040,13040,NNT,0.3052223942785308,5.015047406913375,0.37836834153221777,0.143162601873841,0.0020508082790193947,0.09483201215113564,0.006425094514202111
13041,13041,NNT-AS1,-0.14249762337131716,7.885844412368384,-0.3757447781023642,0.1411841382711949,0.00221576242991488,0.0446343126387144,0.006872290950989219
13042,13042,NOA1,-0.3588028770989159,10.33119750293602,-0.6180792508140108,0.3820219602868089,5.281256665097613e-08,0.057956537151715164,5.80536107018725e-07
13043,13043,NOB1,-0.2551713304915227,9.204009380662542,-0.8175366819744332,0.6683662263737655,1.6927814635879415e-16,0.022827490021928982,1.5937905475650812e-13
13044,13044,NOBOX,0.17749959667730364,6.102423622111436,0.20281777978003648,0.041135051794903364,0.10798478765704997,0.10883641378245547,0.19777099675671553
13045,13045,NOC2L,-0.6260303934090049,10.464895439609656,-0.6020231405661558,0.3624318617771374,1.4238767016949165e-07,0.10545075450715073,1.3511853626294223e-06
13046,13046,NOC3L,-0.21455449418410585,8.70423242211597,-0.6886998729691375,0.4743075150277061,3.172620387068381e-10,0.028686505866616568,8.577165353553782e-09
13047,13047,NOC4L,-0.3126885219774116,9.147944887245114,-0.5533601717722235,0.3062074797037847,2.112826649397106e-06,0.05977547063282099,1.4103964578512431e-05
13048,13048,NOD1,-0.043426186982489866,7.257127962776757,-0.03617689423177047,0.0013087676762567075,0.7765606545659121,0.15234920477761493,0.8551882106705058
13049,13049,NOD2,-0.07697649075406282,7.342835764200983,-0.0913814080377443,0.00835056173496072,0.4726663646912703,0.10653283960298003,0.6105804176766757
13050,13050,NODAL,-0.035272741425078184,7.168106320572744,-0.027102416645972138,0.0007345409880518675,0.8316506656153941,0.16522501134578566,0.8942102861917259
13051,13051,NOG,0.17267946943872406,6.43140034280045,0.12737480291548572,0.01622434041775883,0.3158571927652481,0.17076913255744433,0.4565016042179479
13052,13052,NOL10,-0.5280926453706828,10.113193174826216,-0.6173876391852938,0.38116749701879055,5.5181071638451483e-08,0.08545606724223577,6.041183550711157e-07
13053,13053,NOL11,-0.3007960184253831,9.62488373893032,-0.5677696242871114,0.32236234626312765,9.941835704948193e-07,0.05538636323539338,7.335279461351044e-06
13054,13054,NOL12,-0.24930361306415655,8.549852206822512,-0.2454355882211611,0.06023862796546736,0.050606811212486606,0.12505584267467612,0.10569931489259235
13055,13055,NOL3,-0.3062351887195227,8.709353088741512,-0.5646712739387724,0.3188536476116361,1.1726591117832173e-06,0.05684388746802916,8.470291216032544e-06
13056,13056,NOL4,-0.2742072227449553,7.95873793427853,-0.2457108801723355,0.0603738366350638,0.05034026703199322,0.13738401623031707,0.1052565565975924
13057,13057,NOL4L,0.5800783922421497,4.140018872765099,0.4002256284366711,0.1601805536575283,0.001049816648967799,0.16868595017653373,0.003544969505103815
13058,13058,NOL6,-0.4854258982346093,9.801656571993158,-0.578349100937419,0.33448768255512085,5.58509225492091e-07,0.08695910921620716,4.4124470186177415e-06
13059,13059,NOL7,-0.6318434138955168,12.942777612871584,-0.6210149697328673,0.3856595926323141,4.3787159799098904e-08,0.10127822697351077,4.933459653743427e-07
13060,13060,NOL8,-0.3237792378804138,9.620495595767473,-0.6733185630181516,0.4533578873048286,1.0882497854321868e-09,0.045152739712516494,2.2901894172530617e-08
13061,13061,NOL9,-0.2879362670243185,8.947694071194496,-0.3665793619308367,0.1343804285936194,0.0028891054583258325,0.09281027249422456,0.008722093782245352
13062,13062,NOLC1,-0.24237926824536346,8.991504142925818,-0.689955054640063,0.4760379774233723,2.8594646150473834e-10,0.03229451223815232,7.88811544443963e-09
13063,13063,NOM1,-0.2592657059459555,8.53795706651573,-0.5682423288023336,0.3228993442426994,9.693094549861335e-07,0.04768066081402606,7.176203845375973e-06
13064,13064,NOMO3,-0.19022948489465827,7.902834409120405,-0.27319909926260383,0.07463774783789806,0.02894363265178293,0.08506650967123466,0.06578926892771694
13065,13065,NONO,-0.38724722549634893,10.957218590914856,-0.7326133539375448,0.5367223263676183,5.950081362882473e-12,0.04569180608857183,3.6814003403777133e-10
13066,13066,NOP10,-0.01723400880755839,7.207126172154464,-0.02056146330404753,0.00042277377320369333,0.8718833420238485,0.10642523632827076,0.9209166799105667
13067,13067,NOP14,-0.2464691248898777,8.762361634286652,-0.6712716841940795,0.450605674000756,1.2752062220816551e-09,0.034562920725460106,2.5904869361330432e-08
13068,13068,NOP14-AS1,-0.2264835467835695,7.96144579329898,-0.13106098974379576,0.01717698303262333,0.3019391127786099,0.2175730144425688,0.4413730752026652
13069,13069,NOP16,-0.3979048727611635,9.594547253015193,-0.6417694266129155,0.4118679969350703,1.0993023666794191e-08,0.06038676924891723,1.5624074487850882e-07
13070,13070,NOP2,-0.30159655513216194,9.315055467259826,-0.6992638463369227,0.4889699267939075,1.3012483698363708e-10,0.03915729530787754,4.125700358536839e-09
13071,13071,NOP58,-0.2749305037281189,9.676617107777577,-0.725531145196516,0.5263954426501679,1.189373474041666e-11,0.03311913299365348,6.297281804491999e-10
13072,13072,NOP9,-0.4222359436822313,9.478286995093015,-0.462421498499736,0.2138336422747413,0.00011959951152574973,0.10282022901695537,0.0005090266159768299
13073,13073,NOS1,0.0752077897854837,6.679189154992572,0.042404736746675616,0.0017981616985548621,0.7393596230461208,0.22504107424321054,0.8304804521533142
13074,13074,NOS1AP,0.2167678696263277,5.893537365780396,0.2251305689781514,0.05068377308842618,0.07368163225545847,0.11914341605568493,0.1445267886315175
13075,13075,NOS2,-0.11115468898353012,7.701808223224026,-0.4090993364321092,0.16736226706919208,0.0007894382517628686,0.031486994772871035,0.002745789486335516
13076,13076,NOS3,-0.2479253550175544,8.010662104722721,-0.2837072853241453,0.08048982374599603,0.023097130811176262,0.10642235885070332,0.05429675739944989
13077,13077,NOSIP,-0.3478483361089762,10.111799801769367,-0.397615772081686,0.15809830220811524,0.0011399395556280592,0.1019438838175747,0.0038112383938745747
13078,13078,NOSTRIN,-0.12643370846438698,8.01925127682494,-0.2851311839265253,0.08129979204734197,0.02238781856305216,0.05397705948716393,0.052857415065732063
13079,13079,NOTCH1,-0.3143768544330693,8.942579771102391,-0.3041662508835656,0.09251710817656417,0.014542663369821409,0.12504401730508416,0.036256202541271314
13080,13080,NOTCH2,0.38698593095475897,4.264493068993511,0.5141835585634122,0.264384731896934,1.38621823370637e-05,0.08197973560328654,7.504638962727861e-05
13081,13081,NOTCH2NL,0.1480026558384429,5.839740308198371,0.4268851138261753,0.18223090040638668,0.00043526710270366093,0.039817867904911874,0.0016115077977513724
13082,13082,NOTCH3,0.3814276109989984,5.042504210163124,0.3431384507145637,0.11774399635879107,0.0055062019600737476,0.13260020886877316,0.01544718272384985
13083,13083,NOTCH4,-0.10973650451116301,7.5902817740709665,-0.08481251461924036,0.007193162636038859,0.5052004817305011,0.16372979475208926,0.6399323523831062
13084,13084,NOTUM,-0.16154623769217727,8.066248454966543,-0.3073637099646065,0.09447245020320676,0.013489739881982692,0.06351835579050957,0.03390833629069474
13085,13085,NOV,0.13135179570007366,6.346858115139011,0.28372417830059754,0.08049940935234927,0.023088605322901173,0.05637931941625416,0.05428705192914494
13086,13086,NOVA1,0.6594213259231186,4.84709544573816,0.6250394825129245,0.3906743547000245,3.375949026598373e-08,0.10458861701903556,3.93891035404029e-07
13087,13087,NOVA2,0.3549748150180902,5.2510296186843615,0.2448858362820363,0.059969072811552275,0.05114254578285733,0.17848803188775111,0.10659209133087348
13088,13088,NOX1,-0.1138406435550726,8.138908878801768,-0.3573489696198609,0.12769828608837627,0.003745652733312471,0.037786992390358855,0.010969990524733778
13089,13089,NOX3,-0.29582068552753843,7.933535956118151,-0.1826214155616258,0.03335058142173203,0.14863931041054218,0.20226255389264214,0.2551350877409869
13090,13090,NOX4,-0.2221632169378001,7.730309645137471,-0.10986786982519556,0.01207094881992612,0.38745596750387395,0.25525160680824505,0.5301629581888279
13091,13091,NOX5,0.3209106938509748,5.2872142422821256,0.274108632019635,0.07513554214767566,0.028392751193603537,0.14298967450717964,0.06472052916815628
13092,13092,NOXA1,-0.20263543677466064,8.387084036002204,-0.2556399281376939,0.06535177285824527,0.0414674789342064,0.09732288143109298,0.08952923791826915
13093,13093,NOXO1,-0.2740776938363342,8.847961859982489,-0.6608419339415529,0.43671206165561177,2.8065758310568182e-09,0.03953169891905945,4.998059179402582e-08
13094,13094,NOXRED1,-0.14609075286232445,7.571190536836629,-0.1489914930384445,0.02219846499782485,0.2399899502926096,0.12313762347208275,0.3708951165848174
13095,13095,NPAP1,-0.13129298903700792,7.5637275226182314,-0.14516893725878105,0.02107402034484391,0.2524008292337747,0.11364410706302965,0.38515695384022547
13096,13096,NPAS1,0.14442829010009348,6.269691643262703,0.19913995507766427,0.03965672170833415,0.11466525455915665,0.09026331317426793,0.2073438826692121
13097,13097,NPAS2,-0.1461744800032846,7.841207584966713,-0.17109798167554185,0.02927451933344405,0.17643984861337686,0.10690032883079596,0.29179814584715713
13098,13098,NPAS3,0.5381618954120623,5.043178858330301,0.2425611936906727,0.058835932684644036,0.05345935820813795,0.2733558970438809,0.11067518183529898
13099,13099,NPAS4,0.14154550042624794,6.397504467642883,0.11218963886982036,0.012586515069740704,0.3774423141138443,0.15921977298742532,0.520373929594149
13100,13100,NPAT,-0.18005034744073398,8.050563610273098,-0.1369579298197465,0.018757474540510608,0.28051471615730594,0.16538614220277886,0.41795418868766065
13101,13101,NPB,0.005698618914349916,6.9769180469224885,0.008231257679273563,6.775360298260001e-05,0.9485296862286264,0.08792104877920634,0.9691052089623534
13102,13102,NPBWR1,0.03753191812740343,6.825052207534545,0.060366079755389615,0.0036440635850340593,0.6356118488165234,0.07881687266545953,0.7486046501989887
13103,13103,NPBWR2,-0.011066700639437913,7.055563213557869,-0.0107274780856158,0.0001150787860773672,0.9329524577405988,0.13100856539724426,0.960542265600374
13104,13104,NPC1,-0.4097511308259588,8.858119466053157,-0.25421163777046285,0.06462355677794103,0.0426579964779354,0.19798035634572647,0.09167912998508249
13105,13105,NPC1L1,0.13617327287425682,6.43226115955593,0.08816651969380168,0.007773335194917521,0.4884466612059784,0.1953879517614976,0.6251086957471212
13106,13106,NPC2,0.2803339078018561,3.938470197860593,0.4840271182563478,0.23428225120754445,5.0735708247171666e-05,0.06436421086606467,0.0002386363514536278
13107,13107,NPCDR1,0.0355556234983786,6.8748597527045705,0.03637350388811997,0.0013230317850990785,0.7753780656719449,0.12406230108098243,0.8546426215203398
13108,13108,NPDC1,-0.1690322795986927,8.516877381867543,-0.6293951797261297,0.3961382922624871,2.537024073603601e-08,0.026504470758391456,3.1006202732092814e-07
13109,13109,NPEPL1,-0.5528396068814816,10.249596360437348,-0.4771638441111604,0.2276853341269397,6.70388597238784e-05,0.12931023978300338,0.0003056266331201235
13110,13110,NPEPPS,-0.0820363212122894,7.665410902623223,-0.09435382480967253,0.008902644256214377,0.4583234785020355,0.1099281656544273,0.5972077096673433
13111,13111,NPFF,0.08306426502009953,6.615543714741039,0.09090360285471066,0.008263465011966961,0.4749942068450375,0.11556742638956714,0.6125170933858922
13112,13112,NPFFR1,0.1937502390124193,5.881387420009384,0.26371410069839746,0.06954512690716451,0.035242494110014774,0.09000377132788984,0.07794670717519864
13113,13113,NPFFR2,0.0732309842446239,6.740146536124335,0.062079773789176826,0.003853898313715365,0.626031340812121,0.1495238326781391,0.7404498161940923
13114,13114,NPHP1,-0.43300012889597306,8.635065675954571,-0.6572974271675655,0.43203990776110096,3.6439075242887208e-09,0.06305059060965558,6.252679670243443e-08
13115,13115,NPHP3,0.06038833983388636,6.756255470356319,0.1434669439463639,0.020582764005309118,0.2580647529393044,0.05290409256738944,0.39200282161199757
13116,13116,NPHP3-AS1,-0.08200212295030555,7.3210113022400485,-0.049543380568131054,0.0024545465581186656,0.6974431431225303,0.2099471390418524,0.7975882585719474
13117,13117,NPHP4,-0.3342426361821924,8.671878602140781,-0.3498092706905195,0.12236652586103315,0.004605107953516313,0.1136818880713696,0.013189209460837953
13118,13118,NPHS1,-0.02263056173510626,7.123869493488683,-0.01899053187448051,0.0003606403008756602,0.8815983454750705,0.1513157151892814,0.927450243241097
13119,13119,NPHS2,-0.11351161611086134,7.566552730501101,-0.12297215847699455,0.01512215176049106,0.3330101729857789,0.11633994411328467,0.475211551631436
13120,13120,NPIPA1,0.002255621495219657,6.995074336289218,0.006581385903296401,4.331464040810858e-05,0.9588363318469936,0.04352548482217628,0.9751832033696527
13121,13121,NPIPB15,0.029394021240871218,6.829116925244064,0.09124544834017144,0.008325731842798894,0.4733281288689132,0.04074144906571175,0.6111328780501023
13122,13122,NPL,0.24302252596242144,5.8462337239900215,0.3660817045094599,0.1340158143765515,0.0029303982652569434,0.07845626722155395,0.00883320913615522
13123,13123,NPLOC4,-0.3452517897373384,9.7752544780453,-0.3108196984235967,0.0966088849281356,0.012426221708406413,0.1340816873087919,0.03160928357753329
13124,13124,NPM1,-0.3431796774635002,10.952152687619977,-0.7883335102270705,0.6214697233469347,1.057694046746903e-14,0.034014652638979834,3.1142323771741193e-12
13125,13125,NPM2,0.0019630486313529857,7.002360291751129,0.002287603782113938,5.233131063941993e-06,0.9856865978354492,0.1089816230889989,0.9915413979789973
13126,13126,NPM3,-0.226995608743952,8.406811515604236,-0.6963753049098492,0.4849385652882855,1.6666353973846803e-10,0.029710349866423562,5.075264376873158e-09
13127,13127,NPNT,-0.24420782914532646,8.682729449959071,-0.4543217522228704,0.2064082545428592,0.00016257733323997106,0.06081332909077615,0.0006686822699547148
13128,13128,NPPA,0.18920625435750674,5.794397105948518,0.2395378823211108,0.0573783970668823,0.056599658939270936,0.09739443264998024,0.1161548156112502
13129,13129,NPPB,0.045037750263727916,6.798053077432742,0.0681909674444509,0.004650008041010162,0.5923735006073807,0.08368389778737012,0.7135094108553356
13130,13130,NPPC,0.05226473325498395,6.806955868659582,0.06889206565932879,0.004746116710809269,0.588564505967772,0.09611930612835792,0.7104043462868348
13131,13131,NPR1,0.25983977304118266,5.5011523040854815,0.2544334748759238,0.06473639313743736,0.0424712612283444,0.12543032624645287,0.09134126148572828
13132,13132,NPR2,0.06845220729806048,6.635146916220591,0.061396657783878074,0.003769549587030636,0.6298430799781256,0.14132753619508975,0.7436887621006713
13133,13133,NPR3,0.208055826005237,6.218184501716008,0.12289248035448065,0.01510256172767641,0.33332590932350825,0.21338025554600126,0.47544279847191223
13134,13134,NPRL2,-0.4629942014175083,10.159130344072695,-0.4316952404996225,0.1863607806700269,0.00036843476565366363,0.12286222722007215,0.0013870653456567658
13135,13135,NPRL3,-0.4466239145423813,9.555866998641342,-0.4586628540546777,0.2103716136895826,0.00013804322763101762,0.1098914581336968,0.0005788780198198464
13136,13136,NPSA,0.0566033556334893,6.834364347663452,0.04419144896955657,0.0019528841620289226,0.7287917422700944,0.16251131852709924,0.8225781913300788
13137,13137,NPSR1-AS1,-0.2323981126091149,7.893814781552563,-0.16819072292498044,0.028288119278027542,0.18401540320213394,0.1729830184395389,0.3016314856061018
13138,13138,NPTN,0.5428411575641142,0.7616632085296047,0.466557086058277,0.21767551455119044,0.00010194292103600389,0.13069699275227273,0.0004423109507182256
13139,13139,NPTN-IT1,0.1982063087008284,6.180557056500367,0.32182115247097426,0.10356885417774606,0.0095084146396903,0.07405689710686215,0.025046188909195168
13140,13140,NPTX1,0.007238981923483644,6.986005753950564,0.0054263604225094466,2.94453874349769e-05,0.9660558009515328,0.16942075656989633,0.9798107053348997
13141,13141,NPTX2,-0.014160431619962431,7.076531567906344,-0.05751380217938666,0.0033078374411296217,0.6516897600557869,0.031216850800535264,0.7613888186678212
13142,13142,NPTXR,0.28324725766367026,5.619913140481884,0.21219816111140952,0.045028059579063716,0.09230597362250637,0.1656622511373252,0.17421002778415332
13143,13143,NPVF,-0.2945219782623911,7.941161321150338,-0.20193077999286035,0.040776039908524964,0.10956776408041424,0.1814175720929702,0.19994016441909246
13144,13144,NPW,-0.11456103861262462,7.477007942209914,-0.4154282233238845,0.17258060873403927,0.0006411079043835184,0.031857225279630086,0.0022811685293173006
13145,13145,NPY,0.19433193873413188,6.08612638747654,0.6305665750834609,0.397614205612486,2.3476238685332496e-08,0.030377690528038563,2.9061415614942606e-07
13146,13146,NPY1R,0.08538975423745916,6.6699724799492035,0.4691381714518277,0.2200906239131645,9.217419994911032e-05,0.02041414610968419,0.00040421877276184364
13147,13147,NPY2R,0.2410707317627023,6.136590617276046,0.14434560430164295,0.020835653481206484,0.2551300867566645,0.20988087888043644,0.38843172606172416
13148,13148,NPY5R,-0.16095173843875427,7.608382265367952,-0.16606917700792234,0.027578971552088653,0.1896899913697712,0.12137743752563755,0.30912084538598095
13149,13149,NPY6R,-0.03914216661658769,7.231819318643496,-0.11094189302828633,0.012308103628699728,0.3828042781706796,0.0445311786037529,0.5257246729950574
13150,13150,NQO1,-0.12724925550641855,8.269460208847358,-0.6389329854847937,0.4082353599405116,1.336005481907614e-08,0.01945712196865839,1.8415785302806733e-07
13151,13151,NQO2,-0.2892510520286614,8.669918990723973,-0.3909678908424235,0.15285589166977318,0.0014018368488038235,0.08648019464360045,0.00457703734118993
13152,13152,NR0B1,0.4638992853519531,5.343654511413741,0.271723539907476,0.0738336821398497,0.02985642318302877,0.2086628267085976,0.06762071111677982
13153,13153,NR0B2,0.02623966897300184,6.86915210041966,0.032201814724082865,0.0010369568715241603,0.8005752976289272,0.1034324640849901,0.872406303852376
13154,13154,NR1D2,0.04495924301032447,6.698963884581749,0.15095406747706658,0.022787130487870767,0.2337837730123593,0.03739150233636726,0.36363939122127864
13155,13155,NR1H2,0.04048582161467727,6.723474977051331,0.04853059554942031,0.0023552187043814144,0.7033388230507484,0.10582285133678396,0.8020657110941151
13156,13156,NR1H3,-0.11012223567979776,7.761062136270751,-0.1973846698900499,0.038960707907603975,0.11796335017353005,0.06946024765911064,0.2121146182851277
13157,13157,NR1H4,0.0381293265707571,6.851424554861347,0.13622321791312744,0.01855676509860741,0.2831276415159764,0.035216382960174625,0.42094223363547817
13158,13158,NR1I2,-0.06122592819151215,7.4727810343744245,-0.0935205416370146,0.008746091708080583,0.4623201441017339,0.08277991496471633,0.6008968681665595
13159,13159,NR1I3,0.1054196795193503,6.63341146605775,0.06886771008797367,0.00474276149276119,0.5886966420735917,0.19394468248641325,0.710455488849002
13160,13160,NR2C1,-0.5278583750766183,9.505232099259374,-0.5151256671995899,0.2653544530078226,1.3284821387559376e-05,0.11154428062891616,7.226488240885256e-05
13161,13161,NR2C2,0.08109247056471004,6.5060576362164415,0.08855380932881711,0.007841777146644495,0.4865310889839201,0.11584249617187277,0.6233481677876458
13162,13162,NR2C2AP,-0.3149592048420155,9.169958865654609,-0.718069968991813,0.5156244803679032,2.4116315142742754e-11,0.0387688384520973,1.0571635716924987e-09
13163,13163,NR2E1,0.033192772732679766,6.905469126358504,0.02875533183017005,0.0008268691086631907,0.8215473065832802,0.1465378034683174,0.8876219589912155
13164,13164,NR2E3,0.1858072769684713,6.288374492615348,0.17092954971204385,0.029216910964762064,0.1768724509991793,0.1360225231742594,0.29229036373528905
13165,13165,NR2F1,0.22993547732896816,5.974561582263638,0.5702786933072231,0.32521778804019386,8.686832986932676e-07,0.04206344194737239,6.520394049636988e-06
13166,13166,NR2F1-AS1,0.7329376048204448,4.308519625019386,0.4273318303611768,0.1826124932398336,0.0004286250623101256,0.19693364290305865,0.0015891801164429676
13167,13167,NR2F2,0.2177971658638748,5.716676441933282,0.2359458162181847,0.055670428190865366,0.06052367175924898,0.11392155214036465,0.12284650375677804
13168,13168,NR2F2-AS1,0.5306616022189689,5.1067387751149385,0.3958618943345407,0.15670663938613102,0.0012043624782177025,0.15633904731197598,0.004000072003957722
13169,13169,NR2F6,0.5350896947617142,3.355258881092649,0.5324688106561954,0.2835230343216233,5.9321529360089244e-06,0.1080283354966933,3.548640105781029e-05
13170,13170,NR3C1,0.13590960852550316,6.137245692449372,0.7399080559024193,0.5474639311892976,2.8485264272041485e-12,0.0156928983222889,2.179676317353563e-10
13171,13171,NR3C2,0.2000048198633108,5.1328072647802365,0.7831337355048088,0.6132984476857158,2.0636169910961742e-14,0.020169570116249487,5.2573677579044294e-12
13172,13172,NR4A1,-0.1408550784473295,7.88231527880062,-0.17349786108269047,0.030101507800268563,0.17035933271295772,0.1015419927401108,0.28409182602458755
13173,13173,NR4A2,-0.0224652565972322,7.1237950298411805,-0.08253080328128108,0.006811333490253514,0.5167644573254795,0.03445207183485716,0.6502344173958895
13174,13174,NR4A3,-0.009399635610985066,7.055003116601343,-0.00991091629817387,9.822626186940843e-05,0.9380455983651256,0.1204425756364476,0.9635412879516552
13175,13175,NR5A1,0.06254677405308633,6.7478388407671615,0.07702526045708619,0.0059328907484819645,0.5452075392925962,0.10282145547382107,0.6747560196837696
13176,13176,NR5A2,0.1300807623710001,6.262743790699317,0.7586171640665267,0.5755000016163395,3.8309425566764573e-13,0.014188399576889053,5.120929695359796e-11
13177,13177,NR6A1,0.30500454300419144,5.445943438224759,0.2152459441779197,0.046330816485044134,0.08761516451968973,0.17574151303914656,0.16692824104116497
13178,13178,NRAP,0.1196958845017841,6.568705632308951,0.11096980834604388,0.012314298364357712,0.3826838213956426,0.13614068171038907,0.5256451477163003
13179,13179,NRARP,0.3409926365516165,3.557311460972036,0.6082129196258733,0.36992295559982896,9.777904812392106e-08,0.0565184630952107,9.79373398299496e-07
13180,13180,NRAS,0.2269325208387983,5.003053382400712,0.3249409969424797,0.1055866514939726,0.008798088665170376,0.08388137099889882,0.023394230113490237
13181,13181,NRBF2,0.025279322975498314,6.830288079297682,0.037648680184047344,0.0014174231196006789,0.7677204424582924,0.08521417227698318,0.8492695550997408
13182,13182,NRBP1,-0.226913820457804,8.691458604606353,-0.2346873404032192,0.05507814774553648,0.0619493856331272,0.11936400608190907,0.12522299504203954
13183,13183,NRCAM,-0.10038573704348716,7.4265667565038695,-0.22477245329000736,0.050522655758008544,0.07415352314991762,0.05526820816599956,0.14528133030050355
13184,13184,NRD1,-0.30204841111269537,8.984772946908688,-0.2804953492911416,0.07867764097395955,0.02476731982285723,0.13126859936037186,0.057590068803175486
13185,13185,NRDE2,-0.10027406496688893,7.4556831318403605,-0.061148863529011624,0.0037391835108896865,0.6312281416230854,0.207869566845272,0.7451210360778366
13186,13186,NREP,0.005724585333376023,6.982527843166696,0.007033029739238453,4.94635073130125e-05,0.9560142024930134,0.10337011366927944,0.9736335122721691
13187,13187,NRF1,-0.20630449835630088,8.109697373437854,-0.11735196611033685,0.013771483949961643,0.3557421429119699,0.2217232626357502,0.49838882737650964
13188,13188,NRG1,-0.04788571661914277,7.239447856402004,-0.037652851440140765,0.00141773722157331,0.767695429265636,0.16140024863439173,0.8492695550997408
13189,13189,NRG1-IT1,0.2873423940241136,6.027496038873959,0.24556511454947674,0.060302225483697625,0.050481257433272135,0.14405597960543975,0.1054777720684589
13190,13190,NRG2,0.25684171788728744,5.9940995151256695,0.25344798064539725,0.06423587889322968,0.04330600364179662,0.12449848904919512,0.0928782320355656
13191,13191,NRG3,-0.16826168602653874,7.551543938304403,-0.09924508424323482,0.009849586746446776,0.435248773001883,0.21425500380420526,0.5760151017763468
13192,13192,NRG4,-0.0028643318198523513,7.025013797836079,-0.0025448978105855626,6.47650486632319e-06,0.9840769222254828,0.14294064201564335,0.990526436310906
13193,13193,NRGN,-0.19126420360247406,7.947135018168463,-0.24413111864425854,0.05960000309049705,0.051885555861721416,0.09648749248170096,0.10785003956475113
13194,13194,NRIP1,0.24795289755837036,4.681333245781182,0.4815946343199605,0.2319333918057765,5.604001282710421e-05,0.05730481907572351,0.0002605854579709989
13195,13195,NRIP2,0.3891593146432711,5.245082105066293,0.42494608007576784,0.1805791709717609,0.00046519776253235273,0.10528130445203343,0.001708012469928467
13196,13196,NRIP3,-0.5425906976384428,9.54754919526636,-0.4487510452041737,0.20137750057183834,0.00019991553767608516,0.13722770384291613,0.0008031857084184832
13197,13197,NRK,0.07073564299357753,6.799642439055461,0.03747366814819746,0.001404275804481229,0.7687701252503012,0.23955823543887905,0.8500238479599322
13198,13198,NRL,-0.02591805322644306,7.1355794520024345,-0.022718952148536628,0.0005161507867274972,0.8585718841882817,0.14484587318341385,0.9121062672732162
13199,13199,NRM,-0.30710347987179804,9.405649396854436,-0.4923591962885692,0.2424175781699258,3.588336835449641e-05,0.0689480175238473,0.00017568490656039333
13200,13200,NRN1,-0.009739572322383922,7.064398735609478,-0.03798754764492632,0.001443053776075547,0.7656891743740147,0.03253787623212021,0.8483065113613675
13201,13201,NRP1,0.4399704596176532,5.022256747795693,0.6218453069360714,0.3866915857584169,4.15120052769441e-08,0.07036955001071682,4.716382341407264e-07
13202,13202,NRP2,0.16172676844658915,6.336786310071055,0.10074243861899662,0.010149038938902302,0.4283180166740308,0.20284229199044407,0.5694865015703405
13203,13203,NRROS,0.3794178885088415,4.988510186614551,0.5451298393851816,0.29716654178811386,3.1996298692005317e-06,0.07410512033359411,2.0402822384433896e-05
13204,13204,NRSN1,-0.024461702329877908,7.111014489064693,-0.02008077939988122,0.0004032377013066939,0.8748540693267571,0.15467591274633113,0.922569509192643
13205,13205,NRSN2,-0.06016845559625366,7.365301186870237,-0.05829488459382229,0.0033982935698070593,0.6472707684939969,0.13085893630221418,0.7578396444493947
13206,13206,NRTN,-0.2348691127799816,7.796868684240054,-0.1942080400627665,0.037716762825021136,0.1241160287336898,0.15066567351810442,0.2208671708626882
13207,13207,NRXN1,0.636835289688402,4.585655055985268,0.6345051901320526,0.40259683630451226,1.8042286666618965e-08,0.09852123719316708,2.3522318950369276e-07
13208,13208,NRXN2,0.18273745657313345,6.174089166892505,0.2517183826464143,0.06336214416212664,0.04480369898613646,0.08922830678456481,0.09556033699840294
13209,13209,NRXN3,-0.03455214895030451,7.163227680774693,-0.05879206005953036,0.003456506326043425,0.6444642794634218,0.07450898881208083,0.7555968582447428
13210,13210,NS3BP,-0.002866608475996008,7.029308050401722,-0.0034694303301113514,1.2036946815496561e-05,0.9782934555428472,0.1049329183127803,0.9874602109976259
13211,13211,NSA2,-0.4290480054115008,11.832085768455393,-0.7094741224392874,0.503353530410997,5.297385892138813e-11,0.05412490653444196,1.9778429567976896e-09
13212,13212,NSAP11,0.061122458998784227,6.805873654664298,0.07429772859362646,0.0055201524741721785,0.5595739817982799,0.10419033387464699,0.6871320995657358
13213,13213,NSD1,-0.366259397070028,8.744875793798283,-0.2482759501775548,0.06164094743656767,0.0479114594989983,0.18148586376984266,0.10099509933328221
13214,13214,NSDHL,-0.2488459220471888,8.683087493669952,-0.5336758877213776,0.2848099531352005,5.5990827380767956e-06,0.05008040509325482,3.36893961358858e-05
13215,13215,NSF,0.013433885515272631,6.952413185598759,0.020341976321354253,0.0004137960006585371,0.8732396014333009,0.08385380620484281,0.9215850464953522
13216,13216,NSFL1C,0.0365802741332299,6.762307317086512,0.020729420723884697,0.0004297088835478204,0.8708457432746574,0.2240632416155557,0.9200542430942947
13217,13217,NSG1,0.1440164576733638,6.224093510064919,0.16579817526108134,0.027489034919904246,0.19042381201409608,0.10878869988997512,0.3101637945968598
13218,13218,NSL1,-0.1891976800579173,8.061804375692661,-0.138773486324296,0.019258080506599568,0.27412659878782675,0.1714710599168859,0.41089579128887577
13219,13219,NSMAF,-0.4712059443766142,9.696127328295011,-0.4319975509532688,0.18662188402962204,0.00036456481558167793,0.12493377786608967,0.0013747600110788562
13220,13220,NSMCE1,-0.3158251360536062,9.838415628810377,-0.4768107169602259,0.2273484598081247,6.799602934971648e-05,0.0739429335280663,0.0003092013150791691
13221,13221,NSMCE2,-0.2905600421683705,9.469904742645523,-0.5234898255122828,0.2740415974148803,9.055080744637517e-06,0.06006032363858858,5.1534237457326004e-05
13222,13222,NSMCE4A,-0.4479395499072981,9.88889058849017,-0.5415557469543639,0.29328262705929903,3.81848684480445e-06,0.08830865686592708,2.3988782310484586e-05
13223,13223,NSMF,0.06188772691794105,6.636908522800896,0.08156111910755298,0.0066522161500764425,0.5217191171029921,0.0960453126127252,0.6547567360686929
13224,13224,NSRP1,-0.3062062787183526,9.362642496398255,-0.3779331687621026,0.14283348005056393,0.0020773851439757412,0.09526554094128747,0.006494265236436362
13225,13225,NSUN2,-0.28476886176129745,9.283732826147236,-0.5983500195140288,0.3580227458524386,1.7730043663063646e-07,0.04842851648933033,1.6255042147487013e-06
13226,13226,NSUN3,0.4884766592371636,4.641958644273443,0.2891006998330293,0.0835792146439473,0.020507211713854244,0.2054216884100701,0.04898882180513113
13227,13227,NSUN4,-0.5082494016072171,9.805425840326297,-0.6702686998239011,0.4492601299636229,1.3775937803343328e-09,0.07146696692211102,2.7546687582097494e-08
13228,13228,NSUN5,-0.3520783853022431,9.795080894739323,-0.6575844797586388,0.4324173480194396,3.5681268845517747e-09,0.05122789621782402,6.137234923349379e-08
13229,13229,NSUN5P1,-0.21825713151511034,8.554711851769765,-0.5012449879622901,0.2512465379573164,2.4553531729621092e-05,0.04785110564698655,0.00012516636760945027
13230,13230,NSUN6,0.034267916286428314,6.8359829542947965,0.0662139223453067,0.0043842835123503055,0.6031735203300082,0.0655825666374867,0.7220410493502668
13231,13231,NSUN7,-0.4075265345322416,8.886541039994137,-0.5401209427900618,0.2917306328404253,4.097054525713346e-06,0.08064329402783202,2.552408393392477e-05
13232,13232,NT5C,-0.26367032643661,8.747502540706392,-0.2641639327368563,0.06978258335900234,0.034919917031948064,0.12225992468451427,0.07739926339066892
13233,13233,NT5C1A,0.022757317263356832,6.895837950044996,0.023882637040497826,0.0005703803520081586,0.8514080893684156,0.12098152346398568,0.906898287027695
13234,13234,NT5C2,-0.14865532646602778,8.287559772231251,-0.1972943502414936,0.03892506063721314,0.11813499986689205,0.09380988591926326,0.21236696048930692
13235,13235,NT5C3A,0.20593488276221564,4.9439497407554445,0.2996880052624938,0.0898129004982125,0.01613572007374254,0.08325878116544633,0.03969768441228069
13236,13236,NT5C3B,-0.34221901265871485,9.874894557289696,-0.6842617251693572,0.468214108531745,4.562575438259565e-10,0.04631849575781268,1.1422262556706461e-08
13237,13237,NT5DC1,-0.3475081265615573,9.17583140151638,-0.5274889641368846,0.27824460728620354,7.511564031523801e-06,0.07108054698088409,4.369135619195485e-05
13238,13238,NT5DC2,-0.42274775172484397,9.126613296862267,-0.5398843689966663,0.2914751318869285,4.144769776546203e-06,0.08370709245024496,2.5791663652617247e-05
13239,13239,NT5DC3,0.03684477935865037,6.814789016799625,0.03670783265835705,0.001347464978473944,0.7733682767729497,0.12738801682544898,0.8531477347691404
13240,13240,NT5DC4,-0.023840888429693462,7.09264504631491,-0.007950440190300345,6.320949921954298e-05,0.9502833888118394,0.3808217019002405,0.9701294920196296
13241,13241,NT5E,-0.03888113681140376,7.253774920356933,-0.08911126586479573,0.007940817704026309,0.4837808247608868,0.05519240098451228,0.6207426533268355
13242,13242,NT5M,0.2186953405360653,6.017443439379845,0.2606942280562424,0.06796148054184012,0.037472893125685934,0.1028558980397506,0.0821136211646606
13243,13243,NTAN1,0.02352080131513981,6.834516637396085,0.034471991456469266,0.0011883181949748894,0.7868364095027491,0.08660275374939484,0.8629934384006297
13244,13244,NTF3,-0.031068430246327737,7.186279577118442,-0.04278589689362277,0.0018306329729917187,0.7371010629079136,0.0921350645774846,0.8288463764290616
13245,13245,NTHL1,-0.3047253482111779,9.176220557758755,-0.6590660604940354,0.4343680720951275,3.2001929478463724e-09,0.04416220481066477,5.5977526886601934e-08
13246,13246,NTM,-0.06363230476874437,7.353653879190872,-0.0851408937829395,0.007248971794157786,0.5035472365979461,0.09457226201487078,0.6386829125560626
13247,13247,NTMT1,-0.3775598091498081,9.43239231173801,-0.7452666573943856,0.5554223906238005,1.632224473762748e-12,0.042899478672669786,1.466631575905905e-10
13248,13248,NTN1,0.4425633749111252,4.965624719721942,0.430509623023228,0.18533853551560187,0.00038397638412096833,0.11783799619123544,0.0014408263036110845
13249,13249,NTN3,-0.1737132094990901,7.803343432274609,-0.18654010107683106,0.03479720930975435,0.13997144547517476,0.11619142453131293,0.24301143684477747
13250,13250,NTN4,0.0026628846169319807,6.998994130673815,0.007794129106041234,6.0748448521639136e-05,0.9512596523842156,0.04338860796658951,0.9706038939412114
13251,13251,NTN5,-0.008766354866326723,7.051022450117986,-0.0077181602070612405,5.95699969818636e-05,0.9517341530338344,0.14424357495995418,0.9706038939412114
13252,13252,NTNG1,0.10660617004085607,6.626057705541941,0.0777635834342073,0.006047174908528921,0.5413496056482313,0.17357737543817936,0.6710790050213464
13253,13253,NTNG2,0.046456967683003315,6.822587405816146,0.040597479701366436,0.0016481553581028606,0.7500980846529519,0.1452104106511345,0.8376759333278156
13254,13254,NTPCR,-0.1502301205192922,8.121836927290795,-0.15933604636090273,0.025387975669923745,0.20853006280701647,0.11821239513436113,0.33289484040441886
13255,13255,NTRK1,0.12831457495270335,6.551115388171043,0.19623558373042105,0.03850840432201908,0.12016143154943765,0.08142825530219251,0.21519151506806752
13256,13256,NTRK2,0.007340261537143381,6.982333708411628,0.01704168113350065,0.00029041889585591205,0.8936745299652893,0.05469406239905387,0.9345392419922264
13257,13257,NTRK3,0.6845192394529656,3.7413589231553153,0.4345551266082418,0.18883815806150506,0.0003332780958570282,0.18017672677412344,0.0012674986241278444
13258,13258,NTRK3-AS1,-0.004592465637678032,7.038451678856156,-0.004734544850260449,2.2415914939127734e-05,0.9703813208845592,0.1231875926129634,0.9824952077686147
13259,13259,NTS,0.010068536248818042,6.978647235612392,0.02848091306334198,0.0008111624089216441,0.8232227261291853,0.044878710713395685,0.8888556110055599
13260,13260,NTSR1,-0.14245287224945846,7.67680493163094,-0.12432837714722485,0.015457545364062578,0.3276648635749795,0.14438508229594732,0.4692845648621813
13261,13261,NTSR2,0.02928701394099952,6.899574333867439,0.039204635071093584,0.0015370034110576206,0.7584066471346278,0.09479988723053248,0.8433015793566501
13262,13262,NUAK1,0.14894932617511486,6.16025354812713,0.25113977416058714,0.06307118616543071,0.04531414118650301,0.07290889167618103,0.09649697388078697
13263,13263,NUB1,0.18399164034051896,6.041324955313405,0.09820543310664796,0.009644307091664306,0.4400978734005222,0.2367894410879244,0.5805860157470795
13264,13264,NUBP1,-0.28664705663551304,9.282675510526909,-0.4217370980214928,0.1778621798475902,0.0005188693026160359,0.07826762403985565,0.0018805212967615494
13265,13265,NUBP2,-0.3066099214362799,9.392413918455553,-0.4189437130043898,0.17551383466590453,0.0005701079306175657,0.08439687536986896,0.002052142160492584
13266,13266,NUBPL,-0.2384875036040161,8.500890362512193,-0.5917525092683457,0.35017103222538354,2.611026689759844e-07,0.04125999853810272,2.270754336014033e-06
13267,13267,NUCB1,-0.09782018847788017,7.843761264651785,-0.15535206242452704,0.024134263299554145,0.2202815802328082,0.07899701154206079,0.34699917217876347
13268,13268,NUCB2,0.1587043121778606,5.946530059548688,0.23594164111515106,0.05566845801211074,0.06052835744630835,0.08301384591098558,0.12284650375677804
13269,13269,NUCKS1,-0.21438797589715552,8.82196798210678,-0.3095368793129465,0.0958130796547976,0.012812213587762392,0.08364139925680808,0.032450115233098785
13270,13270,NUDC,-0.3861366757155948,9.773024869198037,-0.493905992898959,0.24394312982150654,3.361527590264454e-05,0.08633326088396825,0.00016577973119375256
13271,13271,NUDCD1,-0.284049003729511,8.664013357582476,-0.6617351902829627,0.4378934620588288,2.6264081530260555e-09,0.04087168225974679,4.708197158422931e-08
13272,13272,NUDCD2,-0.35708276617214274,9.177417235136078,-0.5101734743708795,0.2602769739516544,1.6590671495737953e-05,0.07645215647989191,8.82079526737553e-05
13273,13273,NUDCD3,-0.31636677269766594,8.812837120720443,-0.18299122215347732,0.0334857873852233,0.14780463297738156,0.2158583654636688,0.25388350338107385
13274,13274,NUDT1,-0.22031468034025395,8.458983606218656,-0.6713135957454934,0.4506619438327438,1.2710892628647618e-09,0.030891713069535937,2.5869772544489113e-08
13275,13275,NUDT10,0.6448173376944922,4.459746300808436,0.34153454441012066,0.11664584502542867,0.005744729854538012,0.2253583491849323,0.01604981615275715
13276,13276,NUDT11,0.2836785866355769,5.828105866274762,0.3104925124245932,0.09640560027173617,0.012523702899096168,0.11029767133634504,0.03180867772459858
13277,13277,NUDT12,0.09924343628310682,6.5170223152944855,0.1826437855222006,0.03335875238987961,0.14858872039978754,0.06784747819118782,0.2550684693030043
13278,13278,NUDT13,-0.12745008234546826,7.611939049505294,-0.2623234999732578,0.0688136186382198,0.03625542879915649,0.05954226967811468,0.07973101560330392
13279,13279,NUDT14,-0.18671961765641773,8.071357072486682,-0.2485771904671019,0.06179061962051785,0.04763263509261969,0.0924022858478202,0.10046602833648381
13280,13280,NUDT15,-0.2637768929085764,8.984123304308778,-0.4515132769687888,0.20386423927909414,0.0001805171905089125,0.06620090767173098,0.0007327272278295221
13281,13281,NUDT16,0.3550424301708901,4.948292638670977,0.4692567232389599,0.2202018723049658,9.174694388422596e-05,0.08485257048553439,0.00040250811787133573
13282,13282,NUDT16L1,0.20303648753542589,5.6143804978335785,0.21361201274416364,0.04563009198861273,0.09010603627677777,0.11792637354762353,0.17083380591182248
13283,13283,NUDT16P1,-0.1123420262175541,7.671788520533319,-0.17215245424017975,0.029636467500917182,0.1737490051758605,0.08163951627498117,0.2882505712926729
13284,13284,NUDT17,-0.09893368912689908,7.4792998680144525,-0.10460004889314292,0.010941170228447891,0.410753915124032,0.11946138174135135,0.5523507015743054
13285,13285,NUDT18,-0.07215331541231221,7.435830964730573,-0.1095055446754155,0.01199146431465942,0.3890327815255368,0.0831772744633717,0.5317091826903945
13286,13286,NUDT19,-0.1876440521073645,8.654283539609768,-0.27618970421942796,0.07628075271681513,0.027165368402078317,0.08292805310657009,0.062349343163434656
13287,13287,NUDT2,-0.1309608769574559,7.892161964575656,-0.31107171017816115,0.09676560887316588,0.012351585345016227,0.05081424130667657,0.031437891472299764
13288,13288,NUDT21,-0.22208643190230715,8.842364989810024,-0.5103615981182068,0.26046896083377,1.6452247030553512e-05,0.04752546738266018,8.75579772540271e-05
13289,13289,NUDT22,0.12423524814137872,6.237026448579291,0.14849133829813985,0.022049677549572613,0.24158951854392316,0.1050766607279376,0.37283502166965904
13290,13290,NUDT3,0.3783570456826964,4.6209433692915285,0.3667308760855781,0.13449153547449566,0.0028766369601395444,0.121897322062029,0.008689297443412168
13291,13291,NUDT4,-0.31280511145756645,8.244823950286879,-0.21101093251427064,0.04452561364054208,0.0941856022884264,0.18402743134249666,0.17710917137511928
13292,13292,NUDT5,-0.2767514640112477,9.338704789116193,-0.4920602864548238,0.2421233255060033,3.633768047480673e-05,0.062183482079259174,0.00017750788871688243
13293,13293,NUDT6,-0.11257650510298024,7.75803111274141,-0.19362494818457146,0.037490620559477966,0.12527145404079187,0.07244244302191834,0.22253924013563153
13294,13294,NUDT7,0.4368430162836642,4.405695749319424,0.4505029572328026,0.2029529144755004,0.00018740269554543001,0.10994459789760938,0.0007576933106863867
13295,13295,NUDT9,0.2373835729154524,5.078537911172244,0.3160498958147225,0.09988753664449697,0.0109546304191297,0.09049978627253527,0.028314934557919984
13296,13296,NUDT9P1,0.18133527286315648,6.365889023052594,0.15624113085354113,0.024411290970393358,0.21761977869402535,0.14558762267149564,0.3438138748842504
13297,13297,NUF2,-0.13186055113689207,7.73026373256375,-0.6727936588410118,0.4526513073766758,1.1335398013164695e-09,0.018414892794989743,2.371601375166109e-08
13298,13298,NUFIP1,-0.33379668531199025,8.84205482598955,-0.6933447160046651,0.4807268952115897,2.1540794641378754e-10,0.04405902472148723,6.211263754448161e-09
13299,13299,NUFIP2,0.03727043356225472,6.725850510241061,0.053244420228629005,0.0028349682854828377,0.6760518571568794,0.08877241155344115,0.781461672185984
13300,13300,NUMA1,-0.11672822459544578,7.618292362730108,-0.14604985401928633,0.021330559859054847,0.24950274631238675,0.10041461367625047,0.3817308340982127
13301,13301,NUMB,0.1265822202746436,6.517873912667457,0.16916866938291633,0.02861803870078645,0.18144135177993287,0.093659524392776,0.2985420919986662
13302,13302,NUMBL,0.3381862896591667,4.810450993764231,0.2934150073879746,0.08609236656048519,0.01861735191314428,0.1399358472354381,0.045010467308154445
13303,13303,NUP107,-0.2778804649130984,9.367277051326957,-0.7352649583762321,0.5406145590160023,4.565107952473416e-12,0.03253171186242282,3.0606010127186325e-10
13304,13304,NUP133,-0.2763937002199086,8.732454958743894,-0.5369681980581338,0.2883348457257992,4.777218695026693e-06,0.05514696050851053,2.922643044274564e-05
13305,13305,NUP153,-0.2624366192153339,8.552065674917518,-0.2425394913281078,0.05882540485369728,0.05348138365961117,0.13331567784839615,0.11069961414154846
13306,13306,NUP155,-0.2061249381213211,8.370994604651003,-0.6647157747679406,0.4418470612253436,2.1014030042222888e-09,0.02942221169849792,3.8960515459275394e-08
13307,13307,NUP160,-0.2805877926137449,8.559446988928746,-0.4888261549591638,0.2389510097721604,4.160564384854012e-05,0.06359526768613262,0.0002005423391360847
13308,13308,NUP188,-0.5653922804785515,10.030231173978953,-0.4704141194547629,0.22128944378240006,8.767053091195694e-05,0.1346981752155,0.00038689736028091044
13309,13309,NUP205,-0.3413736674374747,8.983832348853525,-0.6401095902771907,0.40974028756483294,1.2324875899195552e-08,0.052035701069835114,1.7202669522861225e-07
13310,13310,NUP210,0.07264718500054235,6.629969352940267,0.08008189771275959,0.006413110341276889,0.5293229306144789,0.11483955893299205,0.6610050206133753
13311,13311,NUP210L,0.032596196951387865,6.899780278440497,0.03298757959247818,0.001088180407370083,0.7958128809054379,0.1254250299311072,0.8686591025761006
13312,13312,NUP210P1,0.009176883928734137,6.974846907859424,0.008948743636507486,8.008001267193321e-05,0.9440501171827442,0.13023266791145086,0.9667283911473177
13313,13313,NUP214,-0.15489945674698138,7.883460643456515,-0.106319786802313,0.011303897065689293,0.4030603064471081,0.1839803174950138,0.5451421482800654
13314,13314,NUP35,-0.22104381479282206,8.713457792981975,-0.6416780178283489,0.4117506785641189,1.1062673030830055e-08,0.03355413735316931,1.569870147330438e-07
13315,13315,NUP37,-0.3921290532760488,9.796846332605671,-0.7390847460393439,0.5462462618280415,3.099240104855134e-12,0.045388835970451416,2.338468448454283e-10
13316,13316,NUP43,-0.3082976309534665,8.929489578692985,-0.5887236588856617,0.3465955465317209,3.109834729235665e-07,0.05375933635294232,2.639885184696132e-06
13317,13317,NUP50,-0.1279685927397746,7.813436808971837,-0.18158113390929492,0.032971708191785305,0.15100612068149236,0.08801494372482613,0.2582415466016013
13318,13318,NUP50-AS1,-0.4074821732400325,8.978611761902117,-0.5960946258522691,0.3553288029699567,2.025816267048916e-07,0.06970544371217426,1.8263551733115852e-06
13319,13319,NUP54,-0.5983423851767777,10.013974849848825,-0.458885448796912,0.2105758551175433,0.0001368820508013522,0.14713122123881855,0.0005745649951741194
13320,13320,NUP62,-0.5717805747557079,10.284360427170851,-0.7243461406442447,0.5246773314662121,1.3327258847704277e-11,0.06911648841551886,6.871471198738955e-10
13321,13321,NUP62CL,-0.312087941920673,8.383832127859975,-0.5740258033107417,0.32950562286654234,7.086487609141418e-07,0.05653889281162886,5.449498905396215e-06
13322,13322,NUP85,-0.2508220849358602,9.028356262868757,-0.6963700042593541,0.4849311828321729,1.6673880218586568e-10,0.03282936647100264,5.075264376873158e-09
13323,13323,NUP88,-0.5744326001428461,10.919921180902776,-0.6158650595699032,0.3792897715990404,6.075373289468377e-08,0.09332588557144787,6.532383742971088e-07
13324,13324,NUP93,-0.4643809276435146,9.552123251731835,-0.5783568508504161,0.3344966469256103,5.582691892532796e-07,0.08318744192899558,4.412160326014515e-06
13325,13325,NUP98,-0.2617712566041769,8.855396786386327,-0.5142501253141104,0.2644531913855783,1.3820633576826254e-05,0.055444294872915814,7.484016506781008e-05
13326,13326,NUPL1,-0.2239389080722812,8.255432419681739,-0.42215155130190096,0.1782119322666015,0.0005116344306692894,0.06107243521679881,0.0018586551914349038
13327,13327,NUPL2,-0.32023288724583104,9.189039703379644,-0.4864831797222434,0.2366658841526645,4.585412377809232e-05,0.07303980308084135,0.00021842741980083354
13328,13328,NUPR1,0.08674237091450616,6.189561947067587,0.2690857096510005,0.07240711913838252,0.03154836309839965,0.03942970364046959,0.07089869270401042
13329,13329,NUS1,-0.029219632738479925,7.263395298315528,-0.031204927684635994,0.0009737475118033619,0.8066277002631208,0.1188623132774461,0.8770157578549923
13330,13330,NUS1P3,-0.16813750515128129,7.764894553612816,-0.21268852042972924,0.04523640672258735,0.09153826305035613,0.0981008181373547,0.17306278036978015
13331,13331,NUSAP1,-0.146114944449852,8.209759781352933,-0.6214968459489985,0.3862583295245531,4.2452845899791126e-08,0.02339120898527329,4.808140052091929e-07
13332,13332,NUTM1,0.16436229899217342,6.037481569840863,0.2250069607649424,0.05062813239267632,0.07384423997488741,0.0903917070417955,0.1447670665087984
13333,13333,NUTM2A-AS1,-0.11625505003665895,7.504226926592418,-0.2042542067860605,0.041719780989802766,0.1054588129812416,0.07076055562962467,0.19413884402804468
13334,13334,NUTM2B,0.15738428093875256,6.055214323771357,0.2311314004562069,0.0534217242768475,0.06612488013381368,0.0841365742756864,0.13219481898982047
13335,13335,NVL,0.26157556953063543,5.101483239032,0.6785532768132222,0.4604345494739613,7.213556357690906e-10,0.03596163670129661,1.642723748776902e-08
13336,13336,NWD2,0.414446006348689,5.715887751201946,0.4313286011769264,0.186044362193244,0.0003731784520752515,0.1100941455465618,0.0014034698471152435
13337,13337,NXF1,-0.1786571217493258,8.402555844819178,-0.31101169443872057,0.09672827407764407,0.012369324511763029,0.06933571158330412,0.03147934214387453
13338,13338,NXF3,-0.09712958161921972,7.400493422859785,-0.19581780809874905,0.038344613968598514,0.12096830088241133,0.06177506663105324,0.2163502275857794
13339,13339,NXF5,0.1120621984499258,6.550334320852543,0.12083590922523435,0.014601316958289081,0.3415405227321471,0.11691581677908328,0.48380297853892
13340,13340,NXN,0.2363867259808752,5.548139816808336,0.5638708350882127,0.3179503186630783,1.2234273616237238e-06,0.04396991375081493,8.781345547219669e-06
13341,13341,NXNL1,0.04662264764275532,6.730627957710516,0.06802173590862419,0.004626956556022613,0.5932945682961785,0.08684529901656507,0.7142424881284049
13342,13342,NXNL2,-0.1911750750700186,7.576201147642178,-0.1257306404536565,0.015808193948886645,0.3221955376599108,0.19157294224629529,0.46347444984890185
13343,13343,NXPE1,0.14325095824435952,5.744703251763076,0.553775705721212,0.3066675322470264,2.068407855441521e-06,0.027355116004262128,1.3850145983174442e-05
13344,13344,NXPE3,0.4915475072754804,5.148360321309597,0.32283502841414885,0.1042224555711643,0.009272291812370836,0.18301601226610106,0.02448377992889775
13345,13345,NXPE4,0.13325778763717475,5.730020761681317,0.6940375999150352,0.4816881900958225,2.0319245532765746e-10,0.017555342506527728,5.922116581588725e-09
13346,13346,NXPH1,0.3229558330971951,6.069172696052122,0.17712801618465088,0.031374334117509936,0.16145496052234945,0.2278966891587009,0.27236170211976923
13347,13347,NXPH2,-0.3285960090472287,8.171820236675858,-0.14662647312440633,0.02149932262090225,0.2476180887747501,0.2815364412212208,0.3798377638603962
13348,13348,NXPH3,0.22492689303465865,5.6441233745081725,0.2699089008517192,0.07285081475898318,0.031011953556146086,0.1019067950699812,0.06988904717018872
13349,13349,NXPH4,0.3827136272657193,5.2354042929206415,0.4238946798403012,0.17968669959691147,0.0004821988876042789,0.10385083489141952,0.0017635563099257995
13350,13350,NXT1,-0.2883735630782895,9.280431543826992,-0.6489346720207261,0.4211162085506473,6.656373012511102e-09,0.04293923618534503,1.0340298248631844e-07
13351,13351,NXT2,-0.08600683298296523,7.6817242616203,-0.13738714204591754,0.018875226799545126,0.2789956853357283,0.07875046788151742,0.41634977368514897
13352,13352,NYAP1,0.20859467835895645,6.037803473543848,0.20648125898722855,0.042634510312950964,0.10163323854821874,0.12553523051791635,0.18843046068165042
13353,13353,NYAP2,0.03262174678280313,6.906284788959667,0.022917488164766284,0.0005252112637822027,0.8573488501298308,0.1807300104407192,0.911164573496343
13354,13354,NYNRIN,-0.2516051799605153,8.734934648948077,-0.3921951546123329,0.1538170393013917,0.0013497566638800773,0.07494689538938808,0.00443266311136231
13355,13355,NYX,0.31473983669358896,5.3969128356968366,0.34112197112120923,0.11636419918161912,0.005807537205294133,0.11014957592232956,0.01618978091923847
13356,13356,Ndufaf4,-0.13835200792841287,7.56037303471187,-0.12657196455384576,0.016020462211019985,0.31894213604973565,0.13770354933846632,0.4598024070406115
13357,13357,OAF,0.2428014064951482,5.299041552902518,0.5102282023154925,0.26033281843809913,1.6550290562474074e-05,0.05197674375085145,8.801486791021024e-05
13358,13358,OARD1,-0.14358203092095842,8.096989301890995,-0.22015903148507815,0.048469999144447634,0.0804506722070961,0.08079397657811757,0.15559161441856445
13359,13359,OAS1,0.0457647812535824,6.611905248750016,0.11938380012457225,0.01425249173218382,0.34741617175918704,0.048336254125751925,0.4900532308132618
13360,13360,OAS2,-0.09853758625341948,7.508700882172892,-0.244017448469684,0.059544515157654875,0.0519982222447106,0.04973410593939241,0.10804274637394053
13361,13361,OAS3,-0.19176105901926088,8.147514552771229,-0.32057867033124565,0.10277068387134948,0.009804896643325095,0.0719584299762847,0.025717664342442458
13362,13362,OASL,0.04266949002021801,6.740869172142693,0.13300470038407275,0.017690250324256963,0.2947630521980961,0.040381165127480745,0.4333691286136039
13363,13363,OAT,0.1566189409099522,5.384900876713678,0.5269697652974537,0.2776971335376534,7.697075149825366e-06,0.03207911724586498,4.4626549496510925e-05
13364,13364,OAZ1,-0.5537496017630705,13.79409273842094,-0.3704245153269639,0.13721432155521607,0.0025871295368712186,0.1763475070522993,0.00789964609714414
13365,13365,OAZ2,-0.18333339255482506,8.447251422057214,-0.18633112404066304,0.034719287786256964,0.1404238912443463,0.1227685540080518,0.24360164743221333
13366,13366,OAZ3,0.05045502138514953,6.775177724616981,0.051561652167421805,0.002658603974234193,0.6857475545250857,0.12410910613388484,0.788586017377767
13367,13367,OBFC1,-0.33533436746250544,9.016090985921114,-0.3172837305913005,0.100668965697933,0.01063036255315602,0.1272899768428262,0.027608599315014824
13368,13368,OBP2A,-0.1352219557770474,7.759169273294804,-0.11866272602501818,0.014080842547688524,0.35035701086464033,0.14370030831502256,0.4929171693265194
13369,13369,OBP2B,0.032475981220848466,6.851802878540328,0.056530567565068676,0.0031957050692287955,0.6572694290618593,0.07284303651000024,0.7658417802708938
13370,13370,OBSCN,0.034230446379678266,6.848681838644943,0.030778240898931775,0.0009473001128326766,0.8092217235757618,0.14117803154230896,0.8784688401861401
13371,13371,OBSL1,0.31582902148307435,5.619548675357793,0.2817393838405863,0.0793770804068732,0.024108704530171825,0.13659962934988246,0.05627010094857414
13372,13372,OCA2,-0.12552005607205866,7.750071121447284,-0.3911278649296275,0.15298100672440895,0.0013949472880285278,0.03750983009879117,0.004557571442706362
13373,13373,OCEL1,0.4045058532422297,3.986059110237029,0.5662123738915744,0.32059645234793205,1.0804315180744792e-06,0.07478483065536004,7.88831575317021e-06
13374,13374,OCIAD1,0.30756136879550505,4.458438332818163,0.21715905750376968,0.04715805625592555,0.08476791095483949,0.17557732392016207,0.1623175445863515
13375,13375,OCIAD2,-0.2799058848774626,9.893859206186383,-0.6025878787715425,0.3631121516423873,1.3763326298068243e-07,0.04707900488590089,1.314130648080546e-06
13376,13376,OCLM,-0.16698440869343412,7.662184011590543,-0.16171623994763382,0.02615214226280068,0.2017245075037464,0.1294112403881914,0.32451855062726603
13377,13377,OCLN,0.3462328127199085,4.374643318937276,0.5710374046251622,0.3260837174810412,8.337664146255818e-07,0.06321363975601721,6.308599478936748e-06
13378,13378,OCM2,0.2753247268447077,6.051469105076071,0.2739000523702733,0.07502123868843844,0.028518297765589173,0.12277873017667933,0.0649656783204117
13379,13379,OCR1,0.17567175322156453,6.344764622375985,0.15561860172476116,0.024217149202769832,0.21948120231551493,0.1416188856421441,0.3461664556549509
13380,13380,OCRL,-0.29971792209424225,9.320752593048363,-0.3411989949511483,0.11641675415567372,0.005795765981594451,0.10486555537308767,0.016161127006364646
13381,13381,ODAM,-0.10185039469207838,7.5034954433547005,-0.6810682749409719,0.4638539951310713,5.902691235461167e-10,0.01390649736719192,1.390889866201432e-08
13382,13382,ODC1,-0.17053351960472451,8.812981529059988,-0.6212468885659066,0.38594769655282,4.314010432260427e-08,0.02731821800672349,4.870693217445232e-07
13383,13383,ODF1,0.09601210880890776,6.595421309699362,0.14600197654640076,0.02131657715545576,0.2496596705092711,0.08262139905855811,0.38194137512386195
13384,13384,ODF2,-0.3079972342344983,8.786435819267979,-0.6772047213782147,0.4586062346569454,8.026050842896633e-10,0.042499871765870806,1.788108343651508e-08
13385,13385,ODF2L,-0.30569062121222473,8.318478712931174,-0.4632189379008923,0.21457178443003072,0.00011599028716948557,0.07427680470208331,0.0004958092516097927
13386,13386,ODF3,0.12727755305434404,6.427284160755709,0.14009596940623126,0.019626880643871684,0.2695349014609025,0.11424206095572542,0.4057941969246277
13387,13387,ODF3B,-0.005186503264385198,7.043432842451242,-0.004818720328996558,2.3220065609084688e-05,0.9698549727234936,0.13669166933866606,0.9821919017129147
13388,13388,ODF3L1,0.11764764753649085,6.596816152865451,0.11932491260174748,0.014238434767414671,0.34765576338049464,0.1243203483431375,0.49016769034472374
13389,13389,ODF3L2,0.06703612554506018,6.647308002900019,0.08245616204249279,0.006799018658777828,0.5171449944868916,0.10289837453906213,0.6505086006787574
13390,13390,ODF4,0.06754373155767959,6.725604560463236,0.036688248914145946,0.0013460276083863312,0.7734859620578749,0.23365212680144354,0.8531906330665893
13391,13391,OFCC1,0.35503685599840457,5.756272496466871,0.1320604672290528,0.017439967004755728,0.29823505747246065,0.3384420462237444,0.4372862190782135
13392,13392,OFD1,-0.13049381114642322,7.780565411453506,-0.14905592911859256,0.022217670005406892,0.2397844050573487,0.10994257555939793,0.3706832732379273
13393,13393,OGDH,-0.012432960331217576,7.0962259408089725,-0.01729189592497929,0.00029900966468031516,0.8921226520174609,0.09130007860246238,0.9335966766267876
13394,13394,OGDHL,0.054254143742597336,6.72938305170229,0.08568434916611985,0.007341807692021544,0.5008173120885071,0.08011898379543739,0.6364607555889417
13395,13395,OGFOD1,-0.3767103307908273,9.526620488475906,-0.6095343429550211,0.3715321152416092,9.014600729252283e-08,0.062223588024165014,9.143380739670174e-07
13396,13396,OGFOD2,-0.4223653868866142,9.619471946834958,-0.3074925374649097,0.09455166059660887,0.013448731398073479,0.16599298449349095,0.03382488715740781
13397,13397,OGFOD3,-0.30791333840763513,9.121379656636957,-0.4088770384784873,0.16718043259493842,0.0007951718379565517,0.08728013223528422,0.0027612966887346256
13398,13398,OGFR,-0.01423726491824846,7.112423729537984,-0.013057640224325377,0.00017050196822792008,0.9184339409381423,0.13846148843741296,0.9507020550198602
13399,13399,OGFRL1,0.08425539558585321,6.600611688902619,0.1133780622242864,0.01285458499373416,0.3723775040886793,0.09376989150396396,0.5153598038627437
13400,13400,OGFRP1,0.021347365134663024,6.891568945580125,0.024644532046083575,0.0006073529597704403,0.8467241992505751,0.10997549680840718,0.9038207982831963
13401,13401,OGG1,-0.12747127172778447,7.742880682933196,-0.10887186655715377,0.011853083327638696,0.391799646560598,0.14781263702637384,0.534411906484241
13402,13402,OGN,0.1145370168585544,6.5350490779401875,0.6336538224944063,0.4015171667617725,1.9104836822276304e-08,0.01775921694842579,2.4567413383990105e-07
13403,13403,OGT,-0.1336686172849825,7.8802650737038835,-0.23967232695452745,0.05744282430779789,0.05645689951766485,0.06876533616904199,0.1158838065455007
13404,13404,OIP5,-0.1317579804130157,7.870980051237611,-0.6334929922583267,0.4013133712404083,1.9312100617423342e-08,0.02043803077863433,2.4804480360041665e-07
13405,13405,OIP5-AS1,0.11952264198450915,6.075574066897662,0.17963396702002368,0.03226836210735096,0.1555113558025101,0.08312723757111955,0.26437418824802605
13406,13406,OIT3,0.23694973886057305,6.183794896426147,0.210049949326754,0.044120981212171916,0.09572884940077064,0.14006811146312678,0.17937252174212065
13407,13407,OK/SW-CL.36,0.2315459497479833,6.1557731178355395,0.2489058955473175,0.06195414483821213,0.04732990918984245,0.11442428172731095,0.09991510855001348
13408,13408,OK/SW-CL.58,0.08879335709236327,6.67832221736679,0.08323501839342992,0.006928068286954617,0.5131811967385003,0.13501092260155398,0.6470268617250234
13409,13409,OLA1,-0.4800305691174353,10.365728918247461,-0.7023779230426936,0.4933347467777681,9.932512848807465e-11,0.061782113139000915,3.3141535553301336e-09
13410,13410,OLAH,0.2271427223647519,6.271450315060347,0.10954853502242023,0.012000881525558432,0.38884549153989256,0.2617427652001257,0.5315940100565892
13411,13411,OLFM1,0.11409407886404185,6.3751559095518795,0.2435625895686496,0.059322735037386436,0.05245106383543173,0.057700158046401474,0.1088896354478261
13412,13412,OLFM2,-0.2708823126626071,8.156553078572884,-0.250690534021792,0.06284574384813124,0.045713745325282995,0.1328472012298021,0.09723319467822446
13413,13413,OLFM3,0.04714225762466254,6.8779937698124645,0.017984433841533694,0.0003234398606005024,0.8878295236444564,0.3328491989722321,0.9309484957641248
13414,13414,OLFM4,-0.05613647879969317,7.670853904401968,-0.5227939728620568,0.2733135380608929,9.352112628245138e-06,0.011624981906293474,5.30220791337571e-05
13415,13415,OLFML1,0.2194974793078774,5.93211678512295,0.6895091485311462,0.4754228659081463,2.9671831514876753e-10,0.029281838274086317,8.116609547400877e-09
13416,13416,OLFML2A,0.2079397708606799,5.656311248436726,0.6220408108245165,0.38693477033122187,4.0992814234903533e-08,0.03324116073282024,4.669644356953372e-07
13417,13417,OLFML2B,-0.09690275912748414,7.449019724424634,-0.10434537646646397,0.010887957589928091,0.4119004337693404,0.11729779079987,0.5533466474954094
13418,13418,OLFML3,0.17898114647313182,5.7890819107071785,0.7359323783973639,0.5415964655736009,4.26845857826047e-12,0.02091209335025793,2.897600956496253e-10
13419,13419,OLIG1,-0.20403607326004344,7.628068974638028,-0.1633066178825209,0.026669051444227692,0.1972661964781817,0.15654442070103505,0.31895762597887134
13420,13420,OLIG2,0.3646672560627414,5.594002513178662,0.2775674761366672,0.07704370380887929,0.026377605735285168,0.16029608534050882,0.06077116999990191
13421,13421,OLIG3,0.053116966681860535,6.846767396514948,0.031134740410872767,0.000969372060452434,0.8070542588949036,0.21656166095779056,0.8771921833547004
13422,13422,OLR1,-0.28779515972807074,7.911198464480521,-0.21874498212703986,0.047849367205758976,0.08246339285804377,0.16304308026228992,0.15867645035906683
13423,13423,OMA1,-0.16668958034284734,8.301689351372513,-0.3628177775321947,0.13163673969340112,0.003214486776759829,0.05437193262148365,0.009581515643597261
13424,13424,OMD,0.5669988844699028,5.1725025049957685,0.3280767633259439,0.1076343626344274,0.008131189288534069,0.20733962426236469,0.021824603872484537
13425,13425,OMP,-0.008970955339508088,7.049977010138472,-0.01240995345461631,0.0001540069447457433,0.9224670185345556,0.09179927525132044,0.9535549804938567
13426,13426,ONECUT1,-0.055217241921994765,7.232072972299835,-0.04599681726030153,0.002115707198077573,0.7181643522602404,0.15229693977432507,0.8142329344604977
13427,13427,ONECUT2,-0.2870620913819865,8.186255369629437,-0.2974542121705852,0.08847900833802352,0.016984777653775037,0.11701545182563995,0.04153177056148356
13428,13428,ONECUT3,0.04859677604593265,6.795288822993856,0.044616261134616586,0.0019906107576322988,0.7262863990910099,0.13819290748074292,0.8206795445303211
13429,13429,OOEP,-0.05273498812804515,7.270347348861702,-0.08313037160775663,0.006910658683643709,0.5137128716094735,0.0802855609848363,0.6474103610954519
13430,13430,OOSP2,-0.05504072066758472,7.189300701813059,-0.05641498101449465,0.0031826500828657923,0.6579265941216867,0.12370909071610825,0.766396173118582
13431,13431,OPA1,0.2255578302822455,5.534050490191309,0.2588175696842799,0.06698653437727707,0.03891708135026284,0.10690850700128013,0.08482074840861163
13432,13432,OPA3,-0.3359582642388393,8.795837889744911,-0.249338080206935,0.06216947824127995,0.046934285795897215,0.16571547046550092,0.09929552384461376
13433,13433,OPALIN,-0.20361143018256336,7.835859995450303,-0.18409313768755564,0.03389028334364932,0.14533825692821292,0.13806447150372503,0.2504416291700844
13434,13434,OPCML,0.11144886375240086,6.575631210841063,0.08410688993516434,0.007073968934565848,0.5087624064667954,0.16768981070784933,0.6433993629812943
13435,13435,OPHN1,0.18868282968490926,5.2285587129502265,0.20521048327210054,0.04211134244476905,0.10380271297304418,0.11428638829367077,0.19159970588401568
13436,13436,OPLAH,-0.06910136718259459,7.446979295407772,-0.106703838759445,0.011385709206001637,0.4013537493777611,0.08177568552910001,0.5435129412028902
13437,13437,OPN1SW,-0.03677054863219662,7.152626525293809,-0.03806294211936657,0.0014487875627822494,0.7652374515526581,0.12259904357087335,0.8478928066604999
13438,13438,OPN3,0.2148735552350412,5.371485359717333,0.7259239670498122,0.5269656059373369,1.1451925056867251e-11,0.025854869447575684,6.078221497707362e-10
13439,13439,OPN4,-0.06145876529680067,7.285512965407149,-0.053320672347446516,0.0028430940995837484,0.6756137353697835,0.14617534245553634,0.7810386205121003
13440,13440,OPN5,0.19830457420981365,6.181093022297066,0.16651924697730064,0.02772865961388725,0.18847578338139734,0.1491304028770092,0.30746866615397767
13441,13441,OPRD1,0.016890342003982248,6.9336719282670405,0.02449428972735581,0.0005999702292476482,0.8476474288935542,0.08754824149467129,0.904375961141154
13442,13442,OPRK1,0.05288816408065268,6.817277541176933,0.03997752081934573,0.0015982021708612214,0.7537928192467593,0.16788019532530798,0.8400259109092514
13443,13443,OPRL1,0.028883165058091024,6.878599496575321,0.032346401266076893,0.0010462896748660608,0.7996984290615259,0.1133432469429607,0.8715823383827743
13444,13444,OPRM1,-0.20372209134036706,7.728781638848232,-0.11697628126830625,0.01368345037936189,0.35729494839621345,0.2196608351371162,0.4999497355595763
13445,13445,OPTC,0.005093664567006179,6.987343127379127,0.006196449860116617,3.8395990868939254e-05,0.9612420313953544,0.1043958463770112,0.9767583027481769
13446,13446,OPTN,0.22183454653368093,5.172146490278629,0.5543649972598305,0.30732055018689186,2.0069129506449842e-06,0.04229642742147492,1.349261097367809e-05
13447,13447,OR10A3,-0.2990470613592253,8.064584630150932,-0.20116883217211715,0.040468899037493435,0.1109418036325796,0.1849321963347421,0.20200494052497361
13448,13448,OR10A4,0.002100038390571532,7.007395499783678,0.0019518999994796286,3.809913607968572e-06,0.9877869028243907,0.1366384724200541,0.9925537274679681
13449,13449,OR10A5,0.12159658294361055,6.538103397690215,0.13405144515558728,0.017969789948301427,0.2909451133780122,0.11416065444014888,0.42958680247310765
13450,13450,OR10C1,0.006230462298164635,6.990199678653022,0.009361712718648921,8.764166502651294e-05,0.9414725496683368,0.08451817013274805,0.965458543498974
13451,13451,OR10D1P,0.09646824139853494,6.608034913047963,0.09541649004987927,0.009104306573438713,0.4532541744713562,0.127814183621788,0.592563339059238
13452,13452,OR10D3,0.27010290822548705,5.9849769902163015,0.19995915652043467,0.039983664276363684,0.11315045246760735,0.16808595693521355,0.20531867338579163
13453,13453,OR10H1,0.003954564632808631,6.997491213451838,0.003542117120381265,1.2546593694498065e-05,0.9778388024505024,0.1417872540290311,0.9871841150147146
13454,13454,OR10H2,-0.09660772543198737,7.326099136157371,-0.0759352113066037,0.005766156316178554,0.5509275608230237,0.16110798937518006,0.6797137835928999
13455,13455,OR10H3,-0.015261655052014291,7.075264643061383,-0.02119732837046245,0.0004493267300452122,0.8679562761646579,0.09141702186681544,0.9182467712318955
13456,13456,OR10J1,0.34212330409557257,5.616969661713472,0.30821862508790737,0.09499872085108,0.013219606452699182,0.13410733449628362,0.03330276613927417
13457,13457,OR11A1,0.11263067766168468,6.630936746530431,0.11105264488098024,0.012332689935061104,0.3823265087099069,0.12800805118198105,0.5254104743620398
13458,13458,OR12D2,-0.1846520076690699,7.957251285748527,-0.14514169326463267,0.02106611112372472,0.2524908212205613,0.1598610589396392,0.385238408619126
13459,13459,OR12D3,-0.17172957023366364,7.658378275868811,-0.15841775034424396,0.02509618362413121,0.211198604336255,0.13593343197926835,0.33611418952756683
13460,13460,OR13C4,0.12885657136611908,6.35407773092416,0.09699441000086312,0.009407915571415536,0.44578420608181213,0.16792348842522978,0.5857851895340209
13461,13461,OR14J1,-0.2741664562242038,8.055067572669635,-0.1877617659090279,0.035254480737276585,0.1373483493099651,0.18214518606714286,0.23930151293807178
13462,13462,OR1A1,0.12052656756371945,6.602406588825962,0.10205574946269944,0.010415375998393277,0.4222910528663776,0.14920244389908913,0.5632714967552452
13463,13463,OR1A2,0.2748103431454328,6.150464876069527,0.20266091518716045,0.04107144654449745,0.10826344164175934,0.16863990753333766,0.19822819216642418
13464,13464,OR1C1,0.3119421779741941,5.835894026862105,0.2143280573374314,0.04593651616203728,0.08900769327076613,0.18054599734474805,0.1692163226493672
13465,13465,OR1D2,0.03703541762193277,6.84609157523016,0.047427006478666066,0.0022493209435274337,0.7097829566984937,0.09906191152930076,0.8074359070868817
13466,13466,OR1D5,0.2023201562003772,6.274750913012206,0.20450542403458769,0.04182246845956651,0.10502178203981244,0.12298763976772978,0.193454124708416
13467,13467,OR1E1,0.022053311395889685,6.936548047265483,0.02047211003947873,0.0004191072894685258,0.8724354318161518,0.13678054528243375,0.9211403840067658
13468,13468,OR1F1,-0.310273479014233,8.709008141049587,-0.2579321596419079,0.06652899897753868,0.039614295793844116,0.14760250617846984,0.08611198307726303
13469,13469,OR1F2P,-0.12304368428155465,7.564120739759251,-0.11513535033706784,0.013256148897239346,0.3649640456344119,0.13482083405444475,0.5080218813532937
13470,13470,OR1G1,0.013804011840180982,6.962556260476732,0.011350045986619702,0.000128823543898382,0.9290711025642624,0.15444856648530367,0.957912428035476
13471,13471,OR1I1,0.17021065556791476,6.153198328796227,0.17591848518429115,0.03094731342953566,0.16438287837539114,0.12096315839695687,0.2762678487558475
13472,13472,OR1J2,0.16846989648667915,6.230832954237119,0.1041422643023856,0.010845611214027936,0.4128161574088453,0.20432969623125816,0.554252209603109
13473,13473,OR1J4,-0.043151772953550105,7.179756015657759,-0.024020679728841664,0.0005769930546355847,0.8505590621145606,0.22808261203127705,0.9064616457659002
13474,13474,OR1Q1,0.01270952380717188,6.9630066733323,0.008718295049779435,7.60086685750086e-05,0.9454887239300926,0.18513365102029414,0.9674831061411917
13475,13475,OR2A4,0.04700241838017434,6.826938124968753,0.07657127610415429,0.005863160324218629,0.5475863194029587,0.07772872753916643,0.6768814156234725
13476,13476,OR2B2,-0.380485890649988,8.228198497195159,-0.22953112351086474,0.05268453666015985,0.06807635848063273,0.20490305932303088,0.13529676421605194
13477,13477,OR2B3,-0.2458414025138104,7.939638643181365,-0.2053283616747518,0.04215973610803768,0.10359997228712592,0.1488184520270879,0.19134426653266656
13478,13478,OR2B6,-0.3108252287734025,8.103078301405803,-0.2078333539501076,0.04319470301415071,0.09936378039994864,0.18578769923227825,0.1849989394343468
13479,13479,OR2C1,-0.019889899211806904,7.0995749109437485,-0.019458710880463068,0.00037864142912945184,0.8787011331022141,0.12978976193735686,0.9253271879048465
13480,13480,OR2C3,-0.3214432881476161,7.9570698000103315,-0.1954520232169301,0.03820149337959137,0.12167814785517195,0.20483793832112446,0.21727381099977397
13481,13481,OR2F1,0.41960202265513774,5.125555282119355,0.3787443764053933,0.14344730265871025,0.002028088573047144,0.13021846709719026,0.0063585142680376286
13482,13482,OR2F2,-0.3413323543399519,8.070259160632142,-0.22547109157921896,0.05083721313792455,0.0732351486003981,0.1873100567987023,0.14384645287452344
13483,13483,OR2H1,0.6933346986216065,4.476110379303519,0.324911216398386,0.1055672985414788,0.008804644176193923,0.2563044940512932,0.023408786941126997
13484,13484,OR2H2,0.19012333748190655,6.181169494192848,0.20610804673988325,0.042480526930929886,0.10226670292460456,0.11463531920111268,0.18932935383707888
13485,13485,OR2J2,-0.0522343405302877,7.186008574367182,-0.02609176791517248,0.0006807803529392241,0.8378417117051539,0.25416098475253474,0.8982888061062153
13486,13486,OR2J3,-0.15655942572704648,7.560541270704707,-0.14674936000394884,0.021535374661568588,0.24721769781362102,0.1340231198872603,0.3794117112795155
13487,13487,OR2K2,-0.13317518765251515,7.517973673563918,-0.10310973258517317,0.010631616953785918,0.4174894502640944,0.16315741877245027,0.5585527026732339
13488,13488,OR2L13,-0.2830029093543766,7.866812314939728,-0.14706762867895587,0.02162888740525124,0.24618276935435704,0.24172956815332836,0.3781718004092077
13489,13489,OR2L1P,0.1909355012291428,6.318320243866593,0.13245320510435654,0.01754385154241675,0.2967877121590572,0.18146169219265812,0.435547432014393
13490,13490,OR2L2,0.4190349817046473,5.54086629172416,0.20331763391690266,0.04133806026156764,0.1071005411354884,0.2562784750439426,0.19648104187470358
13491,13491,OR2M4,0.08657403662426742,6.735631938217031,0.05303224606071622,0.0028124191222443505,0.6772715091549713,0.2070333131810765,0.7819949096641378
13492,13492,OR2S2,-0.2577835753975696,8.080239695118458,-0.2979883006111909,0.08879702730114546,0.016778369045443987,0.10487397970145616,0.04109201330910309
13493,13493,OR2W1,-0.030972472775693795,7.112105358437661,-0.019584644871098882,0.0003835583147270596,0.8779220898653561,0.20080800875955146,0.9248140709264138
13494,13494,OR3A1,-0.16616709399638122,7.60088599301166,-0.13595670549755798,0.018484225769749712,0.2840794280013484,0.15377905567593986,0.4218432430480148
13495,13495,OR3A2,0.04073362001776806,6.856381421041241,0.036322386631671665,0.00131931577062064,0.7756854824748646,0.1423298891656078,0.8547895335093987
13496,13496,OR3A3,0.08857740002407724,6.590752023438048,0.0992446746494706,0.009849505446279274,0.4352506774706635,0.11278996859810765,0.5760151017763468
13497,13497,OR4C1P,-0.1273323387205855,7.482814927187028,-0.10548629301635844,0.01112735801433303,0.4067785429007277,0.15244634677554414,0.5488049738492423
13498,13498,OR4D1,0.08754960423205542,6.626276298793958,0.07838780197149339,0.006144647497922063,0.5380983076530019,0.14140717500444772,0.6686090688676702
13499,13499,OR4D2,0.042872934164295294,6.8457759155442925,0.05398189225059232,0.0029140446909545594,0.6718190719850659,0.1007176439110579,0.7778144783916061
13500,13500,OR51B2,-0.19540389419659013,7.77207026184528,-0.16389907042259985,0.026862905285392345,0.19562349655476688,0.14936467324980188,0.3167715440490965
13501,13501,OR51B4,0.16597306145533566,6.3956625931170485,0.20251069481146544,0.0410105815130225,0.10853081291586518,0.10192969013432106,0.1986169824806102
13502,13502,OR51B5,-0.26485269811397744,8.003374760699145,-0.202471031085862,0.0409945184289721,0.10860149378466896,0.16268825730061184,0.19869595707223778
13503,13503,OR51B6,-0.13503023799377986,7.4981731144290915,-0.11105117020561472,0.012332362404036413,0.3823328679287473,0.15346786836657764,0.5254104743620398
13504,13504,OR51E1,0.10987465127734916,6.577156312454403,0.22369000388082605,0.050037217836203976,0.07559453508119658,0.060800672551661175,0.1477303183091158
13505,13505,OR51E2,0.0800248092401944,6.674267343744188,0.19960182385520325,0.03984088808632358,0.11380930109983492,0.04989257299152002,0.2062031806657401
13506,13506,OR51I1,0.0604491514276295,6.722787795417878,0.07137587556887669,0.005094515613223768,0.5751598914930109,0.10728372089337093,0.699522550992049
13507,13507,OR51I2,-0.07337159379099488,7.320799181212673,-0.07300091714977486,0.005329133904708293,0.5664667981752385,0.12730442236150774,0.6927677480366403
13508,13508,OR51M1,0.08262983071374655,6.693483733665165,0.05564465713428686,0.0030963278675923416,0.6623128235178304,0.18829732283232026,0.7701022440549086
13509,13509,OR52A1,-0.0013900214118002785,7.021139660601988,-0.0016310756221378775,2.6604076851324643e-06,0.9897941933181834,0.10823082548149586,0.9939898691625844
13510,13510,OR52D1,-0.06517024154809123,7.283751141818337,-0.0762573070046419,0.005815176871600206,0.5492343732971467,0.10821951572993704,0.6780645335884952
13511,13511,OR52K3P,0.03551666710468596,6.88941742185899,0.024149005001419727,0.0005831744425585947,0.8497699530749492,0.18672843048119375,0.905904894768517
13512,13512,OR5AK4P,0.12368845386003735,6.5551339726551765,0.08176946866304459,0.006686246005436631,0.5206525353943999,0.1914632227540144,0.653872913876108
13513,13513,OR5E1P,-0.2264317057091707,7.770980659032446,-0.13128832764970494,0.017236624977056282,0.301093987569584,0.21713996255291285,0.4406427181739097
13514,13514,OR5H1,-0.3396406343036624,8.008216910683199,-0.1531874353046981,0.02346639033523107,0.22685733213526,0.27825581622871665,0.35495632423331325
13515,13515,OR5I1,-0.09169310702349248,7.366250911066253,-0.09871421311836093,0.009744495871577177,0.4377210736546617,0.11739099639279392,0.5781901823832926
13516,13516,OR5J2,0.03343876512783118,6.906305122639584,0.018123026723552718,0.0003284440976226061,0.8869707505558867,0.2342892287906016,0.9304310307204722
13517,13517,OR5K1,-0.3167511036494916,7.937543646145296,-0.17950537504699832,0.032222179670763525,0.1558123497725337,0.22046145374631293,0.2647611765791131
13518,13518,OR5L2,-0.26040029890092103,8.087821284580668,-0.1925804438747332,0.03708722736298925,0.12736161296460285,0.16851048323806286,0.22549388674257825
13519,13519,OR5P2,-0.2287465142425896,7.86583496759766,-0.232677820718754,0.05413896825442862,0.06428204792854529,0.12142757425843885,0.12908269175562392
13520,13520,OR5P3,-0.4081100796710352,8.440735461465541,-0.25026913760125163,0.06263464123567422,0.04609121029530469,0.2005065799675719,0.09786304137119552
13521,13521,OR5V1,-0.0071718292201724985,7.041334676369875,-0.007124344097388257,5.075627881799088e-05,0.9554436823350476,0.127843362707237,0.9732874871916035
13522,13522,OR6A2,-0.3829424347814784,8.381801352866594,-0.34240646794151725,0.11724218928818528,0.005613956470798743,0.1334493535069466,0.01572299888452493
13523,13523,OR6B1,0.05125835057243231,6.823907594535241,0.054641194633320414,0.002985660150956403,0.6680435193315385,0.11895954619841845,0.7746443058165711
13524,13524,OR6W1P,0.11259617905568685,6.499208842844919,0.10577548837415082,0.011188453940790115,0.4054861792798639,0.13443103227639308,0.5476041039277023
13525,13525,OR7A10,0.0967825900707794,6.687889716240165,0.0901470949086118,0.008126498720462266,0.4786923939632253,0.13579313160059428,0.6161119638201275
13526,13526,OR7A17,-0.2193040864370412,7.851311820171713,-0.22559346749954914,0.05089241257847014,0.07307522112557985,0.12027686022003517,0.1435974513134693
13527,13527,OR7A5,0.11212272223457656,6.529320784667117,0.11704882163685824,0.013700426646577056,0.3569947958356058,0.12081898015019385,0.4997135912601136
13528,13528,OR7C1,0.01198476123921848,6.966269322341423,0.013746447609572186,0.0001889648218827129,0.9141470572705508,0.11071386785844724,0.948021694261847
13529,13529,OR7C2,0.003725308009245991,6.998018849895657,0.0035704706190672775,1.2748260441622662e-05,0.9776614542972066,0.1325067827358402,0.9870510882934407
13530,13530,OR7D2,-0.2421328430748528,7.8899373563890896,-0.1966586535563033,0.03867462601857812,0.11934853320230375,0.15331335872921942,0.21401892071015963
13531,13531,OR7E104P,0.18477046848228035,5.5064187209823094,0.23659402370366825,0.055976732052291936,0.059799742781516736,0.09636610247608686,0.1216112183254318
13532,13532,OR7E12P,-0.04977420548171357,7.318521073251281,-0.055855878175236816,0.003119879126726897,0.6611089965962587,0.11299548099626565,0.7692394455586471
13533,13533,OR7E14P,0.14528854279489453,6.099081884866441,0.4991501126996199,0.24915083500804325,2.687661381881824e-05,0.03203175254392364,0.00013601614214688222
13534,13534,OR7E156P,0.07056870803323277,6.628037606946535,0.061335856918447076,0.0037620873439202117,0.6301828129695535,0.14584227059214053,0.744008767574729
13535,13535,OR7E19P,0.4257882155541591,5.487067364274299,0.3718110398583477,0.1382434493605458,0.002485351339921429,0.1350105817426114,0.0076243495206117775
13536,13536,OR7E24,-0.2808312039200257,8.014052582197364,-0.21709528776563145,0.04713036397004231,0.08486162717591464,0.16036731731034887,0.16245390174102117
13537,13537,OR7E2P,-0.27579189130230497,7.855836922923176,-0.17171670163107888,0.029486625619056968,0.17485732602281678,0.2009434585273205,0.2897784797600136
13538,13538,OR7E37P,-0.22751533116806044,8.694745318345554,-0.4302856298434745,0.18514572324979556,0.00038697884625676535,0.06061749071441714,0.0014510869118078361
13539,13539,OR7E47P,0.4611177855250694,4.315864721482464,0.5595357681827631,0.3130802758758748,1.5361426908544456e-06,0.08674434423762016,1.0679027277834036e-05
13540,13540,OR8B2,-0.34021761036528153,8.029747946054972,-0.21333385748648906,0.04551133475006562,0.09053555806909676,0.1978730037473172,0.17140649676397013
13541,13541,OR8B8,0.06887944358864408,6.747637276044206,0.0708396349767281,0.0050182538836360795,0.5780419267079349,0.12317569670646115,0.7018501779007754
13542,13542,OR8D1,0.09969042972504456,6.62322501205967,0.07337793687409708,0.005384321619898976,0.564458770438514,0.17207579193637487,0.6911316676380199
13543,13543,OR8D2,0.01312564715514938,6.969104310069067,0.011747996119194323,0.00013801541281660486,0.9265909672432654,0.1418832455999577,0.956493821892121
13544,13544,OR8G1,0.14701520932554193,6.4894971138721695,0.13587881420189166,0.018463052148912185,0.28435799700072983,0.1361344370743305,0.4221990006891193
13545,13545,OR8G2,0.2986777525814992,5.996796696154653,0.15569837487014274,0.02424198393720349,0.21924205188270704,0.2406545151890914,0.3458900359551232
13546,13546,OR9A1P,0.01823660520940952,6.955547874487841,0.009419258057874916,8.872242236084154e-05,0.941113424372668,0.2458737639740864,0.9652971524747176
13547,13547,ORAI1,-0.4050644628997667,9.890590880632523,-0.6553253562866305,0.4294513225921992,4.207336482064721e-09,0.05929494598658976,7.019250502242799e-08
13548,13548,ORAI2,-0.02969582921397125,7.167460397995553,-0.02260916246729344,0.0005111742274724702,0.8592483598907186,0.1667646932598552,0.912556313557308
13549,13549,ORAI3,0.17991019307551775,5.680898971130495,0.25209670181683186,0.06355274706692464,0.04447251479868074,0.08770703326826221,0.09494748180670723
13550,13550,ORAOV1,-0.05250706623029683,7.244038156626403,-0.03418824223317925,0.0011688359069945413,0.7885501896829423,0.1949356085548648,0.8639104703826832
13551,13551,ORC1,-0.1858248256191873,7.8986687599286975,-0.5278389211904067,0.2786139267234523,7.388884718818784e-06,0.03797435057986046,4.309353584325903e-05
13552,13552,ORC2,-0.19732865166957764,8.362417826630345,-0.3387920141263365,0.1147800288357798,0.006173695905949042,0.06959639439762838,0.017107023012581768
13553,13553,ORC3,-0.2633602291425598,9.054784495158444,-0.5523991417472159,0.30514481180306074,2.2190020972113798e-06,0.05047176633444752,1.4703172005725052e-05
13554,13554,ORC4,-0.3148327609858444,9.442124175556275,-0.3958357662207619,0.1566859538195777,0.0012053465189852054,0.0927606338104961,0.004002112675348762
13555,13555,ORC5,-0.29611752500683874,8.739550635860759,-0.5415810735176775,0.29331005919256,3.8137326032835153e-06,0.058373971542919366,2.3965867534563123e-05
13556,13556,ORC6,-0.23788849862045724,8.588457642691393,-0.6209755239102184,0.3856106012955702,4.3898122711980287e-08,0.03813510747898027,4.942106505451294e-07
13557,13557,ORF1,0.012531494767123504,6.972107886021753,0.011148903341428415,0.00012429804571651367,0.930324936430616,0.14274072210143268,0.9587487031078374
13558,13558,ORM1,-0.01690031137450454,7.080725563059338,-0.02655523396110445,0.0007051804507289952,0.8350013651199619,0.08079705799178657,0.896655487537081
13559,13559,ORMDL1,-0.05851893116056237,7.4070587001520805,-0.09302600487672248,0.008653837583323994,0.4647010251401044,0.07954425805057871,0.6029780513756943
13560,13560,ORMDL2,-0.17098465743345484,8.704178393771558,-0.3628240530780909,0.1316412934920133,0.003213917864412595,0.055771818954718236,0.00958113867756811
13561,13561,ORMDL3,-0.0958464180633325,7.711821912214992,-0.11238193635649094,0.012629699619234378,0.3766199858392901,0.10762757659396527,0.5194531782351774
13562,13562,OS9,0.05039858423207552,6.530339313316878,0.04232198865013295,0.001791150723301982,0.7398502365948477,0.15110092860614038,0.8307847722266284
13563,13563,OSBP,0.04048550265431785,6.7459385266854826,0.029644700322238163,0.0008788082571953073,0.8161229021662775,0.17336671168658352,0.8837454468652234
13564,13564,OSBP2,-0.1955009098138396,7.947495125625094,-0.1561693682378066,0.02438887157579564,0.21783378951776727,0.15703463789237368,0.3440442500187623
13565,13565,OSBPL10,-0.7222411892569338,10.987386636399595,-0.5299842061138353,0.28088325873011233,6.6767479885861535e-06,0.14676523014502552,3.947173838188183e-05
13566,13566,OSBPL11,0.1675436696293657,5.852641852618648,0.3255290036794173,0.10596913223651408,0.008669520660951634,0.06180430776146322,0.023083544806702033
13567,13567,OSBPL1A,0.2648325762746885,5.277749486475159,0.6505359428938067,0.4231970129967341,5.939622807067406e-09,0.03926612222575654,9.38942432152329e-08
13568,13568,OSBPL2,0.3976113286545536,3.9865792789802033,0.5329260882794182,0.2840102155688023,5.8038580649490834e-06,0.08017691416934845,3.4805468401127777e-05
13569,13569,OSBPL3,-0.180836520339902,8.124891392657842,-0.7271296676571478,0.5287175535871942,1.0191607880322204e-11,0.02168298475105573,5.531309991187401e-10
13570,13570,OSBPL5,-0.2090136147132665,8.357257699984567,-0.2818244543952533,0.07942502309518222,0.024064212896708608,0.09037111471810556,0.05618442374967385
13571,13571,OSBPL6,0.2616147207630277,6.04753363893781,0.2746032836664509,0.07540696340039728,0.028096870280717445,0.1163418367193169,0.06412707903972768
13572,13572,OSBPL7,0.3374839901178942,5.019333661581584,0.3256847591422893,0.10607056233757102,0.008635740271087204,0.12442610730410095,0.023021907616692528
13573,13573,OSBPL8,-0.1064774484439867,7.707699425847688,-0.1398488349093619,0.01955769662550596,0.2703890235148291,0.09574452720454277,0.4069554006264681
13574,13574,OSBPL9,-0.15542304814204802,8.488467938991496,-0.15953773736884716,0.025452289644771253,0.20794716213287787,0.12213993980515175,0.33225823035397845
13575,13575,OSCAR,0.021655550535561795,6.937908261588232,0.020985900404677214,0.0004404080157950312,0.8692616951706077,0.1310237793374281,0.9190073691189476
13576,13576,OSCP1,-0.281823826773469,8.498915805105916,-0.6186369575668567,0.3827116852675768,5.097293900017821e-08,0.04545587578057763,5.628857695302698e-07
13577,13577,OSER1,0.030681956962200583,6.783739634207937,0.03939915168383494,0.0015522931534058336,0.7572446607128936,0.09882413065848104,0.8426584341077961
13578,13578,OSER1-AS1,0.022873875078998285,6.914733224269758,0.01705918980621584,0.00029101595684449843,0.8935659249802457,0.17026379000150074,0.9344748203722036
13579,13579,OSGEP,-0.22264080877437134,8.561650517858,-0.37009102789050746,0.13696736892505235,0.0026121570753034843,0.07097640166787499,0.007970446874129485
13580,13580,OSGEPL1,-0.2827758370927677,8.866594801483727,-0.5757429421662017,0.3314799354541943,6.449699967454396e-07,0.05100057263120823,5.0042369328278375e-06
13581,13581,OSGIN1,0.11204484674986054,6.349898329028481,0.1464721719606135,0.021454097158859528,0.2481214608153516,0.09610179999013696,0.38027166078061514
13582,13582,OSGIN2,-0.3484449528271838,8.57393433420384,-0.3273126793421098,0.10713359005811078,0.008289486268247494,0.12775230558122078,0.022202470493145974
13583,13583,OSM,0.054556152665426134,6.76032121028018,0.047084215953893116,0.002216923391992844,0.7117887508567078,0.1469909562146765,0.809202442965057
13584,13584,OSMR,0.3252892315423542,5.532703947919827,0.43927223435941937,0.19296009587911664,0.00028192000412377485,0.08448655331251625,0.0010921248102505087
13585,13585,OSR1,0.2427772763716176,6.041390487798978,0.5002561831931802,0.2502562488230087,2.5625801348047302e-05,0.05336741318985851,0.0001302785089732646
13586,13586,OSR2,-0.08899379607195251,7.369535600699464,-0.2735977829478604,0.07485574683398451,0.028701064867728887,0.03973342854077072,0.06534765636743445
13587,13587,OST4,-0.4176805048259228,11.591396483425314,-0.3837794526165694,0.14728666825067366,0.0017448431655056654,0.12763452538812164,0.00554676728552924
13588,13588,OSTC,-0.3703110872135169,10.849939006466002,-0.4591347735642191,0.2108047402958668,0.00013559209464616224,0.09099612909164086,0.0005693711090871908
13589,13589,OSTCP1,-0.3123770472920656,8.0311104270973,-0.2099086398691479,0.04406163709171563,0.09595743477196382,0.18478550514295705,0.17970753697023925
13590,13590,OSTF1,0.10782817255350872,6.169799824316537,0.14672008576501314,0.021526783566892808,0.24731303920432054,0.09232542152400376,0.3795042420613351
13591,13591,OSTM1,0.2765958843577929,5.5874590601644085,0.4573102524473066,0.2091326669934193,0.00014529590342251788,0.06831101677192135,0.0006040281798069926
13592,13592,OSTM1-AS1,0.2800029708480307,6.088994683002309,0.2028446630917334,0.04114595734479883,0.10793708783416177,0.1716640919452542,0.19773095652218706
13593,13593,OTC,0.05851534869319185,6.7543819878647176,0.17084129841875625,0.02918674924540652,0.17709942409134166,0.04285968124967657,0.29262078656325374
13594,13594,OTOF,0.1028888643343882,6.586972358328153,0.0864901181577553,0.007480540538942473,0.496783844912606,0.1505135342333306,0.6327470370333964
13595,13595,OTOGL,-0.2760340981420726,7.9061946646862555,-0.19813110808397402,0.03925593599058338,0.11655206637092,0.1734275444476222,0.21010030777176994
13596,13596,OTOP2,0.25298935465865224,5.750837922627512,0.2139618482072874,0.045779672488278286,0.08956810059704158,0.14668793464380436,0.17000589170207167
13597,13597,OTOR,0.3392990573624135,5.449923351804157,0.31982809193112793,0.102290008388306,0.009987866655615123,0.12765511779835292,0.02615007283609545
13598,13598,OTOS,0.04018591481221714,6.860280483619047,0.04137082981695495,0.0017115455597434485,0.7454970297386514,0.12325706061556985,0.8344742158063939
13599,13599,OTP,0.06354545690322856,6.789303218204162,0.04047011949583686,0.001637830572007315,0.7508566529620095,0.1992499555875705,0.8380242156672532
13600,13600,OTUB2,-0.3035019295313591,8.492077554433953,-0.5541847947023484,0.307120786679284,2.0255336002829304e-06,0.057894828557772185,1.3595190415673356e-05
13601,13601,OTUD1,-0.2513054640803559,8.572633324494848,-0.2678766133212261,0.07175787996444971,0.03235029555743562,0.1147894361533991,0.07245275109072999
13602,13602,OTUD3,-0.027567634604860253,7.164416913785184,-0.05164040377069362,0.002666731301600268,0.6852926644205365,0.06770709535450448,0.7881466168159073
13603,13603,OTUD4,-0.4810843214575869,9.474380960809796,-0.3656677498319007,0.13371290326712548,0.0029651452597329,0.15551404661622129,0.008930489652227532
13604,13604,OTUD5,-0.2836467675404825,8.976190302817704,-0.24306020406077095,0.05907826279806362,0.05295495401678315,0.14376225840399234,0.10980939665167473
13605,13605,OTUD6B,-0.17476855044493644,8.071536324963615,-0.45518027474205397,0.20718908251425175,0.0001574291168165557,0.04341790027441381,0.0006502245898650608
13606,13606,OTUD6B-AS1,-0.19704382933101905,8.247014825612387,-0.2426134367080937,0.0588612796713122,0.0534063677398182,0.1000642547344734,0.11059719741854865
13607,13607,OTUD7A,0.061063737622600985,6.778626905102552,0.03715466273902002,0.0013804689632503225,0.7706845109505279,0.2085807587561984,0.8513146849945767
13608,13608,OTUD7B,0.7737842035326393,2.790453848850735,0.5868585454425949,0.3444029523589981,3.460249752349978e-07,0.13558419798438973,2.909969257752962e-06
13609,13609,OTULIN,-0.4983485721315576,9.674282453483881,-0.4611443454410208,0.2126541073322276,0.000125595649425179,0.1217820467874628,0.0005320371260372165
13610,13610,OTX1,-0.10143071124613673,7.529285576967252,-0.15107177009935066,0.022822679720951058,0.23341512717454915,0.08429018316721038,0.36327472897548235
13611,13611,OTX2,0.17353748156935894,6.4876647555493125,0.0710126351495076,0.005042794350877083,0.5771114100962995,0.3095736714246175,0.7011078186299682
13612,13612,OTX2-AS1,-0.3050883522143573,7.961734653436107,-0.18743385791669728,0.03513145109353665,0.13804875735842187,0.20305599374721392,0.24030915117336218
13613,13613,OVCH1-AS1,0.1312216399280916,6.418874961204767,0.14793516932035328,0.021884814321841597,0.24337680709342616,0.11141231128620392,0.37501636614884387
13614,13614,OVGP1,-0.31156980951059954,9.12342053791037,-0.5006023026464073,0.25060266541488513,2.5245620842416048e-05,0.06842625210613464,0.00012851291004760686
13615,13615,OVOL1,0.3473332666200461,4.688779210275686,0.3661821279052323,0.1340893507972039,0.0029220236381984053,0.1120959527030128,0.008812872128856054
13616,13616,OVOL1-AS1,0.34240661002397044,5.079676889807052,0.3601332608415273,0.12969596556435153,0.0034662208714708307,0.11264672248732295,0.010254236744767874
13617,13617,OVOL2,-0.4326181205119978,10.166337565314027,-0.4053559351931475,0.1643134341963112,0.0008911596491310731,0.123906484563581,0.003065130591158416
13618,13618,OVOL3,0.1945647467844885,6.090050386740228,0.22039401818580825,0.04857352325208638,0.08012000266706899,0.1093594007969772,0.15507674810112435
13619,13619,OXA1L,-0.027082161589725696,7.29532531696483,-0.030040299288064988,0.0009024195813165179,0.8137128221612621,0.11444245844588086,0.881896630997371
13620,13620,OXCT1,-0.07603222788641073,7.608641191835295,-0.1615792289543002,0.026107847229466158,0.2021119167513071,0.058975519264685625,0.3249004199576539
13621,13621,OXCT2,-0.18286574404529307,7.8598613193158045,-0.1341937944335259,0.0180079744644674,0.2904284207423504,0.17149760526233435,0.428980099016826
13622,13622,OXER1,0.18979674469445112,5.672309148891111,0.1718478690978751,0.02953169011348042,0.17452316618893227,0.13817817183541686,0.28940188098792624
13623,13623,OXGR1,-0.104204234294381,7.467670876001196,-0.4785435863570278,0.2290039640434461,6.34169698059101e-05,0.024282538976837683,0.00029058283562145225
13624,13624,OXLD1,-0.40935809604589707,9.857091579155794,-0.6652070743137111,0.44250045171700697,2.0250683111588106e-09,0.05835431024503944,3.7869476924131295e-08
13625,13625,OXNAD1,-0.012815751944559264,7.113454318477408,-0.016520173754690618,0.0002729161408851688,0.8969102842246106,0.09850864973492382,0.9366605037077519
13626,13626,OXR1,0.15370282296198387,6.072834902888888,0.17919571197198128,0.03211110318914528,0.15653894451082628,0.10716948409855197,0.26570393818638843
13627,13627,OXSM,-0.2847760550002043,9.399518833053351,-0.4575803458960113,0.20937977295031326,0.00014382028483825833,0.07027878148536032,0.0005989285131100931
13628,13628,OXSR1,-0.09489238318520477,7.818222171815339,-0.10322314487433358,0.01065501763774766,0.416974658374276,0.11612675766883886,0.5581053357497341
13629,13629,OXT,-0.0066651928947373115,7.048319960679562,-0.0077244412483746154,5.96669925995912e-05,0.9516949211048726,0.1095814005246778,0.9706038939412114
13630,13630,OXTR,-0.3460343686971751,8.363082492433655,-0.5182423645272196,0.2685751483907636,1.1530307027621695e-05,0.07252292887475446,6.397355846352749e-05
13631,13631,P2RX1,0.3171975828493304,5.115561392784544,0.5631964916753219,0.31719028823539097,1.2677907191216423e-06,0.05910496009227316,9.063284570923435e-06
13632,13632,P2RX2,0.15284378401525384,6.176938790943224,0.12772820200203228,0.01631449358667196,0.3145053199841278,0.15072777002083684,0.4550723442640844
13633,13633,P2RX3,0.10080453031582223,6.618278819433942,0.09453474270962088,0.008936817579174219,0.4574582489881491,0.13481661867422304,0.5965110123344595
13634,13634,P2RX4,0.26119545576071845,4.6001021368894035,0.7249875933925523,0.5256070105731246,1.2531979386940188e-11,0.031514348165113164,6.539277436727464e-10
13635,13635,P2RX5,0.13607362737676884,6.277966767902066,0.3510790353550057,0.12325648906580135,0.004449182864906314,0.0460902964076103,0.012786603177112972
13636,13636,P2RX6,0.16321323996658565,6.125478214024124,0.2364141071622545,0.05589163006532597,0.0599999705483573,0.0851916593289883,0.1219541357447604
13637,13637,P2RX7,0.3952719171028257,5.4325343934195525,0.5073381183902241,0.25739196637173306,1.8812501506959352e-05,0.0852672866223073,9.847346389490084e-05
13638,13638,P2RY1,0.30079687297792457,5.690158937145817,0.6323138934374659,0.39982085983404697,2.0897923061548982e-08,0.04680423987424148,2.64269185167152e-07
13639,13639,P2RY10,0.2817378402286928,5.765500129272682,0.5528995505880661,0.3056979130404853,2.163108353963585e-06,0.05392340831650736,1.4386397851683487e-05
13640,13640,P2RY12,0.32662636348668783,5.9592723389069855,0.4727785653613413,0.22351957186512805,7.985656884523355e-05,0.07731484137517235,0.000356335050142908
13641,13641,P2RY13,0.14015716232314807,6.31060802977209,0.4844126861198265,0.2346556504738256,4.993886281241886e-05,0.03214640287108906,0.00023539966787177412
13642,13642,P2RY14,0.14531817698902513,6.091802847926303,0.7440385131022883,0.553593308979464,1.856668765684792e-12,0.016572728963749738,1.5829197685395343e-10
13643,13643,P2RY2,0.2264448527740793,5.648009652293148,0.3831839366127418,0.14682992927803773,0.0017763833399185075,0.06932296343810218,0.005635449930550144
13644,13644,P2RY4,0.07951087820227055,6.6971143866117275,0.08250578537608744,0.006807204620525004,0.516891988239661,0.1219728251412976,0.6503371060796749
13645,13645,P2RY6,0.289079036195982,5.3972562238371316,0.3756182139460809,0.14108904264804378,0.0022240117618419638,0.09058330905433874,0.0068940534164341465
13646,13646,P2RY8,0.15620188398176182,6.106895801790283,0.4854503116375816,0.2356620050690251,4.78515213345872e-05,0.0357263265151416,0.00022669540461616404
13647,13647,P4HA1,-0.16860541809676174,8.01725748264155,-0.1683710896318815,0.028348823823827068,0.18353868721946026,0.12536126029798167,0.3010551637431762
13648,13648,P4HA3,0.19247893267789687,6.072586927921346,0.12996889299787026,0.016891913147091844,0.3060204155419218,0.18648700380925312,0.4458336987728953
13649,13649,P4HB,-0.3921032200213008,11.13003977624967,-0.5810923310880369,0.33766829724932884,4.793421000243935e-07,0.06974244871702616,3.874637243758209e-06
13650,13650,P4HTM,-0.3832896775539512,10.210381344165189,-0.577598159698287,0.33361963408684786,5.822336923522022e-07,0.06879653641222275,4.5731848414533685e-06
13651,13651,PA2G4,-0.3105411778001264,9.605849135012061,-0.6608711955181245,0.4367507370655551,2.800492396228349e-09,0.044787502337279066,4.9913302749238595e-08
13652,13652,PAAF1,-0.3209523210865072,9.087263722160513,-0.3150851902576252,0.09927867711968384,0.011214106930113602,0.12277555534562347,0.02887875913564158
13653,13653,PABPC1,-0.8833023263848866,14.175316170996696,-0.5176957865770812,0.2680089274396628,1.182149983350642e-05,0.1853923422394249,6.532140313717313e-05
13654,13654,PABPC1L,-0.33719557475516626,8.379007236052978,-0.4464180700919227,0.1992890933045968,0.0002177675606937488,0.08583850163806585,0.0008665484246275506
13655,13655,PABPC3,-0.5718849290940631,13.898877155592626,-0.6011514499476253,0.3613830657741322,1.500313453554265e-07,0.09654929864221704,1.413807129535144e-06
13656,13656,PABPC4L,0.27122350333827144,6.072796431487973,0.2193580928898275,0.04811797291626218,0.08158587132455501,0.1532037438537016,0.157337433745947
13657,13657,PABPC5,0.3068506073479686,6.176352239672258,0.15286853041815152,0.023368787592205315,0.2278375289654993,0.2519291096718212,0.35619263458098194
13658,13658,PABPN1,-0.055339599156699816,7.286518755834664,-0.1563520053761709,0.02444594958515017,0.2172894181796283,0.04439789468084259,0.3434850975019965
13659,13659,PACRG,0.29767145192621186,5.7865347478782585,0.2569556475248088,0.06602620479489378,0.0403952085504137,0.14218393173282526,0.08758092122138654
13660,13660,PACRG-AS1,0.05742712665357464,6.774618243979756,0.05394552718058786,0.0029101199027915443,0.6720275560357282,0.13499974710674698,0.777889497859402
13661,13661,PACRGL,-0.27141598530466005,8.244553451200481,-0.49455198093176,0.24458166184352784,3.270797220801166e-05,0.06057890143996467,0.00016193213035310756
13662,13662,PACS1,-0.36971654161460304,9.025790144083787,-0.3404151786350593,0.11588249384513935,0.005916538712405669,0.1296937703086798,0.016470323411382538
13663,13663,PACS2,-0.6664465565068592,11.625568866058106,-0.6411090533534852,0.41102081829180204,1.1505688138125885e-08,0.10131821874984456,1.6252816479524855e-07
13664,13664,PACSIN1,0.3838579733066323,5.302435824076035,0.24446446609155026,0.05976287518142673,0.051556300452801324,0.19336491529672165,0.10725830399706146
13665,13665,PACSIN2,0.4873302291958623,3.3818394810027383,0.6972406733307138,0.4861445565466672,1.5480081705734031e-10,0.06363049093231478,4.7820423585972956e-09
13666,13666,PACSIN3,-0.15182009231539495,7.716488084044304,-0.20874176398339128,0.04357312403089783,0.09786132549838593,0.09033372995242944,0.18273579405600993
13667,13667,PADI1,0.10393907360757887,6.428060311573034,0.08154081244171542,0.006648904093655014,0.5218231294640494,0.16134642620429732,0.6548493201520625
13668,13668,PADI2,0.22500272967114346,5.55783959853855,0.7753553421766406,0.6011759066418554,5.424015279895599e-14,0.023274579958772662,1.1080853857182945e-11
13669,13669,PADI3,-0.08862250529723865,7.4314898336314545,-0.12184903716910905,0.014847187859038916,0.3374780906218132,0.09168069084816367,0.4797536960818857
13670,13670,PADI4,0.2786500840128314,6.0051035121197005,0.23245168316666406,0.05403378500701516,0.06454891943337226,0.14807046877656505,0.12951050220788254
13671,13671,PAEP,-0.0011913234041071971,7.0200528719837045,-0.0014700216444072615,2.160963635025829e-06,0.9908018785600704,0.10292233500129948,0.9944296755755619
13672,13672,PAF1,-0.35103730296846186,9.367351109322207,-0.4251449483915548,0.18074822714285774,0.000462044086550929,0.09491374207890667,0.0016975847801595466
13673,13673,PAFAH1B1,0.2246874843763889,5.21999276458739,0.2961926160100871,0.08773006577889891,0.017480994164147504,0.0920175128765466,0.04261041519862835
13674,13674,PAFAH1B2,0.042749202476751666,6.754468173392236,0.02828313997985405,0.0007999360071200187,0.8244306858959399,0.19188047102229205,0.8897606031934503
13675,13675,PAFAH1B3,-0.25893289642481,9.136807578667078,-0.7327078695463596,0.5368608220951651,5.894467469678063e-12,0.030543323272798392,3.657441061773022e-10
13676,13676,PAFAH2,0.3356579839839913,4.478893206174631,0.4842722144835816,0.234519577720832,5.022782336584514e-05,0.07701558687525395,0.00023655578838350946
13677,13677,PAG1,0.13225691431883824,5.990092359595272,0.7848161732874546,0.6159364258535639,1.6656574472437408e-14,0.013263439371840631,4.398757563422342e-12
13678,13678,PAGE1,0.09038890163432613,6.635453749235665,0.14299321234659776,0.0204470587771992,0.2596564221435794,0.07945437176656478,0.39397840677685064
13679,13679,PAGE4,0.11849691504345272,6.528896463167388,0.11319259914094976,0.01281256450028374,0.3731651910490431,0.13209700666101504,0.5160541677097534
13680,13680,PAGE5,-0.16216148952703233,7.749060832733308,-0.18839063628968333,0.03549103184163175,0.13601257380691772,0.10736079092141204,0.23729876617699028
13681,13681,PAGR1,-0.08801292082597134,7.527318249902128,-0.06558738503175937,0.004301705075304254,0.6066140500741685,0.17005685964033773,0.7251174240647007
13682,13682,PAICS,-0.3072298074136081,9.241416612685066,-0.6935553055317872,0.4810189618312907,2.11623197739434e-10,0.04052865121752915,6.15127563362073e-09
13683,13683,PAIP1,-0.39569434957848104,10.400439173172984,-0.6934587313521776,0.4808850120885717,2.1335091588981334e-10,0.05221258162503696,6.171445421911233e-09
13684,13684,PAIP2,-0.5166414161117335,11.122147951771822,-0.29806825964790024,0.08884468740952807,0.0167476529855826,0.2101231231784889,0.04103999382174847
13685,13685,PAIP2B,0.2499336289936767,5.34870104411449,0.4134076363117805,0.1709058737608934,0.0006854572354528831,0.06991208833281268,0.002422254639969351
13686,13686,PAK1,0.17180781691932726,5.838702058872071,0.12918694105960316,0.01668926574033738,0.30896448243659885,0.1674842025850878,0.44921345191614226
13687,13687,PAK1IP1,-0.28113336055391164,9.067349722491523,-0.6649509608987295,0.4421597804001437,2.0645266687942647e-09,0.04010345899409906,3.847446214521498e-08
13688,13688,PAK2,-0.3103290810416389,9.088127706792683,-0.3846303896525248,0.14794053664425302,0.0017006465872332758,0.09458406780055208,0.00542298657731359
13689,13689,PAK3,0.5799009808682748,4.742831534353858,0.4424758351366228,0.19578486467985184,0.0002512811047010594,0.14926382346458106,0.0009836392484275924
13690,13690,PAK4,0.4826161461293219,3.827429333136716,0.4293188363240476,0.1843146632226344,0.00040018505427629836,0.12893991710629266,0.0014951703503024918
13691,13691,PAK6,-0.2851153591003501,8.490199305446474,-0.5753416229298892,0.3310179830755988,6.593519188985414e-07,0.05147616641658494,5.1048501264740485e-06
13692,13692,PAK7,0.001575079003954531,7.009563205593014,0.0010976740187481444,1.2048882514347015e-06,0.9931316416366408,0.18223544477767975,0.9958909793767751
13693,13693,PALB2,-0.27607453630182943,8.953237330032739,-0.6536648287715726,0.42727770837296936,4.7449180108348045e-09,0.04059265263416857,7.766530576313507e-08
13694,13694,PALD1,-0.023547873577160525,7.138833756102679,-0.03964156753261397,0.001571453876442794,0.7557972871403298,0.07538128321951493,0.8416965931099945
13695,13695,PALLD,0.2145932675757516,5.477010818471747,0.2387124979130233,0.056983656659875176,0.05748252493995775,0.11086761383205763,0.11767669479814569
13696,13696,PALM,0.41595522633996657,4.593114417660747,0.453490733466583,0.2056538453400594,0.0001677073322780739,0.10382148159640912,0.0006874318153476604
13697,13697,PALM2,-0.024899957189513933,7.098439732282014,-0.018896519467415017,0.00035707844798239465,0.8821803061353808,0.16731827711593233,0.9278462116897259
13698,13698,PALM3,-0.040420414948882495,7.2238555640836255,-0.050289906737722136,0.0025290747196887904,0.6931087806459199,0.1019469448574484,0.7939732672919697
13699,13699,PALMD,0.37731966507267023,5.582717563966365,0.26563060099224384,0.07055961618350065,0.03388519447079228,0.1739186917410187,0.07540683241855994
13700,13700,PAM,0.02433838327387734,6.803091678978728,0.07399419764454297,0.005475141285059689,0.5611837467209586,0.04165873109964185,0.6886012032662262
13701,13701,PAM16,-0.33221235211033456,9.307585306929317,-0.7334435453323311,0.5379394341896593,5.478245859794825e-12,0.03910233509828424,3.4789270995265963e-10
13702,13702,PAMR1,0.19099372893178887,5.893893571626883,0.44238842037311743,0.19570751448022208,0.0002520750006095489,0.049172978829696005,0.0009863903393928048
13703,13703,PAN2,-0.1819579308283011,8.135471257902408,-0.4647204929683219,0.21596513658472014,0.0001094647665600106,0.04403023546408387,0.0004715455579584304
13704,13704,PAN3,-0.0657065120065336,7.599056850551525,-0.1084812365596486,0.011768178685510442,0.3935110648126803,0.0764693429947602,0.535975980157154
13705,13705,PAN3-AS1,-0.1611119266836414,7.652950132865813,-0.2337572497823381,0.05464245182580242,0.06302040067451206,0.08510690663245347,0.12700854133146197
13706,13706,PANK1,0.028537241408975293,6.766122896470388,0.07481189691171282,0.005596819919528746,0.5568521069121489,0.04830885341951688,0.6847993852679076
13707,13707,PANK2,-0.5017987188347321,9.265068780540833,-0.4563702613366309,0.2082738154324648,0.00015054048827850246,0.12425213822012555,0.0006245183363773841
13708,13708,PANK3,0.4463810885791226,3.0933072510868307,0.6836051696223566,0.467316027934411,4.811922409728602e-10,0.06052564393732339,1.1895226002588228e-08
13709,13709,PANK4,0.0588665395377058,6.610938298997388,0.08571396484629606,0.007346883769672076,0.5006687646628247,0.08690001119838771,0.6363784349564882
13710,13710,PANX1,-0.25343404729717584,8.427925981663687,-0.3888404668608844,0.15119690866859056,0.0014964127817680096,0.07626076102619424,0.004850294684805604
13711,13711,PANX2,0.3144797507431081,5.0660410448138,0.2142104046491433,0.04588609745994972,0.08918743511693113,0.18211947608353127,0.1694318718709662
13712,13712,PANX3,-0.21047796529100898,7.670673908476827,-0.1269572222304082,0.016118136276461255,0.3174593724033391,0.2088453730122128,0.45824441470432664
13713,13713,PAOX,0.07002665008447198,6.626128722019431,0.060931276720266485,0.00371262048276169,0.6324453996602315,0.1456865781132742,0.7461511920262769
13714,13714,PAPD4,0.01167543124013256,6.942524792752282,0.020682696304216125,0.00042777392641243537,0.8711343733062604,0.07167653805726412,0.9202462260082858
13715,13715,PAPD5,-0.13384192283335086,8.044487209522543,-0.1864253154288217,0.03475439823273567,0.140219826522222,0.08957985427903488,0.2433646183648888
13716,13716,PAPD7,-0.2735490133148534,9.063327431908338,-0.4785798571780435,0.2290386796965565,6.332424130411211e-05,0.06373840434890714,0.0002902807886199297
13717,13717,PAPLN,0.28846657120192026,5.737434319425191,0.4982901155866442,0.2482930392913513,2.7888020180564208e-05,0.0637443447551256,0.00014044536674653906
13718,13718,PAPOLA,-0.1370471603843049,8.166367563698515,-0.17825320494469046,0.03177420507305381,0.15876587077020646,0.09607826986773613,0.2687675837655426
13719,13719,PAPOLB,0.0952302931296534,6.707794234796399,0.05069069784456783,0.002569546847969273,0.6907857962670179,0.23828259341217325,0.792360104781094
13720,13720,PAPOLG,-0.14460156032509494,7.75746834158288,-0.12451951510573915,0.0155051096421684,0.3269159174499163,0.146334405285719,0.46849078104545944
13721,13721,PAPPA,0.6542779510920426,4.403851351372515,0.4227551840145639,0.17872194561118776,0.0005012611540914938,0.17812406901177266,0.0018261793896115915
13722,13722,PAPPA2,0.2587141823307826,5.838714238250906,0.22009037315948848,0.04843977235748289,0.08054749097242178,0.14562686021610308,0.15575104179014143
13723,13723,PAPSS1,-0.3139728498218011,9.988450307593489,-0.5746798997030869,0.33025698712275,6.837257935436064e-07,0.05678378513263178,5.269068348465052e-06
13724,13724,PAPSS2,0.3040862627743908,3.9421548109475375,0.7278482028916237,0.5297630064525661,9.50471065750972e-12,0.03638467821649287,5.188763480434134e-10
13725,13725,PAQR3,-0.06652729481508779,7.34900301788204,-0.07822576754661953,0.006119270708257753,0.5389413587933992,0.10767659690582797,0.6693593853724522
13726,13726,PAQR4,-0.29434161934650743,8.752484172774336,-0.7346624221299621,0.5397288744898627,4.849749639518508e-12,0.03452032447479021,3.1824644982961606e-10
13727,13727,PAQR5,0.2201123509047259,5.597024398825688,0.8157935232660504,0.6655190726028358,2.2109391479754486e-16,0.019817733952586576,1.8414572019003206e-13
13728,13728,PAQR6,0.06434751519715434,6.696724448136154,0.0666863839079599,0.0044470737987198136,0.6005847514137225,0.12227310609253415,0.7198573527350507
13729,13729,PAQR7,-0.34673962159346355,8.687080588618006,-0.4086593514857973,0.1670024655567924,0.0008008229997112888,0.09834856842465303,0.0027786928470994966
13730,13730,PAQR8,0.12945918580369806,5.748704029388218,0.2022950326395905,0.04092328023065299,0.10891555215764502,0.0795936612521519,0.19898447252414928
13731,13731,PAQR9,0.5462640953985693,5.265489687234629,0.2562686936504716,0.06567364334531924,0.040952157404261634,0.26167399002620034,0.08861986295486017
13732,13732,PARD3,-0.11431321407440312,7.801342821405668,-0.09027844185879078,0.008150197064451066,0.4780492061244326,0.16015462754700047,0.6154670367791074
13733,13733,PARD3-AS1,-0.14543850031577646,7.462061657750032,-0.09292266337554976,0.008634621368805741,0.46519938810023903,0.19791502601349906,0.6035162203037788
13734,13734,PARD3B,0.7788494121186613,3.476198179684886,0.33316524423248395,0.11099907996449067,0.007142727986759943,0.2799297571345014,0.019468316495064388
13735,13735,PARD6A,-0.2817504523625619,8.943883606334289,-0.3513408097201024,0.1234403645747772,0.0044176238624685045,0.0953522429665925,0.012707710512985582
13736,13736,PARD6B,0.19113297182940567,6.169716675204634,0.2063103290256897,0.042563951862688326,0.10192298378124352,0.11512607103298934,0.18883249964600568
13737,13737,PARD6G,0.586985694248942,4.4956526359444835,0.3693937019231156,0.13645170702046353,0.0026651888002233227,0.1875363679348495,0.008118534740306098
13738,13738,PARD6G-AS1,0.04258663900613549,6.808072712578491,0.0464889621219054,0.002161223599171955,0.7152764215785912,0.11621384208834287,0.812180434952904
13739,13739,PARG,-0.2859747907744995,9.180897484623824,-0.3106111644177848,0.09647929546097214,0.012488275882815914,0.11114345650832692,0.031739958639263585
13740,13740,PARK2,0.3593013749108108,5.774626797784425,0.2380851342592112,0.05668453115522664,0.05816102429433166,0.1861483679934327,0.1187849647358061
13741,13741,PARK7,-0.304205563739185,10.528218402770593,-0.4246093581953357,0.18029310706705493,0.00047058222487176394,0.08237796133972047,0.001725441598306476
13742,13742,PARL,-0.24436454829832574,8.682444567310688,-0.3013511426126701,0.09081251115396187,0.015527441681928296,0.09819655190362883,0.03838433214864809
13743,13743,PARM1,0.21810665532153675,4.830085233111901,0.6862560755468902,0.4709474012250191,3.878350851299635e-10,0.02935866455171963,1.0082315448366579e-08
13744,13744,PARN,-0.2326865016610715,8.90469200671911,-0.3151268513206545,0.09930493242326993,0.0112027923462128,0.08899770910746788,0.028856484864664942
13745,13745,PARP1,-0.31619459389847965,9.415597775348331,-0.5877401074341803,0.3454384338867418,3.290231327502192e-07,0.05527751590590901,2.7810288601506624e-06
13746,13746,PARP10,-0.0027761720857731576,7.0327365830468525,-0.0021625443510416525,4.676598070222162e-06,0.986469012030398,0.16303637096407045,0.991883217157191
13747,13747,PARP11,0.5819984892848789,4.4506334582935665,0.4445628472992387,0.19763612519880625,0.00023299303164837592,0.14892874533841974,0.0009207051278002885
13748,13748,PARP12,0.17422761710355347,5.6247021690294465,0.4232598305654309,0.17914888417027724,0.0004927361099012025,0.04736377341295918,0.001797237739584056
13749,13749,PARP14,-0.04110512626714626,7.249729026901936,-0.04139973755608206,0.0017139382697124715,0.7453252132810478,0.1259882540677232,0.8343681500000564
13750,13750,PARP15,0.2912663548907214,6.0786624454429825,0.1864566959867756,0.034766099478304835,0.14015189029411795,0.19490939573794813,0.24326620586078265
13751,13751,PARP16,-0.3851918313356888,9.70796007319306,-0.4382888642105868,0.1920971284910062,0.00029198785253523637,0.10032296595906984,0.0011252886539687744
13752,13752,PARP2,-0.3012748258552451,9.209763391914931,-0.6560071936713976,0.4303454381486225,4.0037849655991704e-09,0.04402143417514544,6.736749295264183e-08
13753,13753,PARP3,-0.4180038934145865,9.652336441668924,-0.7120331691809499,0.5069912340138675,4.203530083346822e-11,0.052349384245222064,1.6460658943015447e-09
13754,13754,PARP4,-0.12506618733966746,8.268862267478173,-0.13885242077362167,0.019279994754694885,0.2738510820454181,0.11328257889644965,0.41057521897907406
13755,13755,PARP6,-0.25949759820073753,8.742281264773156,-0.43693239541421375,0.19090991816240285,0.00030641489929181633,0.06784560050710968,0.0011746175684482709
13756,13756,PARP8,-0.06652827489288228,7.40230937330362,-0.1611052253306467,0.025954893628838446,0.2034562793290159,0.05175953012260438,0.3266250818348164
13757,13757,PARP9,-0.15577659088397333,8.019062762140138,-0.32251039232606143,0.10401295315831006,0.009347335010267913,0.058064875943084814,0.02466689491193659
13758,13758,PARPBP,-0.23323699730303799,8.005830629283215,-0.6752172110211815,0.4559182820592228,9.383728768405048e-10,0.03235863250092148,2.0300164483497635e-08
13759,13759,PARS2,-0.1011684445107508,7.711762298976259,-0.11934010803123885,0.014242061384907757,0.3475939289678587,0.10689267436729463,0.49011241905189346
13760,13760,PART1,0.09515970423256363,6.594636898447683,0.07482807362284026,0.0055992406021052035,0.5567665737944342,0.16105469790819754,0.6847330847068646
13761,13761,PARVA,0.583945626386153,3.173477733657981,0.3603602270194104,0.12985949321748094,0.0034442800729961656,0.19197046048008792,0.010192113279684608
13762,13762,PARVB,-0.018576098732009192,7.097863041997987,-0.020197262093308844,0.0004079293960658103,0.8741340222758494,0.1167824456299995,0.9221573207711256
13763,13763,PARVG,0.3633854625310814,5.03043224539455,0.4105053307253489,0.16851462655392807,0.0007540330264566836,0.10251329908211404,0.002635342993531227
13764,13764,PASD1,-0.06428295785760646,7.2703127818719855,-0.060416004499838076,0.0036500935997244546,0.6353318884152728,0.13488198497588846,0.7484963845075203
13765,13765,PASK,-0.08824055989015105,7.439503676251568,-0.12792928850944246,0.01636590285853216,0.3137377542572216,0.08687988016988993,0.4542348778792628
13766,13766,PATE1,0.15227725391477867,6.466350130336857,0.12199154559673485,0.01488193719708024,0.33690910189295953,0.15734523631431274,0.47907062850430354
13767,13767,PATE2,0.08956699897488915,6.634710967358545,0.07500909179839771,0.005626363852420454,0.5558098803635485,0.15122133642114635,0.6839786384604473
13768,13768,PATL1,-0.34889106161169875,9.214942688175467,-0.4800995138757291,0.23049554322371135,5.95497808490922e-05,0.0809595903482281,0.0002751927140319443
13769,13769,PATL2,0.25385748044784656,6.027846844942527,0.24747235183173036,0.06124256492112772,0.04866181145586288,0.12622463682443832,0.10235760340715987
13770,13770,PATZ1,-0.6120905909502172,10.447690958928664,-0.8033876187341602,0.6454316659353444,1.3680838119658755e-15,0.057616211447320514,7.597588053894093e-13
13771,13771,PAWR,-0.4077950627732659,9.76523614542401,-0.4580977577972986,0.20985355569891245,0.00014103184773235725,0.10049437363010423,0.0005896977529724264
13772,13772,PAX1,0.03319717214943228,6.878561747050116,0.0266537721339453,0.0007104235689682789,0.8343977442861605,0.1581219799912099,0.8962095887452265
13773,13773,PAX2,0.2291676750572652,6.0914498929542455,0.16807905425542916,0.028250568479399493,0.1843109956333208,0.17069510454369302,0.3019331727392058
13774,13774,PAX3,0.24593579041000224,6.071668540300778,0.15365631947965025,0.023610264516032344,0.2254214881927003,0.20085704384640385,0.3532456998923891
13775,13775,PAX4,0.2735243631823148,5.98831336092231,0.20775884262961292,0.04316373669079628,0.09948780991490937,0.16355335854559086,0.1851980163076904
13776,13776,PAX5,0.1922316130403247,6.080789025350952,0.3963581108404431,0.15709975202900495,0.0011858107936224467,0.056549569940240914,0.0039457179987544685
13777,13777,PAX6,0.1880795202216768,6.244101812262071,0.17231536767523287,0.029692585937050688,0.17333595856532097,0.1365451652478145,0.2877654037173192
13778,13778,PAX7,-0.020372829143154216,7.096666983664528,-0.012373791039639098,0.00015311070469265284,0.9226922563865548,0.2090833599038456,0.9537422821981311
13779,13779,PAX8,0.3249030061356793,5.294136069402435,0.2928771705775753,0.08577703704552618,0.018844523768964446,0.13470956302070536,0.04550380934622269
13780,13780,PAX8-AS1,0.06490326426399615,6.603742154758417,0.2997188401631602,0.08983138314874997,0.01612425926289867,0.02623720569911331,0.03967399549347468
13781,13781,PAX9,-0.4804318301554255,8.881185984143146,-0.5743472738789716,0.32987479101220635,6.962950323785076e-07,0.08696396691408459,5.358304522443704e-06
13782,13782,PAXBP1,-0.21562236738916624,8.346980069424745,-0.5098891078572535,0.2599869023114659,1.6801968975554146e-05,0.04619999555051425,8.915624556864128e-05
13783,13783,PAXBP1-AS1,0.11938506714371065,6.590694644899411,0.07961592165341981,0.006338694980723481,0.5317295777898166,0.18983374926910784,0.6631327458910398
13784,13784,PAXIP1,-0.22315649541460789,8.562269849764759,-0.5378454120576437,0.2892776872714565,4.578078922852044e-06,0.04442282714256112,2.8176285579674264e-05
13785,13785,PAXIP1-AS1,-0.17964186808092014,8.154934590004812,-0.4582562118304166,0.20999875568116366,0.00014018789285036298,0.04425040448232778,0.0005869622621180608
13786,13786,PAXIP1OS,-0.2561581776520761,8.167633057362549,-0.2685164827997011,0.07210110153512217,0.03192380592534766,0.1167056172442174,0.07163834376304701
13787,13787,PBDC1,-0.20924311828699,8.69274352863889,-0.4146845044710894,0.17196323824843296,0.0006571194919781339,0.05831259123455591,0.0023323918372048008
13788,13788,PBK,-0.11052527643607536,7.914801536216153,-0.6130244880164893,0.3757990229078789,7.259955107186025e-08,0.0180904830640613,7.58390389995723e-07
13789,13789,PBLD,0.16635443394645666,5.586528316321501,0.6304640059080344,0.3974848627456061,2.3636579009739466e-08,0.026011309711811054,2.918380921828096e-07
13790,13790,PBOV1,0.21736544531912905,6.2422395483404065,0.182257968987524,0.03321796725945726,0.1494630491067435,0.1489266496539726,0.25626463407811007
13791,13791,PBRM1,0.01188735303163848,6.950238566140843,0.008129435493102901,6.608772143652122e-05,0.949165537153279,0.18570114234968035,0.9694838412747832
13792,13792,PBX1,0.13338014865473155,6.036946060517634,0.3398696655027383,0.1155113895289432,0.006001893388381946,0.046873682146626704,0.016680056638271434
13793,13793,PBX2,-0.1407999288498602,7.793245834970055,-0.11862994923833935,0.014073064856290974,0.3504910531205213,0.14966994938670058,0.4930737189193068
13794,13794,PBX3,0.22098950913799845,5.555377986822783,0.5321833348122855,0.2832191018519252,6.013583485911582e-06,0.04464859051314528,3.594373458112485e-05
13795,13795,PBX4,-0.29633804281618353,8.313705969481504,-0.4849140493890607,0.2351416352948964,4.892000508733783e-05,0.06787616655921422,0.00023135241541085403
13796,13796,PBXIP1,0.3266896742312559,4.6363931766873945,0.4317572137445015,0.18641429162041515,0.0003676383919724993,0.08667654989568613,0.001384317401871757
13797,13797,PC,0.23358839658444916,5.627549311288914,0.4174893402060528,0.17429734918568526,0.0005985662755204771,0.06456867421535176,0.002143888967316562
13798,13798,PCA3,-0.4304021981292216,8.419119126865938,-0.19349901179340115,0.0374418675650228,0.12552207373047572,0.2771490334425626,0.22285251983820095
13799,13799,PCAT18,0.3470858860004879,5.832905402982953,0.3012698720445986,0.0907635358017688,0.01555670156495472,0.13951593957842398,0.03843911140907057
13800,13800,PCAT19,0.2207842786887284,6.049696119293372,0.1863857299811653,0.03473964034061185,0.1403055608811179,0.1478025331892469,0.24347439064673515
13801,13801,PCAT4,0.14379174870854802,6.497706252103948,0.08649743005843394,0.00748180540671367,0.496747320967035,0.210331420456136,0.6327470370333964
13802,13802,PCAT6,-0.3244380158214777,8.487628114899962,-0.4221769509661907,0.17823337792710936,0.0005111940404022987,0.08847399165439722,0.0018576786281107197
13803,13803,PCBD1,-0.33901097823185383,10.039794338599831,-0.7373108340549125,0.5436272660147508,3.713010171094031e-12,0.03944819595089817,2.6629667928711734e-10
13804,13804,PCBD2,-0.3140716964555245,8.69228510847827,-0.3623456759297086,0.13129438886495742,0.003257542861436558,0.10259972245704843,0.009692510396318861
13805,13805,PCBP1,-0.3799324984639868,10.675734526369492,-0.5014693673948489,0.25147152643539,2.4316079043679106e-05,0.0832473375278852,0.0001242190827296228
13806,13806,PCBP1-AS1,0.7201715864349294,3.688090648952212,0.5370976649879966,0.28847390173555826,4.747327560508746e-06,0.14364228030366802,2.908157802625655e-05
13807,13807,PCBP2,0.22898813954612346,5.2873049791454205,0.3237605598220709,0.10482090009630073,0.009061216534248651,0.08498615255093298,0.02400591459366125
13808,13808,PCBP3,0.21831279332514966,5.861828288750192,0.2642344715176592,0.06981985593821663,0.034869557028301364,0.10119927469828917,0.07730346615969144
13809,13809,PCBP4,-0.3972402544377625,9.680681963387228,-0.5260932369648167,0.2767740939801188,8.019984843652636e-06,0.08155144766727937,4.617728577221426e-05
13810,13810,PCCA,-0.2387203923853801,8.241078304764631,-0.3888950712851648,0.15123937646989338,0.0014939153403211143,0.07182139684226338,0.004843649752156571
13811,13811,PCCB,-0.348154259360666,9.172701909892009,-0.3989817575574768,0.15918644286365322,0.0010919351483034117,0.10161847700303664,0.003670007083115067
13812,13812,PCDH1,0.3033349489982914,5.097099442487812,0.2804431753545769,0.07864837460295794,0.024795270586866182,0.13185434127164994,0.0576449166378464
13813,13813,PCDH10,0.4163244829362914,5.5874083573720394,0.1610208366215378,0.02592770982629997,0.2036962858457513,0.3240780539430314,0.32694734392499414
13814,13814,PCDH11X,0.0966357407337454,6.69385811074257,0.0769405670184145,0.005919850853115132,0.5456509346777303,0.1590366625809997,0.6751654757126021
13815,13815,PCDH12,0.1927021680393807,5.946760212600153,0.2282214189666245,0.05208501607513956,0.06970764119853035,0.1044044593970735,0.1379437969619094
13816,13816,PCDH15,-0.3535005023136847,8.018204795514995,-0.14263236886039432,0.020343992646727583,0.2608732437980651,0.3115393420657584,0.3955241610628794
13817,13817,PCDH17,-0.015889967715667353,7.089233161246687,-0.020130553195436583,0.00040523917195430187,0.8745463762395349,0.1002267034053332,0.9224696433252376
13818,13818,PCDH18,0.2797929864318397,5.041462666735012,0.5502714644015005,0.3027986845345719,2.4721006019603126e-06,0.053919156052598366,1.6212398102801504e-05
13819,13819,PCDH19,0.17992347138643291,6.049729962009254,0.6466567020046481,0.4181648902475282,7.818546782036504e-09,0.02695368546614921,1.1722109579379337e-07
13820,13820,PCDH7,0.4555646327868011,5.186308140533827,0.7192831991219941,0.5173683205391703,2.153089751301811e-11,0.05588074048198202,9.754217272895547e-10
13821,13821,PCDH8,-0.0793732828698048,7.244685771182175,-0.0409072832739805,0.0016734058248576847,0.7482538532537263,0.24621481440602275,0.8361529313983856
13822,13822,PCDH9,0.7413286887389058,4.585109338341152,0.5894638402468999,0.3474676189586227,2.980260654160577e-07,0.12902053169276953,2.5448558543315182e-06
13823,13823,PCDHA10,0.18305730781463167,6.093016635840515,0.2380983902343021,0.05669084343216599,0.05814662100880925,0.0948335028040858,0.11876674947611435
13824,13824,PCDHA2,0.10504627312736983,6.623399127321631,0.1144970030054873,0.013109563697238568,0.3676465698981096,0.11575110758795845,0.5108236532181174
13825,13825,PCDHA5,-0.16502602509079145,7.914082472663756,-0.16036724113537226,0.02571765202937064,0.20556196064215684,0.12899811183420148,0.3292244847057101
13826,13826,PCDHA9,0.0467982407884812,6.8265669090740815,0.057000387113506135,0.003249044131089557,0.6546009436733711,0.10409963533019416,0.7635130580225601
13827,13827,PCDHAC1,-0.18171579198921914,7.705927877854861,-0.1303778064486562,0.01699837241436326,0.304488095979982,0.17549723361523395,0.44401950965969766
13828,13828,PCDHAC2,0.0015404415334886936,7.00979944191398,0.0020265996035661593,4.107105953174514e-06,0.9873195428326156,0.09653405058173237,0.9924525228631245
13829,13829,PCDHB1,0.0011440689401591546,7.010682815607472,0.0012698008106533773,1.6123940987359742e-06,0.99205464342899,0.11442486281328135,0.9952740921758116
13830,13830,PCDHB11,-0.22325625624352505,8.15386154290901,-0.24683313389286216,0.060926595987371615,0.049265524583305235,0.11131510653204336,0.10332638594203147
13831,13831,PCDHB12,0.1063369287075847,6.4721325245468915,0.10440402111935787,0.010900199625891324,0.4116362553851957,0.1286444631990347,0.553158574769743
13832,13832,PCDHB13,-0.3715540660400901,8.665839571749233,-0.2662192839314159,0.07087270713695584,0.033477137908679344,0.17085365400044436,0.074598417515173
13833,13833,PCDHB14,-0.12469652634953922,7.497607488282153,-0.4891968325513963,0.2393135409783189,4.096787991340374e-05,0.028234345001479838,0.00019782421544251394
13834,13834,PCDHB15,-0.06072129073357331,7.199687612517357,-0.07497480130154965,0.005621220830206853,0.5559910478707429,0.10256655063218817,0.6840901216841442
13835,13835,PCDHB16,-0.1165608319188388,7.3945246066487,-0.17914140185772626,0.03209164185955137,0.15666663593900812,0.08129764125760335,0.2658708568637878
13836,13836,PCDHB17,0.31809203932855795,6.0431701692110895,0.18280290048344827,0.033416900425161496,0.1482292495012363,0.2172668521130396,0.2545721635469313
13837,13837,PCDHB18,-0.0010012392196247061,7.020561320192509,-0.0008008725767059379,6.413968841196084e-07,0.99498875735238,0.15877365634580512,0.9967237834041367
13838,13838,PCDHB2,-0.11455408633605513,7.36422090675653,-0.2296892755179616,0.05275716328796607,0.06788146424007861,0.06164596963247996,0.13495897063155549
13839,13839,PCDHB3,-0.03685859548555805,7.176122401949898,-0.04832588281688534,0.0023353909500313337,0.7045326387087547,0.09675099146712203,0.8029818048020044
13840,13840,PCDHB4,0.24848854012373095,6.13980106749507,0.23705588323665824,0.05619549177711213,0.0592882172393741,0.12933045500976173,0.12074544759885697
13841,13841,PCDHB5,0.26069767137135114,6.179915964784128,0.1619591641846188,0.026230770863380312,0.2010389193767528,0.2017268949419169,0.32370420098918745
13842,13842,PCDHB6,-0.14505908035178916,7.585543735901925,-0.08328039209461907,0.0069356237074334895,0.5129507552574613,0.22044234145333175,0.6468263323298389
13843,13843,PCDHB7,0.19772328416219706,6.277151517019791,0.2242693864806907,0.050296757712425415,0.07482048336314573,0.10911537160558148,0.14644229638728495
13844,13844,PCDHB8,0.051815929496686085,6.841497654637125,0.04300250429458745,0.0018492153756060122,0.7358185432053419,0.15288742872828945,0.8277910828152983
13845,13845,PCDHB9,0.09199825109754768,6.607661563532788,0.07027302453483944,0.0049382979772741465,0.5810943661146178,0.16585176073818567,0.7044229008713785
13846,13846,PCDHGA1,0.036647754931336034,6.8593947218618405,0.04567835344427064,0.002086511973379712,0.7200352123712277,0.10178587996199799,0.8156707744245102
13847,13847,PCDHGA10,-0.08428464108080955,7.391504375828543,-0.13687079958925166,0.01873361578020109,0.28082374778306624,0.07747030276161916,0.41832828356898255
13848,13848,PCDHGA3,-0.041780100210066035,7.201821182041208,-0.04313761449855462,0.0018608537846259094,0.7350189269710459,0.12288901177839567,0.8271493459210101
13849,13849,PCDHGA4,0.13289090115202265,6.555517904765216,0.1845411787018526,0.034055446636669096,0.1443442641110229,0.08988396262525149,0.24916500911312883
13850,13850,PCDHGA8,0.14984766244654324,6.479428282137028,0.12753113946722605,0.016264191533809064,0.31525869338415474,0.14800525239089998,0.45599497410853745
13851,13851,PCDHGA9,0.2165769597967027,6.02519649724069,0.2542305656256129,0.06463318049831905,0.042642037244541436,0.10463563748394307,0.09165392719906151
13852,13852,PCDHGB5,0.24253654993150345,5.485847795845307,0.24929889059293103,0.062149936850866186,0.046970047846491565,0.11965413481534852,0.09934912933344157
13853,13853,PCDHGB6,-0.18072738086441825,7.618234914771852,-0.1096819002846692,0.01203011925005612,0.3882648187146579,0.2080007956669275,0.5310013041092533
13854,13854,PCDHGB7,-0.6114869581529816,9.11488452722079,-0.35903272294409,0.1289044961446477,0.003574378885732943,0.2018785642033168,0.010523303318771361
13855,13855,PCDHGB8P,-0.19658954894026068,7.6946246260015085,-0.13047758269303114,0.01702439958541678,0.3041149604514332,0.18971429151055805,0.44360002112926766
13856,13856,PCDHGC3,0.06506243736154367,6.777583715212621,0.04233236797275372,0.001792029378180625,0.7397886919115537,0.19501698510291604,0.8307847722266284
13857,13857,PCDHGC4,-0.021337307918364003,7.096142675641023,-0.016156525402714443,0.00026103331308855707,0.8991675769083949,0.16770233979718438,0.9381625895963767
13858,13858,PCDHGC5,0.04900567312886298,6.8496379517009425,0.05883998985859574,0.0034621444065596496,0.6441939824213303,0.1055904949082208,0.7554435551464262
13859,13859,PCDP1,0.12483319830222267,6.5312057964793695,0.07261056664961282,0.005272294389177866,0.5685493417779113,0.21776422497405004,0.6944518019177995
13860,13860,PCED1A,-0.418395261812677,8.959827312268914,-0.5058431626560099,0.2558773052058345,2.0092338550574954e-05,0.0906144176770617,0.00010439049695602223
13861,13861,PCED1B,-0.10636051972268144,7.595671499264912,-0.1748468821409881,0.03057143219442458,0.16700934551843513,0.07606495637003023,0.2795754002165826
13862,13862,PCED1B-AS1,0.2228553226012152,6.294473424548472,0.16545186954314275,0.027374321135321133,0.1913645063710709,0.1687051549872869,0.3114851462316251
13863,13863,PCF11,-0.08351040335658166,7.626117591188514,-0.10317233287428533,0.010644530270722338,0.4172052549277645,0.10224866949623572,0.5582759559698907
13864,13864,PCGEM1,-0.15932094933064692,7.567441130587699,-0.07714564123655426,0.0059514499617991405,0.5445776104503097,0.2614986466690977,0.6742611866381623
13865,13865,PCGF1,-0.3797166054443362,9.688464659196793,-0.514683786946317,0.26489940054540184,1.3552778962017605e-05,0.08033349201291153,7.35368149392361e-05
13866,13866,PCGF2,0.35099142277528844,4.811160648962984,0.28692040165945804,0.08232331688842473,0.02152279124898517,0.14882780525417932,0.05105399971403623
13867,13867,PCGF3,-0.26948608050162737,8.55523036083561,-0.3133548446195305,0.09819125864653012,0.011692873071436169,0.10371971147961474,0.029976224264466705
13868,13868,PCGF5,0.08319936045586704,6.429235165127017,0.0957516169896195,0.009168372156126791,0.4516619236436015,0.10984440909393448,0.5909097967920608
13869,13869,PCGF6,-0.22743980129210706,8.41197293927077,-0.4769162713627917,0.227449129890588,6.770860544652672e-05,0.05323435857881033,0.00030822574121180073
13870,13870,PCID2,-0.3152945066995802,9.334343718930944,-0.6417783544271757,0.4118794562112536,1.0986243390667043e-08,0.047848537626980894,1.5624074487850882e-07
13871,13871,PCIF1,-0.4133754307570593,9.483187236205168,-0.3464566994178173,0.12003224457148777,0.005040231128319173,0.14214553792855547,0.014306751223456768
13872,13872,PCK1,0.0714408131615804,6.384993830265005,0.8031723968273068,0.6450858990253208,1.4104126237150981e-15,0.006729819207470251,7.597588053894093e-13
13873,13873,PCK2,0.15274879193559293,5.6849512376863,0.23469884516467304,0.05508354792163117,0.061936230296607636,0.0803466348685935,0.12520809065282285
13874,13874,PCLO,0.23713905379040515,5.966705936972028,0.3698197588810042,0.1367666540588041,0.0026326742462098518,0.07566259478994644,0.00802852567267629
13875,13875,PCM1,-0.3708903028200494,9.592605171159633,-0.3736932273529732,0.13964662816948092,0.002352909678265191,0.11691570139100185,0.007258156564506083
13876,13876,PCMT1,-0.020453072674324356,7.202726238016813,-0.022287911578162185,0.000496751002515976,0.8612283437958453,0.11651596749802308,0.9138971815994037
13877,13877,PCMTD1,-0.0785273796087341,7.514632551874474,-0.08678896716585832,0.0075323248217164344,0.4952921916896335,0.11447718094056555,0.6315463941022795
13878,13878,PCMTD2,-0.4114744948881767,9.50662195256516,-0.5172019879010813,0.26749789628883025,1.2090445041378215e-05,0.08647515093891417,6.666248500449103e-05
13879,13879,PCNA,-0.2330102143034238,9.519341871006556,-0.6384215516174356,0.40758207756961395,1.383523069348177e-08,0.035676781582364786,1.8938174504889238e-07
13880,13880,PCNP,-0.35318206906242383,9.64526840325124,-0.2956403212717937,0.08740319956168942,0.017702096440024347,0.14493677950816108,0.04310035735030528
13881,13881,PCNT,-0.1821697717062459,8.073643144679714,-0.12866213093030882,0.016553943935527927,0.31095061296911713,0.17832203055827708,0.4512555638551287
13882,13882,PCNX,-0.11758648197006187,7.523060704629834,-0.09241655698750084,0.008540820005423989,0.4676442600882842,0.16089745947386375,0.6058532128155426
13883,13883,PCNXL2,-0.5731626605055622,9.754108826339882,-0.5996544297844375,0.3595854351600989,1.640685867773886e-07,0.09714301963223956,1.5215868294065738e-06
13884,13884,PCNXL3,-0.12043724336086295,7.797589800882826,-0.16159548818071592,0.0261131018003639,0.20206591487766049,0.0934092731160576,0.3248505854993124
13885,13885,PCNXL4,-0.5636429022199776,9.451308041858207,-0.3246978631773118,0.1054287023519123,0.008851733663136036,0.208514493271064,0.02352820577822645
13886,13886,PCOLCE,0.2076091701384042,5.701044341462495,0.4519317798296085,0.20424233361995772,0.00017773358893971068,0.05204370678853263,0.0007225118957179341
13887,13887,PCOLCE-AS1,0.22181684156414275,5.691473587970624,0.26100127483418245,0.06812166546506844,0.03724089407149726,0.1041923062777513,0.08164944427642738
13888,13888,PCOLCE2,0.1819200907529176,6.405133305751262,0.15631674046115426,0.024434923348399862,0.21739445495071014,0.14598473682045662,0.34362091916190124
13889,13889,PCP2,0.1029803339763488,6.507025499185602,0.12656584238298008,0.016018912458113356,0.3189657344475285,0.1025027017984788,0.4598058167661583
13890,13890,PCP4,-0.0617064691890566,7.293785293026953,-0.3070935836921,0.09430646914485682,0.013576076768290531,0.024285930206113263,0.034097650477537864
13891,13891,PCP4L1,0.3811668518602574,5.633570859198109,0.2912250604954881,0.08481203586060072,0.019557189657284615,0.15901778007562126,0.04700976157492489
13892,13892,PCSK1,-0.029562942043213736,7.2118547232265495,-0.2757776369778185,0.07605330505706942,0.02740478705142252,0.013086280329801615,0.06279901202101107
13893,13893,PCSK1N,0.22398836718072648,5.582856877576088,0.4749543042345983,0.2255815911109713,7.323866622326562e-05,0.05270667570241727,0.0003304131910551702
13894,13894,PCSK2,0.4519000965511044,5.327588131398606,0.4759950325551837,0.2265712710172104,7.025539228311129e-05,0.10603623985286713,0.0003176822969076582
13895,13895,PCSK4,0.20943981996281744,5.723350738888367,0.18933132572590786,0.035846350901129816,0.134032765216758,0.13794757167216334,0.23458171266215908
13896,13896,PCSK5,0.3673696148046249,5.481283900753226,0.7324352759802072,0.5364614335002023,6.056228743559108e-12,0.04336916613108945,3.725785040959445e-10
13897,13897,PCSK6,0.3635299994417794,5.287875154860235,0.3240278257901768,0.10499403188630917,0.009001048300966907,0.13479539943092114,0.02387526959302283
13898,13898,PCSK7,0.10301593491425977,6.307188991816881,0.1353494192137731,0.01831946528150569,0.2862560926408667,0.09577171331486996,0.42440611297671976
13899,13899,PCSK9,-0.21149673928719456,8.198347026298089,-0.4365058646594652,0.1905373698821073,0.0003110841214082058,0.055362558247962906,0.001190830236714636
13900,13900,PCTP,0.2351458688686296,4.9538112593802754,0.3198610675505801,0.10231110253459677,0.00997976625566364,0.08845920930811188,0.026134159159282633
13901,13901,PCYOX1,0.11651392713624135,6.005888320450291,0.20247514493999527,0.040996184318472094,0.10859416123431608,0.07156825773404335,0.19869595707223778
13902,13902,PCYOX1L,-0.26407085084427706,8.742848720599445,-0.6516552493447763,0.4246545639986025,5.482753143186439e-09,0.03903651672950168,8.76876065847137e-08
13903,13903,PCYT1A,0.12671377004718756,6.241354870423875,0.11403064399030198,0.013002987768842992,0.3696139013168962,0.140205260828454,0.5127146904757791
13904,13904,PCYT1B,0.3955084593211043,5.5197041622756515,0.2532504863687883,0.06413580884602782,0.04347490295936974,0.1918739689458433,0.09316665250718968
13905,13905,PCYT2,-0.282246849855526,8.76569547744313,-0.3759584741980616,0.14134477432133452,0.002201895982153904,0.08834923411298642,0.006837117506960538
13906,13906,PDAP1,-0.4087494064306844,9.424001335019751,-0.4836515051023818,0.2339187783877993,5.152326681690452e-05,0.0939433742549009,0.00024176302121778278
13907,13907,PDC,-0.2551853047589419,7.814206875713888,-0.1692077782454451,0.028631272218759732,0.18133895830872346,0.1887693812436544,0.29841896361238746
13908,13908,PDCD1,0.1913559460255815,5.887810085053156,0.2120927425833319,0.04498333145651949,0.09247167466747414,0.11197621532373583,0.1744163500500089
13909,13909,PDCD10,0.08628287225772792,6.086439538156625,0.08030767183378812,0.0064493221553634066,0.5281588119974194,0.13600871123805566,0.6599699407850039
13910,13910,PDCD11,-0.35821739960545923,9.456541881820243,-0.6726721495106671,0.4524878207273013,1.1442763345356959e-09,0.05004310833887629,2.384918577898989e-08
13911,13911,PDCD1LG2,0.39487334674410746,5.4286878634393725,0.33507337313545,0.1122741653843685,0.006800154907030907,0.1410137583306072,0.018642531271269056
13912,13912,PDCD2,-0.44856905818319737,9.734078499044948,-0.6131071495448904,0.3759003768230607,7.222598779587707e-08,0.07340473041169163,7.552166903523506e-07
13913,13913,PDCD2L,-0.19780487292740093,8.401660732714108,-0.8072757979097213,0.6516942138907771,7.837833820645796e-16,0.018365364551533724,4.992008570178963e-13
13914,13914,PDCD4,0.14399928589017225,6.4584582679089575,0.4504627876948332,0.20291672309780034,0.00018768136977311377,0.03624577767825765,0.0007586783764115697
13915,13915,PDCD4-AS1,0.3109795500416279,5.404527279628372,0.6459807115385633,0.4172910796798685,8.198858804473005e-09,0.04667048013449169,1.2227705744549788e-07
13916,13916,PDCD5,-0.4351952153303684,9.386128190893448,-0.6030646634752861,0.3636869883325601,1.3373627963547928e-07,0.07310713883720489,1.2835940228507997e-06
13917,13917,PDCD6,0.022252728064194142,6.856935842149139,0.02350828064102209,0.0005526392586970537,0.8537113998968433,0.12018396065491195,0.9085026470473312
13918,13918,PDCD6IP,0.4822208017440428,2.2323789455031378,0.5488870459164882,0.30127698917492896,2.651033161186111e-06,0.09326520254650238,1.7270795158088217e-05
13919,13919,PDCD7,-0.4313641014363327,9.618601984725409,-0.42848792791103,0.18360190436548798,0.00041186182127891897,0.11552089789702892,0.0015345608636949397
13920,13920,PDCL,-0.3206695256455506,9.27901695532704,-0.3641526827146321,0.1326071763282635,0.003095466660228054,0.10415646773379428,0.009276547263664338
13921,13921,PDCL2,-0.2631357172578005,7.789372825887856,-0.14753615130280534,0.021766915941244268,0.24466465071330204,0.22403025873442572,0.3764272121631656
13922,13922,PDDC1,-0.21985332645144215,8.649573912021411,-0.2968068598004854,0.08809431202462498,0.017237869769383945,0.08983348012095706,0.042079367586068006
13923,13923,PDE10A,-0.2211306704677086,7.761543406826696,-0.11713950879447425,0.013721664520610705,0.3566197747444576,0.2380945673701089,0.49935992383389777
13924,13924,PDE11A,-0.09129893151443436,7.3583129836456385,-0.048417301956257694,0.002344235128723435,0.7039994251485073,0.2391991453506943,0.8026078967080584
13925,13925,PDE12,-0.3165345948765484,8.811995610468976,-0.23485214197061496,0.0551555285881859,0.061761155307433424,0.1663837755253972,0.12494747927713666
13926,13926,PDE1A,0.5559000155940014,5.019950104760547,0.5571177783596645,0.3103802189644082,1.7416657117982087e-06,0.10523463014247247,1.1897719554886501e-05
13927,13927,PDE1B,0.4197507589113202,4.52903871047282,0.4229300611141065,0.17886983659398187,0.0004982918700873728,0.11421761650208045,0.0018159728116361592
13928,13928,PDE1C,0.5901083739897736,4.643113340607952,0.31227334429144776,0.09751464155496507,0.012001009553202295,0.2279927835480779,0.030664526474878547
13929,13929,PDE2A,0.3255117664466212,5.1844416143906935,0.6394005184467154,0.4088330229899285,1.293922817739434e-08,0.04971105110384763,1.7938475427751242e-07
13930,13930,PDE3A,0.1875278692483344,5.865156031509657,0.8305958136570305,0.6898894056645846,2.0826571919043607e-17,0.015967559314891508,3.169499357765132e-14
13931,13931,PDE3B,-0.06392190781868476,7.414760479794379,-0.1094008322362988,0.011968542093994792,0.3894891915110508,0.07375961549632859,0.5321716475595815
13932,13932,PDE4A,-0.3152749665320397,8.543556379063697,-0.2427405178386321,0.05892295900056725,0.05327764707522847,0.16001620214246035,0.11038877811395202
13933,13933,PDE4B,-0.14616331900744953,7.752096692891707,-0.3675027068892829,0.1350582395709502,0.0028138616841219253,0.04697593598868738,0.008519879022603509
13934,13934,PDE4D,0.2873609852787135,5.573339586493995,0.4276194628458282,0.18285840500455466,0.00042439736172036,0.07714773049380576,0.0015758444561135795
13935,13935,PDE4DIP,0.7637265929126831,4.0735358632154846,0.4603605049585644,0.2119317945257044,0.0001294113068231151,0.1870363047522119,0.0005463836711356127
13936,13936,PDE5A,0.3683083624842636,5.1690535908719895,0.6002342313273366,0.36028113245711857,1.584910656046669e-07,0.06232891332226749,1.479363804167699e-06
13937,13937,PDE6A,0.18795203123808168,5.992193673377257,0.6997764104464027,0.4896870246172523,1.2449605537685293e-10,0.02436745574889268,3.987248787884421e-09
13938,13938,PDE6B,-0.07800401533365542,7.373281699687222,-0.06276389898664529,0.003939307016005814,0.6222237159251591,0.15752667293873007,0.7377089826640745
13939,13939,PDE6C,-0.19754764262304209,7.579785684823149,-0.09383205541487533,0.008804454623380231,0.4608238183830658,0.26619779134796795,0.5996802093310926
13940,13940,PDE6D,-0.3472687935829586,9.129975629460537,-0.2454236602567181,0.060232773013804974,0.05061838617017335,0.17420621000664588,0.10571329467789603
13941,13941,PDE6G,0.16269408314646858,6.080453160939569,0.2566445868918418,0.06586644398088412,0.04064662028535581,0.07781230707540011,0.08805547841930572
13942,13942,PDE6H,-0.16209450112746182,7.504391390150159,-0.08148071506580681,0.0066391069276351975,0.5221310139607089,0.2518089342981259,0.6551217977472132
13943,13943,PDE7A,-0.19937212721980227,7.88342102077841,-0.1553156456485017,0.024122949783210945,0.22039109278877916,0.16104637136036998,0.3470959355884373
13944,13944,PDE7B,0.5366510788024458,4.244615493152424,0.7463450480189782,0.5570309307024508,1.4567517457822715e-12,0.06077755255034395,1.3366931802930122e-10
13945,13945,PDE8A,0.41144406162379454,3.9998878717607935,0.6654811494414029,0.4428651602618509,1.983636424506571e-09,0.058608331043773464,3.7287887823515445e-08
13946,13946,PDE8B,0.4791075609824396,5.344162153571878,0.3957558772527115,0.15662271438006325,0.0012083598041376712,0.14119546787088927,0.004010887731238698
13947,13947,PDE9A,0.31407350674885465,5.252239236499066,0.6660108761570005,0.4435704871594153,1.9058286928140213e-09,0.04467445014139944,3.604429724269662e-08
13948,13948,PDGFA,0.318009271763683,5.1342747931964094,0.6721191867089841,0.4517442011423461,1.1943684298563453e-09,0.04449275122038164,2.4608989865403575e-08
13949,13949,PDGFB,0.1995181758567447,6.052282855311949,0.17262023089958592,0.029797744115826363,0.17256494025119665,0.14458594159534371,0.28676570045263766
13950,13950,PDGFC,0.16223779648282236,6.014669440905749,0.3962419007688311,0.1570076439248962,0.0011901322096584779,0.04774277016839292,0.003958880645184998
13951,13951,PDGFD,0.2117971135330748,5.6856985236350095,0.7332735233487191,0.5376900600442445,5.571867687961055e-12,0.024941628365068046,3.517749119031972e-10
13952,13952,PDGFRA,0.5470557701971921,4.1253031169286745,0.6121679160933193,0.3747495574940373,7.657949524923527e-08,0.08974126725366577,7.957432675730277e-07
13953,13953,PDGFRB,0.3301444647921557,5.006067075419006,0.4990706695308181,0.2490715331859391,2.6968597465040868e-05,0.07280235241150924,0.00013641788790129877
13954,13954,PDGFRL,0.1451229188803176,6.384079993900663,0.17730331200154945,0.031436464446718784,0.16103382895635868,0.1023027643856446,0.27186306743977134
13955,13955,PDHA1,0.02571450260304517,6.783691859468544,0.033835707597166816,0.0011448551086009724,0.7906808086686823,0.0964624472275868,0.8654139455909948
13956,13956,PDHA2,0.08355450913737159,6.686900521618732,0.08389221076390692,0.007037903026855781,0.5098486278361805,0.12604300355675555,0.6443213885062754
13957,13957,PDHB,-0.026827208237015218,7.275666218752673,-0.030084601995549624,0.0009050832772306287,0.8134430265283854,0.11319799639159367,0.881681202235957
13958,13958,PDHX,0.0327780827854304,6.738404604487746,0.046313200304433214,0.0021449125224385517,0.7163073468630742,0.08978765901747902,0.8128509980778637
13959,13959,PDIA2,0.19019843865218056,6.142429736327468,0.2100940205457121,0.0441394974690621,0.09565764586666704,0.1124073394510924,0.17927012732519904
13960,13960,PDIA3,-0.17850747854724622,8.577421860603549,-0.2880228431604431,0.0829571581822252,0.02100406126457935,0.07537519527569256,0.04999922465477254
13961,13961,PDIA4,-0.25050955375814665,9.22589447348101,-0.4683199817742653,0.21932360532904813,9.517326080396187e-05,0.06002349565240257,0.0004160228023233335
13962,13962,PDIA6,-0.3692697752235863,10.95584408368666,-0.513032890519666,0.26320274675496363,1.4599007624332172e-05,0.07846513165381412,7.854447456022688e-05
13963,13963,PDIK1L,0.016501775289479718,6.900615219671656,0.033629950475306564,0.001130973568971572,0.7919250528745074,0.0622820458068253,0.8660305534793182
13964,13964,PDILT,0.012565925447808941,6.9689865002939335,0.015372219670583403,0.00023630513760067133,0.9040387241401446,0.10380319785775513,0.941290440006483
13965,13965,PDK1,0.19552103249994268,5.810039961210071,0.3155548462593566,0.09957486099776618,0.011087126172067684,0.07467007518243053,0.02860277784800163
13966,13966,PDK2,0.3329578946145015,4.628394910878834,0.5917331676113501,0.3501481416513621,2.613958122817945e-07,0.0576069313735119,2.271666339753554e-06
13967,13967,PDK3,-0.14967507611782738,7.980118207151675,-0.2904029262710513,0.08433385958678967,0.019920305913241544,0.06263559859300069,0.04776594226013128
13968,13968,PDK4,0.2126163888148017,5.859397451084597,0.665661854511366,0.4431057045515109,1.9567610330908824e-09,0.0302714766778805,3.6878729479184556e-08
13969,13969,PDLIM1,0.2935114192981199,3.5749349117992097,0.3617009107955601,0.13082754887033768,0.0033171737229026467,0.0960798976421125,0.009850986967835549
13970,13970,PDLIM2,0.36335279078243343,5.182331159412481,0.6390743526395266,0.40841602820163,1.3231462167071208e-08,0.0555379015249353,1.8261779045756983e-07
13971,13971,PDLIM3,0.4248738544172189,4.992129477497006,0.6876855563822131,0.4729114244567138,3.449260613228032e-10,0.05696604394782884,9.131263885018709e-09
13972,13972,PDLIM4,0.21895221873477105,5.931928366438041,0.1801884613333506,0.03246788159768038,0.15421838631325066,0.15179561440832165,0.26252646455573014
13973,13973,PDLIM5,0.326110449463479,5.044412401311378,0.3153691354616619,0.09945769160183604,0.011137187033629365,0.1246240163057533,0.028711403001576655
13974,13974,PDLIM7,-0.03732856511756763,7.201936167945566,-0.023568936817988315,0.0005554947827303251,0.8533381162289206,0.2010873735318993,0.908283947256686
13975,13975,PDP1,-0.1289418855295726,8.020371278637162,-0.35964491984510244,0.12934446837039015,0.003513849909807496,0.04248615445786148,0.01037105353644287
13976,13976,PDP2,0.07390695938082642,6.640508744193553,0.06952370026695777,0.004833544898809785,0.5851423810742251,0.1346804243815622,0.7074962737109071
13977,13977,PDPK1,0.3644450646366941,5.331213146940024,0.3587839664305459,0.12872593456763504,0.0035992370197883523,0.12041500145674736,0.01058268535825075
13978,13978,PDPN,-0.28967119078469183,8.15790434038892,-0.34742459390074504,0.1207038484470976,0.004911033597575461,0.09929250959619564,0.013984014800196792
13979,13979,PDPR,0.08143499043272158,6.499943765741497,0.12077703666533175,0.014587092585658887,0.3417775242282739,0.08500411662919248,0.48399112523955473
13980,13980,PDRG1,-0.3893870029647827,9.920190038791274,-0.5607097451078594,0.3143954182589207,1.4447717738578111e-06,0.07302715104176033,1.0135166110488956e-05
13981,13981,PDS5A,-0.2420393402953737,8.682918780933539,-0.3564108318635272,0.12702868106965146,0.003844204484536607,0.08058221652082191,0.01122068312611406
13982,13982,PDS5B,-0.11532791516282515,7.542143642733015,-0.09614077846065858,0.00924304928302143,0.4498168237035917,0.15164026195654678,0.5893503943188092
13983,13983,PDSS1,-0.090827275549675,7.564664429347142,-0.0805794053642786,0.00649304056886073,0.526759410656697,0.1426861570127976,0.6590198762361068
13984,13984,PDSS2,-0.023678800709936148,7.177636376401563,-0.04150828533184543,0.001722937751189894,0.744680157537178,0.07238600530241354,0.8339478104911614
13985,13985,PDX1,0.2347895703516857,5.968579327275753,0.19476349373392515,0.037932818491444704,0.12302293094228092,0.1501682431533276,0.21928237464442288
13986,13986,PDXDC1,-0.06907572999476648,7.274141829472902,-0.044290360898348514,0.001961636068505959,0.7282081524852103,0.19787641667731312,0.8220861473944083
13987,13987,PDXK,-0.5540735691851332,10.967628567997203,-0.64824846168289,0.4202260680742333,6.987989366020217e-09,0.08265315506847648,1.0738919054479943e-07
13988,13988,PDYN,0.06089248423829372,6.783955509396037,0.056459526194724885,0.0031876780981328267,0.6576733027983397,0.13675314323992468,0.7662299118791653
13989,13989,PDZD11,-0.05375065221616,7.540157357900683,-0.03982079424379205,0.0015856956542064221,0.7547277290832618,0.17129053780855885,0.8407649042285115
13990,13990,PDZD2,0.17913479240697172,6.366705285485551,0.10833746824067952,0.011737007024800242,0.3941420491185088,0.20875730624534808,0.5364979617613495
13991,13991,PDZD3,0.22132044257001665,5.67309964029623,0.5466547083634385,0.29883137017591604,2.9652902092935983e-06,0.04305502353677641,1.9128197641421767e-05
13992,13992,PDZD4,0.17436410888788326,6.063269541540128,0.2284189361037155,0.05217521037075325,0.06945964124722827,0.09438286951449938,0.13758565767658074
13993,13993,PDZD7,0.10356033141354108,6.574804743692732,0.11301894798209808,0.01277328260298019,0.37390362280574,0.11562580690443625,0.5166794047513433
13994,13994,PDZD8,-0.1913585975716469,8.498696991745971,-0.5241719757268467,0.274756260137386,8.772450303948086e-06,0.03948392614963615,5.003279788231068e-05
13995,13995,PDZD9,-0.1708280767497206,7.543714322682643,-0.11737012758425153,0.013775746849143478,0.3556671820798212,0.1835666022097871,0.4983160473562712
13996,13996,PDZK1,0.08144350481572267,6.658272284700201,0.505771351323565,0.255804659819665,2.0155805906806478e-05,0.01764208285490998,0.00010464492373816694
13997,13997,PDZK1IP1,-0.15873732110828248,8.491946523119159,-0.7161022407713483,0.5128024192377462,2.8949828679614572e-11,0.01964991747914352,1.2244307422989327e-09
13998,13998,PDZRN3,0.3201319792492213,5.316359784446671,0.43199539187882496,0.1866200186045396,0.00036459232249484513,0.08487911457184709,0.0013747600110788562
13999,13999,PDZRN3-AS1,0.047310247885080856,6.807445685674097,0.05694519681248115,0.003242755440012213,0.6549141918054493,0.10534088943538407,0.7637961451716396
14000,14000,PDZRN4,0.4331457661833967,5.577434734196087,0.454777574290157,0.2068226420772393,0.00015982502416879652,0.10772694456855217,0.0006582371430915346
14001,14001,PEA15,-0.4715782720731558,10.762785521906626,-0.6161059105381739,0.3795864930000725,5.983816709921591e-08,0.07656727465131115,6.449952755268893e-07
14002,14002,PEAK1,0.5855034109388161,2.6714952716633045,0.5632720054810655,0.3172753521586615,1.2627488622134968e-06,0.10907826171580244,9.030656080328028e-06
14003,14003,PEAR1,0.1958476387617606,5.921853783515649,0.1591563647115851,0.025330748428207088,0.20905032720798755,0.15428621215046384,0.33360241972652693
14004,14004,PEBP1,-0.06684917594483665,7.688789286639434,-0.0916929015070255,0.00840758818677708,0.4711520906294767,0.09220003692349496,0.6090495775179869
14005,14005,PEBP4,0.14759144797603765,6.413081675157162,0.2205105440198553,0.048624900023932535,0.07995642941039642,0.08291094751708926,0.1548536844381018
14006,14006,PECAM1,0.26434209251695595,5.367736279648534,0.4764259771449251,0.2269817116984967,6.905323117749398e-05,0.06195408250176102,0.0003129651990683617
14007,14007,PECR,0.33880995409156706,4.7341571005607435,0.4638093942733941,0.2151191542162528,0.00011338272028289341,0.08219069275691802,0.0004860060981247143
14008,14008,PEF1,-0.09474267975572304,7.8025795857436915,-0.1420133157435007,0.020167781848463226,0.2629697393381239,0.0838680624499771,0.3979461708851903
14009,14009,PEG10,0.4263703789733352,5.432929764452575,0.5698313029271326,0.3247077137956335,8.899115008577662e-07,0.07808916379025396,6.661262893562021e-06
14010,14010,PEG3,0.37274521795617344,5.691359305323527,0.5596186275526959,0.3131730083039629,1.5295201160073224e-06,0.07010479937542506,1.0636402733506284e-05
14011,14011,PEG3-AS1,0.2158487696254091,6.299924729918917,0.16008888917603442,0.02562845243761663,0.2063601773477764,0.16902651545234595,0.33030746104413466
14012,14012,PELI1,-0.15022343880115668,8.115266128651736,-0.16213309556295052,0.026287140676824847,0.20054906482868826,0.11611427976557175,0.32308361842473177
14013,14013,PELI2,0.3765855944480153,4.919487351861684,0.4935529015056152,0.24359446658461145,3.412099970818133e-05,0.08427747149804518,0.00016796777646753048
14014,14014,PELI3,0.2446781926500916,5.595802772739608,0.26872776275029364,0.0722146104727781,0.03178401909102509,0.11138088059404212,0.07139123881507606
14015,14015,PELO,-0.6041986240571326,9.70016662705016,-0.5199789974399083,0.2703781577786121,1.0648810335811998e-05,0.12605120397862551,5.9586560160725796e-05
14016,14016,PELP1,-0.3747592238788229,9.499451688822152,-0.4988195657054548,0.2488209591305785,2.7261262400007994e-05,0.08269604453444179,0.0001376731896623538
14017,14017,PEMT,-0.25201540592026217,8.949517325885504,-0.5976623112253906,0.3572002382592757,1.8467522141488485e-07,0.04293517419587972,1.685978886905283e-06
14018,14018,PENK,-0.0815430291403004,7.350986693112315,-0.05890918342837453,0.0034702918921978754,0.6438038506578967,0.17549030066918875,0.7551905306319675
14019,14019,PEPD,-0.026060712935905932,7.222890833790903,-0.0376675190556114,0.001418841991804848,0.7676074758855715,0.0878041644779021,0.8492695550997408
14020,14020,PER2,0.20117582142312174,5.789701650120491,0.2491536045871863,0.062077518678787975,0.04710282216982916,0.0993107442896718,0.09956189498171308
14021,14021,PER3,0.4666707692123148,5.15466260801302,0.5296647350554171,0.2805447315613252,6.778576271403738e-06,0.09491079125841602,3.9986398571846344e-05
14022,14022,PER4,-0.4935699406196885,8.897936374454057,-0.2808660745529796,0.07888575183479991,0.02456947948150937,0.21419549049122572,0.057218864917655696
14023,14023,PERM1,0.22229149826098848,5.732120345456678,0.3504169090064325,0.12279201011762235,0.004529898693167071,0.07545590689529487,0.01299872764912456
14024,14024,PERP,-0.7240821330145443,12.088309418709311,-0.6589188006816767,0.4341739858917793,3.2350847627680537e-09,0.10497878509719943,5.639607303274622e-08
14025,14025,PES1,-0.4991512955852404,9.824360188458561,-0.5245901072458671,0.27519478062023023,8.603295595093011e-06,0.10287904344803864,4.922176119200506e-05
14026,14026,PET100,-0.15018442529053838,8.379677701305255,-0.14857047658004416,0.02207318651122145,0.24133593640499496,0.12695497163806585,0.37252332331956417
14027,14027,PET112,-0.18488608702751952,8.308049036145178,-0.21204273245912164,0.04496212038873064,0.0925503640209736,0.10821695082831094,0.17451916865849731
14028,14028,PET117,-0.35651678474001314,9.095859129047863,-0.3496839729751109,0.12227888095565807,0.004620752899690775,0.12130722910153123,0.013228768382179235
14029,14029,PEX1,-0.18766211271974112,8.07149333701717,-0.31752093774809426,0.10081954590842916,0.010568984970532365,0.07117571146640138,0.027475554566251906
14030,14030,PEX10,-0.3402855419756805,9.170966042467876,-0.5867197185740299,0.3442400281635889,3.487765913689836e-07,0.059647111873644125,2.9296963095792627e-06
14031,14031,PEX11A,0.24125914364278986,5.2383708471083406,0.4294176286859223,0.1843994998262406,0.0003988169775414053,0.06443870582703973,0.0014903160739705148
14032,14032,PEX11B,0.0663907893665031,6.465587547395535,0.06736880165925564,0.004538555437004126,0.5968542412316657,0.1248720919019653,0.7168087850021254
14033,14033,PEX11G,0.08906183641913748,6.4442577632238045,0.09221136918525374,0.008502936607019163,0.4686374459080027,0.12213975559408892,0.6068131960737742
14034,14034,PEX12,-0.1784963045289743,8.21305558476329,-0.307436825985258,0.09451740197188982,0.01346645231920177,0.07016451875334186,0.033857659929445526
14035,14035,PEX13,-0.2560957481609382,8.2967286943787,-0.3444984088134919,0.1186791536750278,0.005310829028675074,0.08863113778203413,0.014982543331938344
14036,14036,PEX14,-0.15082540996266353,7.878105280671347,-0.14242627856183168,0.02028524482497248,0.26156993659792555,0.13311848530444342,0.39622681549914
14037,14037,PEX16,-0.4097926993613525,9.911158615373065,-0.2684898804864624,0.07208681592363486,0.03194144290732605,0.1867214121984266,0.07167049488738426
14038,14038,PEX19,0.33579086585633355,4.454575217225613,0.3277589809108972,0.10742594956774984,0.008196701502035648,0.12292509745051733,0.021986816676152852
14039,14039,PEX2,-0.3153501479855673,9.059595520006507,-0.3430028288446585,0.11765094059543812,0.005526028206624159,0.10967804639110534,0.015500425338055717
14040,14040,PEX26,0.4428178205904047,4.703957758780532,0.6513882096421019,0.4243065996607429,5.5886214816215206e-09,0.06550658772438754,8.898646925331913e-08
14041,14041,PEX3,-0.2515079902004934,8.536881960575382,-0.4123508927922449,0.1700332587865614,0.0007097425902126014,0.07056987490370141,0.002496665982952223
14042,14042,PEX5,-0.3989647541148832,9.668312709131499,-0.5454943870085462,0.29756412625782963,3.142081674777187e-06,0.0778487674564519,2.0112852103842737e-05
14043,14043,PEX5L,-0.20386626574170105,7.664290813778372,-0.09281864862948833,0.008615301533404413,0.4657012903364952,0.27773805372027965,0.6039864312293708
14044,14044,PEX6,-0.08987287662580191,7.555264940267018,-0.2905751069130947,0.0844338927575564,0.019843786376291632,0.037585405956862335,0.04760354425374934
14045,14045,PEX7,-0.2326271874632637,8.66492285752828,-0.4740268631861143,0.2247014670220671,7.599521312467539e-05,0.05487773174078773,0.00034121425258445894
14046,14046,PF4,-0.08996971801195018,7.646547195464678,-0.4604878401133925,0.21204905089229734,0.00012878429116863868,0.022025812585738682,0.0005440545893985312
14047,14047,PF4V1,-0.3719546468847186,8.081639856196267,-0.2793856793191524,0.07805635780862427,0.02536756571137274,0.16234622312328476,0.05876493747109293
14048,14048,PFAS,-0.2383864666026668,8.591943663417455,-0.6430362815362812,0.4134956593720076,1.0069513533310617e-08,0.03605669278609315,1.4585639837046248e-07
14049,14049,PFDN1,-0.5034791907090856,11.175279486201164,-0.5501826681268958,0.3027009683072299,2.483229157708085e-06,0.0970483836666085,1.6265676772585775e-05
14050,14050,PFDN2,-0.30191852482832565,9.617793429619235,-0.6543664816124942,0.4281954922579148,4.510263687503237e-09,0.044309480472308184,7.433010666125008e-08
14051,14051,PFDN4,-0.3854552645996289,9.554492539908015,-0.5217651782212078,0.27223890120420874,9.807932426446903e-06,0.08003822781710909,5.5353342896718185e-05
14052,14052,PFDN5,-0.29354090082646783,10.328896679908754,-0.3851104054035465,0.14831002435008395,0.001676160706067841,0.08933636811089846,0.005354037677447256
14053,14053,PFKFB1,0.2620138419250351,5.9947878667975365,0.16770076234848127,0.0281235456922618,0.18531490105296405,0.1956135271198764,0.30323365439790967
14054,14054,PFKFB2,0.469586055989581,4.055628347203335,0.4928382920006945,0.24288958206216185,3.516615039707038e-05,0.10529179145484356,0.00017256355922242445
14055,14055,PFKFB3,-0.19852530007809446,8.32448503669263,-0.5086194083508161,0.2586937025511342,1.7776285053273002e-05,0.042680149578036085,9.366069411888732e-05
14056,14056,PFKFB4,-0.2998767664983783,8.816774659082974,-0.32689572728823585,0.10686081651930468,0.008376996205879995,0.1101025308493504,0.022420448997445466
14057,14057,PFKL,-0.10020253567651627,7.857192843356253,-0.10470200033290464,0.010962508873711566,0.4102954552042141,0.12087438161934935,0.5519972715238106
14058,14058,PFKM,-0.2935783960266588,9.423131129480069,-0.5996845002181693,0.35962149980191555,1.6377482607905078e-07,0.049753518169985474,1.519513221397534e-06
14059,14059,PFKP,-0.3685103486458194,9.561225895888656,-0.3999282988470095,0.15994264421866294,0.001059748896470376,0.10725713134326656,0.0035734759191943305
14060,14060,PFN1,-0.14695882035089813,8.791233505783815,-0.15799394974831227,0.024962088157072224,0.2124382460465499,0.116646068949316,0.33749176275680715
14061,14061,PFN2,0.11549497639637467,6.043908525640683,0.5732110318393745,0.3285708870223604,7.408880975599944e-07,0.020967796534585716,5.677258228118075e-06
14062,14062,PFN4,0.012787588840418558,6.9703765946403475,0.00845968300114067,7.156623647978841e-05,0.947103351243816,0.1919655018760736,0.9685551104795221
14063,14063,PGAM1,-0.30982653453635745,10.475534428421721,-0.4039403055228205,0.16316777042586952,0.000932616808508343,0.08910965743296154,0.003193519447857079
14064,14064,PGAM2,0.030668329999320718,6.879028165045314,0.03706977818660834,0.001374168454804343,0.7711941424313733,0.10499671061853157,0.8515301424817147
14065,14065,PGAM5,-0.4923520066609437,9.392728423123113,-0.6373142146139541,0.4061694081490012,1.4919479551455764e-08,0.07560622353751435,2.0167373888063333e-07
14066,14066,PGAP1,-0.15982665305570562,7.83819305923641,-0.4984001603637526,0.2484027198506143,2.7756660764660218e-05,0.035307566578701564,0.00013985206667237513
14067,14067,PGAP2,-0.4317298547519743,10.293521419579989,-0.5766980276180368,0.3325806150585339,6.119196439133021e-07,0.07767248129599404,4.782071414270139e-06
14068,14068,PGAP3,0.4714500732420588,3.5786350388444754,0.5620652361189344,0.3159173296534335,1.3456183881338658e-06,0.08810639508793433,9.535132917224759e-06
14069,14069,PGBD1,-0.2090746343071926,7.7519115074063265,-0.19838449256826704,0.0393564068915688,0.11607594776346924,0.13118341290140678,0.20938147845213884
14070,14070,PGBD2,0.1773832547401792,6.006029868315497,0.12876682365671946,0.016580894874640685,0.3105537513456184,0.17349306210823012,0.45078121957213385
14071,14071,PGBD4,-0.21649622628831947,7.992701087526077,-0.21630904119859085,0.04678960130425367,0.08602382773155942,0.12410069090196715,0.1643590955996929
14072,14072,PGBD5,-0.016711564466548142,7.097934212003938,-0.039198701636310535,0.0015365382099724947,0.758442100154562,0.05410229273776867,0.8433015793566501
14073,14073,PGC,-0.1831867229651213,7.9542596275935455,-0.2504202338200993,0.06271029350651318,0.045955572798608166,0.08994264519177055,0.09767081450131121
14074,14074,PGD,-0.25227466906150525,8.474885898981823,-0.31558324650703146,0.09959278547591778,0.011079487715796121,0.09633483189301688,0.0285898839949434
14075,14075,PGF,0.3732272003366975,4.82967630378529,0.34903149303896297,0.12182298313300766,0.004702984154582711,0.1272634993188046,0.013448187226659
14076,14076,PGGT1B,0.16840741978914428,5.7670125199394855,0.2651626291245157,0.07031121988422544,0.03421253005244659,0.07777174716894733,0.07604150038855904
14077,14077,PGK1,-0.2682865537315646,9.274559266060846,-0.3484177429893248,0.1213949236297752,0.004781510975663939,0.09166417900609483,0.013649304004482282
14078,14078,PGK2,0.21063467797436294,6.19997558595591,0.2357706674567691,0.0555878076330104,0.060720491971073126,0.11026179238350636,0.12318739494412484
14079,14079,PGLS,-0.5868162314076155,10.803963691556714,-0.5136195288805285,0.2638050204474561,1.42189227130942e-05,0.12449765486771583,7.681939935089592e-05
14080,14080,PGLYRP1,0.026325681655520627,6.8882121651289765,0.03745764544294807,0.001403075202129608,0.7688662465281373,0.08919457041689594,0.8500433230493089
14081,14081,PGLYRP2,0.16626713963589226,6.368677218271508,0.20926757967541693,0.043792919903206974,0.09699978483479543,0.09866988155033618,0.18139294823812566
14082,14082,PGLYRP3,-0.11195672097317297,7.4017407385765885,-0.12239452054331075,0.014980418659026912,0.3353034160961269,0.11529614378771907,0.4774990552926708
14083,14083,PGLYRP4,0.18031297053622947,6.088089994434119,0.23179353945787246,0.05372824493440826,0.06533069281913899,0.09610317477165764,0.13086080408828552
14084,14084,PGM1,0.4471621707324176,2.5008912320292893,0.8135331967993213,0.6618362622945233,3.1128131123546717e-16,0.04059358890022912,2.4965914054829786e-13
14085,14085,PGM2,-0.18946294458065305,8.356410070207506,-0.4462916008450464,0.19917619298483424,0.00021877579369862407,0.048247877425135206,0.0008702405974547583
14086,14086,PGM2L1,-0.3375565986073608,9.08231475798035,-0.6331745142564822,0.40090996550393215,1.9728823448122216e-08,0.05240507889653162,2.5220051462165676e-07
14087,14087,PGM3,-0.07573998610499287,7.549960548515212,-0.13377484671095272,0.017895709612538897,0.2919508207711062,0.07125801471357374,0.4307552649586635
14088,14088,PGM5,0.3862186725052688,5.296777565231354,0.6555476757482547,0.4297427551789389,4.1399116744038565e-09,0.056502614732354926,6.92276349878112e-08
14089,14089,PGM5-AS1,0.2705553972698986,5.677159631115158,0.6069155318921745,0.3683464628519611,1.058636324812685e-07,0.04499575792419532,1.046793133051082e-06
14090,14090,PGP,-0.4374581778547468,9.713961504062071,-0.5408186232599315,0.2924847832647677,3.959309404791605e-06,0.08640859608662133,2.4801517257958405e-05
14091,14091,PGPEP1,0.5890210272436731,3.325192531152556,0.6326171558898617,0.4002044659261775,2.047867337815099e-08,0.09157893793486953,2.5979242648146436e-07
14092,14092,PGR,0.7096291697992544,4.4624175952479,0.5585998926994735,0.3120338401238633,1.6128332372963063e-06,0.1338191616167842,1.1108748013247938e-05
14093,14093,PGRMC1,0.2693177608488461,4.131138189364711,0.2280081523234576,0.051987717525957024,0.06997621169469216,0.14605813707373014,0.1383741086885726
14094,14094,PGRMC2,0.27963764407551245,4.7978893905436335,0.4661281592881767,0.21727546088138386,0.0001036557385233452,0.06740605721800573,0.00044929243749460376
14095,14095,PGS1,0.07806387754677885,6.5519544152514895,0.07001590492028399,0.0049022269418062476,0.5824819417210068,0.14125064697683218,0.7056190673511077
14096,14096,PHACTR1,0.414208797874572,5.198203385259973,0.4816802567336648,0.23201586972700924,5.584492083789785e-05,0.09570634955635657,0.0002598456726997589
14097,14097,PHACTR2,0.2655710048005645,5.1102441997782355,0.4419175482315717,0.1952911194350035,0.00025639103724395084,0.06846410916807809,0.0010009280532752398
14098,14098,PHACTR3,0.22425754766748646,6.280508149473064,0.16863765952729073,0.02843866021084243,0.18283576820589756,0.16646838658296126,0.3002433123908934
14099,14099,PHACTR4,0.11363059759050136,6.1541900578979005,0.19820086761699526,0.039283583924129666,0.11642083664919987,0.0713660238074701,0.209881220249619
14100,14100,PHAX,-0.19839929936818632,8.280285725162878,-0.3361383790463452,0.11298900986790444,0.00661528392097391,0.07059772209630416,0.018186361979013587
14101,14101,PHB,-0.3345602981184442,10.184147396731596,-0.5171745561803383,0.2674695215603298,1.210555128572693e-05,0.07031601609028475,6.672072107213455e-05
14102,14102,PHB2,-0.4979534138896478,12.78239454733577,-0.5337358241926667,0.28487393002662525,5.5830082481232365e-06,0.1001977158323615,3.360201323321531e-05
14103,14103,PHC1,-0.4322371031725649,9.457734409215838,-0.5521430357356869,0.30486193191141997,2.248128597672277e-06,0.08289152635382388,1.4874190278824672e-05
14104,14104,PHC2,-0.5889260431266873,10.945319750402524,-0.4897260486836528,0.23983160275930346,4.007301151430792e-05,0.1331578013020916,0.00019413446629582505
14105,14105,PHC3,-0.14305146443307767,7.757159455665494,-0.11955575608954963,0.014293578814143882,0.3467171330260157,0.15086891457784712,0.48929029101846655
14106,14106,PHEX,-0.0941236859802696,7.368286498145492,-0.08349961796844686,0.006972186200876574,0.511838104238179,0.14265904074520902,0.6458746079644406
14107,14107,PHEX-AS1,0.1502829098692895,6.446390405839485,0.1347188077394261,0.018149157158732453,0.28852796286535803,0.14038098286530584,0.4271310524917506
14108,14108,PHF1,0.18388645552466631,5.738335045845085,0.18507946603936246,0.034254408749415516,0.14315678950765542,0.12400152498144873,0.24750980253798627
14109,14109,PHF10,-0.15172572176589766,8.139497821938683,-0.2690384284466101,0.07238167598102173,0.03157940685228885,0.06898167084446498,0.07096109322261232
14110,14110,PHF11,-0.1820065636283741,8.139097633272801,-0.20564176805416912,0.042288536768444684,0.1030624335254066,0.1100011483544583,0.19052561020938022
14111,14111,PHF12,-0.11964094175221017,7.613606962750692,-0.14102750579566112,0.01988875739094523,0.26633166301023165,0.10666399323346384,0.40173347061831555
14112,14112,PHF13,-0.23656947623003094,8.685940153562887,-0.33702446166962124,0.113585487763698,0.006464846224524017,0.08393051128526832,0.017799904004077254
14113,14113,PHF14,-0.3763545452598397,9.170999596426876,-0.537069075311261,0.288443191655693,4.7539132350708435e-06,0.07507165040292138,2.911368526738097e-05
14114,14114,PHF19,-0.22714362751948136,8.548132511363818,-0.7206813820270009,0.5193816544003482,1.8879324063483735e-11,0.02774991018829409,8.849172350535504e-10
14115,14115,PHF2,0.14457042820376662,6.218048006265332,0.09769372283866484,0.009544063482077862,0.4424956300554237,0.18704002101618666,0.5828969443913985
14116,14116,PHF20,-0.7149205912568353,11.383833929298715,-0.5146775737636715,0.2648930049352595,1.3556582247284676e-05,0.15125230222916755,7.353902519162066e-05
14117,14117,PHF20L1,-0.3941060550773061,9.097775525945249,-0.40108923542944014,0.16087257477737285,0.0010214425349229163,0.11431157643211272,0.003462097056465136
14118,14118,PHF21A,-0.3330021507053417,8.812517032243283,-0.191168251160326,0.036545300251697485,0.13022950278487186,0.21714562128161266,0.2295206220237975
14119,14119,PHF21B,-0.09759614355978176,7.337369544674845,-0.05958894180654292,0.00355084198562356,0.6399762959623012,0.20763411517951205,0.7521267062337802
14120,14120,PHF23,-0.0543090317963041,7.446336021189772,-0.05924082430977201,0.0035094752649012747,0.6419353017143736,0.11622290046115495,0.7536110245378272
14121,14121,PHF2P1,-0.26381153317368056,7.8650868467150366,-0.1753831042349571,0.030759233251089826,0.16569126152032318,0.18807281141237514,0.27805674738240843
14122,14122,PHF3,0.054587732563642,6.672949055664648,0.053081932664309335,0.0028176915753782713,0.6769858188514543,0.13041866973621474,0.7818734883855063
14123,14123,PHF5A,-0.14452815620070264,8.267161073970106,-0.29279412676423616,0.0857284006676316,0.01887980977170213,0.05994208859785999,0.04557376887818634
14124,14124,PHF6,-0.4007203411555039,9.549227755452502,-0.3235768781358049,0.10470199606411353,0.00910277067382403,0.14881676897976304,0.024109650066249922
14125,14125,PHF7,0.5516513648501187,4.497568564214646,0.4107390250492074,0.16870654669837346,0.0007482896320379387,0.1555177858689094,0.002617804843583451
14126,14126,PHF8,-0.1608192529101147,7.804174438806971,-0.07861157373189183,0.006179779524604665,0.5369351050900903,0.25900587744359965,0.6677384540702869
14127,14127,PHGDH,-0.15270370574086498,7.993118133316853,-0.5278564105447633,0.2786323901532017,7.38280302624163e-06,0.031204429760387776,4.306966582253839e-05
14128,14128,PHGR1,0.2514701378553623,5.526040797824641,0.4090121896375661,0.16729097127211628,0.0007916814971520725,0.07125264007396541,0.002752265663963418
14129,14129,PHIP,-0.4470143898372442,9.72175088678452,-0.3891104467218014,0.15140693974803984,0.0014841012003807845,0.13440100187217824,0.004816878221559635
14130,14130,PHKA1,-0.24567721902505366,8.33563162785347,-0.6520979409516371,0.4252317245933646,5.311425972593926e-09,0.03627459800545036,8.546959701964213e-08
14131,14131,PHKA2,0.29480235709795444,5.379272596681231,0.3344932198529374,0.11188571412758552,0.006902754921113333,0.10548293755278257,0.018887940082980694
14132,14132,PHKB,-0.08126891613448195,7.540645215380964,-0.08567763964761621,0.007340657935586777,0.5008509691060334,0.12002210698215204,0.6364607555889417
14133,14133,PHKG1,0.04397068982718867,6.796765885912559,0.060039926518900034,0.003604792776394917,0.6374420502234094,0.09284170279087976,0.750003129453297
14134,14134,PHKG2,0.3945633449675473,5.198447770378174,0.19070026991030326,0.036366592943862505,0.13119058722670274,0.25794404620512346,0.2308012158903443
14135,14135,PHLDA1,-0.1328108402910531,7.857728230871298,-0.7029400527795856,0.4941247178017666,9.456373881349984e-11,0.017066368544857522,3.1779085439855406e-09
14136,14136,PHLDA2,-0.3618806454575987,8.968075189105814,-0.465947656945784,0.217107219013266,0.00010438441894363443,0.0872737271553312,0.0004520889184448807
14137,14137,PHLDA3,-0.18101236656068168,8.201574478660149,-0.43627139779337215,0.1903327325325828,0.00031367841022076395,0.04741425723048725,0.0011999127315546095
14138,14138,PHLDB1,0.08905969830844726,6.597197768934728,0.12210611887110155,0.014909904265763588,0.3364520855979453,0.09193606761480018,0.47857789763685665
14139,14139,PHLDB2,0.2606360322066177,6.0182553887232055,0.2386344099880679,0.056946381630353274,0.057566626257050335,0.1347019046346478,0.11779318639293442
14140,14140,PHLDB3,0.07073746215501875,6.681175340989956,0.05603540233162894,0.0031399663144675263,0.6600864936466373,0.16006936703697205,0.7682973942444468
14141,14141,PHLPP1,0.05902845954622096,6.741817733544082,0.0565311943607209,0.0031957759358496023,0.6572658661315816,0.1323982908212687,0.7658417802708938
14142,14142,PHLPP2,0.2648281126078427,5.406128386267719,0.8084682292807104,0.6536208777562873,6.590314210529728e-16,0.02448393040645044,4.459789194656915e-13
14143,14143,PHOSPHO1,0.2113752710771601,6.047140032340146,0.22841173007256185,0.05217191843474085,0.06946867660700735,0.11442073027296025,0.13758565767658074
14144,14144,PHOSPHO2,-0.04505633586871236,7.337127988255411,-0.08618239661191875,0.007427405485774064,0.4983222213204878,0.06614889574735486,0.6342149693032715
14145,14145,PHOX2A,0.057444487339098474,6.722858646922831,0.09356630099073486,0.008754652681088791,0.4621001779787225,0.07762893597367533,0.6007551992633269
14146,14146,PHOX2B,0.07785014990275048,6.7287349509855385,0.06955479761571097,0.004837869871362514,0.584974132379399,0.14180235308341654,0.7074440341781386
14147,14147,PHPT1,-0.22446288055436686,8.94558802986306,-0.2753876794218999,0.07583837397737911,0.02763299257184008,0.09951261674823587,0.06322828129154659
14148,14148,PHRF1,-0.3530231194256205,8.899946797077238,-0.2257329844222199,0.05095538025616217,0.0728932330405793,0.19348869510700284,0.1433178646716674
14149,14149,PHTF1,-0.4536026720063538,9.012317847059746,-0.5700299159288366,0.3249341050538365,8.804281046523245e-07,0.08303385370647096,6.60397319232632e-06
14150,14150,PHTF2,0.062010037325125715,6.719002261569057,0.054664560843629806,0.002988214212226905,0.6679098602320089,0.1438501869424568,0.7745722713717214
14151,14151,PHYH,0.3076071240177267,4.012671825596039,0.5592225211271232,0.31272982813577577,1.5614227949119738e-06,0.05791347691938916,1.0806203459194245e-05
14152,14152,PHYHD1,0.2552893201726556,5.692843506793669,0.28063116698624996,0.07875385188406454,0.024694684018172826,0.11088907029488926,0.0574581908685433
14153,14153,PHYHIP,0.14995153408181222,6.296608627887696,0.16745651163848269,0.028041683290129286,0.18596518255191266,0.11211838891891478,0.30409091808213157
14154,14154,PHYHIPL,-0.07283075065807929,7.3217839008014,-0.07679195975967275,0.005897005083731199,0.546429359416372,0.12009332838503164,0.675781140957255
14155,14155,PHYKPL,0.2958497941173453,5.0993351544891965,0.5752157534886665,0.3308731630615344,6.639243729211205e-07,0.05343168613523175,5.136578169205739e-06
14156,14156,PI15,0.2613653233690706,5.908794329852857,0.5403228752213305,0.2919488094874455,4.056732774491806e-06,0.051692923766292094,2.530929076105447e-05
14157,14157,PI16,0.22052551437129028,5.599981688894491,0.27755907704716426,0.07703904125127367,0.02638234907268889,0.09693915498615643,0.06077116999990191
14158,14158,PI3,-0.011866473812589151,7.1163558895666705,-0.07811262070568623,0.0061015815135104,0.5395304347594607,0.01923426660105721,0.6696968683203096
14159,14159,PI4K2A,0.29069324490559256,5.405749050290239,0.21635578741620934,0.04680982674848797,0.0859543802977745,0.16659438377644614,0.16428438705633774
14160,14160,PI4KA,-0.05141896874888923,7.371652336148053,-0.08561264029813667,0.007329524178818134,0.5011770864576124,0.07599625287609484,0.6367630724735741
14161,14161,PI4KB,-0.10613453338196636,7.775428386308205,-0.06959439602038146,0.0048433799574416885,0.5847599214381336,0.19321120905377184,0.7073102887081932
14162,14162,PIANP,0.2236317535069237,5.970809316243119,0.21575927699807704,0.04655206561073293,0.0868438947068193,0.12853358988019065,0.1657358367741405
14163,14163,PIAS1,0.22333302429444848,5.412914319459491,0.3197349831020689,0.10223045941928027,0.010010769511524544,0.08405225691864057,0.02619420176076172
14164,14164,PIAS2,-0.0815533719437252,7.416275884631213,-0.11096536485844942,0.0123133121981688,0.3827029938746954,0.0927616002697084,0.5256451477163003
14165,14165,PIAS3,-0.23872637336332755,8.327289462282497,-0.3842718614277812,0.14766486348517188,0.0017191441596559878,0.07284020638357637,0.005477132084353452
14166,14166,PIAS4,-0.4689635484601473,9.777799597795926,-0.6042380310682179,0.3651035981891967,1.2458430257681716e-07,0.07853922633386329,1.2074040975406478e-06
14167,14167,PIBF1,-0.1821525582040828,8.211205089712006,-0.5493727703244285,0.3018104407739373,2.5869178831971346e-06,0.03518511505130749,1.6893759577995763e-05
14168,14168,PICALM,0.2927853503928026,4.811399146071644,0.3854236609523143,0.1485513984218845,0.00166035241965366,0.08902138445965281,0.00531170507425026
14169,14169,PICK1,-0.1483520916428505,8.003494529520978,-0.13270272676127756,0.01761001368987829,0.29587054227670656,0.14072133476940432,0.43463516581611455
14170,14170,PID1,0.3199636400454837,5.239087947845912,0.3990867012879412,0.1592701951448904,0.001088323680593123,0.09336105485209446,0.003659572873174547
14171,14171,PIDD1,-0.3657197663251716,9.128198514796216,-0.4530538195686021,0.20525776342569946,0.00017046363471327292,0.09139363266870013,0.0006964886810784764
14172,14172,PIEZO1,-0.55890424530598,10.434499433552894,-0.6097374221602568,0.3717797239826353,8.902404392874119e-08,0.09226876081365552,9.038048154134507e-07
14173,14173,PIEZO2,0.9073308344272208,3.66515453455922,0.4740859996708833,0.22475753508394072,7.581663093663747e-05,0.21400872119385506,0.00034055364922897413
14174,14174,PIF1,-0.6121657869991631,9.452527003355645,-0.4811577388111269,0.2315127696178366,5.7045325646045774e-05,0.14164591741162574,0.0002647485055433179
14175,14175,PIFO,-0.0042116150461237725,7.0350095817406855,-0.005846163710832135,3.4177630133850564e-05,0.9634314824612094,0.09149016889032788,0.9782027734760638
14176,14176,PIGA,-0.029939154584734513,7.176097448161218,-0.043931319563600885,0.0019299608385992208,0.7303272617896854,0.08646691194208671,0.8237102528153978
14177,14177,PIGB,-0.2975146351979964,9.004825739270418,-0.457409596265126,0.2092235387554256,0.00014475154310796792,0.07345715167676166,0.0006019962869220367
14178,14178,PIGC,-0.4950656185196407,10.208054166362583,-0.6115861942973092,0.374037673055066,7.939889631987544e-08,0.08133610037526656,8.183641598319385e-07
14179,14179,PIGF,-0.2551889720922768,9.218820419976145,-0.4029340439236989,0.1623558437527053,0.0009631367766110055,0.07361424746907362,0.00328799501782542
14180,14180,PIGG,0.2934656978909732,5.48553767192467,0.17275971190932154,0.029845918058991776,0.1722130194845569,0.21249043581281807,0.28642832024769355
14181,14181,PIGH,0.19845767437512507,5.8116883223068125,0.21801312225634573,0.04752972147596035,0.08352062973195186,0.11282754399951188,0.16034854844671764
14182,14182,PIGK,-0.3645195754815382,9.255894354048596,-0.3937989509460477,0.15507761376620766,0.0012843238470163938,0.1080584825859036,0.004233186135028921
14183,14183,PIGL,-0.5454320823191032,9.746081863601642,-0.5303192406501563,0.2812384970037584,6.571493150873042e-06,0.11073881062972153,3.8945179031788656e-05
14184,14184,PIGM,-0.23728199840310266,8.377133694380568,-0.3542808745482393,0.12551493807066524,0.0040765341516618295,0.07954217023459502,0.011842949698717053
14185,14185,PIGN,0.1116730211653738,6.184493953123468,0.1839604542342596,0.033841448722075125,0.14563359839462206,0.07577957209091993,0.2507751070318919
14186,14186,PIGO,-0.3594631989012143,9.21542817193265,-0.3217694760478666,0.1035355957161186,0.009520588465349688,0.13433224462306284,0.02507215653862915
14187,14187,PIGP,-0.31821058897499443,10.170473927998676,-0.7291114954764594,0.5316035728359191,8.402870071676215e-12,0.037934260649604534,4.74607048458642e-10
14188,14188,PIGQ,-0.10375277611291144,7.634168004324156,-0.08488068732998788,0.0072047310816111656,0.5048570327388833,0.1546766804481825,0.6398618192649255
14189,14189,PIGR,0.08300721106631237,6.044341022109919,0.3256924717142626,0.10607558613134573,0.008634070547477972,0.030602905185116457,0.023020290286337782
14190,14190,PIGS,0.523650437624679,2.592373923324163,0.6051536691778407,0.3662109633194035,1.1785642180801384e-07,0.0874887711279017,1.1485962260362464e-06
14191,14191,PIGT,-0.2347286481098807,8.749820284005567,-0.1809841141511999,0.03275524957509455,0.1523770295692667,0.16199364853360812,0.26011854099978393
14192,14192,PIGU,-0.08878566705575444,7.664063217767601,-0.1246331259400801,0.015533416081595863,0.3264712644023713,0.08976644351888892,0.468096675774593
14193,14193,PIGV,-0.1624896982798002,8.261386773818787,-0.21932649188496905,0.04810411004256738,0.08163091920584814,0.09179808493478678,0.1573682502806589
14194,14194,PIGW,-0.1370942397049629,7.856993504690068,-0.4301311863970653,0.1850128375113469,0.00038906149276172683,0.03654246289378529,0.0014578865938320116
14195,14195,PIGX,-0.35852098580970104,9.034939373407251,-0.6141440480507978,0.37717291175622064,6.769160319516891e-08,0.058510288068421325,7.154034490929149e-07
14196,14196,PIGZ,0.15253253215265866,5.709225265275153,0.617206928134371,0.38094439213706655,5.5816276116640854e-08,0.02469452482725391,6.09564379419601e-07
14197,14197,PIH1D1,-0.5170647112437018,11.756126817222247,-0.6526362724309056,0.4259341040925073,5.109923823866559e-09,0.07623575755772091,8.276394944340339e-08
14198,14198,PIH1D2,-0.26972104132441843,7.992683023645265,-0.36859412358223054,0.13586162793935266,0.002727176330770255,0.08638975077010155,0.008286592767755832
14199,14199,PIH1D3,0.08749071686394287,6.6551509709179175,0.0867498861371371,0.007525542744806253,0.4954871251629953,0.12760182504488374,0.6317205590464918
14200,14200,PIH2,-0.6852365669762235,8.986525297619812,-0.3073777417794758,0.0944810761414501,0.01348526803821468,0.2694145432389738,0.03390103080654039
14201,14201,PIK3AP1,0.19599037366341296,5.764848763005159,0.4352164821553625,0.18941338633968902,0.00032559681208299134,0.05149123111595773,0.001240464279672269
14202,14202,PIK3C2A,-0.3314865990570265,9.141173659017383,-0.3801430780255657,0.1445087597707513,0.0019455444124835712,0.10243086206970904,0.00612901140365757
14203,14203,PIK3C2B,-0.2600959321333557,9.43562230973194,-0.2849013525551837,0.0811687806877731,0.02250104241991548,0.11113761575621177,0.05309000584040856
14204,14204,PIK3C2G,-0.05057258150320849,7.181218783255268,-0.045598893926901946,0.002079259127356855,0.7205022639662515,0.14070612228747365,0.8159437572528593
14205,14205,PIK3C3,0.6203788398093042,4.028707923215332,0.4915521587847444,0.24162352480594254,3.712222362057684e-05,0.1395834570071803,0.00018085078796481246
14206,14206,PIK3CA,0.14440605063171302,6.2465976010629936,0.201666276139574,0.04066928693200289,0.11004325549095473,0.0890718435758863,0.20063877221997345
14207,14207,PIK3CB,0.09266088002838402,6.3532179879789,0.14188619955878254,0.02013169362523467,0.2634016332651232,0.08210021130898254,0.3984435515611985
14208,14208,PIK3CD,0.2402892347425511,5.576375458631805,0.4299956913198129,0.18489629455360385,0.00039089703019341203,0.06407384693667884,0.001463498476631801
14209,14209,PIK3CG,0.3145412825654227,5.655648384857486,0.6705448194095318,0.4496303548369616,1.3486533472882785e-09,0.04419582380926602,2.709191858583272e-08
14210,14210,PIK3IP1,-0.2577013756464134,8.672929770117152,-0.3115049067954533,0.09703530695764404,0.0122241938692499,0.09983696834667824,0.03116859981615526
14211,14211,PIK3R1,-0.1466776771624584,8.149323113977742,-0.2243081619489213,0.050314151516903514,0.07476890587797626,0.08093066064217833,0.1463549621760078
14212,14212,PIK3R2,-0.24809587918779066,8.668309970870755,-0.20530393720310708,0.042149706631097336,0.10364195503509092,0.15020183770335807,0.1914008644281847
14213,14213,PIK3R3,-0.22510925319740024,8.170728787240815,-0.4713881295084856,0.2222067686415088,8.437004154089661e-05,0.0534873325958173,0.0003743121687556026
14214,14214,PIK3R4,-1.0195284170073151,11.654597824542847,-0.5314447617595949,0.28243353480171257,6.229124095060467e-06,0.20638419076184614,3.7088722100229425e-05
14215,14215,PIK3R5,0.5490256778492363,4.5914912569402,0.4388182818424909,0.19256148447919585,0.000286527522484896,0.14277982006309245,0.0011080949117853417
14216,14216,PIK3R6,0.23631774740929276,5.924744302587402,0.27571181349302176,0.07601700409961082,0.027443195709237218,0.10463503120719536,0.06286041919648107
14217,14217,PIKFYVE,0.16205933620507074,6.103669569115862,0.10933531184908947,0.011954210417137644,0.3897749366986013,0.18711400686767887,0.5324612827534829
14218,14218,PILRA,0.2634055792265417,5.772653076262834,0.3432594356357717,0.11782704015298845,0.005488568331352426,0.09153422558407047,0.015409691069031088
14219,14219,PIM1,-0.026221398643913832,7.186101158389059,-0.03364712536302683,0.0011321290451952435,0.7918211739224255,0.09891589028258332,0.8659606848790528
14220,14220,PIM2,0.03336708814902392,6.78879105273109,0.055977831072537336,0.0031335175715855265,0.6604143308286712,0.07558313366010985,0.7685963526680752
14221,14221,PIM3,-0.3367328586883864,9.61451746287366,-0.6621691433730179,0.4384679744353565,2.5428970968911305e-09,0.04839583401911999,4.596610946605414e-08
14222,14222,PIN1,-0.3337571262896957,9.329307788318284,-0.4964693956792615,0.24648186084613116,3.014679193329745e-05,0.07411209265096741,0.00015038672640303068
14223,14223,PIN1P1,-0.02490350820214928,7.1283961141599885,-0.026051908619056333,0.0006787019426956616,0.8380860858061935,0.12136059920362754,0.8983197638040449
14224,14224,PIN4,-0.24782339108870136,8.711584671993991,-0.239958508321872,0.0575800857160579,0.056153992673405546,0.1273305234311903,0.11545904969071374
14225,14225,PINK1,0.3031268432923069,4.4878852792925334,0.7441688312498057,0.5537872494037018,1.8315219424191253e-12,0.03455636591801909,1.5676524768018244e-10
14226,14226,PINK1-AS,-0.11640417249504233,7.5239477001377395,-0.15621148924215264,0.024402029371251167,0.21770815816787675,0.09347493556362438,0.34389599278761185
14227,14227,PINLYP,0.4725463432401956,4.50386903983284,0.5163783924672359,0.2666466442070468,1.255171648255868e-05,0.0995261358353486,6.877718128284622e-05
14228,14228,PINX1,-0.3804475829675525,9.508842630683263,-0.5874791366769821,0.3451317360307323,3.3397247357450993e-07,0.06655543230828016,2.815170850625151e-06
14229,14229,PIP,0.2902339719996521,5.384024058028748,0.3156694290694835,0.09964718844905364,0.011056336188467963,0.11079655024314053,0.028540345710009983
14230,14230,PIP4K2A,0.27464200221358803,5.189628487450517,0.4159677795521544,0.17302919362554972,0.0006297141861549379,0.0762529252764029,0.002247274340999535
14231,14231,PIP4K2B,-0.6924921279344364,10.995430583163788,-0.3807407127822405,0.14496349036992853,0.001911202074921332,0.2135905367419696,0.006027830022199453
14232,14232,PIP4K2C,0.3842967087770962,3.7111620594985326,0.4608772146351983,0.2124078069698986,0.00012688424073283583,0.09398018250747203,0.0005367607409786208
14233,14233,PIP5K1A,-0.07470961379700725,7.455775801320144,-0.08045400881756358,0.006472847534816596,0.5274049611639215,0.1175500527020125,0.6593751852079482
14234,14234,PIP5K1B,0.41934651167251497,4.1800062639249145,0.6769882204376098,0.4583130506112817,8.164335564937319e-10,0.057898893510779065,1.8114619534704677e-08
14235,14235,PIP5K1C,0.034145628341323515,6.770315313877389,0.03618025212636402,0.001309010643927268,0.7765404528907448,0.11977970550103698,0.8551882106705058
14236,14236,PIP5KL1,0.0035770180234411353,6.996596318609778,0.003845953389456247,1.479135747386999e-05,0.9759383959041404,0.11811853590585734,0.9860470285682901
14237,14237,PIPOX,0.3324416023305479,5.631825114485339,0.2837060629351793,0.08048913014617992,0.023097747825616827,0.14270176310822194,0.05429675739944989
14238,14238,PIR,-0.1134586325448302,7.705996649303973,-0.5684072216145329,0.3230867695835529,9.6077095675833e-07,0.020856845039859538,7.120292631280505e-06
14239,14239,PIRT,0.2668616366373727,5.804362065679537,0.3002159354779702,0.09012960791491276,0.015940458307346004,0.10768279661438794,0.039260494900318105
14240,14240,PITHD1,-0.22673679629227625,8.349450942719043,-0.22045794973135927,0.04860170759975453,0.08003022588553961,0.12740356507597958,0.1549583817553076
14241,14241,PITPNA,0.001222678151058342,7.00559222880389,0.0015421029422040796,2.378081484354478e-06,0.9903508772181632,0.10069372905037123,0.9942130678116733
14242,14242,PITPNA-AS1,-0.27715460432886463,8.859835069384816,-0.5441418203527117,0.29609032065676283,3.3605959102510325e-06,0.054271598897148235,2.1303777645341366e-05
14243,14243,PITPNB,-0.4517005679222048,11.351402668306024,-0.6812411812948995,0.4640895470920702,5.821440227740227e-10,0.061645305971009576,1.3777408538985204e-08
14244,14244,PITPNC1,-0.3608165533970877,8.769180677336756,-0.4602419246210266,0.2118226291788667,0.0001299977343800129,0.08839270261982657,0.0005484318990841962
14245,14245,PITPNM1,-0.116778831029874,7.812055800082217,-0.15523654141356386,0.024098383790045128,0.2206291063402553,0.0943794276155216,0.3473949900238659
14246,14246,PITPNM2,0.2992813231764507,5.548915598764272,0.17216022591103725,0.02963914338573938,0.1737292847978847,0.21747912713576095,0.2882505712926729
14247,14247,PITPNM3,0.2955633193181155,5.56760658760542,0.3401841971166293,0.11572528796788567,0.005952548506594511,0.1037610022823696,0.01655354281627124
14248,14248,PITRM1,-0.4994310911232186,9.964111681887626,-0.5813489649926181,0.3379666190979883,4.725024475649672e-07,0.0887733830433494,3.825061869913781e-06
14249,14249,PITRM1-AS1,-0.03173803752832911,7.132404063384284,-0.031254444419184485,0.0009768402959518926,0.8063267992474836,0.12890216731116685,0.8768218827124916
14250,14250,PITX1,-0.32136560329652303,8.947702060182301,-0.7022905701056105,0.4932120448592634,1.0008523499356206e-10,0.041371365129604536,3.3343780981316716e-09
14251,14251,PITX2,-0.03512106205913302,7.162463170220578,-0.23698929209187355,0.05616392456620736,0.059361749956239225,0.01828484817212036,0.1208838344275306
14252,14252,PITX3,0.1191546933997734,6.296686512529623,0.1957322857768804,0.038311127695442385,0.12113398283470185,0.07581761808137158,0.21657499985844356
14253,14253,PIWIL1,0.14496589365113338,6.5312155278883965,0.1201740849065512,0.014441810683126974,0.3442107157975035,0.15208987539636645,0.4865849855922401
14254,14254,PIWIL2,-0.10613321440340677,7.618352716193973,-0.13621946886791478,0.0185557436986568,0.2831410157163444,0.09802776685791156,0.42094223363547817
14255,14255,PIWIL4,-0.17402296863915215,8.024856003797835,-0.3838930685765989,0.14737388810115729,0.0017388831199326106,0.05315936345379674,0.005531068443322662
14256,14256,PJA1,-0.20900993999934667,8.602002111500042,-0.32554839013960185,0.1059817543224864,0.008665309840185008,0.07709544771989242,0.023078008189546962
14257,14257,PJA2,0.2799915092678644,4.449828494975277,0.7215390085530136,0.5206185408636658,1.741031211239528e-11,0.03412163382088737,8.3596520796878e-10
14258,14258,PKD1L1,0.2674423523923695,6.131970705481889,0.13955737362776155,0.019476260533878638,0.2713986675626988,0.24099642907820135,0.40804958314727785
14259,14259,PKD1L2,0.01924972454568648,6.941833241978527,0.014763650315406475,0.0002179653706356017,0.9078208505495212,0.16557226454194154,0.9442296118467763
14260,14260,PKD1P1,-0.00778964104993615,7.05693786421993,-0.00829801941442552,6.885712620218285e-05,0.9481127952950792,0.11921535645563835,0.9690012895987081
14261,14261,PKD2,0.1934558631069904,5.974798650201367,0.5233361957188761,0.2738807737495058,9.119892868345413e-06,0.04000453685309526,5.186220589916489e-05
14262,14262,PKD2L1,0.207183120551514,5.780774424540003,0.1717193989899405,0.02948755198946638,0.17485044959250487,0.15095229512353806,0.2897784797600136
14263,14263,PKD2L2,-0.1860347322236852,7.5992646589360575,-0.08697291678053637,0.007564288253314101,0.4943752006726534,0.27062339959973103,0.6306742250701802
14264,14264,PKDCC,0.11546290595516508,6.151646324509631,0.35260770148842563,0.12433219114895068,0.004267669510045617,0.03891567227565211,0.01233534213027734
14265,14265,PKDREJ,-0.06738815844606459,7.300646371305175,-0.07243942192830337,0.005247469849306761,0.5694635336987541,0.11783391136605788,0.6951371376689133
14266,14266,PKHD1,-0.12841973451394104,7.477847124494293,-0.06008328434095095,0.003610001057195562,0.6371986241453614,0.2709548557323927,0.7498389417382785
14267,14267,PKHD1L1,0.3815208729577767,5.672713272726594,0.4788740746301582,0.2293203793528904,6.257666976523021e-05,0.08882558370724293,0.00028721869092116577
14268,14268,PKI55,-0.0007396265573101574,7.01935294224653,-0.0011901633296927368,1.4164887513453026e-06,0.9925529339106054,0.07892412565597001,0.9955717605654014
14269,14269,PKIA,0.09360367773363422,6.629231732768571,0.2218232881917926,0.04920557118421907,0.07813189761098971,0.052255648692286216,0.15196211988198152
14270,14270,PKIB,0.10537353425381547,6.208819274798879,0.8108366876827636,0.6574561340923556,4.6536433241306e-16,0.009659628149632943,3.308878452470435e-13
14271,14271,PKIG,0.2635820575673337,4.700463081649367,0.4694994689223861,0.2204297513184026,9.087778409257309e-05,0.06295243336137778,0.0003991802057859372
14272,14272,PKLR,0.3262349494632624,5.6114905777545525,0.33295393678304513,0.11085832401932802,0.0071815785938054676,0.11733726728693696,0.019556244411715062
14273,14273,PKM,-0.40849370945836094,10.210981211017323,-0.719525960804798,0.5177176082720677,2.1046354013186535e-11,0.05007186449142322,9.574764625116688e-10
14274,14274,PKMYT1,-0.42042594642572095,9.798403514608944,-0.6179658779681828,0.381881826332987,5.319412688650797e-08,0.06793051805995437,5.844336974770827e-07
14275,14275,PKN1,-0.2979262071124931,8.79203579671681,-0.5059973493230429,0.2560333175219455,1.9956693796802053e-05,0.06449727475158439,0.00010386017884396743
14276,14276,PKN2,-0.028040832598348147,7.204241982355944,-0.031053331805943326,0.0009643094162500113,0.8075490845639847,0.11462447460055745,0.877488856753128
14277,14277,PKN3,-0.2246041103737036,8.188356526064322,-0.42383268529112617,0.1796341451210868,0.0004832187658285988,0.060958068453292075,0.0017666895785950207
14278,14278,PKNOX1,-0.369212480080988,9.020260425885194,-0.3257350619293817,0.10610333057013813,0.008624855100329136,0.13610048696947996,0.02300138389133343
14279,14279,PKNOX2,0.4168946887447086,4.874520851569017,0.3685781801292024,0.13584987486735473,0.002728425307936946,0.1335351180563124,0.0082890081430099
14280,14280,PKP1,-0.3907918845072607,8.850949868223534,-0.4680466925213271,0.21906770638015371,9.619484902090456e-05,0.09370595736554543,0.00042006441934819283
14281,14281,PKP2,0.34890216138702795,4.19422713250094,0.5595176275176249,0.3130599755029517,1.537596174463825e-06,0.06563771475677742,1.0683452664042577e-05
14282,14282,PKP3,-0.2573075663576592,9.085115364601881,-0.4895326250727188,0.23964219101058706,4.039795870261705e-05,0.05820818758117007,0.00019557741911584443
14283,14283,PKP4,-0.4646551701308644,9.924659231235918,-0.7029290440974394,0.4941092410357399,9.465486081139107e-11,0.059710652089183115,3.1779085439855406e-09
14284,14284,PLA1A,-0.15372219384183236,7.657233910642952,-0.4001833036653483,0.16014667653251238,0.0010512253538677056,0.0447078192569788,0.0035480494136541714
14285,14285,PLA2G12A,-0.05484298766591775,7.4506022609236995,-0.06984864825822322,0.004878833663500992,0.5833853707953778,0.0994730048080477,0.7061999108152444
14286,14286,PLA2G12B,0.20184649126545545,5.951605235339504,0.6156382909334611,0.3790105052634729,6.162784836632304e-08,0.03281269203268758,6.600153592347802e-07
14287,14287,PLA2G15,-0.15394025417602622,7.823126451934513,-0.2262098804171793,0.05117090999835455,0.07227389290321581,0.08418578773495748,0.1422939495244239
14288,14288,PLA2G16,-0.19082791560235185,8.151605375973887,-0.5136023910101379,0.2637874160513307,1.4229894641850965e-05,0.04048747036997728,7.684497966815028e-05
14289,14289,PLA2G1B,0.3121422374062613,5.864158177307662,0.306084853681119,0.09368793765299202,0.013902706459262166,0.12329734783664,0.034817058907750914
14290,14290,PLA2G2A,0.047562052762053234,6.4848364149628415,0.36345227338872815,0.1320975550314348,0.0031574171841584567,0.015482917932421429,0.009434782547668191
14291,14291,PLA2G2D,0.1290814293778009,6.331634976362673,0.2817534781861164,0.07938502246997436,0.024101328426791472,0.05582614679385699,0.05625894869916668
14292,14292,PLA2G2E,0.184660994745848,6.158107298443687,0.18919831932215286,0.035796004034327346,0.1343113677605946,0.12171567595182473,0.23491742741746838
14293,14293,PLA2G2F,0.023411566877361033,6.92590639384596,0.02296827717320661,0.0005275417563052439,0.8570360300255091,0.12941709028782014,0.9109215289193285
14294,14294,PLA2G3,-0.24373459052021776,8.217526167470899,-0.3168251171688022,0.10037815486902524,0.010749906468468007,0.09266841086735024,0.02785893065757237
14295,14295,PLA2G4A,-0.023623506356619545,7.167152970968872,-0.11949187100752033,0.014278307236877875,0.3469767378525459,0.024927992760775324,0.4895609368124108
14296,14296,PLA2G4C,0.3497255209761354,5.6475851797529995,0.4433325458493616,0.19654374620927625,0.00024362066631103808,0.08980137448872398,0.0009571127592462862
14297,14297,PLA2G4D,0.0735407279731012,6.735171384137696,0.05385035898719138,0.0028998611630493827,0.6725732798661053,0.17318603340370414,0.7784379676911015
14298,14298,PLA2G4F,0.10002202144039786,6.384031829784672,0.15367435779631536,0.02361580824410995,0.2253663769797301,0.08167868655328799,0.3532104576605671
14299,14299,PLA2G5,0.5392859702277983,4.983140890259562,0.3920976947380881,0.1537406022189229,0.00135382791146599,0.16068699927278474,0.004444685176288056
14300,14300,PLA2G6,0.11338695241736076,6.311998097101751,0.10409124496616884,0.010834987278606972,0.4130463609719477,0.13759017035005722,0.5544237864530792
14301,14301,PLA2G7,0.10637087602219074,6.2589604164764205,0.3625811811802269,0.13146511294604854,0.0032360009311864506,0.03472284211535029,0.009633709123569232
14302,14302,PLA2R1,0.2437299658920231,6.124484944818738,0.19868807817731954,0.03947695240979664,0.11550746451873167,0.1526845765590643,0.20855377429523217
14303,14303,PLAA,-0.2636732499225274,8.550868649853435,-0.4710276900474098,0.22186708479139874,8.557782753598875e-05,0.06271200443067246,0.0003789750215320729
14304,14304,PLAC1,-0.033367617943004774,7.154414301497936,-0.036233676913589925,0.0013128793426784196,0.776219059966081,0.11687770534464675,0.8549377700575003
14305,14305,PLAC4,0.17555109007786338,6.216607251875003,0.17128057322295048,0.0293370347635825,0.17597174827819625,0.12824304105062873,0.29120191112366955
14306,14306,PLAC8,0.1388121571529886,5.396245867723937,0.6481447822365475,0.4200916587404616,7.039435061056033e-09,0.020712823627220413,1.0780690682260848e-07
14307,14307,PLAC8L1,-0.08302936535436636,7.3579413351086655,-0.08259985051710066,0.006822735305447374,0.5164125656679037,0.12722427858123164,0.6499427007752211
14308,14308,PLAC9,0.4047570726859648,4.759519269467133,0.5833131980256238,0.34025428699088056,4.23111702258325e-07,0.07157891106111246,3.4588463240483306e-06
14309,14309,PLAG1,0.2147116830785157,6.220973693807088,0.3332712304191071,0.1110697130250656,0.007123310952095854,0.07714288175368651,0.019422727104965464
14310,14310,PLAGL1,0.04170329550118304,6.713530393626633,0.15445270268336747,0.02385563736619671,0.2229972894054434,0.03387942599995147,0.3502579460415519
14311,14311,PLAGL2,-0.34898111240792923,9.203526379425831,-0.6711523465751454,0.4504454723133242,1.2869982391172058e-09,0.048954245346763695,2.6095455868991657e-08
14312,14312,PLAT,0.14341002238431788,5.862303133473673,0.5503456563847516,0.3028803415015631,2.4628381718044717e-06,0.02763132942536868,1.6156546685981775e-05
14313,14313,PLAU,-0.06717514610314185,7.4324744925246105,-0.1687838107899029,0.028487974784761737,0.18245120870606865,0.049820270027196016,0.2997709350933169
14314,14314,PLAUR,-0.0577672712072558,7.432171919799982,-0.13156412104059295,0.017309117945183798,0.30007079528844705,0.05527859584528762,0.43946796369283125
14315,14315,PLB1,0.32710318689404416,5.627596495354996,0.19156878989257847,0.036698601260906884,0.12941116524894267,0.21283608915187932,0.22837574635040775
14316,14316,PLBD1,-0.23094475553910365,9.514817673705306,-0.555443170609051,0.30851711577623536,1.8988106259887695e-06,0.04390999076392936,1.2857643560283554e-05
14317,14317,PLBD2,-0.1995582379012398,8.23271398970635,-0.22560673447727184,0.05089839864149824,0.07305789988207242,0.10944051029044828,0.14357644268502393
14318,14318,PLCB1,-0.1952255294128046,7.981427293795107,-0.4371572977211333,0.19110650295084355,0.0003039787539886293,0.051009222481356836,0.00116589796628122
14319,14319,PLCB2,0.20178330107039213,5.8584785227309535,0.1929738117154821,0.03723889200800235,0.12657135895207314,0.1303017569159163,0.22435154113998068
14320,14320,PLCB3,-0.20011193779818925,8.408080711765807,-0.1857716637647671,0.03451111105792968,0.14164055113404495,0.1344223000596208,0.24545663690843014
14321,14321,PLCB4,-0.12702716175344864,8.186295551279283,-0.6346897181722546,0.402831038353576,1.781948361550157e-08,0.019642099208403624,2.3287925026776494e-07
14322,14322,PLCD1,0.3204351099735187,4.3919582868191265,0.7219405165179805,0.5211981093902485,1.676068901751951e-11,0.03900504320053071,8.174610825999661e-10
14323,14323,PLCD3,0.3173956138206481,4.6195332402988125,0.5813796807171802,0.33800233315081035,4.7169000847057507e-07,0.05641225448551285,3.821341987815302e-06
14324,14324,PLCD4,0.18577552005737852,6.27580287767532,0.24732543656053185,0.06116987156985765,0.04880002735705093,0.09243093916425532,0.10255867550630221
14325,14325,PLCE1,0.4261082334347207,4.6958981866938325,0.6724716568632985,0.4522181292844698,1.1622034000540296e-09,0.059559895077497586,2.4129927735541718e-08
14326,14326,PLCG1,-0.11851351820906166,7.79719900540289,-0.08182422515752097,0.0066952038226286885,0.5203724082710288,0.18332910190712487,0.6535969201965738
14327,14327,PLCG1-AS1,0.16649677817388975,6.507570169240036,0.08463186550188395,0.007162552658328975,0.5061111587085483,0.2489517308017708,0.6408886697756631
14328,14328,PLCG2,0.4282699557500954,5.130417270372359,0.6285401766204173,0.3950627536260253,2.6842985076712058e-08,0.06730446604323931,3.24558817328978e-07
14329,14329,PLCH1,-0.40034976936571065,8.863324660652355,-0.3495344971977542,0.12217436473128684,0.004639478167206888,0.13628806417061973,0.013275356727122774
14330,14330,PLCH1-AS1,0.011475496397107569,6.969611361460727,0.01219433922389929,0.0001487019091075287,0.9238100623964977,0.11950472352267945,0.9545522651525294
14331,14331,PLCH2,0.2275751822307907,5.759973050670832,0.2866403526646381,0.0821626917757081,0.02165628181963044,0.09659943324314828,0.05128702705032374
14332,14332,PLCL1,0.4327506062440413,5.603783233234483,0.30283644790106645,0.09170991417733533,0.015000948072201209,0.17296012225653773,0.037248656175153896
14333,14333,PLCL2,0.31606736978403505,5.230852814964925,0.7211619633541844,0.5200745773888621,1.8042179629505828e-11,0.03856007617843013,8.568057014845365e-10
14334,14334,PLCXD1,-0.05110330548136596,7.332990961572633,-0.05502418616692433,0.003027661063332347,0.6658540340821127,0.11777173527551495,0.773016088996309
14335,14335,PLCXD2,0.1798284551745415,6.2092690848753405,0.18249817174775232,0.0333055826912721,0.14891825829034194,0.12304066108957533,0.25545190773743304
14336,14336,PLCXD3,0.3743528670829527,5.735303986366813,0.2919535889506084,0.08523689810114078,0.019240145031384312,0.15574919827194544,0.04631451096649925
14337,14337,PLCZ1,-0.1089229522968752,7.366592482630668,-0.08319229323755611,0.006920957654123525,0.513398235005813,0.16570376328689349,0.6471268206665239
14338,14338,PLD1,0.3596271148548262,4.951567437977189,0.4902465199316413,0.2403416503050852,3.921060499344452e-05,0.08119910128752393,0.00019036677198241313
14339,14339,PLD2,-0.06797833065587007,7.500838448688775,-0.07008647210698872,0.004912113572403708,0.5821009675631987,0.1228771615427532,0.7053548459840562
14340,14340,PLD3,0.1226404633715019,6.011768038459243,0.21057594640802116,0.044342229205633785,0.09488172038328607,0.07230700522511767,0.1780934085897599
14341,14341,PLD4,0.3431259482863344,5.578134213900441,0.3655922723287561,0.1336577095865034,0.002971520151472862,0.11094442086643548,0.00894720090102125
14342,14342,PLD5,0.0005412827782573937,7.0140456483728695,0.00023757041568071583,5.6439702406708096e-08,0.9985134589477132,0.2893583338010224,0.99892862207857
14343,14343,PLD6,-0.2029826124861083,7.781637842271322,-0.1898108587816565,0.03602816211142993,0.13303192807350633,0.1333441944513173,0.23313153697756572
14344,14344,PLEC,0.03176029303726305,6.787500554328368,0.05231770739453593,0.00273714250702028,0.6813849885016994,0.07699185326225412,0.7851953983612334
14345,14345,PLEK,0.17213127104908568,5.890225350858404,0.3552601115361938,0.12620974684870884,0.003968221340142795,0.0575202918729647,0.011549977569998955
14346,14346,PLEK2,-0.2069862697698613,8.954593514314688,-0.672562229295184,0.4523399522745077,1.1540720541397796e-09,0.028924692403629017,2.4007137687220874e-08
14347,14347,PLEKHA1,-0.1378609586404438,8.147118390311908,-0.17494929695449024,0.030607256504870412,0.16675700831127455,0.09853332312289864,0.2793041236739617
14348,14348,PLEKHA2,-0.24970072084125336,8.459306715549966,-0.5249468775983873,0.27556922430029623,8.461372970749589e-06,0.051417036342024235,4.852516728855464e-05
14349,14349,PLEKHA3,0.06291363517093676,6.6388127727594375,0.05974493838678216,0.003569457662840397,0.6390992293803288,0.13349694668780382,0.7514221854832783
14350,14350,PLEKHA4,-0.021980068121732376,7.129386691284144,-0.031717353119944384,0.0010059904889352454,0.803515175366772,0.08796657723032993,0.8745537355532493
14351,14351,PLEKHA5,-0.3720517276973115,9.167960658014822,-0.4335188868516271,0.18793862525707386,0.00034564653105649947,0.09821863291860077,0.0013090198723379673
14352,14352,PLEKHA6,0.3371824569676445,4.698936743090054,0.4176913427003252,0.17446605776680052,0.0005945379778511475,0.09314962682073658,0.0021307563889884284
14353,14353,PLEKHA7,0.2508185302326121,5.387800862745372,0.4774143200219223,0.22792443296199444,6.636748657738693e-05,0.058627076324358575,0.0003029485501334979
14354,14354,PLEKHA8,-0.4472345346513091,9.017076485683964,-0.2496820288109092,0.062341115511131674,0.046621377023838464,0.2202797824012773,0.09872735375036397
14355,14355,PLEKHA8P1,-0.36497461338263343,9.06170954612337,-0.6470649892750888,0.4186931003455708,7.597009604362769e-09,0.054616221254002034,1.1472546841408816e-07
14356,14356,PLEKHB1,-0.2512779052440848,8.33282941259426,-0.4027677872796671,0.16222189047015914,0.0009682653065104256,0.07252174297492286,0.003300973742519406
14357,14357,PLEKHB2,0.6008911438775281,2.079339615989204,0.6825387962703942,0.4658592084142386,5.244743988580211e-10,0.08171475617867609,1.2775582797829525e-08
14358,14358,PLEKHF1,0.07464474015181144,6.535016987964218,0.10651640763682416,0.011345745095854093,0.4021860811333473,0.08849303184524973,0.5444017744057155
14359,14359,PLEKHF2,0.3119086193822504,4.338938165424819,0.5513967568725601,0.30403838348957696,2.335056147682566e-06,0.05993216524560824,1.5406959438776956e-05
14360,14360,PLEKHG1,-0.1039160320530918,7.663906481985205,-0.2891438503899148,0.08360416621830544,0.020487530958116024,0.04369324535181807,0.04894720685105942
14361,14361,PLEKHG2,0.2594110341732222,5.643137181354184,0.2715143927697947,0.07372006548115036,0.029987735562390126,0.11678064572485765,0.06785626056463513
14362,14362,PLEKHG3,-0.22758442109938015,8.30663990928152,-0.1900999275040822,0.036137982437057306,0.1324313430406149,0.14926987431878905,0.23238906239288556
14363,14363,PLEKHG4,-0.19601705770490704,8.131411734728426,-0.6266150410005775,0.39264640960815533,3.046053348246199e-08,0.030961215877759837,3.606467209200188e-07
14364,14364,PLEKHG4B,0.09672040406290697,6.6105670688812745,0.08156661971830546,0.006653113452270658,0.5216909443271387,0.15009293849281896,0.6547567360686929
14365,14365,PLEKHG5,0.2460183722183333,5.489731309423479,0.28666370851757106,0.08217608178104695,0.021645122012175364,0.10441879244653614,0.051271616404906746
14366,14366,PLEKHG6,0.23889496607350755,5.0329642113539865,0.3920240716448026,0.1536828727489693,0.0013569107335974914,0.07119753925403233,0.004452781017738093
14367,14367,PLEKHH1,0.18803740674503053,5.611448034481793,0.4307619565792422,0.18555586323597692,0.00038061948469417716,0.050031291982890684,0.0014299644241936862
14368,14368,PLEKHH2,0.545946599680108,5.122436257271727,0.4474304752485143,0.20019403018111132,0.0002098485683705435,0.1385865489103429,0.0008384263372812029
14369,14369,PLEKHH3,-0.03898432842105072,7.191013214783792,-0.033584331241721915,0.001127907304953699,0.7922009893897471,0.14733721193704302,0.866157347532817
14370,14370,PLEKHM1,0.013172606982344305,6.9334490965995075,0.009702422568780976,9.413700370319045e-05,0.9393464407900384,0.17241508540791875,0.9642828715481527
14371,14371,PLEKHM2,-0.07642989484853673,7.501501247896893,-0.0895680134526099,0.008022429033846906,0.4815335657025768,0.1079357718867827,0.618665640183287
14372,14372,PLEKHM3,0.2396572634592402,5.97322093191212,0.2748903351923717,0.07556469638217447,0.0279263592550438,0.1064568328864474,0.06381875506028206
14373,14373,PLEKHN1,0.29048483258937824,5.029169293875532,0.34752278880107595,0.12077208873607725,0.004898090940680375,0.09953940966265676,0.013952664998741583
14374,14374,PLEKHO1,0.22407872623866745,5.699903826892892,0.510338010481404,0.26044488494211765,1.6469544139637697e-05,0.04795480603458825,8.762849590758092e-05
14375,14375,PLEKHO2,0.2552047372137929,5.46399426546609,0.34846070804119805,0.12142486504857307,0.004775976335363497,0.08718234094421799,0.013637100150619266
14376,14376,PLEKHS1,-0.2401184637629373,7.861541593275528,-0.6860836799496005,0.4707108158931858,3.933405326964838e-10,0.032336955747336284,1.0213176541417693e-08
14377,14377,PLG,0.1856925720361664,6.268559592903764,0.1235659984812808,0.015268555980675887,0.33066293007307546,0.18939068158841413,0.4725782570441162
14378,14378,PLGLB2,0.2075783708898344,6.310544298291132,0.14225391106399676,0.020236175213003502,0.26215359133929245,0.1834352259706537,0.39690526605973414
14379,14379,PLGRKT,0.2547967910147498,4.5720220804105285,0.41968770823391294,0.17613777244263407,0.0005560300970335655,0.06998406349367615,0.002006470880063633
14380,14380,PLIN1,0.17192115821772214,6.255176325288759,0.1785483507474268,0.03187951355462615,0.15806600832037218,0.1203212529541106,0.2678131140112401
14381,14381,PLIN2,-0.2805881274634169,8.802069943419097,-0.5460907140708376,0.2982150679943973,3.050026929519111e-06,0.05466516633958388,1.961637456451926e-05
14382,14382,PLIN3,-0.04287294452003353,7.371966180535308,-0.07982896151611768,0.0063726630967417975,0.5306286104703501,0.06798901561770464,0.6622274245460525
14383,14383,PLIN4,0.06071986720044414,6.678160436174272,0.13329118244183674,0.017766539316743008,0.29371488588700434,0.05733778475747092,0.4323564580166596
14384,14384,PLIN5,0.1019893142119384,6.53468628725871,0.09837623686176662,0.009677883979082409,0.4392991479971093,0.1310258120725364,0.5798855867038952
14385,14385,PLK1,-0.17978087130373724,8.192504478211815,-0.5867381801587328,0.3442616920559816,3.4840949027485445e-07,0.031511462827983616,2.927748355414037e-06
14386,14386,PLK2,-0.0042260029131336,7.042466965217764,-0.01136743168479949,0.0001292185031085834,0.9289627358690314,0.04721103627087553,0.9578463025066125
14387,14387,PLK3,-0.20450021715962646,8.051476992503598,-0.14366483746293535,0.020639585523251642,0.2574018181144851,0.17890345010556832,0.39136585453461253
14388,14388,PLK4,-0.22524942467283146,8.136087396444918,-0.5955060985896937,0.35462751345751803,2.0971678784895973e-07,0.03859107313245516,1.883623824499885e-06
14389,14389,PLK5,0.06832801542001687,6.646180630828441,0.0716360537800059,0.0051317242011718976,0.5737639506978667,0.12082424763049494,0.6985359168135326
14390,14390,PLLP,0.06839999312582902,6.541163013505398,0.3012973379202637,0.0907800858378376,0.01554680772211003,0.02749156025242417,0.03841904841062339
14391,14391,PLN,0.2093815995546839,6.094263537873148,0.5897386957568305,0.3477917292729675,2.933452735914824e-07,0.03641465455689456,2.511819651887525e-06
14392,14392,PLOD1,-0.24951435304639585,8.77954596987012,-0.3868820484617472,0.14967771942195773,0.0015885029565382075,0.07552885291992181,0.00510826128955077
14393,14393,PLOD2,0.13994291288232688,5.8214000511662,0.6891759452853917,0.4749634835600132,3.050185575511229e-10,0.01868614475908509,8.308398570779329e-09
14394,14394,PLOD3,-0.364225687887932,10.095739417248467,-0.6090372344469385,0.3709263529427751,9.294899825951935e-08,0.06023953750290189,9.405656809859306e-07
14395,14395,PLP1,0.1150067112448232,6.478263524808524,0.6924024020169541,0.4794210863188478,2.3314697137545946e-10,0.015219909157625932,6.617034947753047e-09
14396,14396,PLP2,-0.3165134699051014,10.454592347552524,-0.7306270352107425,0.5338158645808395,7.241640616128587e-12,0.03756465106791551,4.2613512919093625e-10
14397,14397,PLRG1,-0.2745746065283211,9.050075707407107,-0.4394270130236895,0.19309609977492176,0.0002803645801036849,0.07128344522719937,0.0010868770107671495
14398,14398,PLS1,0.3893139925587705,2.517968768733363,0.7572271733743389,0.5733929920964911,4.4742483999178177e-13,0.042647342183705965,5.568382132196572e-11
14399,14399,PLS3,-0.07438245518542523,7.66834861479204,-0.345600060494546,0.11943940181383385,0.005157068665772965,0.025649593041075586,0.014607759575842193
14400,14400,PLSCR1,-0.05748205147052994,7.452683018438903,-0.06178743702751077,0.0038176873744286094,0.6276613739337717,0.11792493536529325,0.7417598260497613
14401,14401,PLSCR2,0.06011479402220004,6.816625308913699,0.040915719700274106,0.0016740961185913983,0.7482036516007871,0.18643673724112214,0.8361529313983856
14402,14402,PLSCR4,0.19197254451532966,5.414758308009079,0.6308467620678478,0.3979676372114878,2.304346842368249e-08,0.029986744351601338,2.865478014182194e-07
14403,14403,PLTP,0.03160039942468134,6.79244057063906,0.06986727359920279,0.00488143592018586,0.5832847353652003,0.05730075510433244,0.7061175617359914
14404,14404,PLVAP,0.18805644271572156,5.61001607011955,0.3223651439951599,0.1039192860630202,0.00938108153905465,0.07013226414792527,0.024740874525420585
14405,14405,PLXDC1,0.3813390400047029,5.350702408774451,0.3250955701074457,0.10568712970348512,0.008764131184186449,0.1408799253869386,0.023312524357395597
14406,14406,PLXDC2,0.1937115256842955,6.027270040693686,0.499895425157678,0.24989543609357565,2.6027707955269877e-05,0.042622739382564036,0.00013212142891968334
14407,14407,PLXNA1,-0.608460189825386,10.53012457592126,-0.6441947440806489,0.4149868683011329,9.289796491978853e-09,0.09174912984662788,1.363092118183514e-07
14408,14408,PLXNA2,0.3319570082077975,4.899199163104169,0.6870450140582128,0.4720308513422498,3.635625869405625e-10,0.0445866740891276,9.531413825905423e-09
14409,14409,PLXNA3,-0.20019207024175206,7.932928094630379,-0.13411273864395232,0.017986226666581062,0.2907225593009409,0.18786236459955666,0.4292940348900017
14410,14410,PLXNA4,0.6076990529403083,4.657700719822451,0.361936300116292,0.13099788534187054,0.0032952923712622657,0.1987792231044901,0.009791377099298074
14411,14411,PLXNB1,-0.4564700027912191,9.95999494901534,-0.4869307214889743,0.237101527529773,4.501283350002483e-05,0.10398784898817864,0.00021489261672024638
14412,14412,PLXNB2,0.08856486618464911,6.415691996271479,0.09188501616862872,0.008442856196309162,0.4702194602785523,0.12189329131301535,0.6081898316595941
14413,14413,PLXNB3,0.035486776151898915,6.8772304238165125,0.034203510696978766,0.001169880143998341,0.7884579461661569,0.13168788794722255,0.8638968237314374
14414,14414,PLXNC1,0.32611755242695994,5.2330818525201765,0.6532507179087484,0.4267365004482953,4.888795626085209e-09,0.04800379573199786,7.962955650964263e-08
14415,14415,PLXND1,-0.20961315748887527,8.312443678835862,-0.18194115017728615,0.033102582127833804,0.15018387568601466,0.14387388123962885,0.25713407874609795
14416,14416,PM20D1,0.2440973199516989,6.095040468951295,0.1914674022884272,0.03665976613907841,0.1296179402607871,0.15891400418178922,0.22868473980343365
14417,14417,PM20D2,-0.046169244589468014,7.290379018960087,-0.08016972739021054,0.006427185189820674,0.5288699189422461,0.0729031623568162,0.6606679027801753
14418,14418,PMAIP1,-0.17525194569120686,8.04987114235027,-0.5917908108057764,0.3502163637541583,2.6052308195499647e-07,0.030316786923110062,2.270272571322112e-06
14419,14419,PMCH,-0.3111783564238026,8.300902467634,-0.5918495566420258,0.3502858976973625,2.5963648129817604e-07,0.05382243698462032,2.2634573279033826e-06
14420,14420,PMCHL1,-0.06683245014584051,7.246175875698426,-0.03385213380758716,0.0011459669633267855,0.7905814992926562,0.2505858266270376,0.8654139455909948
14421,14421,PMCHL2,0.2992549235263205,6.01733417767224,0.15861468330039696,0.025158617758485227,0.2106243037469674,0.2365751094350885,0.335397404047399
14422,14422,PMEL,-0.07075571697229077,7.362369493081123,-0.08419032402231631,0.007088010658982611,0.50834057098939,0.1063552389638723,0.643034935730781
14423,14423,PMEPA1,-0.2296635887778676,8.706838900250592,-0.6377288894521909,0.4066981364419247,1.4504352453542624e-08,0.035228817615971214,1.9692272876580912e-07
14424,14424,PMF1,-0.3086075707020701,9.338532047378417,-0.4079276033549789,0.166404929578937,0.0008200866927446233,0.08772132969139859,0.002839619016850786
14425,14425,PMFBP1,-0.048927059099351584,7.241425426188567,-0.05408832287082618,0.002925546670978739,0.6712090377126502,0.11471324003676647,0.7773991395233161
14426,14426,PML,-0.7257207259436139,10.97266944460293,-0.7651523310147975,0.5854580896573782,1.8204724773915301e-13,0.07755503499428844,2.986540264993453e-11
14427,14427,PMM1,0.17188789073707966,5.7882373002821375,0.2890819257665904,0.08356835980492046,0.02051577949247003,0.07229005178987889,0.0490038831799513
14428,14428,PMM2,-0.2260269068197172,8.762454105857918,-0.4360002074621634,0.19009618090704952,0.0003167036591383503,0.05925081445974156,0.0012093489223489642
14429,14429,PMP2,0.5525909788224794,5.273191053994706,0.463532316099651,0.21486220806870676,0.00011459956000708582,0.13415314850551044,0.0004906392787571062
14430,14430,PMP22,0.5539007915367359,4.298558826773824,0.6727815973265097,0.4526350777012098,1.1346012582184664e-09,0.07735716024111014,2.371601375166109e-08
14431,14431,PMPCA,-0.30819064605837426,9.789483696545162,-0.5004165243242564,0.2504166978167691,2.5449025885140714e-05,0.06771765619301333,0.00012945704851837495
14432,14432,PMPCB,-0.2986310378511739,9.155925876836069,-0.24821891958224945,0.06161263203857921,0.04796439667116608,0.14801144357370294,0.10107717106988143
14433,14433,PMS1,-0.8323181336000031,10.671228263592797,-0.5649011498113533,0.31911330905818897,1.158448587949664e-06,0.1544039746911362,8.373232367172888e-06
14434,14434,PMS2L2,-0.1983067407216196,7.950522849301463,-0.34965975086100004,0.12226194137217662,0.004623782734957493,0.06748052504687861,0.013233943315557032
14435,14435,PMS2P1,-0.4304500457964809,10.25243256721792,-0.5712157237282532,0.3262874030343921,8.257534428108609e-07,0.07855323841368543,6.2567147669941195e-06
14436,14436,PMS2P3,-0.5131411672647996,10.151576635759078,-0.5618536462654732,0.3156795198218075,1.3606637891825064e-06,0.09595057423220599,9.632289753104667e-06
14437,14437,PMS2P4,0.14738355772795916,6.507756532188469,0.1480020873346187,0.0219046178554041,0.24316128291020975,0.12507656766370093,0.37475322620600615
14438,14438,PMS2P5,-0.17057090676357894,7.72271983037505,-0.3303466471461646,0.10912890728071256,0.007676394623485484,0.06189372823404594,0.020750508746920256
14439,14439,PMS2P8,-0.33344164300656903,9.008841813414811,-0.4251671020075984,0.1807670646295396,0.0004616939791152725,0.09015047959251377,0.0016968742562357816
14440,14440,PMVK,-0.2616194884523692,9.110841571980448,-0.24314860562786786,0.0591212444187764,0.052866002721356435,0.13254681465402793,0.10966500209986896
14441,14441,PNCK,0.2301416358799573,5.741578971325881,0.25503877710032835,0.06504477782483098,0.04196516568819813,0.11081244556354236,0.0904234490525304
14442,14442,PNISR,0.03796679753254135,6.775960291774537,0.08437122412819459,0.007118503460890046,0.5074265708039818,0.056945902460753185,0.6421413271832763
14443,14443,PNKD,0.4090027926219239,4.204738665386703,0.5058670905397153,0.2559015132911165,2.0071232174308748e-05,0.08857460253267538,0.00010433090080044549
14444,14444,PNKP,-0.3062443236284195,9.166929781687305,-0.6840678779663203,0.4679488616653445,4.6348859814966747e-10,0.04147149520791235,1.1563186166971254e-08
14445,14445,PNLDC1,-0.0019664501918207488,7.022304015677495,-0.0016746738621631846,2.804532544612556e-06,0.989521409781424,0.14912699095737847,0.9938617419810954
14446,14446,PNLIP,-0.03778957619034258,7.152797763817303,-0.031782553540576595,0.0010101307095596178,0.8031193581116438,0.15092734466247734,0.8742547478966294
14447,14447,PNLIPRP1,0.36490791954865204,5.5101858164154764,0.2967547898935542,0.08806340532476749,0.01725836676209054,0.14913240732716818,0.0421056705985884
14448,14448,PNLIPRP2,0.07146291731337823,6.530668909657017,0.6549733750400768,0.4289901220113891,4.316219712157209e-09,0.01047087707447932,7.15131888804624e-08
14449,14449,PNLIPRP3,0.1370119173757737,6.594162840268884,0.0994165981521581,0.009883659988147685,0.4344517052520174,0.17415931777845012,0.5754160047236964
14450,14450,PNMA1,0.23106758092318794,5.406241094079913,0.5183038187211367,0.26863884850091296,1.1497987837892373e-05,0.04841999142361565,6.384331452039983e-05
14451,14451,PNMA2,-0.3196546047913963,8.331440452583795,-0.5165615494559138,0.2668358343762945,1.2447741884311486e-05,0.06729203455332489,6.829385622112116e-05
14452,14452,PNMA3,0.14290715036643845,6.27580064428928,0.16718267384395716,0.02795004643361496,0.18669619010820376,0.10703138359785096,0.30510195432745846
14453,14453,PNMA6A,0.36343131046988336,5.342582396717618,0.32377220655396405,0.10482844173682276,0.00905858728346592,0.13487767401250744,0.024004369508499084
14454,14454,PNMAL1,0.23148124678078166,6.219338298778451,0.2364976684288733,0.055931147172293305,0.05990690849842498,0.12077997609489273,0.12179927739492939
14455,14455,PNMAL2,0.3114716055929087,5.522533400108599,0.3385774437633042,0.1146346854252934,0.006208414387312842,0.10993243483169247,0.017183437315600663
14456,14456,PNMT,-0.11990328394219492,7.723452103893066,-0.1208758469341749,0.014610970372054081,0.34137980512622,0.12505456921500446,0.48364930847290116
14457,14457,PNN,-0.2517325376200765,9.039972716656106,-0.4549293627019715,0.20696072504842192,0.00015891804133427693,0.06258163258258392,0.0006553742496845872
14458,14458,PNO1,-0.24986838630448865,8.693724644340389,-0.5596373568438667,0.31319397117518943,1.528026881738624e-06,0.04699220458629847,1.0636265549357088e-05
14459,14459,PNOC,0.1820209311793514,6.183473637147031,0.4254892540583241,0.18104110531910908,0.00045663001600394207,0.04916634710588981,0.0016808300181141197
14460,14460,PNP,-0.1888551119939771,8.727719998548586,-0.4661894934882602,0.21733264383884066,0.00010340920263221748,0.04551546970056256,0.00044831357017030424
14461,14461,PNPLA1,0.17161757218565052,6.422317993103605,0.1037241510748416,0.010758699516196565,0.4147049055476224,0.20899559853023525,0.5557199708931784
14462,14462,PNPLA2,0.2604526944694173,4.771202786889436,0.32878515159127325,0.10809967590689654,0.007986795170499258,0.09501211262598916,0.0214903142913968
14463,14463,PNPLA3,-0.15610724826281272,7.640890588922289,-0.17423102473357124,0.03035644997971032,0.16853264595494333,0.11204894948964562,0.2817116517293939
14464,14464,PNPLA4,0.04895416721900525,6.665576311087482,0.10642508935536073,0.011326299644296512,0.4025919669461912,0.058086644546132674,0.5447809188414529
14465,14465,PNPLA5,-0.021386448478198216,7.114371739323825,-0.02779474208567786,0.0007725476876093522,0.8274154585945097,0.0976815079063894,0.8912495899255923
14466,14466,PNPLA6,-0.09931511158867193,7.768079044362326,-0.1453056030829597,0.021113718287302626,0.2519497256896881,0.08588221759438364,0.3847109934995202
14467,14467,PNPLA7,0.2238030087163034,6.0683146385782525,0.1880124743100424,0.03534869049618436,0.13681464474881488,0.1484802158185937,0.2384675734091747
14468,14468,PNPLA8,-0.11555950455279357,7.9974756429793326,-0.15964927153631767,0.025487889902076892,0.20762531624588304,0.09074788361766266,0.33184192363307974
14469,14469,PNPO,-0.28042212911210324,9.02551967219279,-0.6670582913177809,0.4449667640157977,1.7604319109894854e-09,0.03977517928699188,3.379623495786995e-08
14470,14470,PNPT1,-0.2590756501557743,9.232259534297137,-0.6223542224780625,0.3873247782362737,4.0173288960915605e-08,0.041381694463647034,4.581108859655752e-07
14471,14471,PNRC1,0.12402238812831275,5.763336895435892,0.1673557027152815,0.02800793123132568,0.1862340506254896,0.09278869993220996,0.3044517146189559
14472,14472,PNRC2,0.413039498466889,2.9539268203703086,0.6571369096888727,0.4318289180754417,3.6869466877273733e-09,0.060169921064325935,6.311528104564132e-08
14473,14473,POC1A,-0.31224379846802003,8.8771287662933,-0.6159101766849879,0.3793453457441332,6.058122457693832e-08,0.050723078619596886,6.517071128731243e-07
14474,14474,POC1B,-0.209386404095487,8.650557279552277,-0.7055275049005161,0.4977690601711478,7.531521151873984e-11,0.026711016549618823,2.6317691859995207e-09
14475,14475,POC5,-0.357752121421878,9.356655911857287,-0.6161161339335696,0.37959909049324825,5.979959395766343e-08,0.058084466439237176,6.449078302407648e-07
14476,14476,PODN,0.2967260945381485,5.44924727721563,0.2341564675959811,0.05482925131702773,0.06255887987143477,0.1564619988424548,0.1262333300148807
14477,14477,PODNL1,0.15915079113163408,6.095349013479559,0.16441599433981935,0.02703261919475151,0.19419822647214488,0.12126013127568425,0.3149612488207233
14478,14478,PODXL,-0.15238647559413762,8.167484988721428,-0.3983511667222643,0.1586836520289892,0.0011138644694095171,0.04456194625472011,0.003734438006667145
14479,14479,PODXL2,-0.1727340078706584,7.897372794457938,-0.3224825505433377,0.10399499540493637,0.009353795483659428,0.06439186484141425,0.024680935932575233
14480,14480,POF1B,-0.1866042740282623,8.360199912382875,-0.35226795083130985,0.12409270918289013,0.004307435296226629,0.06296245877902203,0.012435343466176198
14481,14481,POFUT1,-0.4268266293939323,9.273248696952553,-0.35334716547824563,0.1248542193515107,0.004182240342333945,0.14351399431592138,0.012120772833677943
14482,14482,POFUT2,0.05751527816865196,6.708687593836412,0.03961721160739598,0.0015695234555451907,0.7559426694977911,0.18423086415731207,0.8417564625759866
14483,14483,POGK,-0.21249987486905988,8.237922846059519,-0.1975103759869148,0.03901034862249245,0.11772476742107453,0.1339467786811041,0.2118087270275315
14484,14484,POGLUT1,-0.08356842266790343,7.579845088784559,-0.17166728239076048,0.029469655843429105,0.17498334632488532,0.06090646410424394,0.28994294625949896
14485,14485,POGZ,0.12750539884231846,6.1845435302428875,0.1574860878947826,0.024801867880403197,0.21393051423079806,0.10153995459810132,0.339133556637702
14486,14486,POLA1,-0.2055152459013056,8.410068836285491,-0.5283828881448731,0.2791884764843175,7.20189774467427e-06,0.04193825117125883,4.213917742797117e-05
14487,14487,POLA2,-0.3944030053999875,9.218654187415416,-0.41291084198127415,0.17049536342568475,0.0006967787928455032,0.11048351770403764,0.002457450286493383
14488,14488,POLB,-0.6946565966639405,10.933284263701847,-0.7134148722570035,0.5089607799574767,3.7061955629305255e-11,0.08665432656590549,1.4958858604793645e-09
14489,14489,POLD1,-0.29037071255349456,8.88859607060373,-0.5842791177659094,0.34138208745730936,4.006454058493025e-07,0.05122162706414176,3.2975964514126363e-06
14490,14490,POLD2,-0.2816253750208957,9.313681878823276,-0.7419695682592793,0.5505188402228613,2.3029465929553257e-12,0.0323180829686121,1.8818984328470786e-10
14491,14491,POLD3,-0.1896998436500592,8.206826497568636,-0.17309104137872405,0.029960508605571156,0.17137915148778554,0.1370854130684107,0.28543420438917055
14492,14492,POLD4,0.32563282363769697,4.201703154413094,0.5983235563675552,0.35799107810431896,1.775790082602025e-07,0.055381760917989215,1.6266808053615418e-06
14493,14493,POLDIP2,-0.3683235347880663,10.1432890173341,-0.4595591176434883,0.2111945826092615,0.00013342227834587398,0.0904018213714527,0.0005614573333812478
14494,14494,POLDIP3,-0.32218399975091594,9.035451940242275,-0.16381339184446805,0.026834827347589237,0.19586045154665102,0.24640640944068445,0.3170160758085603
14495,14495,POLE,-0.07198915181446487,7.5039527243111985,-0.08996669338512082,0.008094005918652343,0.4795765463512765,0.10121029960560032,0.6167999676036562
14496,14496,POLE2,-0.16005368507724424,8.053924505195074,-0.6858343611929443,0.470368770992934,4.014342180078475e-10,0.0215693662760978,1.0324296901377597e-08
14497,14497,POLE3,-0.2764243005812626,9.324940970335794,-0.5964187586758203,0.3557153357004064,1.987502458355089e-07,0.047246318920683913,1.7963007402203444e-06
14498,14498,POLE4,-0.10213074705404653,7.668915551348933,-0.1244270265734044,0.01548208494189868,0.32727818468559433,0.10343267403832056,0.46882378047010287
14499,14499,POLG,-0.5874904751008571,10.480932703135071,-0.4974242320468062,0.2474308666273549,2.8941906755818732e-05,0.13012215520144998,0.00014517882575799273
14500,14500,POLG2,-0.3082042561673626,8.9502816772869,-0.5867694493103164,0.3442983866439319,3.4778854536770937e-07,0.054016746113291984,2.923664965037945e-06
14501,14501,POLH,-0.46068555815254,9.214575584379766,-0.5917564060556388,0.3501756441078861,2.6104364651970353e-07,0.07970100130867575,2.270754336014033e-06
14502,14502,POLI,-0.22908570186474525,7.9635505204482175,-0.4635057944560129,0.21483762149429966,0.00011471666238450871,0.05561945287990838,0.0004909966641356474
14503,14503,POLK,-0.13535649110738796,7.653713107791848,-0.14290564268766112,0.020422022711973468,0.2599513680468923,0.11905657144503205,0.3943982957370877
14504,14504,POLL,-0.38521562492165656,9.423763932251962,-0.4978115750245961,0.2478163642284691,2.846598044557076e-05,0.08523245533907027,0.0001429902126070134
14505,14505,POLM,-0.2451179497533107,8.439968448205029,-0.5239776891725119,0.2745526187505655,8.852098806315629e-06,0.050602204108041685,5.045859427501051e-05
14506,14506,POLN,0.1893682215941372,6.0698972523477295,0.18255908602812984,0.03332781989142612,0.14878033729230206,0.12952315455022642,0.25529621268342323
14507,14507,POLQ,-0.3184431143468948,8.6441429544813,-0.538516873152162,0.29000042266958176,4.430916946016319e-06,0.06327989466007268,2.7415080216642727e-05
14508,14508,POLR1A,-0.2945058634078876,8.802650798602292,-0.4588728965085992,0.21056433515019155,0.0001369472909480139,0.07242092469279242,0.0005747274390463645
14509,14509,POLR1B,-0.4191401303940119,9.538619186476136,-0.6504677085041459,0.4231082398066345,5.968610662371289e-09,0.062156253011629324,9.420573170091126e-08
14510,14510,POLR1C,-0.2589090218414967,8.947100048698191,-0.7107284912263506,0.5051349882408848,4.731077830808549e-11,0.03254550301457911,1.8133007155072413e-09
14511,14511,POLR1D,-0.3838872078228005,10.601793966559747,-0.7690641345943962,0.5914596431194274,1.1527719904435756e-13,0.04051937326242405,2.0461702830373465e-11
14512,14512,POLR1E,-0.4328245006661763,9.231791767720578,-0.6815613793825871,0.4645259138658948,5.673775840946797e-10,0.059017423789283686,1.3591329185365365e-08
14513,14513,POLR2A,-0.2872266821643485,8.396370241557182,-0.1792398794535127,0.032126934386509765,0.15643515675484582,0.20021817379956594,0.2655902249726528
14514,14514,POLR2B,-0.4480217623299029,10.448038807530773,-0.3735883163945367,0.13956823014650446,0.0023601225026923093,0.14127593765929564,0.007279369433955556
14515,14515,POLR2C,-0.5994918005251455,11.806919403510827,-0.5421322122899723,0.2939073356024196,3.7116343647508074e-06,0.1180084319517164,2.335816395486159e-05
14516,14516,POLR2D,-0.2973792393673884,8.953754847803264,-0.6393781602895314,0.40880443185522575,1.2959063573587826e-08,0.04541743347555785,1.7954479954321456e-07
14517,14517,POLR2E,-0.27042327893832985,9.451555920284212,-0.4788942726867398,0.22933972441216155,6.252564898250519e-05,0.0629564271331469,0.0002871062189813719
14518,14518,POLR2F,-0.3861533966830769,9.656821099518169,-0.3036879092130857,0.0922263462022154,0.014706106114697574,0.1538598483450218,0.036621518849330265
14519,14519,POLR2G,-0.271939110213439,9.608821456740028,-0.507472656186319,0.2575284967767979,1.8701117910536193e-05,0.058641230650093384,9.793777711067988e-05
14520,14520,POLR2H,-0.3744360878566753,10.460665519911217,-0.4482252777731201,0.20090589963479066,0.00020381744782896756,0.0948384552385927,0.0008174970981174834
14521,14521,POLR2I,-0.34379215555898635,10.162942931664094,-0.6589578249187604,0.4342254150216637,3.2258033402529268e-09,0.04983841431660343,5.633449301062672e-08
14522,14522,POLR2J,-0.15694159539943392,8.68453991076696,-0.15558133381273725,0.024205551430950385,0.21959298968202576,0.12655050993600256,0.34622740228252014
14523,14523,POLR2J2,0.3749043466171913,4.605764389942209,0.4597656841619908,0.21138448433294346,0.00013237762096037607,0.09196461057364276,0.0005573862301957892
14524,14524,POLR2J4,0.051507475868449774,6.766466323421088,0.04605656965131951,0.0021212076080468455,0.7178135117100175,0.1418801801794009,0.8140056344826366
14525,14525,POLR2K,-0.22011920811042213,8.97059091676083,-0.42587217927355603,0.1813671130792078,0.0004506765308090002,0.05939192758833611,0.0016611745148372595
14526,14526,POLR2L,-0.3353956580888326,9.737499464387213,-0.4108474979221932,0.16879566654892653,0.0007456372348813272,0.09452242265026513,0.0026102124670797193
14527,14527,POLR3A,-0.3237761445589457,8.710739069223308,-0.2672267193354891,0.07141011952680826,0.03278833074885352,0.14827949416030894,0.07325952356236308
14528,14528,POLR3B,-0.41299284959719057,8.869914798699602,-0.26456541681740875,0.06999485977576922,0.03463409109284571,0.19118608863838396,0.07686013964086634
14529,14529,POLR3C,-0.3435872613038273,9.46896371777184,-0.7040537383698776,0.4956916665126001,8.57651307687168e-11,0.044013253432409916,2.952693015574821e-09
14530,14530,POLR3D,-0.35299555011403194,9.171279894379802,-0.6224051938626076,0.3873882253471502,4.00414795956708e-08,0.056375816872080715,4.568483881160439e-07
14531,14531,POLR3E,-0.10184152094309992,7.452242191659188,-0.1042128642511016,0.01086032107541853,0.4124977268160964,0.12343448553348922,0.5539620635164383
14532,14532,POLR3F,-0.4680619580441364,9.826270578399619,-0.4470407828553721,0.19984546153594396,0.0002128649629249633,0.11894530158436795,0.0008490799969021088
14533,14533,POLR3G,-0.4510841038652565,8.675189577983327,-0.6007913281977281,0.3609502200375902,1.5330075519574382e-07,0.07622639263009634,1.4396044465584704e-06
14534,14534,POLR3GL,-0.05204733168625593,7.415664359627139,-0.07984649733741886,0.006375463137054437,0.5305380375249211,0.08251975102126499,0.6621929637388129
14535,14535,POLR3H,-0.545086039262554,10.211693115724753,-0.4127905802976096,0.17039606318243725,0.0006995448216212874,0.15274775575822794,0.0024651982281869776
14536,14536,POLR3K,-0.541292700909431,10.276906510933213,-0.5838780034418586,0.34091352290325105,4.0983510660506746e-07,0.09558404652994648,3.3588814111805723e-06
14537,14537,POLRMT,-0.3762833708410301,9.040448840344453,-0.34526922773177954,0.11921083961849945,0.005202826229444207,0.1298964518475585,0.014723980493552823
14538,14538,POM121,-0.10769209054704804,7.565138773189839,-0.11469028251761038,0.013153860903969285,0.36683309054790747,0.11846391020911475,0.510098926078144
14539,14539,POM121C,-0.3864461403083577,9.708033464482284,-0.4718776257489736,0.2226684936824884,8.275494903963056e-05,0.09169948128946777,0.00036790359709570924
14540,14540,POM121L10P,0.1896578071296585,6.1378465088158665,0.15445822477710228,0.023857343201293853,0.22298054388304603,0.15407085291991898,0.3502570490198289
14541,14541,POM121L12,0.034403070118415466,6.801925547637844,0.03097395388727764,0.0009593858194112015,0.8080316394662714,0.1409925873747062,0.8777686569357225
14542,14542,POM121L2,0.3066755244215573,5.471541910698528,0.3125190847652576,0.09766817834251423,0.011930384512902544,0.11838314266501156,0.030505664969524688
14543,14543,POM121L8P,-0.060315564811298975,7.228662804272858,-0.05063635065901894,0.002564040008063128,0.6911006265791989,0.15108232736145374,0.7925804369368845
14544,14544,POM121L9P,0.17263589264740214,6.426731164160852,0.11672855184642746,0.0136255548161641,0.3583211544328145,0.18654304362434904,0.5008678414176735
14545,14545,POMC,0.2589817410709043,5.708414767780032,0.4090283325010928,0.1673041767886245,0.0007912655288167443,0.07337753240660243,0.0027517030715475507
14546,14546,POMGNT1,-0.5644104100897874,10.005368132433727,-0.6506098380792287,0.4232931614054802,5.908380688813316e-09,0.08366736568075335,9.359618421086491e-08
14547,14547,POMGNT2,-0.4154017929763657,9.643283617049887,-0.6709986751950896,0.4502392221135654,1.3023355233034204e-09,0.05829586293797453,2.633247036147112e-08
14548,14548,POMK,0.07077653774488478,6.687751543032423,0.11572607615636507,0.013392524702548808,0.3624922969895865,0.07714973559374687,0.5052958282143223
14549,14549,POMP,-0.3161296634602617,9.861971603345976,-0.4876684752437861,0.2378205417465992,4.3657104160278024e-05,0.0718742526794253,0.00020929700920762026
14550,14550,POMT1,0.27866453985163936,5.275551076898283,0.32980559256523057,0.10877172888730287,0.007782732186032716,0.10130300421357784,0.021001254266484543
14551,14551,POMT2,-0.03648099099435604,7.2449553071963635,-0.026904361878369684,0.0007238446880822719,0.8328631221672613,0.17214358726643786,0.895069524095883
14552,14552,POMZP3,-0.1268395171660411,7.822621085856214,-0.5268268471423828,0.2775465268699836,7.748884880726989e-06,0.02598937158278745,4.4890878034281145e-05
14553,14553,PON1,0.06167752089431895,6.795012904814099,0.05635280815514121,0.003175638986970151,0.658280183423396,0.13877934176656526,0.7666894730292928
14554,14554,PON2,0.12902677413457486,5.943202609836061,0.13861869469654714,0.019215142519374555,0.2746674274604652,0.11707092927736222,0.41150706667056686
14555,14555,PON3,0.05057655310254276,6.700852019957401,0.13711826689793585,0.018801419117093567,0.2799466251086154,0.04640198117355709,0.41734314147206836
14556,14556,POP1,-0.2593298531106742,8.334375385870603,-0.4805877389171548,0.2309645747975033,5.838196529337926e-05,0.0600976037126517,0.00027031461587088474
14557,14557,POP4,-0.3024470369934292,9.205283188174462,-0.22052983815132474,0.048633409515049485,0.07992937081927416,0.16988697317528692,0.15481847272731503
14558,14558,POP5,-0.37204454875454973,10.346100388988203,-0.6252563980751749,0.3909455633339416,3.328605278145919e-08,0.058975144271047275,3.887861235072809e-07
14559,14559,POP7,-0.3339889551475752,9.68475862935346,-0.6666318110345624,0.4443979714832205,1.8183140907802862e-09,0.047427708047364237,3.469439345320984e-08
14560,14560,POPDC2,0.19404256371554685,6.2549244242295865,0.24303816392925476,0.0590675491261033,0.052977150195184994,0.09835714340153187,0.10983438846115186
14561,14561,POPDC3,0.05415750891675703,6.830503261431772,0.10299117276225844,0.010607181666945366,0.4180279978670379,0.06642739299300891,0.5591592341027932
14562,14562,POR,-0.18457300984657454,8.40095161809142,-0.28482309789019233,0.08112419709176609,0.022539704343538004,0.07889065311288614,0.053169640257006046
14563,14563,PORCN,-0.3342490590637355,8.91892377214609,-0.3473342276104079,0.12064106566971865,0.004922971049875066,0.11460666010426487,0.014012478717802913
14564,14564,POSTN,0.2211498362985384,5.747692594691726,0.7644759593951093,0.5844234924930728,1.9683737790625725e-13,0.02368385749755237,3.134201043058824e-11
14565,14565,POT1,-0.2248259691635027,8.615025322990661,-0.6321203208782026,0.39957610006716177,2.1169763856168185e-08,0.0350009524917185,2.6680492528983763e-07
14566,14566,POTEKP,-0.20056771724909647,8.251777016576797,-0.20086424308709805,0.0403464441509528,0.1114947749636368,0.1242280856328428,0.2028412460587713
14567,14567,POTEM,0.009528397714388905,6.978083045085769,0.008243114275696732,6.794893296219526e-05,0.9484556471885208,0.14679726204218554,0.9691052089623534
14568,14568,POU1F1,0.001635701237790133,7.01109606995564,0.0009225103544532254,8.510253540734157e-07,0.9942276540929622,0.2251835716936297,0.9962980032106941
14569,14569,POU2F1,-0.05488808758604878,7.308943402149175,-0.036370804159671234,0.0013228353952211588,0.7753943008547732,0.1915322501885173,0.8546426215203398
14570,14570,POU2F2,0.4238414855091207,4.84573322026457,0.37111408444279537,0.13772566367181424,0.002536056025168632,0.1346861415907497,0.007760109258870528
14571,14571,POU2F3,-0.3514705193058945,8.201415123967829,-0.31820550535480513,0.10125474363810692,0.010393573342987466,0.13298531143397327,0.027076073954707482
14572,14572,POU3F1,0.111540944166815,6.559672558308451,0.11701515280059392,0.013692545984946344,0.3571340891629208,0.12022714252138518,0.49978924006869907
14573,14573,POU3F2,0.016485660907646187,6.955444631867183,0.01369049154519672,0.00018742955874910292,0.9144952179665702,0.15291524077068153,0.948256748949726
14574,14574,POU3F3,0.03920396787388322,6.873957471908553,0.02367830860260507,0.0005606622982802012,0.8526651132646967,0.2102140420369311,0.9079246215148256
14575,14575,POU3F4,0.28519915042967325,6.011007077409621,0.3410282111650044,0.1163002408104028,0.005821894509423779,0.09984226943742294,0.0162256274905498
14576,14576,POU4F1,-0.37778427551905297,8.26218562099101,-0.18059885541330345,0.03261594657659527,0.15326657384078818,0.2612958433619651,0.2612758920351309
14577,14577,POU4F2,-0.15796617279138614,7.511895635656339,-0.1063667319234474,0.011313881660074522,0.4028514758416613,0.18753902497191285,0.5449618134277346
14578,14578,POU4F3,0.06528754672901238,6.781564110952883,0.0768319328202521,0.0059031459008957315,0.5462199224083228,0.107598717781397,0.67562235924153
14579,14579,POU5F1B,0.03784255549646983,6.7613518864931335,0.03594416000792789,0.0012919826386755227,0.7779611824840951,0.13362125333425642,0.8561922946582028
14580,14580,POU5F1P3,-0.06570288210879817,7.340403513150372,-0.07166035299568263,0.005135206191465839,0.5736336575061076,0.1161426320613616,0.6984165553409851
14581,14581,POU5F1P4,-0.1381524168424483,7.671030453359243,-0.13888494978107238,0.019289029275691,0.2737375949112016,0.12510595221780868,0.41051160788102986
14582,14582,POU5F2,0.2125673325020223,6.217775456830513,0.22834068626878204,0.052139469005698345,0.06955780605138083,0.11510378255319292,0.137710211194245
14583,14583,POU6F1,0.4993563925233746,4.730558489917029,0.35600470703785403,0.12673935143310827,0.0038875760036165274,0.16646808134001825,0.011334267882380494
14584,14584,POU6F2,-0.04339862538910203,7.170588386756961,-0.058662532556667785,0.0034412927259621084,0.6451949709037724,0.09379307294666034,0.756166969471299
14585,14585,POU6F2-AS2,-0.04883447569584599,7.165221326563613,-0.16941847654337294,0.02870262019427742,0.18078803513833855,0.03607829630649918,0.2976137192510109
14586,14586,PP12613,0.1047226385580136,6.627178583780568,0.16898153588633388,0.028554759470504343,0.18193187759308452,0.07757372398348493,0.299099211150793
14587,14587,PP12708,-0.8173756394945898,9.382797345340595,-0.3451521710364475,0.11913002117117312,0.005219101858637901,0.2822741708511944,0.01476223233396078
14588,14588,PP12719,0.293110556167767,5.765145382216778,0.3082656977144857,0.09502774038739872,0.013204869077232015,0.11487566723748265,0.03326951016491673
14589,14589,PP13,0.14467764979942535,6.066924534131534,0.20119506240694107,0.04047945313693292,0.11089428247608334,0.08945722492767555,0.2019353924503519
14590,14590,PP13439,0.2658624299639061,5.9996369209676805,0.28669762478065003,0.08219552805486638,0.021628924962712237,0.1128267594859778,0.05123885461848085
14591,14591,PP14571,0.090300741477928,6.618819416301948,0.20347577554489454,0.04140239123359631,0.10682195561611467,0.05518244382423712,0.19608624640730382
14592,14592,PP2672,-0.03682764331523152,7.167976955325978,-0.032765114682396665,0.0010735527401506057,0.7971604665512579,0.14267015953649534,0.8696916672460825
14593,14593,PP2D1,-0.3140006738916897,7.944861529697045,-0.18157961730617864,0.0329711574210583,0.15100959153156673,0.2159669786979283,0.2582415466016013
14594,14594,PP7080,0.07251429814364592,6.494333748747323,0.5178307923266786,0.2681487294816757,1.1748944894771447e-05,0.015214277976173366,6.500342404094933e-05
14595,14595,PPA1,-0.2531456245319937,10.095465762692807,-0.7465469627930255,0.557332367655491,1.4259674876542369e-12,0.028652091634489143,1.3140138700064894e-10
14596,14596,PPA2,-0.3608293856728063,9.437776651145004,-0.3017277826737797,0.09103965483723564,0.015392455738798654,0.14479821940927204,0.03809848314363754
14597,14597,PPAP2A,0.2253450171864268,4.9604932268524085,0.8329571204638355,0.6938175645314046,1.3989833854514332e-17,0.019011641060227957,2.5245821009958985e-14
14598,14598,PPAP2B,0.19774164418382825,5.48131595381608,0.6325544878221032,0.4001251800638833,2.0564651770893484e-08,0.03074926017579337,2.6057784324090017e-07
14599,14599,PPAP2C,-0.27697392310171803,9.200906462137075,-0.7229112339522604,0.5226006521743798,1.5284314426584997e-11,0.0336200979760781,7.679392782081162e-10
14600,14600,PPAPDC1A,-0.03211117296758098,7.1302123499045535,-0.022027532329084814,0.0004852121805088767,0.8628337791608174,0.18509261439572744,0.9151075270705995
14601,14601,PPAPDC1B,-0.1177849587310046,7.940622936330389,-0.1470246360711878,0.02161624361186521,0.24632239699978226,0.10063718798007744,0.3783326127406401
14602,14602,PPAPDC2,0.2530095187414269,5.098828828013821,0.4833269643875338,0.2336049545040683,5.221282319054559e-05,0.05820044902635128,0.0002446275824732291
14603,14603,PPAPDC3,0.28591805495674083,5.651720722271852,0.35870045476648305,0.12866601624968174,0.003607616626308872,0.09449441377269158,0.01060588352466992
14604,14604,PPARA,0.13371718905394214,6.228673829329032,0.10996304317558207,0.012091870864434928,0.3870424109430175,0.15349807132873228,0.5297727089664468
14605,14605,PPARD,0.6718254905138713,3.2071588681413785,0.6727273868722552,0.4525621370479729,1.1393836491130876e-09,0.0938402034528738,2.3770089519791822e-08
14606,14606,PPARG,-0.1128277538535736,8.09489118860744,-0.24312583545976396,0.059110171868008224,0.05288890283171371,0.057168707467971126,0.10969343844658179
14607,14607,PPARGC1A,0.4674739899828635,4.721316391165954,0.6645523896835558,0.44162987863412456,2.127388483684374e-09,0.06675648613776836,3.9408552279029185e-08
14608,14608,PPARGC1B,0.5262907316320827,4.003943742641211,0.6789383125913683,0.4609572323044145,6.996329687350815e-10,0.07227883970127598,1.603233009307745e-08
14609,14609,PPAT,-0.2241610945404584,8.429196273133257,-0.6498514139311597,0.4223068601883275,6.23657761337687e-09,0.03329652654042139,9.765226913787137e-08
14610,14610,PPBP,-0.1169631638145515,7.454285099557898,-0.2972456863628579,0.0883549980613265,0.01706595437022805,0.04771452220827189,0.04171613521698707
14611,14611,PPBPP2,0.005050910829090367,6.998268098333608,0.004030504834907138,1.6244969224209814e-05,0.9747841452360506,0.15915155364264574,0.9855245653432315
14612,14612,PPCDC,-0.23784782708675334,8.451378051751517,-0.3763807397042973,0.14166246122035395,0.002174723639127132,0.07435411438928595,0.006762441183988805
14613,14613,PPCS,-0.2284443598914807,9.101201155542322,-0.16914531013212528,0.028610135939692843,0.18150253012629386,0.1690524302671021,0.298574695372599
14614,14614,PPDPF,0.045658221243111086,6.612742327093683,0.07656973145189135,0.005862923774614759,0.5475944215869537,0.07550733721933342,0.6768814156234725
14615,14615,PPEF1,0.11626327839848437,6.6259494393509435,0.13735000790864998,0.01886502467250621,0.27912689116431205,0.10648352276826713,0.4164594755520999
14616,14616,PPEF2,0.2701624350239573,6.212698328244199,0.14047546114048606,0.0197333551826322,0.26822685869626123,0.2418247589221275,0.40406626956991565
14617,14617,PPFIA1,-0.15515060954828666,8.027854567153646,-0.14821669643196075,0.02196818910120401,0.24247097009635502,0.1314731300628564,0.37387559508947366
14618,14618,PPFIA2,0.6733999295339802,4.588318374894077,0.4557077438144149,0.2076695477724244,0.00015434075276499662,0.16704904115650876,0.000639297819649197
14619,14619,PPFIA3,-0.02151487357170235,7.152476527503152,-0.024545155409059743,0.0006024646540548947,0.8473348395621642,0.11128747900617793,0.904160636184028
14620,14620,PPFIA4,-3.380745595997348e-05,7.015838796830637,-2.9382748711854804e-05,8.633459218640048e-10,0.9998161442520566,0.1461248993660109,0.9998623166056287
14621,14621,PPFIBP1,-0.5942756068162203,9.89107145491522,-0.6089672442792076,0.3708411046050121,9.335018786084788e-08,0.098305608791093,9.436404363615667e-07
14622,14622,PPFIBP2,0.2628173856454698,4.774225894551017,0.2944592294534845,0.08670623781033984,0.018182961693208183,0.1083274002291327,0.04409811126289878
14623,14623,PPHLN1,-0.456161353363566,9.494390976293328,-0.4962059829280223,0.2462203774935647,3.0487274939559253e-05,0.1013637907342831,0.00015194521031442019
14624,14624,PPIA,-0.041968061170150985,7.412073771199986,-0.0359682160704893,0.0012937125672934048,0.7778163872907325,0.1480890867995136,0.8560921914501048
14625,14625,PPIB,-0.3444408936538711,10.896850108067502,-0.5300758952770861,0.28098045475380434,6.6477875870873275e-06,0.06997632895087763,3.9321999507887485e-05
14626,14626,PPIC,0.1955353786476666,5.2089650616210825,0.2675971108354439,0.07160821372747685,0.0325380799583264,0.08941568882025358,0.07278298951529369
14627,14627,PPID,-0.1967008406749245,8.665007208773048,-0.4601360680222181,0.2117252010949473,0.00013052330017169732,0.048201762162557664,0.0005505418903813996
14628,14628,PPIE,-0.3639316378641099,9.57548300369401,-0.4737570554182463,0.22444574755856725,7.681491989437606e-05,0.08591606308497571,0.00034426334045786273
14629,14629,PPIEL,0.24329041825936884,5.7746097910164975,0.2259991060161991,0.05107559592012119,0.07254710318564167,0.1331797658393406,0.14274100667681905
14630,14630,PPIF,-0.11153255537495367,8.011840068215237,-0.13570381457899422,0.018415525291290043,0.28498451999068863,0.1034135846832438,0.4229262459154579
14631,14631,PPIG,-0.3006887635356165,9.296067385900779,-0.3719642125333839,0.1383573754055804,0.0024743297822061487,0.09529799959459133,0.007594842159273445
14632,14632,PPIH,-0.27810075540186313,9.470326779494927,-0.6240554495889176,0.3894452041616261,3.5988335825648147e-08,0.04422272163580248,4.157282236964731e-07
14633,14633,PPIL1,-0.2032092686182108,8.643999987372649,-0.7129968732369476,0.5083645412456639,3.8503994964857725e-11,0.025379417022203175,1.541227377012928e-09
14634,14634,PPIL2,-0.14533230774199046,7.903045699584747,-0.07906461646238454,0.0062512135763439685,0.5345838968247801,0.23271397378143846,0.6656937484612199
14635,14635,PPIL3,-0.2233028098222744,9.110221138996398,-0.5171200914607632,0.2674131889923881,1.2135596278215939e-05,0.046939286016165226,6.685228628968867e-05
14636,14636,PPIL4,-0.1187101166253878,7.714776539705462,-0.2627816769078129,0.06905420971848218,0.03591904521843694,0.055355273821979294,0.07908184123631823
14637,14637,PPIL6,-0.4138653659843549,8.674715127599512,-0.23004174295483734,0.05291920350169947,0.06744872129649804,0.2223566413393744,0.13425645642068204
14638,14638,PPIP5K1,-0.2971789778395375,8.73384394977223,-0.2942046039281799,0.0865563489725372,0.01828807825541561,0.12260654546319252,0.04431334168300605
14639,14639,PPIP5K2,0.14074675638504805,5.933556374028959,0.2719152839412005,0.0739379216408237,0.029736461317645107,0.06325996993699554,0.06738625678459657
14640,14640,PPL,-0.2804677094330534,9.004536061335134,-0.6736302579192296,0.4537777243843278,1.0621754928175115e-09,0.03907960272104581,2.248427204004224e-08
14641,14641,PPM1A,0.4318912188036493,4.074268193279229,0.5589808632891097,0.3124596055234383,1.5811913199686986e-06,0.08136370167193052,1.0919516643850233e-05
14642,14642,PPM1B,0.2653980026558194,4.853012690880269,0.35162264896935697,0.12363848726822765,0.0043838672531166314,0.08973598042794319,0.012625700939784634
14643,14643,PPM1D,0.08905547688671098,6.43915392457769,0.07790074177829746,0.00606852556960898,0.5406343845530021,0.1447442823982409,0.6705752457813757
14644,14644,PPM1E,0.20717362349240775,6.346352387700572,0.12542092022152396,0.015730407229213875,0.3233985273186287,0.208125679429682,0.4647727043459587
14645,14645,PPM1F,-0.3446773657089713,8.905854441119269,-0.18417954355245367,0.0339221042631902,0.14514616594316948,0.2336047131157078,0.2502300950162674
14646,14646,PPM1G,-0.42892431265653774,10.559836245279778,-0.644977323022463,0.4159957472132226,8.795836987616076e-09,0.06454288569605515,1.3001627984083695e-07
14647,14647,PPM1H,-0.2605663400476056,8.389388198076386,-0.7341432961068152,0.5389663792185789,5.1085121666790886e-12,0.030606095528283167,3.2924056836141564e-10
14648,14648,PPM1J,-0.03901691854065949,7.202059421202153,-0.04811391898097793,0.0023149491997081087,0.7057694890098224,0.10286866933787013,0.8041798623787269
14649,14649,PPM1K,0.4696964051140741,5.064368454933441,0.466068245435119,0.2172196094029703,0.00010389708749394564,0.11323791026016093,0.00045024843499727696
14650,14650,PPM1L,0.0678978988611658,6.709879172706032,0.07782310147111364,0.00605643512258325,0.541039188372447,0.11046706584668016,0.670877440689724
14651,14651,PPM1M,0.04722434366825582,6.752587040409835,0.06897740895278566,0.004757882945839835,0.588101599105178,0.08674163072850151,0.7100249496560259
14652,14652,PPM1N,-0.012571327101373613,7.072384932010809,-0.01191946856863694,0.0001420737309587239,0.9255225165991954,0.13393606523529505,0.9558009488747949
14653,14653,PPME1,-0.6059617736163624,11.05039335621494,-0.4729922660920984,0.22372168378293844,7.9182954020824e-05,0.14335210391703931,0.0003535478081074111
14654,14654,PPOX,-0.6087347211670929,9.742311646310274,-0.4776457128901623,0.22814542704235136,6.575278306095403e-05,0.14219819568804892,0.00030058613409013286
14655,14655,PPP1CA,0.12037482378471935,5.764181683871667,0.12224052150609625,0.014942745098082381,0.33591646898960903,0.12412388565061308,0.4780044116158486
14656,14656,PPP1CB,0.4150239464060248,2.880932287381423,0.6003912611300609,0.360469666441345,1.5701153792642041e-07,0.07020588572210752,1.4680849973215173e-06
14657,14657,PPP1CC,0.3039686580333207,3.460751434478476,0.3106902685009038,0.09652844294116372,0.012464705172590051,0.11810344159370975,0.03169600640117867
14658,14658,PPP1R10,-0.05838574465119083,7.419637616866137,-0.066089118816922,0.004367771625997234,0.6038581757399722,0.11195164787066482,0.7227008287636288
14659,14659,PPP1R11,-0.034202896598289206,7.246590642414362,-0.02381755232789667,0.0005672757988920961,0.8518084492204251,0.18232519944823306,0.9072354892715082
14660,14660,PPP1R12A,-0.15485660559456732,8.219074785150418,-0.2100793573743778,0.044133336394831545,0.09568133178263416,0.09152698748269546,0.17929899963248033
14661,14661,PPP1R12B,0.3506643694254272,5.291369502721427,0.541132744489086,0.29282464715829043,3.898715365330645e-06,0.06920787886001804,2.44573236489673e-05
14662,14662,PPP1R12C,0.08434827047331413,6.5172458607088615,0.08226076494292425,0.006766833448995036,0.5181418410337559,0.12978162276545518,0.6514005238703781
14663,14663,PPP1R13B,0.4045667705774783,4.377894561514384,0.44218578418066257,0.1955282677314675,0.00025392416182856703,0.10421853928445916,0.0009929085815091403
14664,14664,PPP1R13L,-0.2842087004137981,8.813365803807903,-0.7072742856045029,0.5002369150773599,6.44990690554703e-11,0.03607744241510656,2.3148459697639203e-09
14665,14665,PPP1R14A,0.1986565672196979,6.010107412248298,0.5952690708864272,0.3543452667539903,2.1265680050840594e-07,0.03405602323386301,1.906077406874806e-06
14666,14666,PPP1R14B,-0.320837722673252,9.66765785567696,-0.6817704213258406,0.4648109073948143,5.579302557392741e-10,0.04372250657683666,1.3439354491695195e-08
14667,14667,PPP1R14C,0.013524952287107482,6.912278989357512,0.03860802824546688,0.0014905798450027686,0.7619739167666152,0.04445681626597929,0.8459215199211039
14668,14668,PPP1R14D,0.30703574198761274,4.130246475420746,0.6067779176535945,0.3681794413520322,1.067572254243033e-07,0.05108109509083091,1.0527448618229909e-06
14669,14669,PPP1R15A,-0.11984725468490184,7.788593280818075,-0.2251600573038907,0.050697051405091335,0.0736428823248254,0.06586327317572839,0.14447493416505278
14670,14670,PPP1R15B,0.2661705957715801,4.575289318332387,0.30239406158720594,0.0914421684832069,0.015156131630117137,0.10655338765630806,0.03758120259798909
14671,14671,PPP1R16A,-0.1865518279874803,8.436062254898681,-0.3071187599247424,0.09432193269771154,0.01356800994972825,0.07341490548223525,0.03408365679767712
14672,14672,PPP1R16B,0.2769144815006491,5.683867757782477,0.5925763990638979,0.3511467887275361,2.4889934058778364e-07,0.04780559215537215,2.1803864160309283e-06
14673,14673,PPP1R17,0.10244784299957577,6.567658335156133,0.08698458724384693,0.007566318417982416,0.4943170531693838,0.14901000000089912,0.6306371972654062
14674,14674,PPP1R18,0.08127913629658934,6.4676553462335775,0.2039394555872364,0.041591301545218375,0.1060083561031069,0.04955156243053314,0.19492323608837392
14675,14675,PPP1R1A,0.23410901081866275,5.973821506634782,0.2705580331956631,0.07320164932670553,0.030594368817833614,0.10579240207279426,0.06907737011262505
14676,14676,PPP1R1B,-0.21930686580308087,9.343770327404993,-0.30425739623327314,0.09257256316265096,0.014511698113047882,0.08720094518952884,0.03618733563312435
14677,14677,PPP1R1C,-0.20108809991163987,7.973190392808428,-0.18609692651655127,0.03463206605890668,0.14093224357708034,0.13483348496469807,0.24436606090653176
14678,14678,PPP1R2,-0.08813946524193117,7.5888083680795075,-0.07161916931483248,0.005129305413346642,0.5738544938090802,0.15589371485041464,0.6985676015197949
14679,14679,PPP1R21,-0.03965494893974268,7.2804214537382,-0.0690273983707203,0.00476478172583012,0.5878305299414652,0.07278517206416317,0.7097953677864631
14680,14680,PPP1R26,-0.4337318754207963,10.130178174098523,-0.458106556142086,0.20986161678036214,0.00014098486405384435,0.10688347566428194,0.0005896151469845499
14681,14681,PPP1R26-AS1,-0.4297078836951714,8.925160045456488,-0.3106076690443453,0.09647712406916154,0.012489318289779035,0.16700707846849022,0.031739958639263585
14682,14682,PPP1R27,0.06190638087415665,6.656395895372522,0.049748513851107415,0.002474914630393825,0.6962511635384058,0.15784156274149544,0.7965616518609561
14683,14683,PPP1R2P9,0.12600100144056733,6.454058359722581,0.19005542869178224,0.036121065975217116,0.13252366256386974,0.08266261069033813,0.23247581333938952
14684,14684,PPP1R32,0.02222423843277967,6.919378646839057,0.02490154104754804,0.0006200867465427201,0.8451453714462376,0.11331049234243325,0.9027584974433125
14685,14685,PPP1R35,-0.33166967326211777,9.515537368720663,-0.6013675114107525,0.3616428837803615,1.4810147931861253e-07,0.05596310576851173,1.3974455488647296e-06
14686,14686,PPP1R36,0.05000838247581355,6.62227850370839,0.07789954039455818,0.0060683383936834,0.5406406472453031,0.08128124178991275,0.6705752457813757
14687,14687,PPP1R37,-0.30957405762422313,8.44421481791062,-0.2638669924422001,0.0696257897004921,0.03513257740881701,0.14371843503914492,0.07775124821542488
14688,14688,PPP1R3A,-0.04424076511976822,7.147120447153399,-0.01882898825650346,0.00035453079876354514,0.8825983797867348,0.2983477733192476,0.9278462116897259
14689,14689,PPP1R3B,0.20640778584035446,5.804510114680187,0.43897928112450335,0.19270280925658576,0.00028488559912716674,0.05365410168994985,0.0011022329192601028
14690,14690,PPP1R3C,0.4315610116799479,5.092948016595012,0.7071386974080398,0.5000451373719392,6.528255980452404e-11,0.05480335570945279,2.3328281065461518e-09
14691,14691,PPP1R3D,-0.015709399416731402,7.107759191309989,-0.01951378883105159,0.00038078795454287383,0.8783603999476046,0.10222083716875432,0.9250507956845334
14692,14692,PPP1R3E,-0.17937541975433294,7.996663046922962,-0.2194330238334997,0.048150851948713234,0.08147913436808453,0.10128593943352364,0.15720159076451093
14693,14693,PPP1R3F,0.3558354646634373,5.024849046335123,0.27322605358929875,0.07465247635998233,0.028927178973997224,0.1591049567013251,0.06576567566214277
14694,14694,PPP1R7,-0.30407626754726075,9.575882073339997,-0.3211778500783018,0.10315521138092013,0.009660931569550014,0.1138674877134798,0.025391010405119548
14695,14695,PPP1R8,-0.2496987896766297,9.20727727501623,-0.39366941478047424,0.15497560813360106,0.001289500714632651,0.07404974042758716,0.004248309443993619
14696,14696,PPP1R9A,-0.31175191529521695,8.759381138113527,-0.4482015889562421,0.20088466434290025,0.00020399488271917432,0.07896681582113015,0.0008180572565340223
14697,14697,PPP1R9B,-0.09018339610466908,7.422315718714786,-0.08724298168912628,0.007611337854009224,0.4930305303766324,0.1307799412900693,0.6294408757991967
14698,14698,PPP2CA,-0.25547992570874195,8.778255024439805,-0.3512684302444307,0.12338951008638648,0.004426329934752919,0.08648188520445302,0.012725992397381102
14699,14699,PPP2CB,0.42191445487498463,3.822845793042084,0.4930489084872514,0.24309722616047005,3.4855073056518847e-05,0.09454936286077212,0.00017130880777097493
14700,14700,PPP2R1A,-0.3206772246026617,10.08677049041895,-0.32882878159775153,0.10812836760706178,0.007977975544276433,0.11696438010889787,0.021472282236493726
14701,14701,PPP2R1B,-0.192821505314777,8.241092649000546,-0.2326557689851467,0.05412870684206993,0.06430803265875817,0.10236743487366527,0.12911092594339035
14702,14702,PPP2R2A,-0.583093690469473,10.79167175681518,-0.4898726385522073,0.23997520200210154,3.982835711517066e-05,0.13178718930050168,0.0001930788165052654
14703,14703,PPP2R2B,0.2306329356269756,6.1205897032114684,0.1589524777271605,0.025265890175603455,0.20964178792767235,0.18192871927648865,0.33437378784516053
14704,14704,PPP2R2C,-0.23891530059491076,7.941318293195209,-0.15848833965341932,0.02511855380609761,0.21099262323318016,0.18902824654191924,0.335835740985999
14705,14705,PPP2R2D,-0.054448473789451036,7.322859801632202,-0.055661522420113074,0.0030982050781247503,0.6622166706799716,0.12403977629970026,0.7700624741621902
14706,14706,PPP2R3A,0.2771524674714394,5.170071012052714,0.7634099558832043,0.5827947607415959,2.225074006591873e-13,0.029781047006514037,3.3932378600526063e-11
14707,14707,PPP2R3C,0.3351488287398096,5.1708833248160975,0.2278364529575749,0.05190944929628925,0.07019303721910528,0.1819045488649122,0.138739523638164
14708,14708,PPP2R4,-0.5171452287715923,11.14514373515664,-0.6088795314339822,0.3707342837992657,9.38552731339613e-08,0.0855662183006243,9.457589296025743e-07
14709,14709,PPP2R5A,0.2806616119310416,5.077941552205248,0.2590335640401029,0.06709838729931808,0.03874854876268489,0.1329073660608363,0.08451000336951771
14710,14710,PPP2R5B,0.2941105668400425,5.164159908710962,0.2906298622453091,0.08446571682872732,0.019819504847547683,0.12297359041377624,0.04755056253862675
14711,14711,PPP2R5C,-0.3846564942540942,9.682357467078958,-0.4488559421891856,0.20147165683854149,0.00019914529739479444,0.09725577820521507,0.0008006853722770653
14712,14712,PPP2R5D,-0.5441017705013453,10.841569413027095,-0.4823382939990384,0.2326502298579028,5.436638257450446e-05,0.12549581260979506,0.0002539482343940669
14713,14713,PPP2R5E,0.37024197144733145,3.9700174455901167,0.5409967008436831,0.29267743032374954,3.924851017565318e-06,0.0730977394168461,2.459989834598465e-05
14714,14714,PPP3CA,-0.07510153903103448,7.700032877248762,-0.0942297944614694,0.008879254164250769,0.45891716348515504,0.1007692512832325,0.5978014422083152
14715,14715,PPP3CB,0.008970574757892126,6.945879258124507,0.010934884431129941,0.00011957169752216794,0.9316592204264612,0.10417997801280064,0.9595301254796451
14716,14716,PPP3CB-AS1,0.39769494169249264,5.008250533452678,0.3846173487859796,0.14793050498715588,0.0017013162637547633,0.1212168129378006,0.005424323276149794
14717,14717,PPP3CC,0.7374632999135091,3.7533309681032985,0.5787157055654353,0.3349118678680996,5.47260076164903e-07,0.13198327423420173,4.336230131485904e-06
14718,14718,PPP3R1,-0.16873582448393093,7.889148446516144,-0.28217957758703577,0.07962531400719794,0.023879233901716042,0.07285648368572467,0.055841551293136935
14719,14719,PPP3R2,-0.1090797929611497,7.3597712637446335,-0.05961098974802378,0.0035534700987389953,0.6398523050094482,0.2319792430926584,0.752021799998893
14720,14720,PPP4C,-0.4998802774717207,11.700318105896475,-0.6021187210000949,0.36254695417879024,1.4157225932788686e-07,0.08418062140595467,1.3467457470001796e-06
14721,14721,PPP4R1,-0.09867553016989736,7.874137228868816,-0.11928361357593928,0.014228580467734004,0.3478238550383885,0.10430879967547414,0.49029494782795896
14722,14722,PPP4R1L,0.2576639582795877,6.0913678255443715,0.1375443288562509,0.01891844240051649,0.2784407513941953,0.2356501371683133,0.41569351750715605
14723,14723,PPP4R2,0.07846355552897763,6.472601573327675,0.07057779287427368,0.004981224847003877,0.5794516058725381,0.14083795299496735,0.7030064486321932
14724,14724,PPP4R4,-0.37475008430928974,8.204221702174223,-0.1533937997924541,0.02352965781476749,0.22622460900440444,0.3065967997533512,0.3542734963834523
14725,14725,PPP5C,-0.5405508477510768,10.49090399063128,-0.37215943107197497,0.1385026421358161,0.002460346043073824,0.1712137556561464,0.00756156593283617
14726,14726,PPP5D1,0.2669492367451656,6.117570944520301,0.18173088057469305,0.033026112954453346,0.15066370712073668,0.1834473661995373,0.25783329996045146
14727,14727,PPP6C,0.4840658008081314,2.7989518249769354,0.5351667441443781,0.2864034440380943,5.211801100366619e-06,0.09703888790283154,3.1560836920704454e-05
14728,14728,PPP6R1,-0.2508379030910419,8.813105771133259,-0.27018430044811786,0.07299955620863882,0.03083421069578612,0.11352125349160826,0.0695608743220386
14729,14729,PPP6R2,0.11092232524848636,6.389635792119974,0.07786835605195849,0.006063480874234581,0.5408032204565983,0.1803605031316344,0.6707384730233469
14730,14730,PPP6R3,0.3912144013551217,4.131918219412588,0.3524534692043406,0.12422344795417507,0.004285681051367519,0.13192097602834754,0.012384097033275103
14731,14731,PPRC1,-0.3077950032469304,9.07456767165706,-0.7325274664717472,0.5365964891355166,6.001052727721777e-12,0.03632632523587295,3.702358883726926e-10
14732,14732,PPT1,-0.3162452886836196,10.146226070208504,-0.4836124237075767,0.23388097636431676,5.1605855558377146e-05,0.07269070713200375,0.00024209809404606954
14733,14733,PPTC7,0.3611742994604328,4.138938437205016,0.6106874558992069,0.3729391687926458,8.394817296909207e-08,0.05947806511056016,8.599326800594554e-07
14734,14734,PPWD1,-0.4466884620187488,9.487878960906906,-0.49475587259831705,0.2447833734705221,3.2426346939732617e-05,0.09964458517045673,0.00016064803088078466
14735,14735,PPY,0.14074679622899336,6.4142281485713974,0.4432707690930006,0.19648897473230026,0.0002441658227215508,0.036146770360905016,0.0009585711965366937
14736,14736,PPY2,-0.028766256846572594,7.128684994998299,-0.03393601099049277,0.0011516528419468458,0.790074447423231,0.10759113646699728,0.8651427062575884
14737,14737,PQBP1,-0.4819509399450824,10.705810196696568,-0.3883016534643782,0.15077817408317007,0.0015212583909138234,0.14526076290623338,0.004923178638408466
14738,14738,PQLC1,0.5412268006058893,3.7462063485238017,0.6848969816147739,0.4690838754250279,4.3330541514326817e-10,0.07312588830474201,1.0923432788041295e-08
14739,14739,PQLC2,-0.24264233717791606,8.355992340701093,-0.2062771920393767,0.04255027995564989,0.1019792288019238,0.14617648453128634,0.18889403812382685
14740,14740,PQLC3,-0.16380462769293727,8.068774413399531,-0.15488288012292753,0.023988706555173142,0.2216954225775153,0.13269492940466207,0.34856707877122584
14741,14741,PRAC1,-0.00037923023604898416,7.019706296041433,-0.004594258186089005,2.110720828044583e-05,0.9712585594075676,0.010483037282919149,0.9831076051215704
14742,14742,PRADC1,0.4563731042305302,3.4336302079205083,0.7040884375275389,0.4957405278599711,8.55039404715844e-11,0.05845531661546114,2.948388265783695e-09
14743,14743,PRAF2,0.07859006317737406,6.511557480440053,0.10681305008327488,0.011409027668092184,0.40086923645324346,0.09290857447022152,0.5431285312766682
14744,14744,PRAM1,0.13406160197114528,6.36165891452314,0.16468847310882007,0.02712229317491455,0.19344994367298374,0.10197048449688463,0.3139901580677866
14745,14745,PRAME,0.14314817859561615,6.448407337347988,0.13640673420786625,0.01860679713725547,0.2824734829707908,0.13203093329872806,0.4203290140618747
14746,14746,PRAMEF10,-0.02460593743030276,7.1257203004309035,-0.025765949239926308,0.0006638841402344592,0.8398397248994157,0.12124217402368505,0.8994313692708231
14747,14747,PRAMEF11,-0.006740291860437076,7.047421965109124,-0.010036163442208031,0.00010072457663871297,0.93726422869911,0.08528904646838728,0.96301275728218
14748,14748,PRAMEF12,-0.16967639698023831,7.770960438667183,-0.20469218319601468,0.04189888986155083,0.1046977956308775,0.10304573050297798,0.1930050876297482
14749,14749,PRAP1,0.006743965938365881,6.9599740446810685,0.029483621384006536,0.0008692839299154475,0.8171047198031659,0.0290368735390992,0.8845432267215335
14750,14750,PRB1,0.05658912364263825,6.632798490823642,0.11149576414589528,0.012431305422477109,0.3804185193656868,0.06405638305204607,0.5233777829031339
14751,14751,PRB3,-0.015724142152345195,7.104465168888911,-0.0250749615597309,0.0006287536972219822,0.8440803770636657,0.07961488380849452,0.9021069988051932
14752,14752,PRB4,0.07659015821844897,6.589271574848773,0.12736599325974068,0.01622209623904031,0.31589094020158764,0.07574817381620966,0.4565016042179479
14753,14753,PRC1,-0.14294165004484516,8.192241463507267,-0.6950582662359803,0.4831059934629669,1.8639311231229948e-10,0.01877770369816658,5.536821463817346e-09
14754,14754,PRCC,-0.4587827213156335,10.005070387317842,-0.509399570367286,0.25948792229037554,1.7171586571701468e-05,0.0984280105556257,9.087260684511125e-05
14755,14755,PRCD,0.4139232406626309,4.855463054851195,0.3582262759073666,0.12832606475046074,0.0036555249389646468,0.13700725292544222,0.010732157341822047
14756,14756,PRCP,-0.034337317907298534,7.183722712644918,-0.021066874520653586,0.00044381320206896317,0.8687616956765665,0.20695409389723424,0.9187846512930282
14757,14757,PRDM1,0.26296358283688925,5.252027982753169,0.4999955040161898,0.2499955040364037,2.591563196201013e-05,0.057844969685070524,0.00013158335524908073
14758,14758,PRDM10,0.15661636659668204,6.116713066723823,0.15143078147220296,0.022931281577282088,0.2322931841019769,0.12983437470768175,0.36181463725298924
14759,14759,PRDM11,0.2156086215236118,6.1252580837907304,0.14139880608195762,0.019993622361403056,0.2650620403167473,0.19170744836234635,0.4003849388294617
14760,14760,PRDM12,0.10281393818145232,6.463298299602898,0.12415489943475873,0.015414439053655053,0.3283455502379131,0.10435638316496584,0.4700729135529558
14761,14761,PRDM13,-0.1471096545467413,7.527204178335494,-0.15716339503009866,0.02470033273738684,0.2148825179162292,0.1173986132956512,0.34022672555940214
14762,14762,PRDM14,0.12231142863912547,6.3544906437242,0.15994703859353368,0.025583055154841352,0.20676779907125975,0.09586661753184207,0.3308620918412865
14763,14763,PRDM15,-0.27588873175120826,8.36132895286298,-0.2125953445151044,0.04519678050949594,0.0916837534658206,0.16104279722644935,0.17329430816389624
14764,14764,PRDM16,0.2640104626394587,5.957046415101043,0.2532797733170219,0.06415064357152199,0.04344982220674519,0.12806420492878093,0.09314055631430083
14765,14765,PRDM2,0.2292014505198814,5.688909492087056,0.166508927619051,0.02772522297684637,0.1885035603622049,0.17237667643091972,0.30746866615397767
14766,14766,PRDM4,-0.3356921675561416,9.658192957537617,-0.31015794594664503,0.09619795143384198,0.012624065332993524,0.13067698698348676,0.03202946925811801
14767,14767,PRDM5,-0.4168650760576226,8.531090120314019,-0.24898374050340696,0.061992903035067916,0.04725844833407312,0.20593574860558045,0.09980053191000343
14768,14768,PRDM6,0.4844158292162013,4.863281500530928,0.46845768852940606,0.219452605942314,9.466229074173925e-05,0.11602504599335547,0.00041412361737623506
14769,14769,PRDM7,0.1713779523817666,6.367666263176594,0.12983650803059066,0.016857518817577632,0.3065175678821253,0.16621511307007733,0.44637780312625575
14770,14770,PRDM8,0.18367998657849705,6.185390439997296,0.18482170801026884,0.03415906375183307,0.14372449416628813,0.12404116003906646,0.24832405487393638
14771,14771,PRDM9,0.12820776155712685,6.5560228475868945,0.1062262737035796,0.011284021224947805,0.4034764784857972,0.15241310200623026,0.5456051723165863
14772,14772,PRDX1,-0.27554692084678784,10.195114754319787,-0.5606806579841144,0.31436280023749946,1.4469727071076901e-06,0.051681050101899564,1.0143798631407262e-05
14773,14773,PRDX2,-0.4304269331743056,10.254288540588766,-0.3300470873821265,0.10893107988942506,0.0077351113446122765,0.1563447626224407,0.020885765108176912
14774,14774,PRDX3,-0.5458979314293888,11.08847696229712,-0.4711393252661666,0.2219722638122588,8.520205990621233e-05,0.1297967409765527,0.0003773881381200712
14775,14775,PRDX4,-0.2938663731462715,10.081143245061943,-0.6058900327803249,0.3671027318225434,1.1269603137933764e-07,0.049003471867549636,1.105769170602427e-06
14776,14776,PRDX5,-0.18968268864469245,9.160879982261314,-0.3680937673220527,0.1354930215413415,0.002766617050093264,0.060849587698710426,0.008395612698958749
14777,14777,PRDX6,0.2335235854534051,4.420620691061092,0.8041453561564317,0.6466497538279543,1.2285456692335244e-15,0.02192315458277953,7.190312558716749e-13
14778,14778,PREB,-0.3580783182415735,9.792087398982924,-0.5718992460359075,0.32706874761643945,7.957035533289078e-07,0.06523009418049938,6.052321899310677e-06
14779,14779,PRELID1,-0.14277815297270094,8.38536362733876,-0.184016331104342,0.03386201011310281,0.1455091669037151,0.09685657930203884,0.25061648049788837
14780,14780,PRELID2,0.3131052826954874,4.48567342136576,0.4972047591866354,0.2472125725578401,2.921483507609471e-05,0.06938977062804405,0.00014624966461966552
14781,14781,PRELP,0.4381659123471751,4.82621624046289,0.6027174321897532,0.3632683030654097,1.3656389725116573e-07,0.07367280843815516,1.306464711399423e-06
14782,14782,PREP,-0.2770355318598474,9.207200415535617,-0.5785328885889721,0.33470030317910004,5.528428629407916e-07,0.049604404381514186,4.3756623526984076e-06
14783,14783,PREPL,-0.2432103926417863,8.719149290691506,-0.2475915502081131,0.061301575734456576,0.048549906991153545,0.1208686049371695,0.10217184022287949
14784,14784,PREX1,0.3007249694063964,5.303218517157204,0.6483076294085958,0.4203027823493932,6.9587903313129666e-09,0.04485316771117797,1.0708925441300271e-07
14785,14785,PREX2,0.6443251445955521,4.818203351307278,0.4099362190038085,0.1680477036511384,0.0007681871906118115,0.1820715780796699,0.0026783277431490548
14786,14786,PRF1,0.3147772452535004,5.106659298734513,0.4575318724818492,0.2093354143367472,0.00014408409503943848,0.07769306878291149,0.0005997202496503483
14787,14787,PRG2,-0.03290233882303421,7.1503199719807125,-0.0338330185689734,0.001144673145488499,0.7906970662773106,0.12343589589966802,0.8654139455909948
14788,14788,PRG3,0.1962096524073676,6.2097523462269235,0.1884736555357142,0.03552231883099505,0.13583696738348056,0.12984342440015384,0.23706878857908376
14789,14789,PRG4,-0.09075995596033712,7.296045236465208,-0.05770958556548516,0.003330396266140053,0.650580982127448,0.19940042652776066,0.7605858213016188
14790,14790,PRICKLE1,0.5661230916641763,4.526629685353203,0.6432745200513853,0.4138021081473401,9.904266387717691e-09,0.08557379683210026,1.4394422055438027e-07
14791,14791,PRICKLE2,0.2468425813881516,5.699916300975749,0.6505017174392334,0.4231524843913922,5.95414599765542e-09,0.03660212505166794,9.404597489367478e-08
14792,14792,PRICKLE2-AS3,-0.03686019775371052,7.131289635261512,-0.028531227416022507,0.0008140309378647943,0.8229154808642396,0.16400780796255235,0.8886124832011124
14793,14793,PRICKLE3,-0.18534854296634412,7.924241981840602,-0.2508275992522792,0.06291448454666197,0.04559151841417677,0.09084637922296968,0.09702086588630089
14794,14794,PRIM1,-0.19662860845748675,8.431980815101548,-0.6655627034111168,0.4429737121719142,1.9714641786074226e-09,0.02800268851210718,3.709127435946458e-08
14795,14795,PRIM2,-0.2123287763566598,8.082006494356714,-0.6030588653432546,0.3636799950690937,1.3378303900135095e-07,0.03566901319179678,1.2835940228507997e-06
14796,14796,PRIMA1,0.2119335146889676,5.837624090754393,0.6669432587275775,0.4448133103621604,1.7758694335389727e-09,0.030070069462634894,3.4032258923262345e-08
14797,14797,PRIMPOL,0.1681244279696079,5.706801047249716,0.3863960000483005,0.14930186885332625,0.001612132421254097,0.05096711985238462,0.00517732872345506
14798,14798,PRKAA1,0.06364230673674491,6.664904057593576,0.06806008980003668,0.004632175823589057,0.5930857654923991,0.11848117398469032,0.7141102169440035
14799,14799,PRKAA2,0.3703358510512628,5.63969847147106,0.5864702491326809,0.3439473531177488,3.5377302066070123e-07,0.06495659813063845,2.9624728392913707e-06
14800,14800,PRKAB1,-0.1765719622131717,8.491562782972252,-0.351749531063248,0.12372773260321485,0.004368744850206609,0.05967767637589259,0.012588844940947986
14801,14801,PRKAB2,-0.061069364113634825,7.399309381076609,-0.09915127950902893,0.009830976228277579,0.4356850549170388,0.07783660734042225,0.5764149477167935
14802,14802,PRKACA,0.3711220474090479,4.9848606673952,0.3105399909162344,0.09643508595825497,0.012509516405353128,0.14427233277171642,0.03178010062856898
14803,14803,PRKACB,0.2797960835543923,4.424818196361652,0.5853112608448808,0.3425892720718241,3.7788177386987903e-07,0.04922404512447199,3.128069500440455e-06
14804,14804,PRKACG,0.4779657932314425,4.891583009355576,0.4642271428425341,0.2155068401517426,0.00011157055474057512,0.11581505631696692,0.0004788070477422026
14805,14805,PRKAG1,-0.37587202376345547,10.456398353742172,-0.5703819950684685,0.32533562029828644,8.63849771261319e-07,0.06874201215214236,6.490862871847281e-06
14806,14806,PRKAG2,0.1959193999113567,5.8311328225536645,0.1691605759593495,0.02861530045889885,0.18146254692811745,0.14496997741737253,0.2985520670028132
14807,14807,PRKAG2-AS1,-0.017309748291659256,7.096183191878816,-0.018368720411497917,0.00033740988955578016,0.8854486597821114,0.11965827123427407,0.9296674292160786
14808,14808,PRKAG3,-0.09584645747770967,7.459900238242648,-0.10403750241848958,0.010823801909477224,0.4132889321066761,0.1163662749519883,0.5545809590774063
14809,14809,PRKAR1A,-0.33416857535319555,9.810997614773946,-0.3524925566969529,0.1242510025267546,0.004281109989923946,0.1126703480888108,0.01237253928090258
14810,14810,PRKAR1B,-0.3830123575101232,9.371766032615325,-0.392550810872183,0.1540961391164084,0.0013349929128717098,0.1139676429276916,0.004388171148791268
14811,14811,PRKAR2A,0.6337450692922348,1.4103974198386109,0.4108118707227391,0.1687663931267165,0.00074650745653958,0.1786229719941811,0.002612414184124855
14812,14812,PRKAR2B,0.13718664949213707,6.049914726910245,0.7363250789728862,0.5421746219244271,4.102617529644683e-12,0.016010184747232106,2.8293688727533635e-10
14813,14813,PRKCA,-0.3624390847319433,9.054930633390768,-0.2691392619892503,0.07243594234411832,0.03151323270324238,0.16471535209204202,0.07083444614788394
14814,14814,PRKCB,0.31708936396566806,5.61573547847607,0.5677501144799963,0.322340192492049,9.952229560159084e-07,0.058389460656575326,7.3404472454102505e-06
14815,14815,PRKCD,0.2343446450354851,5.271941137751693,0.4899091793379218,0.24001100399955605,3.976758718749276e-05,0.05295991317957822,0.00019282738480634924
14816,14816,PRKCDBP,0.23360823683905985,5.660058919311316,0.4241350611765889,0.1798905501192688,0.0004782628403287448,0.06334670647877834,0.001750639250730049
14817,14817,PRKCE,0.0438176740651731,6.802461118178092,0.025829445078800386,0.0006671602330787656,0.8394502708679458,0.21537410196270795,0.8992138952573298
14818,14818,PRKCG,0.14403935185109765,6.2660759047257875,0.10831684782737043,0.01173253952325772,0.3942325989394845,0.1678906648078626,0.5365874877457283
14819,14819,PRKCH,0.19796944969248925,5.925338149171604,0.1972901890789224,0.038923418706796935,0.11814291263055555,0.1249326176142912,0.21236696048930692
14820,14820,PRKCI,0.040961245305464085,6.705032176428719,0.0497958081754106,0.002479622511842289,0.6959764513942335,0.10433869720459232,0.7963315045409556
14821,14821,PRKCQ,-0.1721952360569388,7.956885498741746,-0.3258997949890455,0.10621067637390187,0.008589291714346288,0.06343935831065528,0.022923479427430227
14822,14822,PRKCQ-AS1,-0.6249525782653684,9.63670809728223,-0.5703892841648371,0.3253439354900753,8.635096673410507e-07,0.11429337985937815,6.4905594745819e-06
14823,14823,PRKCSH,-0.14948558608919366,8.388621996853685,-0.17516923863393652,0.030684262163593,0.16621604479499255,0.106703401334359,0.27872142248997706
14824,14824,PRKCZ,0.26445287175090915,4.93213868799765,0.4045214731611578,0.16363762224847336,0.0009153907516683316,0.07592907460418921,0.003139497422771258
14825,14825,PRKD1,-0.16383105538954246,7.578944117845096,-0.16546496782206102,0.02737865557635568,0.19132886602257787,0.1240127171332866,0.3114851462316251
14826,14826,PRKD2,0.15305884674757056,6.023348291019037,0.15543762622379936,0.02416085564608956,0.22002442257546376,0.1235365743638156,0.34669496258980337
14827,14827,PRKD3,-0.3239207811590194,8.684055163248818,-0.3882268090577774,0.15072005527118396,0.0015247387534148599,0.09765239030561833,0.004929563706359927
14828,14828,PRKDC,-0.3564406840278417,9.337197013711725,-0.6419019210424226,0.4120380762379525,1.089280603254869e-08,0.054075102256840535,1.553911163602384e-07
14829,14829,PRKG1,0.507951382663543,4.646491977118013,0.6545337233412077,0.4284143949909047,4.455980547719088e-09,0.07451349189171783,7.349143850788794e-08
14830,14830,PRKG1-AS1,0.18335961532028594,6.410531960483057,0.1365814620399843,0.018654495772979673,0.2818515812823293,0.16889899122548635,0.41964480866960663
14831,14831,PRKG2,0.1915259887349464,6.138178149575079,0.4908196553101046,0.2409039340387299,3.828082901505778e-05,0.04317757950188314,0.000186243844601455
14832,14832,PRKRA,-0.05870534468743981,7.415987847187541,-0.08451465891639387,0.007142727571754395,0.5067024635079935,0.0879008683020487,0.6414873924154108
14833,14833,PRKRIR,-0.2075792506120576,9.030909683277585,-0.2975080108346294,0.08851101651077797,0.016963888165883026,0.08459898310804803,0.04149006078972182
14834,14834,PRKX,0.019027144056916703,6.896953057856728,0.041610602445380514,0.0017314422358675069,0.7440722880138326,0.058022635865124086,0.8334394763843969
14835,14835,PRKXP1,0.17079949601113456,6.381371487857362,0.11887988949580115,0.014132428126533897,0.3494697117936736,0.18117223342682298,0.49214844305729344
14836,14836,PRKY,0.003760664957241346,7.0010442367131285,0.0046989742138509975,2.2080358662436602e-05,0.9706037474021272,0.10163913070513583,0.9826285250113634
14837,14837,PRL,-0.24084401015134904,7.967988621199055,-0.2739236771592459,0.07503418090844279,0.028504054341198463,0.1073923322589211,0.06494689570272019
14838,14838,PRLH,0.18850898845504455,6.0499298902340914,0.2523114561005179,0.06366107087956357,0.04428541515154662,0.09181545447901956,0.09463143098976687
14839,14839,PRLHR,-0.011329900103533607,7.0575441579924485,-0.007853935764148936,6.168430698737774e-05,0.9508861127101572,0.1832016985923992,0.9704245615127224
14840,14840,PRLR,-0.08882008102531645,7.4276067219598545,-0.1490028598037359,0.02220185222969177,0.2399536825468992,0.0748592241140051,0.37089200539279815
14841,14841,PRM1,0.049760121606187424,6.772308908587362,0.06568503469002987,0.004314523782230428,0.6060772598707753,0.0960019911687598,0.724595763402067
14842,14842,PRM2,0.17294030879965788,6.226318811117319,0.1858714615226827,0.03454820020857812,0.14142294367522734,0.11610554723877667,0.24513838511863026
14843,14843,PRM3,-0.030961254535190094,7.139577926266308,-0.03349111852772104,0.0011216550202378592,0.7927648829462585,0.11734088294534463,0.8665113840198478
14844,14844,PRMT1,-0.4979339801171712,10.496090828091411,-0.7442946557844459,0.5539745346292869,1.8075514070500453e-12,0.05674281099450355,1.5532748301455845e-10
14845,14845,PRMT2,-0.3513089733444644,9.199404541512603,-0.2405360611195629,0.05785759669891408,0.05554670587344545,0.18004102575248976,0.11440592692500107
14846,14846,PRMT3,-0.16459417365758008,8.099416900870558,-0.7280361860104734,0.5300366881406766,9.332436191531982e-12,0.019683287008755983,5.129286947401652e-10
14847,14847,PRMT5,-0.3181407148095411,9.601866595392902,-0.7237626677516843,0.523832399231035,1.4092304506699808e-11,0.03852185131685235,7.163588124239069e-10
14848,14848,PRMT5-AS1,-0.20222727102128596,7.834850253473361,-0.191015225807828,0.036486816490415526,0.13054317981269967,0.1319789658395193,0.22994245638880847
14849,14849,PRMT6,-0.10760739139542852,7.78442412246423,-0.32847428572608145,0.1078953563832594,0.008049882305324201,0.03929640143637498,0.0216358695943646
14850,14850,PRMT7,-0.4482690636846664,9.890410931423624,-0.5044601722007349,0.2544800653367951,2.134787072983745e-05,0.09744188344152327,0.00011027865950730676
14851,14851,PRMT8,0.3254373934744739,5.546909684975987,0.27810516892240944,0.07734248498136187,0.026075439169342504,0.1427521996604183,0.060185848988713694
14852,14852,PRMT9,-0.1993628476258074,8.3995949521206,-0.3216203257898646,0.10343963396117864,0.009555801045389532,0.07454090550759868,0.02514959548346017
14853,14853,PRND,-0.21760058628473167,7.7702727268752945,-0.13871026384690954,0.01924053729647926,0.2743474068891381,0.19730444621738366,0.4111373280769774
14854,14854,PRNP,0.1818522446755896,5.6353089128116975,0.5860956829093364,0.34350814952496145,3.6140157282590607e-07,0.031927798104145665,3.0135352558894864e-06
14855,14855,PRNT,-0.11139683028361903,7.4394937039523,-0.12213252854348025,0.01491635452842402,0.3363467964203577,0.11496938141280175,0.47851020160147706
14856,14856,PRO0471,0.11817983024193628,6.657414735991428,0.07437222530681509,0.005531227897087667,0.5591792255835062,0.20124834419817064,0.6867252384739311
14857,14857,PRO1082,0.0007021281954587402,7.013105665028371,0.0008384008096642808,7.029159176457218e-07,0.9947539378538792,0.1063576485448996,0.9965873629108797
14858,14858,PRO1483,-0.07284295270197992,7.275408244530201,-0.05309422298738791,0.002818996514634471,0.6769151583826238,0.17399285954390767,0.7818335780455341
14859,14859,PRO1596,0.07121135122918969,6.7329108538550875,0.06228079903051983,0.003878897927879999,0.6249114822164599,0.1449289935513836,0.7394381808315086
14860,14860,PRO1804,0.5686027270767081,5.252100130681,0.3622331097387692,0.13121282579101926,0.003267884357324426,0.18581537651437,0.009716605211844082
14861,14861,PRO2012,-0.43182721235116855,8.31510544736013,-0.26730937779529906,0.07145430345730992,0.03273234460188131,0.1976976958579908,0.07314952759068523
14862,14862,PRO2214,-0.07387255313335038,7.290570440799563,-0.03933506957013433,0.0015472476980873074,0.7576274098916023,0.23832582273397365,0.8430410339243948
14863,14863,PRO2852,0.06160296487145205,6.657597206079223,0.16542591391611094,0.02736573299498056,0.19143514557349767,0.04664198343895006,0.31152987731224857
14864,14864,PRO2949,0.3198564260052474,5.990254723130692,0.1704177715158786,0.0290422168484382,0.1781916367997835,0.2348791828191723,0.2940888571678464
14865,14865,PRO2958,-0.17652167848786382,7.564385190994685,-0.1341931607441871,0.01800780439051524,0.29043071954216976,0.1655487246836197,0.428980099016826
14866,14866,PRO2964,-0.05583770230387746,7.203995460648416,-0.05595090404060237,0.0031305036629606943,0.660567687543683,0.12654463561065707,0.7687335164315593
14867,14867,PROC,0.12410702895101312,6.368917998773522,0.21149558691753897,0.0447303832855943,0.09341471035524286,0.07283870348855315,0.17588866644142112
14868,14868,PROCA1,0.3763305680737418,5.213526738248556,0.3021573439119629,0.0912990604799322,0.015239734145850054,0.15078251593898453,0.037759318412858456
14869,14869,PROCR,-0.09397686989217442,7.657356371252736,-0.2593110781287244,0.0672422352402814,0.038532902877364036,0.04445171249176436,0.08415907272965377
14870,14870,PRODH2,0.15540767753273882,6.107134993104867,0.19539375914388726,0.03817872111237942,0.12179150864007833,0.09906337677345907,0.2174453887048311
14871,14871,PROK1,0.16353936014908027,6.215034406615005,0.16955990261321147,0.028750560574201764,0.18041892214839245,0.12071706881560658,0.29724374308608026
14872,14872,PROK2,-0.28396291380090394,7.98456008369582,-0.4837371807306183,0.2340016600212069,5.1342640096192966e-05,0.06524845374241882,0.00024101991573445886
14873,14873,PROKR2,-0.22611844877115286,7.8520737104696385,-0.2258084488629319,0.05098945557788333,0.07279494691222091,0.1238897806855141,0.14315061527280637
14874,14874,PROL1,0.07662387880110473,6.744412718651371,0.08040865305722852,0.006465551486477746,0.5276385528109783,0.12063045494646032,0.6595101218540683
14875,14875,PROM1,0.0106432498888027,6.915571418319497,0.051586884853841185,0.0026612066889234696,0.6856017917431239,0.02616739360281399,0.7884602655442032
14876,14876,PROM2,0.3893824186453403,4.619195454293624,0.2588658954283173,0.06701155181590453,0.03887932186757368,0.18452014590083,0.08476960481698631
14877,14877,PROP1,0.06465442688478208,6.68376661466924,0.0713664556959044,0.005093170998595485,0.5752104615441402,0.11476236745178417,0.699522550992049
14878,14878,PRORSD1P,-0.2852346199523818,8.090938564629662,-0.2858942266804904,0.08173550884923561,0.02201537280386337,0.12141851067897645,0.052012098850934024
14879,14879,PRORY,0.027976837495937483,6.849180942140322,0.03099211194471375,0.0009605110027936686,0.8079212465604783,0.1145890003851929,0.8777170819378496
14880,14880,PROS1,0.09822921716718128,6.358014156691191,0.448846969296246,0.2014636018464252,0.00019921107727319175,0.024836700449543885,0.0008007050489168475
14881,14881,PROSC,0.6723396198813663,2.2797520439625334,0.634489987408333,0.4025775441214265,1.8060759866600988e-08,0.10401808591230499,2.35322355542265e-07
14882,14882,PROSER1,-0.3406125303844408,9.452451212975664,-0.625554259726281,0.3913181318616954,3.2646165690899724e-08,0.05395043771223396,3.827572918443062e-07
14883,14883,PROSER2,-0.21004178855713426,8.2314453906043,-0.356337360619674,0.12697631457339562,0.0038520188243020732,0.0699457799645254,0.011241976770924715
14884,14884,PROSER2-AS1,0.264547640850469,6.047408664676981,0.18146962613240414,0.03293122520863453,0.15126147201204318,0.18206764893960029,0.25861101977110335
14885,14885,PROSER3,-0.6158255296111333,9.916374594962024,-0.5591683035521453,0.3126691916973841,1.5658377330518758e-06,0.1159583973001598,1.0833295881545806e-05
14886,14886,PROX1,-0.2016121750928927,8.235393579905343,-0.5898549610006043,0.3479288750170244,2.9138618272350165e-07,0.035052835800199834,2.4980078332848093e-06
14887,14887,PROX1-AS1,-0.5869288516057968,8.919064307645197,-0.4033203234503314,0.16266728330807995,0.0009513157926647574,0.16911749505917847,0.003251379970037141
14888,14888,PROX2,-0.21959858803884846,7.748882076343257,-0.1473030778803015,0.021698196753010168,0.2454190578098828,0.1872657284014335,0.37726625235131767
14889,14889,PROZ,0.13840556694081094,6.3638015836525454,0.1209923299674006,0.014639143910940344,0.3409113230926194,0.1442107138646504,0.48327014281033476
14890,14890,PRPF18,0.248015577642478,5.5107721604629925,0.2456623883586184,0.060350009054060634,0.05038713449686276,0.12428751411743524,0.1053115913067815
14891,14891,PRPF19,-0.28482346240073964,9.400225994029217,-0.6245990115364268,0.3901239252122815,3.4740521307863716e-08,0.04522717093283032,4.0338122730390823e-07
14892,14892,PRPF3,-0.1944459919824124,8.383291582871934,-0.4662473113609516,0.21738655535131612,0.00010317729509258195,0.046855487708372785,0.00044748734733223756
14893,14893,PRPF31,-0.4524435720831694,9.884111359866113,-0.6171868303361905,0.3809195835404336,5.588734577497438e-08,0.07325300757697256,6.100002382848137e-07
14894,14894,PRPF38A,0.2133280563993512,5.5031868640642845,0.2618870704628978,0.06858483767563879,0.03657827760507439,0.09984118478506968,0.08036192719080601
14895,14895,PRPF38B,-0.08614405482878877,7.544551993594141,-0.1965603779146884,0.038635982165965116,0.11953698694387392,0.05457294849322924,0.21428588181039648
14896,14896,PRPF39,-0.1414440449573622,7.882462675684318,-0.35908530477218337,0.12894225610333182,0.003569143950793529,0.0466890098195351,0.010509901040853123
14897,14897,PRPF4,-0.3407492503245725,9.75579445431636,-0.7185934326544775,0.5163765214541451,2.2966420800830872e-11,0.0418802734542916,1.0212276025502926e-09
14898,14898,PRPF40A,-0.5196840038679814,11.2161396723635,-0.6376659528044866,0.4066178673660537,1.456664576200185e-08,0.07972921863298922,1.9752079773083913e-07
14899,14899,PRPF40B,-0.3902169748183714,9.014688107633164,-0.3996481576220648,0.15971864989071075,0.0010691844679443618,0.1136697382726023,0.0036024878875579825
14900,14900,PRPF4B,-0.13241707201452052,8.038652991364296,-0.2527498399975432,0.06388248161878368,0.04390549476901909,0.06437576943005838,0.09392210700613537
14901,14901,PRPF6,-0.3912797855795144,9.98330527500151,-0.4952792598412045,0.2453015452288513,3.171367124059726e-05,0.08716219438938243,0.00015736928293197378
14902,14902,PRPF8,-0.34280015556157895,10.16751439452336,-0.4324772883675103,0.18703660495371469,0.0003584996084264061,0.09076477927739143,0.0013536720175194115
14903,14903,PRPH,0.2153796516092909,5.622389384439903,0.3372898895419709,0.1137644695872349,0.006420370561727989,0.07634490885979757,0.017686442502762956
14904,14904,PRPH2,0.24876188234857596,5.8995066659573085,0.2497594183291169,0.062379767044098824,0.04655120812962239,0.12248406762358527,0.09864079834588288
14905,14905,PRPS1,-0.16582735898778556,8.132962507830058,-0.45293810553853,0.20515292744883254,0.00017120055286105564,0.04145369708919157,0.0006991038982097228
14906,14906,PRPS1L1,-0.013040812039807273,7.064784111643274,-0.009507063449933446,9.038425544106044e-05,0.9405654765948296,0.17419784203155542,0.965076777809099
14907,14907,PRPS2,-0.24441088297555266,9.199837905770682,-0.4869652180105683,0.2371351235520803,4.4948583132937815e-05,0.05567376125274432,0.00021463320126654208
14908,14908,PRPSAP1,-0.4977378129633029,10.356911686874342,-0.4751493024988373,0.22576685966513155,7.267095429694093e-05,0.11706055338717525,0.0003279886442893405
14909,14909,PRPSAP2,-0.19371475935184684,8.525265105962971,-0.31818589131219943,0.1012422614301388,0.010398563804641912,0.07330055608299349,0.027084544044926703
14910,14910,PRR11,-0.22487118257853453,8.767367850726353,-0.40824227364626864,0.16666175399187488,0.0008117520071292758,0.0638602540754121,0.002812108416954802
14911,14911,PRR12,-0.1907885595956813,8.192152495786598,-0.24049172690625095,0.0578362707103508,0.05559313257084195,0.09779564921318112,0.11448368074602475
14912,14912,PRR13,0.5894304855320155,0.5562021220283455,0.6566181877679395,0.43114744450765297,3.829352584367758e-09,0.08598519841631372,6.49550582557881e-08
14913,14913,PRR14,-0.26916268539207056,8.981148306232427,-0.3364204300498768,0.11317870575494406,0.006567068036549186,0.095687388623261,0.018062982132792154
14914,14914,PRR14L,1.0080972202431044,1.5425966810433485,0.5594431869757334,0.3129766794535654,1.5435740807071481e-06,0.18968645611635634,1.0706629313809511e-05
14915,14915,PRR15,0.13223913462844886,5.744060270235997,0.22123318380667764,0.04894412161723921,0.07894792678090408,0.07403156009591205,0.1531777936063505
14916,14916,PRR15L,0.3251113132558797,3.89785516504734,0.6262162740587767,0.3921468218960569,3.12653941012231e-08,0.051405694822929414,3.68216645219368e-07
14917,14917,PRR16,0.182701432897004,6.337084578378372,0.2067512279837113,0.042746070272772566,0.10117691489397987,0.10980233860911932,0.1876969152770611
14918,14918,PRR18,0.3622102108325752,5.623523044291424,0.2725514303755791,0.07428428219977415,0.02934135739167252,0.16238847284581698,0.06660940290561572
14919,14919,PRR19,-0.0003627903252800459,7.017234452119625,-0.0005902434409595378,3.483873195957553e-07,0.9963067011449516,0.07806001077154306,0.9976427269626341
14920,14920,PRR22,-0.13976469861516086,7.715158384845363,-0.1434918726445766,0.020589917515047396,0.2579811793425436,0.1224211992184087,0.39193085720939963
14921,14921,PRR24,-0.01564973617874555,7.112877548579893,-0.024585819589464004,0.000604462524885672,0.8470849592606665,0.0808155975426785,0.9039830865754845
14922,14922,PRR26,0.3057721777890089,5.5509200080573295,0.3539239798394489,0.12526218350539467,0.004116656018580567,0.10261978109264576,0.011956301781432697
14923,14923,PRR29,0.1179137387174286,6.320178205728393,0.11199387933221644,0.01254262900787906,0.3782805552967013,0.1328719947010141,0.5210651628363379
14924,14924,PRR3,-0.21161740248889466,8.059534855043351,-0.205350625176204,0.04216887926025782,0.10356171547697103,0.12808668237274465,0.19130162489582936
14925,14925,PRR30,-0.14709801890163227,7.737795329473633,-0.12237143143727874,0.014974767232008612,0.3353952864120171,0.15151464639871312,0.47751380192322357
14926,14926,PRR32,0.14204996307628776,6.504647600033247,0.12996256826710606,0.016890269150582202,0.3060441552725919,0.1376347165207253,0.44583829010615383
14927,14927,PRR34,0.09817162497111774,6.434710095715253,0.12287305595789205,0.015097787880431273,0.33340290992957033,0.10070013010411448,0.4754899904191811
14928,14928,PRR34-AS1,0.16862945285678224,5.737367269242816,0.34324793143544896,0.11781914243471467,0.005490242934122,0.05860146488121468,0.01541239444366242
14929,14929,PRR35,-0.05143857508783256,7.30643101294025,-0.0474632343952256,0.0022527586192561265,0.7095710880615624,0.137482057403487,0.8073221201057708
14930,14930,PRR5,-0.24815077349805165,8.584629622239081,-0.3820539527789407,0.14596522283401306,0.001837638914574809,0.07623121981163587,0.005812747691369776
14931,14931,PRR5L,0.7063508795106271,2.919947997521948,0.7214773899561365,0.520529624217919,1.751211085145595e-11,0.08609596728570937,8.389928329386695e-10
14932,14932,PRR7,-0.31024812706344396,8.51458242199502,-0.5759765741573841,0.3317490139780766,6.367337202420335e-07,0.0559214350104484,4.947423290936934e-06
14933,14933,PRR7-AS1,0.032334828360335965,6.897445982857003,0.023350162773743167,0.0005452301015603011,0.8546846217562261,0.17581923065306246,0.9092255592518704
14934,14934,PRR9,-0.32181074962246403,8.112360239110068,-0.3944447471740036,0.15558665857316364,0.0012587929408440232,0.09521296037183934,0.004156627193348174
14935,14935,PRRC1,0.13125854114009292,5.895434568494482,0.14590872316522713,0.021289355495706888,0.24996551282559626,0.1130258097552958,0.382186973278005
14936,14936,PRRC2A,-0.32447770287219435,9.372782789245116,-0.3723893187779204,0.13867380473988358,0.0024439693790161907,0.10270122554395178,0.007516568229313393
14937,14937,PRRC2B,-0.7062318797057516,11.820193329148033,-0.5650780509471461,0.3193132036622255,1.147623047455711e-06,0.13095337564108125,8.30524117658803e-06
14938,14938,PRRC2C,-0.0549660005803572,7.4170431279012545,-0.0709308397477527,0.005031184027321375,0.5775512774869229,0.09816754419061202,0.7013724155439275
14939,14939,PRRG1,-0.0684826935796407,7.48294164161562,-0.1688243710653173,0.02850166826559995,0.18234458855501115,0.0507774489420044,0.29964537663952145
14940,14940,PRRG2,0.1502511576827928,6.112896382264905,0.17668226265142073,0.031216621935625626,0.1625294947734869,0.10630222853208512,0.27393961778641496
14941,14941,PRRG3,0.13810998500670318,6.372233130579295,0.15819083703424078,0.025024340921593724,0.21186170296946752,0.10948252273575626,0.3368476635685623
14942,14942,PRRG4,-0.017784417342809968,7.1564394348604425,-0.023588771704129072,0.0005564301505095204,0.8532160574699021,0.0957232881391737,0.908283947256686
14943,14943,PRRT2,0.2760417468012429,5.684138183592852,0.3309754765213148,0.10954476605851138,0.007554403919663631,0.09995146214301176,0.02046161561980187
14944,14944,PRRT3,-0.23680124632637284,8.12215198121385,-0.2693423121055953,0.07254528109038792,0.03138032878641168,0.10753006610895144,0.07057966554525809
14945,14945,PRRT3-AS1,-0.2574499901760067,8.524297701411031,-0.5655439098594095,0.3198399139790679,1.1195669449380926e-06,0.047680003227632335,8.135645031085367e-06
14946,14946,PRRX1,0.10530046742849164,6.621754829309466,0.13312190366658752,0.017721441235816208,0.2943339394653933,0.09956398414185312,0.4330616564154839
14947,14947,PRRX2,-0.0008889628402468382,7.021386711931968,-0.0011885691135984846,1.4126965378002874e-06,0.9925629089255128,0.09498674715042624,0.9955717605654014
14948,14948,PRRX2-AS1,0.07792108242378616,6.607424720138553,0.0948894020612735,0.009003998623546014,0.4557647098544748,0.10381912712635163,0.5948758237537612
14949,14949,PRSS12,0.17997191240881658,6.0585932959352276,0.5194759197108498,0.2698552311594333,1.0897485050059536e-05,0.03759654661543547,6.0805214830981514e-05
14950,14950,PRSS16,-0.19154256358448846,8.289820853831117,-0.3351941422552299,0.11235511300221927,0.006778965802841208,0.06837426303812427,0.018593857436418792
14951,14951,PRSS2,0.19772730043141595,5.547311841309486,0.465452352996366,0.2166458929098537,0.00010640822780290717,0.047750137277549884,0.0004600259878362856
14952,14952,PRSS21,-0.031896558797255704,7.170784961783299,-0.14247583595222252,0.020299363830284627,0.2614022922882666,0.028141903379296097,0.3960446819773605
14953,14953,PRSS22,-0.1408916922643398,7.903273604689687,-0.20307071785037453,0.041237716448266425,0.10753663590094162,0.0862775307740152,0.197180851010575
14954,14954,PRSS23,-0.12311579316362208,7.8948305269401375,-0.3173406925127555,0.10070511512447522,0.010615595459987337,0.04672434468393565,0.027573553998563725
14955,14955,PRSS27,-0.014394088719469934,7.076408640348866,-0.017649465959488447,0.00031150364865514146,0.8899056379659052,0.10355930061286273,0.9323579558832878
14956,14956,PRSS3,0.2312016484884232,4.647936717985164,0.610133354605311,0.3722627104019302,8.687440824697652e-08,0.038129339127785065,8.86135332354346e-07
14957,14957,PRSS30P,0.1886473084993045,6.196266238801561,0.2349238143195939,0.05518919853446703,0.06167943798932304,0.09912886869027636,0.1248171413567695
14958,14958,PRSS33,-0.029866429414722145,7.167364392589983,-0.037620097883131136,0.0014152717647363678,0.7678918443247714,0.1007534669020449,0.8492695550997408
14959,14959,PRSS35,-0.187320616877982,7.620023803994191,-0.10838758277580454,0.011747868099981882,0.3939220338101268,0.2181946428984416,0.5363670549646816
14960,14960,PRSS36,0.03373780804203965,6.824929455124559,0.03661784587700915,0.001340866636672396,0.7739090794549738,0.11693293885274833,0.8535269221083502
14961,14961,PRSS37,0.03798472092842682,6.864531673289198,0.05353214745248209,0.0028656908108742845,0.6743992240556707,0.08998606470339272,0.7800093573105564
14962,14962,PRSS3P2,0.28264941523225623,4.767656240273623,0.5610796811947978,0.3148104086496559,1.41705227855431e-06,0.05295818391418442,9.963073731199215e-06
14963,14963,PRSS3P3,0.18009557232973306,6.0079817359987935,0.2632977486115411,0.06932570442390629,0.03554326958475237,0.08380287248358359,0.07845168717335771
14964,14964,PRSS50,0.10121932162946774,6.546425299511499,0.15395258693398786,0.02370139902366708,0.2245175116335822,0.08250341401259043,0.35210940863450335
14965,14965,PRSS53,0.2354684563301553,5.748407202483291,0.2583498807550425,0.06674466088614467,0.03928408424009958,0.11182241518975973,0.0855143590891995
14966,14966,PRSS54,-0.003929611320659148,7.029794110837164,-0.00371101497867111,1.3771632171921342e-05,0.9767823801747454,0.13448010940359295,0.9866235571940907
14967,14967,PRSS55,-0.2075602630518709,7.782206911019575,-0.1879428013253843,0.03532249657003287,0.13696280676117187,0.13775702248023353,0.23864898458425948
14968,14968,PRSS58,-0.13321026754108214,7.537623847433027,-0.1297093435673432,0.016824513808671074,0.3069956067064879,0.12932608037514998,0.4469283270135493
14969,14969,PRSS8,0.25714167082485545,4.642185305171392,0.7236420720484109,0.5236578484385177,1.4255572805662387e-11,0.03114671975016008,7.212720306229415e-10
14970,14970,PRTFDC1,-0.15778741959426104,8.109070561307052,-0.5629662699873351,0.3169310211434531,1.2832787955390593e-06,0.02941890037042913,9.153294570948067e-06
14971,14971,PRTG,0.30089788114031923,5.957583259919309,0.1600718078607508,0.025622983671809117,0.20640923203142025,0.2356524452040309,0.3303615609490322
14972,14972,PRTN3,0.1049936233942484,6.631596636169197,0.1041677929083546,0.010850929079397852,0.4127009980225471,0.1273105780983616,0.5541319513999415
14973,14973,PRUNE,-0.023930181273249126,7.1693975383289255,-0.02114142971931258,0.0004469600505766333,0.8683013770196069,0.14372049757598152,0.9184772528018554
14974,14974,PRUNE2,-0.15464164052242235,7.951263832556616,-0.6325673309841342,0.4001414282283912,2.0547003616450935e-08,0.02404630100222104,2.605066529942886e-07
14975,14975,PRX,0.13525646965405702,6.351024279914402,0.11210254636308208,0.012566980901086966,0.3778151057016279,0.15226516176043428,0.5206558555408395
14976,14976,PSAP,0.449172423087956,1.9717965057431703,0.4791796412390061,0.2296131285779425,6.180889350258465e-05,0.10448966064582137,0.00028423690566966887
14977,14977,PSAPL1,0.10841491233090886,6.426120341606205,0.2061492212269048,0.042497501412459324,0.10219666617784401,0.06535539407418227,0.1892482303814958
14978,14978,PSAT1,-0.1060514039609238,7.706668861447005,-0.7162458573770958,0.5130081282098511,2.856788864869295e-11,0.013122582468065408,1.2122387072906623e-09
14979,14979,PSCA,0.04527375240488013,6.812192317610505,0.12463085965514945,0.01553285117838156,0.3264801304982485,0.04577471724656605,0.468096675774593
14980,14980,PSD,0.29874391317633475,5.4796230081172785,0.3966282690019348,0.15731398377147113,0.0011758192237688876,0.08781171307819308,0.003915479823268531
14981,14981,PSD2,0.1570798134130572,6.195237493997398,0.16492962035169895,0.02720177966935556,0.1927894287570309,0.1192991244647228,0.3131254537895171
14982,14982,PSD3,0.14261293736608582,6.074543474409782,0.3038010258525323,0.09229506330905098,0.014667313818039688,0.056799719759761585,0.03653752222818928
14983,14983,PSD4,-0.31838832308530857,8.988563805395927,-0.3308246763613087,0.10944496648956464,0.007583503027579519,0.1153436716447944,0.020527834888031636
14984,14984,PSEN1,0.7390616414774145,2.4265536579285203,0.7345529094063452,0.5395679767173264,4.903272625934523e-12,0.08670507035937919,3.1885996610994623e-10
14985,14985,PSEN2,0.27242966069367425,5.4697254003838385,0.26854638664805025,0.0721171617817241,0.03190398979251875,0.12410400661788455,0.07160129536293851
14986,14986,PSENEN,-0.16363523221793272,8.40515109907009,-0.20335321818673047,0.041352531346900034,0.10703780625258157,0.10005974402503733,0.19638284498723743
14987,14987,PSG1,-0.272808565940714,8.152445880371424,-0.1494499126093612,0.022335276378945692,0.2385302669588085,0.2292247274610984,0.36921893716890625
14988,14988,PSG11,0.035151777401367205,6.871121347633397,0.034384739972148894,0.001182310342952294,0.7873632816160998,0.12975640749446155,0.8633526691678891
14989,14989,PSG2,0.11423566635602245,6.548145593421076,0.08238236242835402,0.006786853639276678,0.5175213799920336,0.1755063613810718,0.6508842771359907
14990,14990,PSG3,-0.058528889995358165,7.216757657308168,-0.03853618603629407,0.0014850376342238655,0.7624038149765492,0.1927449470893593,0.8462579521564243
14991,14991,PSG4,-0.07218294644671189,7.344247449873676,-0.06377365500447779,0.004067079072630155,0.6166217287430508,0.14345394536816328,0.7333328431240679
14992,14992,PSG5,-0.18092563837547965,7.836555661482596,-0.16706331496461027,0.02791015120696457,0.187015464778936,0.13560521081847846,0.305508440690092
14993,14993,PSG6,-0.3628621901538185,8.520417898896456,-0.2305783735541409,0.05316638635087293,0.06679412650621193,0.1944751589323634,0.13313943386340385
14994,14994,PSG7,-0.14719570570685833,7.6884933353942,-0.15174499062523414,0.0230265421798524,0.2313143206214856,0.12176607709287053,0.3605752672803247
14995,14995,PSG9,-0.26972846567576875,8.383259580787197,-0.23111888563123095,0.053415939295422016,0.06613996513608521,0.14420326577505274,0.13221277070266088
14996,14996,PSIP1,0.0848547359585215,6.470587542598954,0.0970861841255938,0.009425727148068705,0.4453518580018587,0.11047559058287,0.5855196700279431
14997,14997,PSKH1,0.5000159858323369,3.4508298562591295,0.5339262218347481,0.2850772103627287,5.5322304163010494e-06,0.10056257028372803,3.330565739922136e-05
14998,14998,PSKH2,0.073236222956428,6.68901537682128,0.08527852267552705,0.007272426429720381,0.5028551651750242,0.10866894920144744,0.6380341361613141
14999,14999,PSMA1,-0.3924133863812012,11.28808069225656,-0.6407952703722215,0.4106185785314085,1.1757147860661017e-08,0.05970722576399338,1.6532534865104826e-07
15000,15000,PSMA2,-0.3431045606582885,10.164422524031444,-0.5065465682614091,0.2565894258174104,1.9480400788670606e-05,0.07416954857858321,0.00010162565142824909
15001,15001,PSMA3,-0.7122362473516066,11.370949079006474,-0.5523941668581261,0.3051393155788833,2.219564501810907e-06,0.13649854227686298,1.4703172005725052e-05
15002,15002,PSMA4,-0.426836963293425,11.327294241834679,-0.6428217365960949,0.4132197850404192,1.0220558921906581e-08,0.06459714946923882,1.4764923512600868e-07
15003,15003,PSMA5,-0.1890508352599892,8.486901671236136,-0.4343488040965371,0.18865888362009195,0.00033570804589060283,0.04979042900862973,0.0012748879674174321
15004,15004,PSMA7,-0.2634938419259981,9.407007679509725,-0.5010301495281219,0.2510312107361721,2.478290182761347e-05,0.0578019679566209,0.00012624646884896957
15005,15005,PSMA8,0.2499263559528056,6.270158361641508,0.17265464126834054,0.029809625151499368,0.17247807166486367,0.18107831128505253,0.28666917199344716
15006,15006,PSMB1,-0.4945741450081213,11.456655428779031,-0.4516781545647937,0.20401315531105765,0.00017941579714530104,0.1240678975735412,0.0007288030551831728
15007,15007,PSMB10,-0.18406828169099387,8.70806738706383,-0.3111330031665417,0.09680374565943124,0.012333491347472641,0.07140491332665523,0.031402910656028224
15008,15008,PSMB2,-0.8639907002446641,12.508458687077734,-0.6358740245696576,0.4043357751224135,1.6450350381141772e-08,0.13318119195249267,2.1814595070644523e-07
15009,15009,PSMB3,-0.3141466053978042,10.40214186336221,-0.4470404003771424,0.1998451195693558,0.00021286794288531742,0.07983195821208545,0.0008490799969021088
15010,15010,PSMB4,-0.4705082629431733,11.67006798860494,-0.5390595139208848,0.2905851595486206,4.315229748512831e-06,0.09336515646925604,2.6760108878592595e-05
15011,15011,PSMB5,-0.2731910626373661,9.700746620020526,-0.634853530735185,0.4030390054869305,1.7623877722049123e-08,0.0422250411060677,2.3074067235246297e-07
15012,15012,PSMB6,-0.3248366761460925,10.190194593803518,-0.5636184746523207,0.3176657849694087,1.239856193320085e-06,0.06046200815625096,8.893370608263146e-06
15013,15013,PSMB7,-0.4525402538338775,10.37100006306533,-0.374432689967305,0.14019983931615196,0.0023026261909410897,0.14232669820336322,0.007117704591126352
15014,15014,PSMB8,-0.20825110404986547,9.058733225468515,-0.4242849084205511,0.1800176835134354,0.0004758240269257751,0.05644638409558592,0.0017425958571076713
15015,15015,PSMB8-AS1,0.0706121101565471,6.610283018168852,0.09343722495393708,0.00873051500709264,0.4627207953806724,0.09555629054674952,0.6012011054159992
15016,15016,PSMB9,-0.09043560460068263,7.795353957066784,-0.28734528523714226,0.08256731294801464,0.021321597263734247,0.03828482186768302,0.05065198046377136
15017,15017,PSMC1,-0.5004268547774983,11.98246787046216,-0.4994587481525983,0.2494590411061606,2.6522012530752766e-05,0.11023825685591966,0.00013437861051788749
15018,15018,PSMC2,-0.3086607795018173,9.464982637917302,-0.4393547196699264,0.19303256969623955,0.00028109010214244593,0.08014903746702427,0.0010894945698755442
15019,15019,PSMC3,-0.3308285582513516,10.055529144359024,-0.544633592457937,0.29662575003363817,3.2795538405841967e-06,0.06469875973331236,2.0844948170780977e-05
15020,15020,PSMC3IP,-0.3229975959977486,8.802120518976102,-0.4667580310770978,0.21786305957496901,0.00010114949039173052,0.07772362453295865,0.0004393085067053599
15021,15021,PSMC4,-0.22236584502718207,8.914887711240015,-0.3889057678977568,0.15124769630414386,0.0014934265485317235,0.0668988011680563,0.004843515337495053
15022,15022,PSMC5,-0.3230024664522832,10.210271232544411,-0.4323720469042026,0.18694558694413,0.000359822215861126,0.08554845896958181,0.0013579557484267484
15023,15023,PSMC6,-0.2673878264192865,9.49630740844828,-0.5569183748272207,0.3101580762201927,1.7597170327117061e-06,0.05064412022920599,1.2002101525471496e-05
15024,15024,PSMD1,-0.2943278786199029,9.704505011890248,-0.5540998777553372,0.30702667452847965,2.0343642012900203e-06,0.05615724063821745,1.3634836514681334e-05
15025,15025,PSMD10,-0.14852078177564296,8.39618526523709,-0.22167088390082204,0.049137980769371724,0.07834200632397663,0.08297389531329027,0.15223404046533684
15026,15026,PSMD11,-0.04914557279115524,7.380680779782581,-0.06849769454833447,0.004691934158436929,0.5907057262305007,0.09090575196701743,0.7120759575551933
15027,15027,PSMD12,-0.2768241991361326,9.342815276044254,-0.530654974524758,0.2815947019878715,6.4675730437347124e-06,0.056154004290120456,3.841341038455162e-05
15028,15028,PSMD13,-0.3847605509616014,9.959240807207733,-0.5734361161604212,0.3288289793171481,7.318467483797448e-07,0.06981138422074229,5.615925349455484e-06
15029,15029,PSMD14,-0.3108455190922699,10.202905324519284,-0.6881603037629922,0.4735646036751737,3.317038133786699e-10,0.041622838212608836,8.857023524926135e-09
15030,15030,PSMD2,-0.27203783556849376,9.558324459746489,-0.3693278769829502,0.1364030807167332,0.0026702440317407047,0.08693144900527536,0.008131645972063698
15031,15031,PSMD3,-0.20905951155052227,8.80832975204688,-0.32862955959428114,0.10799738743913118,0.008018316828924423,0.07630456572884399,0.021561734872762743
15032,15032,PSMD4,-0.5474191513706562,11.609682919025873,-0.5923786318518521,0.3509124434746721,2.517786451781429e-07,0.09455323663459704,2.202046268712716e-06
15033,15033,PSMD5,-0.5168597269769846,10.226680850718905,-0.5030452675786019,0.2530545412332272,2.2707446621771136e-05,0.1127753612626725,0.00011667899946463226
15034,15034,PSMD5-AS1,-0.0886290713241281,7.446787777827548,-0.1051957794596972,0.011066152016133252,0.4080792080487602,0.10640588760928618,0.5498696565425861
15035,15035,PSMD6,-0.6156924067461121,10.92863035485306,-0.5143483986333703,0.26455427517671243,1.3759506317418213e-05,0.13037246428944455,7.452779122153362e-05
15036,15036,PSMD6-AS2,0.37283466123552417,5.045899164128465,0.6000344217595575,0.3600413072963265,1.6039267005925797e-07,0.06312774005816388,1.4945366911072423e-06
15037,15037,PSMD7,-0.2606121470788469,9.32102704055356,-0.38072075397246996,0.14494829250536606,0.0019123401607304574,0.08038748599153746,0.0060305411650819945
15038,15038,PSMD8,-0.3884129500904121,10.767686794110897,-0.5457788575642307,0.29787456136411683,3.097848650894528e-06,0.07573358277387571,1.9870827172725417e-05
15039,15039,PSMD9,-0.4656662155084175,9.960746497014252,-0.3254155031866889,0.10589524971424592,0.008694209259118506,0.17184418772199953,0.023143589613547788
15040,15040,PSME1,-0.24106136255930455,9.636426818450166,-0.2534638096309549,0.06424390279263692,0.043292489959451716,0.11684150353289953,0.09286764438553016
15041,15041,PSME3,-0.2393000877555841,8.91170429222812,-0.5168218918145362,0.2671048678587561,1.2301329376675987e-05,0.05034160181900837,6.76448165698117e-05
15042,15042,PSME4,-0.18080347033833827,8.23166217728998,-0.44364825814881703,0.19682377695847936,0.00024085197295872445,0.04638499971019195,0.0009472665227790007
15043,15043,PSMF1,-0.5379715917803807,10.79710432526134,-0.4304043224447793,0.1852478807791496,0.0003853852053315061,0.14328463551839832,0.001445361382309277
15044,15044,PSMG1,-0.16944463381476618,8.470986216239368,-0.6226617361317398,0.3877076376425924,3.938425862106449e-08,0.02704327084206496,4.505367778336775e-07
15045,15045,PSMG2,-0.3715216677715247,11.050200292718598,-0.566219518343627,0.320604542953289,1.0800202637709069e-06,0.0686854560442629,7.888209345116618e-06
15046,15046,PSMG3,-0.33666310401420496,9.606375635051966,-0.5866091665091856,0.3441103142326014,3.509825021650026e-07,0.059029109845776015,2.9436584370190284e-06
15047,15047,PSMG3-AS1,0.2787348040246955,5.697663984375241,0.4337518986906952,0.18814070961778304,0.00034282939199163046,0.07353504267076277,0.0012992597976161633
15048,15048,PSMG4,-0.2023595667045137,8.065465281633905,-0.15719868644106266,0.02471142701879554,0.2147782568889667,0.16145278886856768,0.34011138229839666
15049,15049,PSORS1C1,-0.00863764413272065,7.051821210848999,-0.013672896780415264,0.0001869481063678901,0.9146046965527032,0.08022289462988201,0.948292822158453
15050,15050,PSORS1C2,-0.004809142773075769,7.039890014072513,-0.00568766355181431,3.2349516678636966e-05,0.9644222714212758,0.10738185519858257,0.9789333593150712
15051,15051,PSORS1C3,-0.10291651422923033,7.391874245325179,-0.1058697025736592,0.011208393923035062,0.40506566990508863,0.12276368496103818,0.5472257956835953
15052,15052,PSPC1,-0.3472702963673528,8.994059939961947,-0.5294429222200046,0.2803098078888578,6.850127021173909e-06,0.07066842921975064,4.033390250477072e-05
15053,15053,PSPH,-0.12518333156924025,7.552683714861902,-0.4023679395647916,0.16189995878961574,0.0009807005830538213,0.03617222491958478,0.003338112405852012
15054,15054,PSPN,-0.0678116996944413,7.3375170578675535,-0.07601815332005785,0.005778759634191822,0.5504913131945137,0.11296216012817327,0.679291662614804
15055,15055,PSRC1,-0.1873592103899545,8.138938262243578,-0.6559751045443077,0.4303033377819155,4.013151342196925e-09,0.027378754198044104,6.742031987220668e-08
15056,15056,PSTK,-0.2983786701367893,8.349228457551929,-0.4521331809124637,0.20442441328202265,0.00017640808261969428,0.07475603748718201,0.0007179321610842848
15057,15057,PSTPIP1,0.20039054541980236,6.118298665959684,0.2721355193768065,0.0740577409064842,0.029599173347402506,0.08998872638145479,0.06713134675722678
15058,15058,PSTPIP2,-0.1414477298557838,7.754792920073665,-0.4249935011057944,0.18061947598216088,0.00046444398121822097,0.0382613832124159,0.0017055340704223462
15059,15059,PTAFR,0.39770793446231456,4.705484189096064,0.4565289407434306,0.20841867373631875,0.00014964313335898328,0.09843461952225926,0.0006211466461354769
15060,15060,PTAR1,0.09954913722666696,6.34691561465204,0.1863751738466798,0.034735705426380124,0.14032843005136528,0.06664640301877751,0.24349456352262142
15061,15061,PTBP1,-0.07909044682464814,7.5283850743664305,-0.05396007628504555,0.0029116898326879354,0.671944141823402,0.1858756249445612,0.7778345213655727
15062,15062,PTBP2,-0.1047221572730167,7.484702614039879,-0.18671934583372052,0.034864114108572535,0.13958424408811287,0.06997576421428055,0.242502795969576
15063,15063,PTBP3,-0.22228439713481965,8.840215700526242,-0.468749186283764,0.21972579964169084,9.358899290416972e-05,0.0531981134475936,0.00040992508926775796
15064,15064,PTCD2,-0.32737461502231724,9.034554563609614,-0.6519542100048683,0.4250442919430719,5.36648704812792e-09,0.04835587617390167,8.621014616261877e-08
15065,15065,PTCD3,-0.4167931903697046,9.674769429535429,-0.6037977092822827,0.3645716737345321,1.2794716705949975e-07,0.06988220413517005,1.2336134918403683e-06
15066,15066,PTCH1,0.3896611896852879,5.077358281087234,0.4889447745556197,0.23906699256524586,4.140056199266835e-05,0.08828861619135077,0.00019971690130346023
15067,15067,PTCH2,0.19007774454859566,6.034232760159112,0.2506458401482993,0.06282333718364681,0.04575365893577104,0.09323643442778504,0.09730008199999803
15068,15068,PTCHD1,-0.09393116662465358,7.379931425742008,-0.1904775143122316,0.03628168345856638,0.1316499365517238,0.06148160738240956,0.2314589085026856
15069,15069,PTCHD2,0.2199372725602164,5.82534377782931,0.2466642367210601,0.060843245677183175,0.049426060340676536,0.10974022511544622,0.10363045657963141
15070,15070,PTCHD4,-0.2541344568217697,8.01554286847103,-0.3035046059794613,0.09211504585074808,0.014769155543580216,0.10132528436216748,0.03674894442103063
15071,15071,PTCRA,0.3178455408904005,4.847976888507856,0.2834417207072757,0.08033920903750127,0.02323150591191388,0.13657472602368848,0.0545756411935881
15072,15072,PTCSC1,-0.14156705570453018,7.720276607155207,-0.12451036454812266,0.015502830879906396,0.3269517478309565,0.14327423101048267,0.4685111235626894
15073,15073,PTDSS1,-0.3652555862236439,10.480371925561725,-0.5177877821818452,0.2681041873767939,1.1772014341182476e-05,0.07664323982014654,6.508117706364731e-05
15074,15074,PTDSS2,-0.266325008661799,8.778506845964625,-0.2825970915888821,0.07986111617449504,0.0236632963725,0.11480878186872714,0.05542166157759977
15075,15075,PTEN,0.36007979696634346,4.456389015710865,0.35062672954827323,0.12293910347371792,0.004504181811555965,0.12214417590571035,0.012934366414168468
15076,15076,PTER,-0.11906512688639595,8.015083319475654,-0.1797335252615328,0.03230414010293805,0.15527861667767714,0.08276163910041412,0.264082183629553
15077,15077,PTGDR,0.16405502313473674,6.130582425469992,0.4906326036115826,0.2407203517266803,3.858200827732627e-05,0.03700310453630348,0.0001875827097542659
15078,15078,PTGDR2,0.4736435778663477,4.468671045974231,0.5769308692966542,0.332849227947393,6.041071328002111e-07,0.08516164226829,4.726134378897605e-06
15079,15079,PTGDS,0.09951616377656494,6.29990406477767,0.3648000085322183,0.13307904622510652,0.0030391750348160804,0.03225764749053588,0.00912553180517779
15080,15080,PTGER1,0.03561473971528409,6.815667397063849,0.030153111613466888,0.000909210139974192,0.8130258576302885,0.14993543100247433,0.8814055042294817
15081,15081,PTGER2,-0.1015348085865453,7.711472360793067,-0.30695942639839474,0.09422408945483153,0.013619132378627049,0.03998052734326702,0.034189927157334654
15082,15082,PTGER3,1.0958994717655397,3.175443958450304,0.43906372585470177,0.1927769553614127,0.00028402784581035216,0.2848026921402304,0.0010993070600577616
15083,15083,PTGER4,0.17185291058147875,5.5804794520419705,0.3295473824500138,0.10860147727965566,0.007833932404081279,0.06252866201348747,0.02112362174204708
15084,15084,PTGER4P2-CDK2AP2P2,-0.12464391273382602,7.625734888270483,-0.13069019907416562,0.01707992813404504,0.3033208227848197,0.12008570476477708,0.44270488760566623
15085,15085,PTGES,-0.21759342650250213,8.282693984625842,-0.3025184928517213,0.09151743851727698,0.015112343939663313,0.08706754439701858,0.037486575946553156
15086,15086,PTGES2,-0.3244122686434112,9.668325328974475,-0.36499464801986137,0.13322109308314248,0.003022428158077315,0.10509186421462084,0.009085325064292651
15087,15087,PTGES3,-0.5024009609553494,12.93085702840878,-0.6094729019730156,0.3714572182394091,9.04880750957486e-08,0.08299800190099782,9.169486505374056e-07
15088,15088,PTGES3L,-0.3699657084882905,8.361981757950304,-0.3968029846616068,0.15745260863635935,0.0011693979814678785,0.10868956888466784,0.0038976932874691256
15089,15089,PTGFR,0.3546982239488153,5.728786066135969,0.4821021778962439,0.2324225099323016,5.4892697942211264e-05,0.08186253531459024,0.00025602011069105856
15090,15090,PTGFRN,-0.099130676788036,7.8308122496455965,-0.09485795940806092,0.008998032463061334,0.4559147129654979,0.1321221727326305,0.5949657704743129
15091,15091,PTGIR,-0.004271950490541038,7.041066774283987,-0.004705694346810712,2.2143559285606293e-05,0.9705617256105534,0.11529270878115587,0.9826285250113634
15092,15092,PTGIS,0.4268774156826908,5.153494858999356,0.37805355148511305,0.14292448779050698,0.002070002473442611,0.13275887243796372,0.006477731728670484
15093,15093,PTGR1,0.07688968356891038,6.421638574244505,0.13272098686054862,0.017614860353237918,0.29580349616442103,0.0729245098517635,0.434574267940335
15094,15094,PTGR2,-0.03658455430090204,7.144981261824019,-0.06923403101419286,0.004793351050474218,0.5867106566007898,0.06694820540368943,0.7088779372141998
15095,15095,PTGS1,0.0188825114934153,6.890838149018373,0.048949629278860964,0.002396066206537922,0.7008973861204633,0.048932069336464185,0.8003128339804183
15096,15096,PTGS2,-0.08980651762466893,7.407991431259393,-0.40169665436565016,0.16136020212855662,0.001001902258694683,0.026001687295667264,0.0034027906857015933
15097,15097,PTH,-0.2424795934869035,7.7317925089930455,-0.1328568374388829,0.01765093925426176,0.29530500136768073,0.22973563093286575,0.43395967729486473
15098,15098,PTH1R,0.17428396056299972,6.194313730991948,0.1900528918606199,0.03612010170458448,0.13252892706879538,0.1143400967071672,0.23247581333938952
15099,15099,PTH2,0.10501343575921296,6.333408465982977,0.10167756232676392,0.010338326680712964,0.42402161549495854,0.13048700799680887,0.5650229575745078
15100,15100,PTH2R,-0.24320682035258664,7.7940346024504725,-0.14744626846605535,0.02174040208456407,0.2449553932392397,0.2071920931594868,0.3767551158913941
15101,15101,PTHLH,-0.6651402968436254,9.083646754387754,-0.27676578386697376,0.07659929911950042,0.026833609132265818,0.2932919325214329,0.061672872612950146
15102,15102,PTK2,-0.4508456748617725,9.73173426928863,-0.4891946114730748,0.2393113678942925,4.097167426735973e-05,0.10208310268192383,0.00019782421544251394
15103,15103,PTK2B,0.25910444506754265,5.407395570807797,0.3098956461960017,0.09603531153123747,0.012703234342317972,0.10095766026518213,0.03220046115918245
15104,15104,PTK6,0.31499530042101703,4.524786668237006,0.5463079169107382,0.2984523400793501,3.017128836789685e-06,0.061333722733643875,1.9439430217399772e-05
15105,15105,PTK7,-0.3842161940521741,8.84560329558937,-0.4548948268008202,0.20692930345014815,0.00015912398792578144,0.09552669988296256,0.0006559737214035402
15106,15106,PTMA,-0.6144869800145838,13.931473577679085,-0.7262099066585149,0.527380828528969,1.1140227289873426e-11,0.07387718498656534,5.95658325832615e-10
15107,15107,PTMS,-0.10089761645574076,7.598989963312447,-0.12096613839950028,0.014632806639287054,0.3410166276975398,0.10515266758320736,0.4833561377660836
15108,15108,PTN,0.2041796171075116,5.838718078502704,0.6521107063883698,0.4252483733863386,5.306561727396274e-09,0.030146390071995224,8.546959701964213e-08
15109,15109,PTOV1,-0.26617765603541393,9.039680711733883,-0.4577403662702543,0.20952624291322655,0.00014295254126781614,0.06565990756339073,0.0005958731716917546
15110,15110,PTOV1-AS1,0.11172919161379087,6.560265947121751,0.07443002453789517,0.005539828552711678,0.5588730397956827,0.19011498372450109,0.6864270703179348
15111,15111,PTP4A1,0.3896843152004037,3.6524231044575934,0.7759779381894213,0.6021417605567053,5.0274255027483656e-14,0.04022831899649549,1.0569796044855908e-11
15112,15112,PTP4A2,0.4759648289414141,2.0228339780970845,0.3603626833088918,0.12986126352158467,0.003444043299720907,0.15647085534687816,0.010192113279684608
15113,15113,PTP4A3,-0.2570687974077814,8.594438068787607,-0.5987520971924848,0.35850407389239874,1.731182035627347e-07,0.04367203455106295,1.5918788527180551e-06
15114,15114,PTPDC1,-0.4810576259161786,9.491214926547354,-0.5347465516633962,0.2859538745158933,5.318344287344358e-06,0.09654202403172203,3.214310509138768e-05
15115,15115,PTPLA,-0.057494809017037636,7.282307941267735,-0.06588453772392237,0.004340772311094951,0.6049812162762542,0.11058714583764503,0.7237249054503527
15116,15116,PTPLAD1,-0.2925047196541151,9.887896974890179,-0.6878618563870083,0.4731539334721812,3.399584100393388e-10,0.03919924268862241,9.029015324122432e-09
15117,15117,PTPLAD2,0.2938539279298392,5.642334668511686,0.6408234659749039,0.4106547145440889,1.1734341285204608e-08,0.04470768226954274,1.6511186519240143e-07
15118,15118,PTPLB,0.2891258095857904,4.5472461455618385,0.4766262329087012,0.2271725658967395,6.850108320930216e-05,0.06772583069886204,0.0003109834291189598
15119,15119,PTPMT1,-0.3096959337165907,9.058309064910263,-0.6307829427044598,0.3978871208068978,2.314137320627449e-08,0.04838365535788073,2.873431403565792e-07
15120,15120,PTPN1,0.5173836224549957,4.503174045045052,0.2654778792514456,0.07047850437184514,0.03399173147655594,0.2386262473413449,0.07562060254004714
15121,15121,PTPN11,-0.2991242030457102,9.017598317485241,-0.4404616284723941,0.1940064461565533,0.00027016717862103883,0.07743074072512364,0.0010503537258597121
15122,15122,PTPN12,-0.309580992681894,8.833854707833586,-0.4242554703338519,0.17999270410819784,0.00047630224660008986,0.08391891326230719,0.0017440522742855845
15123,15123,PTPN13,-0.2392869110762717,7.998955650894143,-0.5970579401168371,0.35647818385656066,1.9139409303970922e-07,0.040830834652408936,1.7377941655240684e-06
15124,15124,PTPN14,-0.3346131315904075,8.528891304426113,-0.3029202191225068,0.09176065915322752,0.014971716446751273,0.13369618909922118,0.0372016660532873
15125,15125,PTPN18,-0.3101483029084962,9.05233395864933,-0.26842439429194365,0.07205165545099683,0.031984894108201684,0.14135575131185396,0.07173825809560927
15126,15126,PTPN2,-0.7703681651556484,11.28605146328792,-0.4435557514249908,0.1967417046221882,0.00024166022951861084,0.19768871458901816,0.0009501002669254753
15127,15127,PTPN20B,-0.08872755470653501,7.286360593340154,-0.1963577246449195,0.03855635602773002,0.1199263135291842,0.0562699583081727,0.21485929672164175
15128,15128,PTPN21,0.4805964910569592,4.35393567388191,0.6645026738354032,0.4415638035344002,2.135355869921558e-09,0.06863960857919978,3.952233449841995e-08
15129,15129,PTPN22,0.3223895070172276,5.819776883566156,0.4216301743568544,0.17777200392819145,0.0005207508370752131,0.08805408314713417,0.001886077835233942
15130,15130,PTPN23,-0.3199215051118629,8.823975854454197,-0.2910623110141488,0.08471726889289709,0.01962862089640076,0.1335485725972731,0.04715529016103377
15131,15131,PTPN3,-0.3610638072407032,9.601288658524998,-0.4770881827189928,0.2276131340901111,6.724289098914629e-05,0.08447085561310644,0.0003063633083042211
15132,15132,PTPN4,-0.4381535583234027,8.952020981040928,-0.4756267651903548,0.2262208197654409,7.129797873062418e-05,0.10291359099733123,0.000322329379835421
15133,15133,PTPN5,0.19416953527278524,6.204252825657318,0.17582277940126273,0.0309136497563851,0.16461620860757947,0.13806746263518566,0.27661705574587825
15134,15134,PTPN6,0.17033536833091031,5.718619072003702,0.2370584442183875,0.05619670597524233,0.059285390769775084,0.08865317700503927,0.12074544759885697
15135,15135,PTPN7,0.028924045789837906,6.8735831051090885,0.040539194597165394,0.001643426298586844,0.7504452065246919,0.09053800495598263,0.8378907423197836
15136,15136,PTPN9,0.4064458314180872,4.961638756079598,0.3150168236692922,0.09923559919468992,0.01123269582724472,0.15551729288436011,0.028923190028416694
15137,15137,PTPRA,-0.44280323944518696,9.840868362430196,-0.4515415308338431,0.20388975406777046,0.00018032801371532743,0.11112297255309568,0.0007320965761165009
15138,15138,PTPRB,-0.398070726024376,9.177724438472726,-0.5519423020306772,0.30464030477092324,2.2712075340282972e-06,0.07637926462665036,1.5013125503474595e-05
15139,15139,PTPRC,0.18935882039433,6.000418741079138,0.556253952335239,0.3094184594885743,1.821138289693993e-06,0.03592725757847595,1.238980510943243e-05
15140,15140,PTPRCAP,0.1553629957330916,5.972232359613818,0.49455386171232596,0.2445835221345745,3.270536405791483e-05,0.03467618981301476,0.00016193213035310756
15141,15141,PTPRD,-0.011342904081161223,7.084407739398474,-0.023077103871207438,0.0005325527230824971,0.8563658174934103,0.06240673142223947,0.9103879125095632
15142,15142,PTPRE,0.15636739213538695,6.2391274786128195,0.1044845065283036,0.01091701210446312,0.4112738499821369,0.18902307265394624,0.5528286910454939
15143,15143,PTPRF,0.3230260470409489,4.31680729355418,0.4274562716190149,0.18271886414642904,0.00042679130618493416,0.08676323612511483,0.0015839187207257496
15144,15144,PTPRG,-0.24409019854927624,8.302381392608538,-0.4705352202628947,0.2214033935078508,8.725379514375569e-05,0.058132448106548815,0.00038537241155170904
15145,15145,PTPRG-AS1,-0.0347529407299268,7.129354844183292,-0.024946354201950974,0.0006223205879691973,0.8448701424162477,0.17686970573452512,0.9025535461508482
15146,15146,PTPRH,0.21349478514453404,5.42505035404078,0.6673609517812585,0.4453706399623873,1.7204210647705308e-09,0.03025743176854275,3.3145656723848616e-08
15147,15147,PTPRJ,0.3376092436857241,5.279126744204373,0.3035224665793363,0.09212588771840433,0.0147630019670006,0.13459857365425038,0.03673785423987566
15148,15148,PTPRK,0.13717826642608644,5.928498081279727,0.18227271929452446,0.033223344199020496,0.14942955204278047,0.0939790109823771,0.2562274882798647
15149,15149,PTPRM,0.2443810166986446,5.574074864060842,0.4130353091417466,0.1705981665978182,0.0006939264809184602,0.0684332141483359,0.0024481880000471255
15150,15150,PTPRN,0.07107136581359598,6.746043217429402,0.05512651387343048,0.0030389325318375235,0.6652695163668461,0.16348480255766115,0.7725860125984905
15151,15151,PTPRN2,-0.016939853683470472,7.138507225610603,-0.03608952648508788,0.0013024539219178592,0.7770863258405272,0.059573020100566414,0.8556144040472519
15152,15152,PTPRO,0.22777977906688304,5.2623277403957385,0.5130845923719249,0.2632557989294645,1.4565133984910596e-05,0.04839368713880196,7.840118728392715e-05
15153,15153,PTPRR,0.09503356285713112,6.442836173133579,0.7158914348820805,0.5125005465375241,2.951928870215372e-11,0.011771208895213443,1.2436579705158343e-09
15154,15154,PTPRS,0.5259249726732649,4.3510835656430205,0.4028125461731849,0.16225794735452415,0.0009668822050242008,0.15176796740499468,0.003297816057615226
15155,15155,PTPRT,0.12210679335664325,6.3975855802256705,0.1542599764900528,0.02379614034671164,0.22358227375747236,0.09932555055812473,0.35091548536374473
15156,15156,PTPRU,-0.09220042661449576,7.5885742067978885,-0.10337330684662097,0.01068604056840565,0.41629361744270504,0.11266674436424845,0.557469438236459
15157,15157,PTPRZ1,0.27963879276589193,6.1877810094354375,0.2317527552459425,0.05370933956408575,0.06537938770415658,0.1490695514380226,0.13094623018252965
15158,15158,PTRF,0.30726299425066866,5.1433594972106675,0.5126625763733028,0.2628229172137125,1.4843777220119213e-05,0.06535347886255173,7.978272566399323e-05
15159,15159,PTRH1,-0.3899201551832549,8.972288145526234,-0.6503017647544347,0.4228923852427321,6.039669048345162e-09,0.05784866083516836,9.502623980073501e-08
15160,15160,PTRH2,-0.3061879087638197,9.601355729747537,-0.6416146305052767,0.4116693340784227,1.1111216562119241e-08,0.04648669559191329,1.5746949911825403e-07
15161,15161,PTRHD1,-0.23848141014232546,9.398286281812453,-0.2581704260567766,0.06665196889033755,0.039425664060425386,0.1133375975756874,0.08578805820222184
15162,15162,PTS,-0.18460171310540047,8.675504191487436,-0.35052089259210306,0.12286489614356465,0.0045171376612373705,0.06264107748863294,0.0129664125204262
15163,15163,PTTG1,-0.189199192459916,8.855036818994575,-0.643487547848583,0.4140762242361824,9.758685071114058e-09,0.028582739224769782,1.4201903576275197e-07
15164,15164,PTTG1IP,0.32713907660723074,3.30082933976425,0.6433758440685895,0.41393247673097,9.834767682696808e-09,0.04943626545790338,1.4303015054989884e-07
15165,15165,PTTG2,-0.2413030873420052,7.8427423348180625,-0.19970883842378945,0.03988362014457924,0.11361167965958273,0.15035978206214293,0.20591403774926884
15166,15166,PTTG3P,-0.3458880386710627,8.841693852772863,-0.6137043435122372,0.3766330212457861,6.958058922006465e-08,0.056513525179900714,7.335772441871956e-07
15167,15167,PTX3,0.03520826398446777,6.8724091460803125,0.08032711931895217,0.006452446098081179,0.5280585979780066,0.055485678826080034,0.6599208759934055
15168,15168,PUF60,-0.5496745764885609,11.995549615451315,-0.6266712973534585,0.3927169149266668,3.0348577209708493e-08,0.08680916810104121,3.5951774588415613e-07
15169,15169,PUM1,-0.3031744662643076,9.933430880310658,-0.3636120514663218,0.13221372397154707,0.0031431887305754607,0.09864268766587342,0.00940134695588558
15170,15170,PUM2,0.299340016949611,4.684863373609832,0.2186234645571288,0.047796219254962136,0.08263819928137098,0.1696825228120926,0.15888575028305854
15171,15171,PURA,0.8472177809289322,1.8641778717898292,0.6151223980186838,0.3783755645442561,6.366089994728265e-08,0.13791189154273562,6.788331215813443e-07
15172,15172,PURB,0.18879689618714848,6.162653901264233,0.23788467909578534,0.056589120548504776,0.05837918164927424,0.09790006345593873,0.11911817380712651
15173,15173,PURG,-0.0017461226448796546,7.022264404575486,-0.0012889081463936776,1.661284209839986e-06,0.9919350895685644,0.17205075014589272,0.9952740921758116
15174,15174,PUS1,-0.24916880566439226,8.650941526404463,-0.7072092889229666,0.5001449783389281,6.487352444289053e-11,0.031635295768347164,2.322043259191396e-09
15175,15175,PUS10,0.3207353405353276,5.53862666382742,0.30286935247885954,0.09172984467096366,0.014989460311093968,0.1281749521364188,0.03723358335294739
15176,15176,PUS3,-0.3935590409212617,9.868395446492675,-0.6347981259969215,0.40296866076920346,1.7689806983699886e-08,0.060838286975223074,2.3146390950575292e-07
15177,15177,PUS7,-0.16325222273238346,8.245293473099169,-0.6804570491762445,0.46302179577364205,6.198646270018084e-10,0.022327539681857116,1.4480224916638791e-08
15178,15178,PUS7L,-0.3370906539788195,9.043377286197163,-0.6471487610459182,0.41880151892326695,7.55229675500015e-09,0.05043232359994878,1.1428720211707074e-07
15179,15179,PUSL1,-0.2431380178206095,8.534734030146414,-0.4958729211310995,0.2458899539110897,3.092288716288217e-05,0.05407593003536855,0.00015390372822620397
15180,15180,PVALB,0.07904369776691353,6.7234229623848645,0.07815107335930398,0.006107590267211312,0.5393302035748488,0.12805783169115376,0.6696018552008571
15181,15181,PVR,-0.23828398526769465,8.41891112870133,-0.16811527973247334,0.028262747279527763,0.18421506747073915,0.17744601426379436,0.3018408482490475
15182,15182,PVRIG,0.20567371981290464,5.8173325530097335,0.5581412939264114,0.3115217039858488,1.6517098054388657e-06,0.03883147881961467,1.1347644618267334e-05
15183,15183,PVRL1,-0.0019325001314574766,7.0263098731180476,-0.0018699345192157886,3.496655106154782e-06,0.9882997266558292,0.13124915900125614,0.9928386797519011
15184,15184,PVRL2,-0.042530402420905465,7.324560184650849,-0.060636410576346125,0.003676774287583221,0.6340965368817553,0.08891402889123856,0.7473792744830713
15185,15185,PVRL3,0.0916687233499422,6.324002850370745,0.29116052463317715,0.08477445110466696,0.01958548809616301,0.038252243584306775,0.04706733378342137
15186,15186,PVRL3-AS1,0.27080538953558514,5.986629210513242,0.28056482831041546,0.0787166228848529,0.0247301396667996,0.1176589177638444,0.057532261616497854
15187,15187,PVRL4,-0.4024276658015367,9.534896855064227,-0.6099783265448522,0.3720735588544583,8.771019840318232e-08,0.06639447883419243,8.925584334684742e-07
15188,15188,PWAR5,0.010321019985322932,6.983422752550781,0.00822575834575554,6.766310036276692e-05,0.9485640272069288,0.15934415377324246,0.9691052089623534
15189,15189,PWAR6,0.03703578276725018,6.853778444491671,0.09323688302810308,0.008693116356796173,0.4636849676533598,0.05022755038334769,0.6020203833883031
15190,15190,PWP1,-0.3732143697672005,10.113195134162897,-0.7503633952027996,0.5630452248602729,9.487074196940225e-13,0.041755060496824425,9.924762885736259e-11
15191,15191,PWP2,-0.2983557517975896,8.842892897496123,-0.19260206468832333,0.037095555322205084,0.12731808093535754,0.1930497427461472,0.22543524469788778
15192,15192,PWRN2,-0.01869007997254929,7.079355500341264,-0.017318940969840872,0.00029994571631683265,0.8919549377255822,0.13703415963123808,0.9335113902879263
15193,15193,PWWP2A,0.4333970928552216,4.461792620732837,0.3972329688241456,0.15779403152084465,0.0011537293746912993,0.12716102512619604,0.0038525843652953105
15194,15194,PWWP2B,0.2654156473302465,5.349959602570103,0.29860344249908993,0.08916401587230731,0.016543301088429004,0.10773478706301834,0.04059435524871729
15195,15195,PXDC1,-0.25717503596940955,8.590325679647723,-0.3093084367240587,0.09567170902868104,0.012882025170836264,0.10041630975234817,0.03260024016296123
15196,15196,PXDN,0.10116297728103146,6.3891640674986885,0.23164746066098396,0.0536605460306821,0.06550524065723735,0.05395375645140281,0.13113765243898262
15197,15197,PXDNL,-0.0708958591391559,7.221886928435477,-0.04701627831456657,0.0022105304265527827,0.712186510762765,0.19129174751719247,0.8094897591102076
15198,15198,PXK,0.12435902576016322,6.313771321993195,0.16216250559204434,0.026296678219889826,0.20046631947633387,0.09610463775208712,0.32297434329737446
15199,15199,PXMP2,0.3785889956990355,3.5852222290267526,0.8351560751140721,0.6974856697999416,9.604028066475742e-18,0.031664852769137726,2.079752277795322e-14
15200,15200,PXMP4,-0.21793514782204496,8.340490762691847,-0.16178422675547946,0.026174136026868387,0.20153246571804892,0.16882466923669673,0.32426780685589707
15201,15201,PXN,0.03375533445006473,6.793571975659728,0.038224353437326684,0.0014611011957016687,0.7642706244764479,0.1120698824570306,0.8473852016300998
15202,15202,PXN-AS1,-0.16016392373614538,7.788411826270275,-0.24734791683568244,0.061180991962951674,0.048778857408317326,0.07968040537862488,0.10254404011038848
15203,15203,PXT1,0.1971414740168708,6.374215946275867,0.1418424880355746,0.02011929141212212,0.2635502591717711,0.17472796462414708,0.3985739829851738
15204,15204,PXYLP1,-0.3966065010037406,9.375509681688495,-0.5808809270764091,0.3374226514411486,4.850461388343335e-07,0.07058219487799076,3.9144875198626545e-06
15205,15205,PYCARD,0.2373959113280168,4.883360879067356,0.3632819083585384,0.13197374494062145,0.003172651476098597,0.07732146082184513,0.009473768300457132
15206,15206,PYCARDOS,0.2898802378773715,5.468813148048481,0.3880099372111041,0.1505517113745649,0.0015348640088774664,0.08744769947935836,0.004957118584972638
15207,15207,PYCR1,-0.2973487190975332,9.393645035893108,-0.6947596492553775,0.4826909702334552,1.911660327452264e-10,0.03909405049874752,5.639918854356781e-09
15208,15208,PYCRL,-0.27387098327828513,8.548210762843429,-0.4871310047693042,0.23729661580755196,4.464098415413097e-05,0.062356573220592626,0.00021354108943178843
15209,15209,PYDC1,0.16321224690173786,6.321555488501233,0.15731966893310875,0.024749478233222943,0.2144211096582629,0.1301163795812076,0.33970334909957345
15210,15210,PYGB,0.0419827826899302,6.722001644167633,0.04913904736736836,0.002414645976172471,0.6997947566640434,0.10837364378880593,0.7992645282468281
15211,15211,PYGL,0.09246067799134236,6.3504095281525945,0.3088271107071282,0.0953741843077128,0.013030192682985468,0.036164319649022704,0.03290598513703211
15212,15212,PYGM,0.11749944305131595,6.4652179218916075,0.15398690353501074,0.023711966460300708,0.2244129677662359,0.09575140612572072,0.35199643756177307
15213,15213,PYGO1,0.3470803830270831,5.7560072206668975,0.2140130417993615,0.045801582060215264,0.08948959316795012,0.2011932145694051,0.1698866608268572
15214,15214,PYGO2,0.033908287956860975,6.802919061480032,0.04172533006752559,0.0017410031692439547,0.7433908722146902,0.1031173760971971,0.8331502607291749
15215,15215,PYHIN1,0.356791915142396,5.806802484687548,0.26462616874173,0.07002700918292656,0.03459101065286762,0.1651283109506484,0.07678027221072656
15216,15216,PYROXD1,0.34616081119878545,4.632521915826887,0.6046633062525294,0.36561771392824016,1.214156431996239e-07,0.0579087198753164,1.17956740847369e-06
15217,15217,PYROXD2,-0.07267851979732755,7.396385440664847,-0.10723145453146556,0.011498584840933768,0.3990161714708916,0.08558086655814973,0.541227384478682
15218,15218,PYY,0.0740196612530867,6.517797954058879,0.7345728322662358,0.5395972459036394,4.893493769685383e-12,0.008683310736602503,3.1885996610994623e-10
15219,15219,PYY2,0.12881054160042033,6.26920929856709,0.2967607041928197,0.08806691555301822,0.01725603758598782,0.052641790752377134,0.0421056705985884
15220,15220,PZP,0.2733233045775693,5.7211921331259,0.3464748698217978,0.12004483541803175,0.005037778346433599,0.09398084599540088,0.014301663619824278
15221,15221,QDPR,-0.3296285076074928,9.070071100371695,-0.37599284936183053,0.14137062277122828,0.0021996726825009674,0.1031697089950834,0.006833153340920736
15222,15222,QKI,0.3642482843112653,5.2276244831099214,0.6664830894228647,0.4441997084866463,1.8389203932049212e-09,0.051745420508986735,3.502358937102249e-08
15223,15223,QPCT,-0.1083701710126116,7.88733607364905,-0.7207665564137833,0.5195044288445835,1.8728301800118295e-11,0.013236220131676607,8.800488449726074e-10
15224,15224,QPCTL,0.06589820842993259,6.744907366924443,0.06647837494727911,0.0044193743356310275,0.6017238958470931,0.12561328881112913,0.7208662526163228
15225,15225,QPRT,-0.055524044456048895,7.459166789854883,-0.19942484719882705,0.03977026968027552,0.11413669929880065,0.03464922735677553,0.20664076777155152
15226,15226,QRFPR,0.3238488776294542,5.989412199793368,0.2357707976100621,0.05558786900568485,0.060720345521844826,0.16952639128502234,0.12318739494412484
15227,15227,QRICH1,0.05717618731345736,6.621972502431843,0.04795052141666612,0.002299252504130157,0.7067234637431346,0.15126071949450404,0.8049280285782138
15228,15228,QRICH2,0.13040615327807795,6.376000542594447,0.1573967774619104,0.02477374555539415,0.21419369896903084,0.10391041885603176,0.3394836091030054
15229,15229,QRSL1,0.0050572279778218435,6.984095395298221,0.010158964168670835,0.00010320455298033792,0.9364981785236332,0.06321859605097085,0.9626824293140263
15230,15230,QSER1,0.20797224712560144,5.672560148863197,0.29953129548949425,0.08971899697761472,0.016194074452081632,0.08413081081200496,0.039818630891316875
15231,15231,QSOX1,0.13127436325337566,6.080825913371926,0.2271433594520228,0.05159410574315082,0.07107376274498213,0.07147944193566265,0.14033941207646466
15232,15232,QSOX2,-0.4506047765626177,9.659180716250294,-0.4384122607539157,0.19220531037935934,0.00029070673102039846,0.117318837783906,0.0011219487186324593
15233,15233,QTRT1,-0.2728834885796158,9.121041845780711,-0.6064104542926416,0.36773363907540796,1.0917834024088695e-07,0.04544276747272269,1.0741739926925974e-06
15234,15234,QTRTD1,-0.5804076158302485,9.443199483830677,-0.564390389502037,0.31853651176226105,1.1902449022860169e-06,0.10781493954377427,8.577288971382262e-06
15235,15235,R3HCC1,-0.5459836069074114,11.195814363982404,-0.5294555207220251,0.2803231484230307,6.846044292853867e-06,0.11110229863191108,4.032945842267424e-05
15236,15236,R3HCC1L,0.16363699612876753,6.038110917347523,0.2340272008600735,0.05476873074240119,0.06270802084609656,0.08633529071485724,0.12647956579509623
15237,15237,R3HDM1,-0.5531795412948194,10.448788151740589,-0.4847736821305759,0.2350055228864366,4.920330146680437e-05,0.12675362270013796,0.00023233700245609432
15238,15238,R3HDM2,0.046513651818394466,6.621816801123767,0.05499025694073481,0.003023928358408033,0.6660478888161268,0.10726084436049264,0.7731996908069704
15239,15239,R3HDM4,-0.4478566422793019,10.878009773560365,-0.6714525293236273,0.4508484991350966,1.2575320000324827e-09,0.06277315374475438,2.576334480672035e-08
15240,15240,R3HDML,-0.061342466036556326,7.296983902689461,-0.06498953384094089,0.0042236395088628,0.6099050086144724,0.11961974452008582,0.7280867123233957
15241,15241,RAB10,-0.16535738567866676,8.792833311886923,-0.13573822722441764,0.01842486633002764,0.2848612460477854,0.15328065716235625,0.4228012531298693
15242,15242,RAB11A,-0.3006458704912333,9.800787686999547,-0.36686479546539497,0.1345897781518661,0.002865656296328081,0.09681984207126962,0.008659752595169493
15243,15243,RAB11B,-0.00976163338893388,7.071962451245698,-0.012900928134790064,0.00016643394673901784,0.919409586837674,0.09608808733841984,0.9515300421989022
15244,15244,RAB11B-AS1,-0.06728580073822378,7.325964802301171,-0.08558452620246819,0.007324711125300964,0.5013181756206393,0.09948003630299464,0.6368302395180938
15245,15245,RAB11FIP1,0.2266531033413872,4.90129041359317,0.19506114871501612,0.03804885173802165,0.12244019116532184,0.14473433042141864,0.21844145161353143
15246,15246,RAB11FIP2,0.1430077240823511,6.15160450701291,0.2041329674397336,0.04167026839575133,0.10567023038905987,0.08709795987179768,0.19439647225567747
15247,15247,RAB11FIP3,-0.2503382657018581,8.230792810262201,-0.25255101068110075,0.06378201299604548,0.04407747392229335,0.1218065868440444,0.0942527597301533
15248,15248,RAB11FIP4,-0.1816446357219137,8.118014122614614,-0.22374170113819974,0.050060348828215515,0.07552520983617196,0.1004911472464698,0.14763480944234555
15249,15249,RAB11FIP5,-0.3603869871544618,9.38060997564622,-0.390449798208712,0.15245104492122388,0.0014243599495304595,0.10791714566500496,0.004641064506031012
15250,15250,RAB12,0.0442863525010876,6.784609695171782,0.0600883367320058,0.0036106082112189173,0.6371702607267222,0.09343259961809164,0.7498389417382785
15251,15251,RAB13,-0.28057089386884226,9.962497955738918,-0.3898872450029208,0.15201206381596755,0.001449183898314715,0.0841593902525126,0.004712731238625192
15252,15252,RAB14,0.33188409321864976,4.518716107768398,0.3379356188715101,0.11420048250207053,0.006313290283782254,0.11738817295507673,0.01743137843877403
15253,15253,RAB15,-0.24876898611813256,9.009150533906935,-0.5428614352431145,0.2946985378742142,3.5804700018265985e-06,0.048876353019043736,2.2598390524498684e-05
15254,15254,RAB17,0.31351507160153913,4.685636402773054,0.4777452635391902,0.2282405368341303,6.548994342524772e-05,0.07321619757458349,0.0002995110295403885
15255,15255,RAB18,0.5616402883622093,3.0565761606042714,0.5269708890461127,0.2776983179020504,7.69666905874505e-06,0.11503635105672046,4.4626549496510925e-05
15256,15256,RAB1A,0.4603031578179421,2.9939506219653813,0.3390287139723912,0.11494046889777346,0.006135594695058498,0.1622175616019832,0.01701233074538947
15257,15257,RAB1B,0.2930137570949312,4.465394717248472,0.3882986107106636,0.15077581107983148,0.001521399743626389,0.08831561704634887,0.004923178638408466
15258,15258,RAB20,0.06929392144973533,6.573168504872369,0.0437530123977348,0.0019143260938763351,0.7313804021976253,0.20094409391060547,0.8245115627877337
15259,15259,RAB21,-0.11171087346995784,7.670970062534676,-0.1130814406605198,0.01278741222185866,0.37363777828494094,0.1246561220525591,0.5164781912882125
15260,15260,RAB22A,-0.1364189712450408,8.120967981413347,-0.13034189786063746,0.01698901033791285,0.3046224566860783,0.13178745511773507,0.44415562210726
15261,15261,RAB23,-0.2154266917195659,8.40791643639606,-0.6341518800384127,0.4021486069562534,1.8476259477198804e-08,0.033358537782211324,2.3943949669583487e-07
15262,15262,RAB24,-0.09936589055091556,7.679895562149807,-0.1907692450361929,0.036392904851679016,0.131048598170971,0.06493563891313497,0.23060762176112282
15263,15263,RAB25,-0.35007692789798445,10.559278220470537,-0.5663084446305553,0.32070525445987874,1.074913699909198e-06,0.06470587796245607,7.858628011996517e-06
15264,15264,RAB26,-0.025519675654150326,7.1693455301837075,-0.06395612906765526,0.004090386445318578,0.6156116942279195,0.050571646981308435,0.7325971994562618
15265,15265,RAB27A,0.21198016668322955,5.152743493042314,0.6640844564693094,0.4410081653241381,2.20350967153733e-09,0.030309502039942086,4.071416547537618e-08
15266,15266,RAB27B,-0.19948040750116192,8.251948207782696,-0.338296064256047,0.1144442270911315,0.0062542026951429045,0.0704718083705009,0.01729166608297042
15267,15267,RAB28,-0.1095091923959685,7.706343192272495,-0.1631273383464602,0.02661052851600051,0.19776522262977525,0.08411458440929531,0.31964516316224684
15268,15268,RAB29,-0.0940633714609527,7.556876972959052,-0.16139724503549344,0.026049070705047108,0.20262730805515536,0.07304611404369052,0.32560807034241535
15269,15269,RAB2A,0.3726506432728129,3.803823685119093,0.4031185217929408,0.1625045426125257,0.0009574749045593248,0.1074396309094641,0.0032703657820555487
15270,15270,RAB2B,-0.06329736572072743,7.505588613854673,-0.07785075447662815,0.0060607399725802385,0.5408949932031906,0.10294538644376193,0.6708138753688272
15271,15271,RAB30,0.23771060631937985,5.790007420611795,0.3681628842088242,0.1355439093089601,0.0027611388150317853,0.07624022699458999,0.008381337403912715
15272,15272,RAB30-AS1,0.1528024402536962,6.2438180138380055,0.18863986988320824,0.035585000509553724,0.13548589593077007,0.10102594817601727,0.23657047866318545
15273,15273,RAB31,0.20583156222206145,5.5896759943798004,0.6225242682154153,0.3875364645171383,3.97351508550168e-08,0.03286245145643652,4.54071077448754e-07
15274,15274,RAB32,-0.026968053469943874,7.207797894441379,-0.04443030154500021,0.001974051695379648,0.7273827519534046,0.0770096964511768,0.8214160144738725
15275,15275,RAB33A,0.21050754463928054,6.170944823722648,0.28756418687655144,0.0826931615739722,0.02121856651440521,0.08904188354513272,0.050459922893635496
15276,15276,RAB33B,-0.2476087376399908,8.489165713171989,-0.3940519398796292,0.1552769313228989,0.0012742671579555654,0.07334555998915926,0.004203878017295516
15277,15277,RAB35,-0.3730261923337744,9.515283463253539,-0.35746753061713915,0.1277830354455153,0.003733358663769881,0.12377107043313745,0.010938422657818532
15278,15278,RAB36,-0.2918038615905306,8.630019938064311,-0.3729324565426561,0.13907861714294004,0.0024056633944305517,0.09220336168063548,0.007409279022385663
15279,15279,RAB37,0.2407105358101461,5.856648715738245,0.7135685564973424,0.509180084821701,3.654483357473957e-11,0.030014052532661005,1.4792119085252062e-09
15280,15280,RAB38,0.11883242879852625,6.5278502349292715,0.19875769348235475,0.039504620718425684,0.1153774069589001,0.07441540001948559,0.20841314954289195
15281,15281,RAB39A,-0.07505810959468986,7.308308308488741,-0.06517928035499307,0.004248338587594785,0.6088596833053942,0.1459377802089475,0.7271130760367224
15282,15282,RAB39B,0.7051261933045959,4.793819453378607,0.5106070347973608,0.2607195439845532,1.627326439045763e-05,0.1507956527653399,8.669066183895694e-05
15283,15283,RAB3A,0.4064570983352381,4.4011333014464835,0.5050735787897755,0.2550993199915116,2.078226891479489e-05,0.08820910235871864,0.0001076135899927985
15284,15284,RAB3B,0.3508404556491914,5.4217246729278346,0.5935181517643697,0.3522637964737934,2.3560870783242674e-07,0.06041974690415424,2.0850455938337558e-06
15285,15285,RAB3C,0.5608793282362761,5.052213442531889,0.3116407342708065,0.0971199472568474,0.012184485227407216,0.2171872865307532,0.03108565358146834
15286,15286,RAB3D,-0.08991975812124807,7.584285172346967,-0.08967766039457042,0.008042082773843905,0.4809949142160548,0.1268298970351544,0.6180534921017545
15287,15287,RAB3GAP1,-0.05945708046800281,7.404471249842539,-0.04401997283181429,0.0019377580081136679,0.7298038310368941,0.1713707818796016,0.8231749571620568
15288,15288,RAB3GAP2,0.3275756689828922,5.950178582825697,0.2489800784066629,0.061991079443388025,0.04726180811531218,0.16182837634607386,0.09980053191000343
15289,15289,RAB3IL1,0.2280122269585904,5.5847462552069445,0.2741864648065138,0.07517821748309364,0.02834602186614693,0.10156528805565132,0.06462081308678932
15290,15290,RAB3IP,-0.3400611568652297,8.64696992487689,-0.2653508731729093,0.07041108589362542,0.034080542122930595,0.15692282938278804,0.07577925245631606
15291,15291,RAB40A,0.16577238260584048,6.4090654300544045,0.14413247279883082,0.020774169715105702,0.2558398432866936,0.14454262167935408,0.38933322602764237
15292,15292,RAB40AL,-0.07036415183158133,7.318419221401053,-0.06745915308616904,0.00455073733510319,0.5963610976006017,0.1321673834896806,0.7163809601453948
15293,15293,RAB40B,0.230851159922034,5.491700031846625,0.3024041599280931,0.09144827594181572,0.015152573938350615,0.09241091780548567,0.037577758661816604
15294,15294,RAB40C,0.0928585235958639,6.475779108730942,0.05804811028596571,0.0033695831077716377,0.6486655987038936,0.20281726045244816,0.7590842226388985
15295,15295,RAB42,0.31118948135928937,5.235064764432783,0.3303269142258021,0.10911587026194043,0.007680250450172893,0.11292646019229065,0.020758340426671743
15296,15296,RAB43,-0.1675496449511232,7.9234287560539425,-0.17407707643135156,0.030302828538886613,0.16891501561988329,0.12037163159735023,0.2822727710242488
15297,15297,RAB4B,0.13891677941891922,6.072394929893084,0.2109144639176022,0.044484911089649526,0.0943396374226068,0.08176572141484435,0.1773218339021396
15298,15298,RAB5A,-0.2638565975779283,8.954258787164475,-0.21611972131584992,0.046707733941640635,0.08630553875948382,0.1513877551690941,0.1647810299626717
15299,15299,RAB5B,0.3459489349523027,4.179397584896156,0.3217513455842671,0.10352392838528647,0.00952486281440807,0.1292900586169051,0.02507854009828295
15300,15300,RAB5C,0.08419949789817631,6.324078019606067,0.13332331984040824,0.01777510761326779,0.2935974555166455,0.07949009311299307,0.43221297751277765
15301,15301,RAB6A,0.194043966466872,6.324347613007657,0.15026702262629987,0.02258017808897292,0.2359436375400521,0.16213664732931074,0.3662885849114509
15302,15302,RAB6B,0.11860592029889948,6.40879877092195,0.13227603787953185,0.017496950197107345,0.297440052921751,0.11287461933508244,0.43635690983134734
15303,15303,RAB7A,0.5467586334460712,3.7543652694625247,0.24704345845933776,0.061030470367550535,0.049066209248445916,0.2723655628396161,0.10300812033689737
15304,15304,RAB7B,0.4743662399048377,4.905198543947816,0.4062386952723392,0.16502987753657247,0.0008661586349341281,0.13551023783917074,0.002987681624641373
15305,15305,RAB8A,0.4490761587863553,2.407418249874408,0.6265933080975197,0.3926191737525932,3.050388884200408e-08,0.07093636679415223,3.609626846303817e-07
15306,15306,RAB8B,-0.03716944583608677,7.254198760529702,-0.07474928421270759,0.005587455490312135,0.5571832256147458,0.06297475699163829,0.6851287689902515
15307,15307,RAB9A,0.3816560458786317,3.6444729919581413,0.7181506145753365,0.5157403052149334,2.393565013168928e-11,0.046967768553582284,1.0513722182590899e-09
15308,15308,RAB9B,0.3137445604694993,5.401837242154712,0.3728441872623735,0.1390127879753398,0.002411852066012892,0.09916338290317328,0.007425171522534714
15309,15309,RAB9BP1,0.06904177624024607,6.811426577555668,0.0377496495626048,0.0014250360420994686,0.7671150397419412,0.2321098246743964,0.8491042826421865
15310,15310,RABAC1,0.30454308855658,4.0473636228973815,0.4065660997975506,0.16529599350459187,0.0008570485375364568,0.08691364995579025,0.0029581425056346786
15311,15311,RABEP1,-0.20655172661215934,8.26045707738881,-0.2279210667966165,0.05194801268970771,0.07008611799319532,0.11206360581518356,0.1385787879056469
15312,15312,RABEP2,-0.10896200092508916,7.763585809421778,-0.09808519175961702,0.009620704842520844,0.4406606421738539,0.14040305441176035,0.5810452539898195
15313,15313,RABEPK,-0.5479688816774161,10.09792814676063,-0.6161257055004322,0.3796108849784053,5.976350147420733e-08,0.0889657425072409,6.449078302407648e-07
15314,15314,RABGAP1,0.17112500919514972,5.864723941010936,0.1765279641041827,0.03116212211076761,0.16290267065535902,0.12117964672761132,0.2743596958136154
15315,15315,RABGAP1L,0.27661047781691644,5.3617782552475814,0.3414026155480239,0.11655574590303185,0.005764748511316532,0.0967153735007309,0.01609803561062266
15316,15316,RABGEF1,-0.14126173146461754,7.765401506898253,-0.2750046616669878,0.07562756393857442,0.027858691096679617,0.06272087639032638,0.06368415029015065
15317,15317,RABGGTA,-0.2709563180703419,8.891675174011473,-0.4745494249240206,0.22519715669571866,7.44305069637937e-05,0.06382893363561394,0.0003351617027034628
15318,15318,RABGGTB,-0.2558894322034766,9.155990698367614,-0.5421834836998147,0.29396292999686724,3.7022674142662215e-06,0.05036443591205899,2.331034465581564e-05
15319,15319,RABIF,0.2955959638146086,4.846481138795103,0.2935113278644373,0.0861488995847452,0.01857691577567028,0.12226875987583702,0.044923510681486596
15320,15320,RABL3,0.054444127768497205,6.643582826591192,0.06986898084971548,0.004881674484977908,0.5832755112370274,0.09872068344967842,0.7061175617359914
15321,15321,RABL6,-0.4588510249326725,10.157611340825165,-0.5635904985198433,0.31763425002184553,1.2416901456768459e-06,0.08541237706449467,8.903576193586786e-06
15322,15322,RAC1,-0.39263218520374,10.601272074995553,-0.3561495014402801,0.1268424673761601,0.0038720634145317095,0.1308289976689831,0.011295909098974023
15323,15323,RAC2,0.10916924590194103,6.149107893863077,0.2847186326845079,0.08106469979773571,0.022591403422940075,0.04668002110542123,0.05326838426870289
15324,15324,RAC3,-0.09269143478408498,7.411916400619327,-0.13817392073336093,0.01909203237082911,0.27622538305951,0.08437850182603357,0.41338359849023426
15325,15325,RACGAP1,-0.17020789743250045,8.552840529499884,-0.6538846565461076,0.4275651440664211,4.670182969024195e-09,0.025011846265532062,7.656928134071558e-08
15326,15326,RACGAP1P,-0.4514644955187303,8.429082058641423,-0.2751936925123247,0.0757315683985679,0.02774710903655031,0.20030340935770907,0.06345587138942835
15327,15327,RAD1,-0.3392889388945704,9.359345542826077,-0.6212364571183492,0.3859347356529585,4.316901297362743e-08,0.05435308364697164,4.871417279540917e-07
15328,15328,RAD17,-0.23520397529143025,8.818146112244547,-0.21973556353568316,0.048283717882344236,0.0810492990566714,0.1326179195919426,0.15653965136213155
15329,15329,RAD18,-0.3579771418474849,8.708991003984032,-0.5896311757041831,0.3476649233622973,2.9516803766043915e-07,0.06227509220825836,2.5244328023447116e-06
15330,15330,RAD21,-0.14939462931680533,8.428288533945734,-0.1736115266467808,0.03014096218462588,0.17007518950144884,0.10762542831788548,0.28374254458042175
15331,15331,RAD21L1,-0.29900875344616124,7.91417435804907,-0.11626541597598995,0.013517646952069976,0.3602445157857751,0.3244009880057481,0.5028069988949431
15332,15332,RAD23A,-0.37682531348316,10.33787015981068,-0.6384690842875601,0.4076427715909954,1.3790402068864211e-08,0.05768942332882721,1.888875122082571e-07
15333,15333,RAD23B,-0.3667417717150573,9.776266039021829,-0.4201962625144036,0.17656489903107356,0.0005465897713346387,0.10058356787244543,0.001973720443263565
15334,15334,RAD50,-0.23409421393089325,8.582579877329906,-0.4061165894822541,0.16493068425269766,0.000869578612518545,0.06689680361748117,0.0029987950280945257
15335,15335,RAD51,-0.3002177133558733,8.604017261484088,-0.552773442907323,0.3055584791836155,2.177068479907014e-06,0.05747925597395648,1.4470355412027742e-05
15336,15336,RAD51-AS1,-0.03354173295718371,7.1749746968873716,-0.051931231277103605,0.002696852781956024,0.6836137331709657,0.08191711096038018,0.7867588962487917
15337,15337,RAD51AP1,-0.16094357003393964,8.190130300264745,-0.6604076537917346,0.4361382691867036,2.8983498152820216e-09,0.02324084948152137,5.1403575143269596e-08
15338,15338,RAD51B,-0.4775755259808277,8.93454743927825,-0.3591737819536391,0.12900580564288028,0.0035603507036364385,0.15759746243404804,0.010489713535679875
15339,15339,RAD51C,-0.28641057363663897,8.886982596153985,-0.607788666053787,0.3694070625834418,1.0035634206783725e-07,0.047524237369492114,1.000560123148718e-06
15340,15340,RAD51D,-0.4459045073749348,9.12322995265314,-0.6169593241848234,0.380638807698594,5.669783553634159e-08,0.0722372959112846,6.172909142983796e-07
15341,15341,RAD52,0.2715090880299666,5.738719613279447,0.2341809720894839,0.054840727688775626,0.0625306402021791,0.14314936354331878,0.12621568895407312
15342,15342,RAD54B,-0.1516941092258129,7.921169396649798,-0.7320570916640885,0.5359075854556836,6.287684986899419e-12,0.017927930263345042,3.835487842008646e-10
15343,15343,RAD54L,-0.2508668044160338,8.417655735772522,-0.5288752672833245,0.2797090483440079,7.036458156729303e-06,0.051126736833820165,4.1316296470708527e-05
15344,15344,RAD54L2,-0.4557216228337603,9.729941171643473,-0.33046575567961783,0.10920761567690086,0.007653156648519577,0.16529722989227855,0.020695442960001427
15345,15345,RAD9A,-0.23307734438422525,8.322653871287244,-0.2745526046567894,0.07537913272382729,0.028127064761727813,0.10367176527853107,0.06418793010253877
15346,15346,RAD9B,-1.1089589195427434,10.318343699371596,-0.5111235618413678,0.2612472954694065,1.5902487944741782e-05,0.23683356586507964,8.494533212712957e-05
15347,15347,RADIL,0.15272950281573067,6.246514256165884,0.19556103148600654,0.03824411703587085,0.12146627342463315,0.09726961562896684,0.21702575503386393
15348,15348,RAE1,-0.3970059220209011,9.714646334700086,-0.5266326733969889,0.27734197268925964,7.819796519925333e-06,0.08138788368759263,4.525325858871809e-05
15349,15349,RAET1E,-0.041197166639710715,7.174724211343879,-0.037005812655515384,0.001369430170295102,0.7715782435726983,0.14128757977108855,0.851809374641446
15350,15350,RAF1,0.18082724530398572,5.865410717448474,0.15554882232474268,0.02419543612661437,0.21969054242065456,0.14584203538576485,0.3463200623221427
15351,15351,RAG1,-0.3228168731801033,8.108418634027803,-0.18732445099739092,0.035090449941473915,0.1382830458564095,0.2149855230122013,0.24067829593478118
15352,15352,RAG2,-0.024346177778454228,7.087957270407148,-0.013740996225973136,0.000188814977282208,0.9141809752748044,0.22499647771579076,0.948021694261847
15353,15353,RAI1,-0.20579201114102064,8.266423470094626,-0.19881743102618585,0.03952837087985217,0.11526589293454563,0.12883103009481758,0.2083020037968443
15354,15354,RAI14,0.13372507936994313,6.191130794127152,0.3339155011299008,0.1114995618948328,0.0070062698219538755,0.047941239931864534,0.019142161619279733
15355,15355,RAI2,0.00230479977888056,7.002339676498552,0.008348416289314039,6.969605453968399e-05,0.9477981032372156,0.035060501770068066,0.96887122005296
15356,15356,RALA,-0.2640999554168083,9.52128929916332,-0.2886534093236555,0.08332079071416981,0.020712167893861117,0.11125114322003887,0.04942888011700629
15357,15357,RALB,0.4519344070924743,2.987928996160223,0.6299928731162059,0.3968910201772119,2.4386476920477947e-08,0.07075250535715195,2.9988027127367967e-07
15358,15358,RALBP1,0.06792263331276578,6.487786426790903,0.07360959765061767,0.005418372866285818,0.5632265924774877,0.1168703762900355,0.690242111450656
15359,15359,RALGAPA1,0.7359118831181384,3.259161272195979,0.5324801887391832,0.2835351513997162,5.928928819678122e-06,0.14856754970064887,3.5480695765984946e-05
15360,15360,RALGAPA2,-0.045625900996892406,7.277043425731281,-0.05412367720183848,0.00292937243384881,0.6710064420713111,0.10690334024496477,0.7772476332203393
15361,15361,RALGAPB,-0.06932423198765356,7.483359711903277,-0.06954216411270105,0.004836112589477845,0.5850424818755621,0.12629563027284826,0.7074544865431817
15362,15362,RALGDS,-0.1840248205195966,8.339709811704761,-0.27655078607139866,0.07648033727670851,0.026957023122317462,0.08121359475296014,0.06192661335828933
15363,15363,RALGPS1,0.3731635754616548,5.169469718498399,0.2039271776729172,0.041586293793641545,0.10602983766389804,0.2275122576834364,0.19494618225604618
15364,15364,RALGPS2,0.2841104148315187,5.423530218595082,0.32541861617872064,0.10589727575567352,0.008693531305302475,0.10484376893720423,0.023143589613547788
15365,15365,RALY,0.026641261808971882,6.7905378004618715,0.03226135846122607,0.0010407952497637231,0.8002141552025495,0.10482145204264932,0.8720566418857233
15366,15366,RALY-AS1,-0.2699251914602002,8.453015668176437,-0.3805970171153665,0.1448540894371146,0.0019194094076637708,0.08329181094887926,0.006051071585814377
15367,15367,RALYL,0.00153001787613188,7.0103670923450245,0.0010521307236343977,1.1069790596154413e-06,0.9934166083856788,0.18468461443664408,0.9959922521687057
15368,15368,RAMP1,-0.04965320137488851,7.303861282971612,-0.0857263644566027,0.007349009562946275,0.5006065770065022,0.07328840900911122,0.6363588807518196
15369,15369,RAMP2,0.191651450902365,5.997143000686459,0.28350539194167823,0.0803753072600046,0.023199228215994343,0.08233040571724377,0.05450572713652571
15370,15370,RAMP2-AS1,0.14635430527463533,6.465779902791057,0.11000516665849457,0.012101136691563165,0.3868594557481585,0.16793948509419412,0.529614459111542
15371,15371,RAMP3,0.21987254575932771,5.733983510954193,0.29426561217176017,0.08659225050682076,0.01826284518184301,0.09069179393424223,0.044267059817865495
15372,15372,RAN,-0.2801721528621157,9.859529220095778,-0.7510418848240279,0.5640639127600284,8.81732129774225e-13,0.0312806936965466,9.594929281538111e-11
15373,15373,RANBP1,-0.43239397034525984,9.87364981522922,-0.6065474047880861,0.3678997542551624,1.0827001747888089e-07,0.07198002864276408,1.0662061066417306e-06
15374,15374,RANBP10,-0.9289473150543156,11.926952338539136,-0.5042409321652271,0.2542589176708572,2.1553467490267934e-05,0.2020464277876225,0.0001111815956411987
15375,15375,RANBP17,-0.5482251985659571,9.465757572905591,-0.4420757830455032,0.1954309979552948,0.0002549331672931097,0.14126939071193656,0.0009961345611209473
15376,15376,RANBP2,-0.26523850228355444,9.115695302557976,-0.5893749066193098,0.3473627805525201,2.9955560196566e-07,0.04617267114502042,2.5559009300891915e-06
15377,15377,RANBP3,-0.2260635587731739,8.590578189292135,-0.15791943189484586,0.02493854696999086,0.2126567440678349,0.17952094939448995,0.337715003871294
15378,15378,RANBP3L,-0.5436409207925055,8.682820434382759,-0.375789444385325,0.14121770651143128,0.00221285766014632,0.17026024673751278,0.006865248227860826
15379,15379,RANBP6,-0.0921169370296382,7.657942983414144,-0.1884316673515017,0.035506493260866995,0.1359257615126592,0.06097325880847605,0.2371855250247087
15380,15380,RANBP9,-0.16851517901738305,8.149613318408385,-0.16918434502962207,0.028623342603102207,0.1814003053186139,0.12467427126649468,0.2984972349296796
15381,15381,RANGAP1,-0.3232752732639482,9.353246867896726,-0.7972208172858478,0.6355610315139152,3.2282945598445074e-15,0.03108926226153377,1.398174373868656e-12
15382,15382,RANGRF,-0.36766279885513947,9.509438511882408,-0.4877270126776456,0.23787763889546026,4.355116714256979e-05,0.08357750202746611,0.0002088816222530119
15383,15383,RAP1A,0.60905107135255,3.386360976030094,0.5507494744567603,0.30332498361439764,2.412990873999663e-06,0.11722463618962485,1.5867997988600884e-05
15384,15384,RAP1B,0.3205550392636365,3.500576368241745,0.3360122440797138,0.11290422817148515,0.006636946648646364,0.11411347094954595,0.01823665520574001
15385,15385,RAP1GAP,0.03836288073018599,6.753838540047917,0.05633987397167967,0.003174181399144748,0.6583537520464371,0.08633942155404226,0.7667339195743571
15386,15386,RAP1GAP2,-0.09568661242285643,7.752893719530093,-0.19234771050864044,0.03699764173791575,0.12783092121603598,0.06199861514937556,0.22617686076748583
15387,15387,RAP1GDS1,-0.4350492227424057,10.03081021588211,-0.6118477851354931,0.3743577121752085,7.811914236081449e-08,0.0714269667914086,8.073230271914863e-07
15388,15388,RAP2A,-0.19212037132937296,8.19737773040163,-0.12593686599601547,0.01586009421689836,0.32139611546689256,0.19219988006386132,0.4626010555291165
15389,15389,RAP2B,0.0019603481527367466,7.004936914929413,0.0016362145212863587,2.6771979596683474e-06,0.9897620404205364,0.1521586123698646,0.9939898691625844
15390,15390,RAP2C,0.1323061454293883,6.046584403652925,0.24030456693064656,0.05774628488772559,0.05578947384585308,0.06787441147616567,0.11482948922459352
15391,15391,RAP2C-AS1,-0.09566611932058072,7.357063236934383,-0.07580423185515325,0.005746281567149831,0.5516168072144967,0.15981497572258307,0.6802540979629799
15392,15392,RAPGEF1,0.2526394607380567,5.487333844844319,0.29228323179671845,0.08542948758953424,0.01909813566934604,0.10498083857875602,0.046018707902491206
15393,15393,RAPGEF2,0.3613815063739465,5.0407775072518834,0.3678505701864006,0.13531404198646005,0.002785970027446413,0.1160186609648034,0.008447239000889397
15394,15394,RAPGEF3,-0.07000730875299291,7.380177328858018,-0.07062076426432409,0.0049872923452772356,0.5792201529092518,0.1255825907777368,0.7028078899114611
15395,15395,RAPGEF4,0.08943129063361288,6.735402452477402,0.06933644984694362,0.0048075432773777285,0.5861559417294511,0.16341261888572592,0.7084448801781137
15396,15396,RAPGEF4-AS1,-0.3001455527713856,8.008565564328329,-0.21214053435897515,0.04500360631811152,0.09239652479930167,0.17559545690198755,0.17434758025444588
15397,15397,RAPGEF5,0.1738787296998984,6.192812493906168,0.12014579114695645,0.014435011130328084,0.34432515861201685,0.18246714886742704,0.4866758899382041
15398,15398,RAPGEF6,-0.19726250212148128,8.042815223603613,-0.21703642761036526,0.047104810909869316,0.08494820079113251,0.112677869690233,0.16260525838698617
15399,15399,RAPGEFL1,0.21919212640760435,5.368505356454358,0.5855284971564578,0.34284362098230003,3.7324834293508843e-07,0.03854033030401728,3.0955996928377166e-06
15400,15400,RAPH1,-0.0903675275809544,7.5985424638796815,-0.12290684561977468,0.015106092700203124,0.3332689709146506,0.09266915613542558,0.4754158345570769
15401,15401,RAPSN,-0.023541455830526255,7.105982935337456,-0.021306704417071536,0.0004539756531164557,0.8672810935906283,0.14028866706852675,0.917867790995613
15402,15402,RARA,0.4644346327930814,4.445826992655483,0.5300264367264198,0.2809280236289055,6.6633946858163396e-06,0.0943664033330423,3.940355322811383e-05
15403,15403,RARA-AS1,0.25700115248705685,5.3675789650657375,0.3268497132301432,0.10683073503862686,0.008386702848762863,0.0943752256186337,0.02244088103175087
15404,15404,RARB,0.3605833821840584,5.572170144617053,0.2281299742650164,0.052043285158157024,0.06982269787585044,0.1954437403114,0.13813361250699263
15405,15405,RARG,-0.4651437021668769,9.736348430137948,-0.484857553994152,0.2350868476651921,4.9033845163630016e-05,0.10655729775337272,0.00023173896050161677
15406,15406,RARRES1,0.024522148476756118,6.802901490298008,0.11843913903472902,0.014027829655287871,0.3512720104996254,0.02610957241549769,0.4939180924026065
15407,15407,RARRES2,0.1061102781624952,6.1284099321775924,0.5369532192284835,0.28831875963983183,4.780688307605847e-06,0.02117229404188951,2.923631892154889e-05
15408,15408,RARRES3,0.08799103108439853,6.290700950602134,0.4683322794354634,0.21933512396121704,9.512752644061278e-05,0.02108243595977468,0.0004159068413227276
15409,15409,RARS,-0.38640766874359134,10.632112837941806,-0.6426138825656389,0.4129526020660848,1.0368939290014713e-08,0.0585108453044082,1.4929480074818391e-07
15410,15410,RARS2,-0.20289158663012127,8.154697716891521,-0.16281684904455504,0.026509326332797425,0.1986316026598142,0.15614739580189768,0.32073659666047427
15411,15411,RASA1,-0.3466019886083062,10.103399533808556,-0.6203466398207739,0.38482995353692495,4.5703501027370976e-08,0.05565425347247517,5.12006888126083e-07
15412,15412,RASA2,-0.0910296344519128,7.67255042055239,-0.15628539628985885,0.024425125093478228,0.21748784365922094,0.07306322855417073,0.3437234895957108
15413,15413,RASA3,-0.14510455738064598,7.7971445750481125,-0.16989213462190472,0.0288633374063874,0.17955396674647858,0.10689370000437604,0.2960214046360863
15414,15414,RASAL1,-0.4004987219600065,9.135678741442666,-0.6352353407674025,0.403523938159878,1.717582538580871e-08,0.06183966775430056,2.2555639704650552e-07
15415,15415,RASAL2,-0.6357157769780014,10.294810963940435,-0.4845769490026327,0.2348148195047001,4.960291136121067e-05,0.14574298795070698,0.0002339688620185182
15416,15416,RASAL3,0.2592374995032323,5.279148503786717,0.4547948451730183,0.2068383511959497,0.00015972158629872063,0.06447142937265761,0.0006579362661781996
15417,15417,RASD1,0.07981903521423463,6.401032873516369,0.19926095041117928,0.03970492635876645,0.1144405450138242,0.049852940817318635,0.20705238551878713
15418,15418,RASD2,-0.03945658234959649,7.254978643261037,-0.0819489866984148,0.0067156364208969645,0.5197344275793312,0.060942018068714035,0.6529957327607656
15419,15419,RASEF,-0.02039355581132544,7.164450266144699,-0.029865624296579168,0.00089195551462442,0.8147767717194985,0.08668256251054675,0.8828010276722039
15420,15420,RASGEF1A,0.1630469376428958,6.393764285200878,0.24823237511454094,0.061619312055006176,0.04795190260237834,0.08080680013833974,0.10106067648219007
15421,15421,RASGEF1B,-0.33316476067288064,8.138027897340733,-0.19335791249592985,0.03738728232478365,0.1258033209177986,0.2146975374901124,0.22328259277722554
15422,15422,RASGEF1C,0.13439555558532004,6.483132416401492,0.1362804531933513,0.018572361922585216,0.2829235144154829,0.12407510035249945,0.42079043301286284
15423,15423,RASGRF1,0.2077371007734453,6.155024742917888,0.17831065431959436,0.03179468944388187,0.1586294653104548,0.14558769091499546,0.26857866077387793
15424,15424,RASGRF2,0.15896649269210794,6.344780312550178,0.15033348748331304,0.02260015745889544,0.2357340922080953,0.13276700168009573,0.36604200249292296
15425,15425,RASGRP1,0.12743944720640785,6.319820089494907,0.4667901926706584,0.2178930839735104,0.00010102302949730592,0.030663334063261556,0.00043884728260063383
15426,15426,RASGRP2,0.390927519191272,5.246772773179934,0.3950022965686731,0.15602681429452595,0.0012371194088552607,0.11546891963448196,0.0040969293162197076
15427,15427,RASGRP3,0.3814635324537237,5.427126304389195,0.5529156661359165,0.30571573385852424,2.1613304152275243e-06,0.07300741101988728,1.438232877141615e-05
15428,15428,RASGRP4,0.20437199201600031,6.011102528004887,0.16829012057125278,0.0283215646818868,0.18375258097268915,0.15202961437819384,0.301258776131324
15429,15429,RASIP1,-0.23048055517672555,8.031315245797948,-0.27329895730669296,0.07469232006492559,0.02888271584512727,0.1030252211076047,0.06567148379107844
15430,15430,RASL10A,-0.05293444543683131,7.253433976979258,-0.10077515109596907,0.010155631078415396,0.4281673042289063,0.06637010783379219,0.5693909956446184
15431,15431,RASL10B,0.16862069933909424,6.070096250460884,0.16111522957848826,0.02595811720212897,0.20342783997407485,0.13117989008846248,0.3266036383925408
15432,15432,RASL11A,-0.10521067268665366,7.493501264851982,-0.1549416452038831,0.02400691341848599,0.22151799222656035,0.08519599123771014,0.34841459338074987
15433,15433,RASL11B,-0.04901803858272631,7.239113430442097,-0.03483832783586822,0.0012137090863994302,0.7846253117995501,0.17858257025926896,0.8614690844410205
15434,15434,RASL12,0.3965005776323696,5.038711799216249,0.6207287748378872,0.3853042119117445,4.4598293707902264e-08,0.06360279779030335,5.009677346953987e-07
15435,15435,RASSF1,-0.3144352996654633,9.083807583501658,-0.6262191176369541,0.3921503832940054,3.1259584149130913e-08,0.049717261898229385,3.68216645219368e-07
15436,15436,RASSF1-AS1,-0.11361456698659457,7.5107733920374065,-0.1396089843731096,0.01949066851769116,0.2712197007119745,0.10234123906558842,0.40786545964707
15437,15437,RASSF10,-0.0488502712917481,7.274407562147662,-0.18841582040820645,0.03550052138009751,0.13595928505328467,0.03233737538202195,0.23722490676245905
15438,15438,RASSF2,0.14166263707400867,6.232149444941946,0.5759147504385739,0.3316777997727248,6.389035345494391e-07,0.025538431418676903,4.9625021666671815e-06
15439,15439,RASSF3,0.3488609643136217,4.358105686349955,0.527594244637567,0.2783556869746849,7.474459099060052e-06,0.07133753187346496,4.3522294108670456e-05
15440,15440,RASSF4,0.3885949411747024,5.093576779053871,0.5988542112757407,0.35862636636268946,1.7207096366085757e-07,0.0659987546926999,1.5835940153318618e-06
15441,15441,RASSF5,0.19555349573120695,5.810613022589503,0.5785093600246366,0.3346730796361146,5.53565244381009e-07,0.035016835593963895,4.379779089174552e-06
15442,15442,RASSF6,0.21965108531103691,5.493238766370191,0.5140432226432731,0.2642404347454816,1.3950156296935974e-05,0.04654851488969003,7.546605910820597e-05
15443,15443,RASSF7,-0.07284908080339865,7.591438465155847,-0.08739474671924842,0.007637841754121581,0.4922757225359992,0.1054576285336426,0.6286996208726742
15444,15444,RASSF8,0.2937561110997685,5.919998014168155,0.18373605393112746,0.03375893751418218,0.1461341131121475,0.19959029746458895,0.2514129037454162
15445,15445,RASSF8-AS1,0.0785907931470262,6.763537469148866,0.034434563537145545,0.0011857391659937135,0.7870624080752842,0.28968340165929857,0.8631538765760295
15446,15446,RASSF9,0.07019002998965275,6.796807483369252,0.040275789512272994,0.0016221392208369198,0.7520145516574483,0.22114798756360404,0.8388212174792441
15447,15447,RAVER1,-0.17382847877998794,8.191846804995684,-0.2153497226214035,0.04637550303311543,0.08745880683498773,0.10010815733550614,0.16667176278851295
15448,15448,RAVER2,0.37499412674241706,5.010318030250238,0.5046831116041649,0.254705043138462,2.1140672994389706e-05,0.0814655399305831,0.0001093126250462056
15449,15449,RAX,0.1851181692209592,5.940137953137642,0.2326669495544243,0.05413390941496102,0.06429485694258323,0.09827280085567992,0.12909644201127862
15450,15450,RAX2,0.20686893859662436,5.739164919510898,0.21354202589859314,0.04560019682487542,0.09021395763879604,0.1201935751328658,0.17097700443445898
15451,15451,RB1,-0.18893466621069865,8.344096809395605,-0.3193299312060401,0.10197160496405433,0.010110935743904884,0.07120675798929962,0.026421179381472214
15452,15452,RB1CC1,-0.00975663545412607,7.093574025719138,-0.014901781346040713,0.000222063087285207,0.9069622142507706,0.08314149341253455,0.9436585460702542
15453,15453,RBAK,-0.19705698095218324,7.982304989398331,-0.260603668802773,0.06791427219346541,0.0375415467521829,0.0927135869575406,0.08223368348356472
15454,15454,RBAKDN,0.16038647273225645,6.092401659587173,0.22318155714235413,0.04981000744848589,0.07627905720247967,0.08896492445765856,0.14889336431581912
15455,15455,RBBP4,-0.3871274126452797,9.699104964476007,-0.36887786890509067,0.13607088216796126,0.002705033366512561,0.12388380498533133,0.0082271147047347
15456,15456,RBBP5,-0.10359888534531383,7.625526792337058,-0.22502445871412324,0.050636007019584164,0.0738212038904649,0.05696995681649945,0.14473500862363217
15457,15457,RBBP6,-0.5074027193797288,9.95668408916893,-0.38218569515820505,0.1460659055835604,0.0018304010704258567,0.15580977296261458,0.005792391521273116
15458,15458,RBBP7,-0.35622534213952023,10.63156168280867,-0.6714161840608494,0.4507996922188323,1.2610652710658244e-09,0.049934711844309934,2.5786939041482934e-08
15459,15459,RBBP8,-0.2205225935052895,8.90640915059015,-0.6795024338304894,0.4617235575815586,6.689270114571625e-10,0.03023910387003893,1.5492635757331395e-08
15460,15460,RBBP8NL,0.1935339144548293,5.9248220244978524,0.2529868872081186,0.06400236509925332,0.04370118133691225,0.0939941014005506,0.09354048451624342
15461,15461,RBBP9,-0.3660515001959862,8.850079236095898,-0.4266075566795447,0.18199400741609092,0.00043944104645634246,0.0985589447458618,0.0016239071435174225
15462,15462,RBCK1,-0.4358032234825251,10.504632536182632,-0.6662909855703626,0.4439436774523252,1.8658660019262165e-09,0.061942687978676775,3.5415543454111245e-08
15463,15463,RBFA,-0.34460559095288296,8.828363918255961,-0.3871606218804228,0.1498933471348357,0.001575100623957023,0.104225023855001,0.005071187037137872
15464,15464,RBFADN,-0.2741581151170344,8.121833013289558,-0.2068549206819553,0.04278895821033802,0.10100206881646784,0.1646809085346282,0.18743678123409127
15465,15465,RBFOX1,0.2999060014169978,5.379036590211567,0.3226035124086562,0.104073026218402,0.009325755409981202,0.11175231442979916,0.024612947398311144
15466,15466,RBFOX2,-0.6949248356301296,11.872162748860578,-0.5628211153127782,0.3167676078419196,1.293135053076942e-06,0.12961516883273594,9.208431297067143e-06
15467,15467,RBFOX3,0.0023554999709421817,7.007060363768366,0.0020819685679259554,4.334593117831654e-06,0.9869731282155636,0.14368523700228295,0.9922885506062505
15468,15468,RBKS,0.31312140056428217,4.766042126197451,0.6662781673705216,0.4439265963146208,1.8676772396488126e-09,0.04450690406867936,3.5415543454111245e-08
15469,15469,RBL1,-0.5483425363475941,9.162125093599034,-0.4721584649921089,0.2229336160637045,8.18412341226324e-05,0.13001617116294545,0.00036429022095079235
15470,15470,RBL2,0.05535435511426598,6.576885722038909,0.06928473316908286,0.00480037425031101,0.5864360169031697,0.10122167136405637,0.7087042773613561
15471,15471,RBM10,-0.3079564861977117,9.348937546388044,-0.36509947078586813,0.13329762356812105,0.003013443213618937,0.09972804399940334,0.009063348998738622
15472,15472,RBM11,-0.4525014247942462,8.475266850759311,-0.4801324819634406,0.2305272002363736,5.947024832533622e-05,0.10499283306132544,0.0002750006891917907
15473,15473,RBM12,-0.2596601106280894,8.923368013505321,-0.41581898634524417,0.17290542940518636,0.0006328377369387246,0.0721244746202545,0.002255819126486927
15474,15474,RBM12B,-0.14913636473160272,7.8618216597718975,-0.2751403763788133,0.07570222671387508,0.02777854261805617,0.0661819157421223,0.06352104967201756
15475,15475,RBM12B-AS1,0.10158734642273892,6.613037470341573,0.16458138275641698,0.02708703155001424,0.1937437890436745,0.07732146266478775,0.31438590543340234
15476,15476,RBM14,-0.3901136823107289,9.30648001144565,-0.4870673206112121,0.23723457480738525,4.475891201459165e-05,0.08883862850626947,0.00021396340831699386
15477,15477,RBM15,-0.34268076356830146,9.189864609303473,-0.36817233874051136,0.13555087101365784,0.002760390196606795,0.10990373336821536,0.008380239689824778
15478,15478,RBM15B,-0.5456737112480985,11.017384845029149,-0.5465079079657013,0.2986708934690474,2.987131490852145e-06,0.10619441278361172,1.9257616086455254e-05
15479,15479,RBM17,-0.1970239119583522,8.42921144480102,-0.15952887926186546,0.025449463318546847,0.2079727384361501,0.1548409978599444,0.3322723445110447
15480,15480,RBM18,0.026855211736179236,6.834314174635843,0.04303170534614354,0.0018517276649973183,0.7356457003365005,0.07918477887788114,0.8276396322104591
15481,15481,RBM19,-0.5333212328249686,9.747766392921843,-0.5995373442232274,0.3594450271182406,1.6521714530796724e-07,0.09041802018586666,1.5302725755534775e-06
15482,15482,RBM20,-0.0341591411192332,7.117440401071364,-0.018857299329024142,0.0003555977379844145,0.8824231071081907,0.23001405377992665,0.9278462116897259
15483,15483,RBM22,-0.1605629941771388,8.362926337631201,-0.1793976012387961,0.0321834993302341,0.15606494688505534,0.11182257607728237,0.2650448141162163
15484,15484,RBM23,-0.0447470559998182,7.392726780874939,-0.046793715370084005,0.0021896517981364358,0.7134901024012537,0.12131237227448385,0.8105885403441134
15485,15485,RBM24,0.11172573965209573,6.491806463953183,0.5862413012026768,0.34367886323580765,3.584176476503702e-07,0.019608265448438085,2.995919569258463e-06
15486,15486,RBM25,-0.2245810327620021,8.572498463305386,-0.3101841976289521,0.09621423645871682,0.012616165385534258,0.08741587500285451,0.03201348270725854
15487,15487,RBM26,-0.3860763558904241,8.926232101120437,-0.34249689891981244,0.11730412576968825,0.005600544514999842,0.13450123291264776,0.015689494368993737
15488,15488,RBM26-AS1,0.04861025888898077,6.798547393044911,0.06875959749929085,0.0047278822482644854,0.5892833457748472,0.08957146600797565,0.7108361660402359
15489,15489,RBM27,0.07598667295275577,6.441265883970202,0.06070506728102206,0.003685105193593415,0.633711926570651,0.1586773545971438,0.7471162766707017
15490,15490,RBM28,-0.2132552411085717,8.444712787505294,-0.6451538852641214,0.4162235356713912,8.687886585985729e-09,0.03207479155121622,1.2877219987646882e-07
15491,15491,RBM3,-0.22334463238305832,8.72893600834035,-0.3814677716670405,0.14551766082061734,0.001870155277387361,0.06873427685562931,0.005906112371565306
15492,15492,RBM33,-0.7271528397366432,10.61769123449108,-0.4858346171821471,0.2360352752525234,4.709912385865369e-05,0.16614147292055415,0.00022342421186399687
15493,15493,RBM34,-0.2704939890648345,7.8898731306315915,-0.1830407995412886,0.033503934296714194,0.14769299975143527,0.1845074535148873,0.2537320039363214
15494,15494,RBM38,0.2232833224796758,5.557120146511027,0.5941720767493205,0.3530404567886004,2.267765140428545e-07,0.03838722910445705,2.0184321461561916e-06
15495,15495,RBM39,-0.04500228619002802,7.358171607786603,-0.06892026010869487,0.004750002253450157,0.5884115595164172,0.08272902714705442,0.710298919746252
15496,15496,RBM4,-0.13162998816198948,7.73438347496158,-0.2673823285583147,0.07149330962526654,0.032683000021429216,0.0602446957003768,0.07307696081198241
15497,15497,RBM41,-0.20883991036911587,8.310104165361311,-0.3448779359213107,0.1189407906853437,0.005257407470643046,0.07218630136661355,0.014855057251666904
15498,15498,RBM42,-0.4199573612796884,10.36491006576744,-0.6168215922119121,0.3804688766188384,5.719388812559984e-08,0.06805833965941402,6.220661212254468e-07
15499,15499,RBM43,0.009980227156388041,6.972446938113112,0.008455245864175757,7.149118262366124e-05,0.9471310560847084,0.14990040842320315,0.9685551104795221
15500,15500,RBM45,-0.4364253192440745,9.478529563712259,-0.2289202568139649,0.05240448397977165,0.06883336212281436,0.2356901145992413,0.13658814778425227
15501,15501,RBM46,-0.5788478631692558,8.663979970631939,-0.21932717051732634,0.048104407727136346,0.0816299515946851,0.3270173626194816,0.1573682502806589
15502,15502,RBM47,0.391365987583512,3.7790543022060814,0.7841212278893727,0.6148461000267375,1.8201968007033367e-14,0.03933880594332295,4.692424014194138e-12
15503,15503,RBM48,-0.2755642124654439,8.487353032677822,-0.3569327475714979,0.12740098628893864,0.00378909715081876,0.09158997365945416,0.011079246394947374
15504,15504,RBM4B,0.026490431985783262,6.837159496988179,0.03929156860640012,0.0015438273635514476,0.7578872651729811,0.08555754841368439,0.8431082872328196
15505,15505,RBM5,-0.01945847340459462,7.1398601286204775,-0.029019973117186175,0.0008421588397222082,0.8199323335798188,0.08512026461773191,0.8865848446432804
15506,15506,RBM6,-0.01352306377739836,7.097213719353763,-0.03868267856906342,0.0014963496212774786,0.7615272909196843,0.04436469916584514,0.845729190464422
15507,15507,RBM7,-0.08852539131007171,7.6964190690609025,-0.1038762307838939,0.010790271321868786,0.4140173379284583,0.10764652564372552,0.5552108900694058
15508,15508,RBM8A,-0.4103919775387038,10.000422532442927,-0.36351958940673107,0.1321464918824383,0.003151415635842897,0.13356676585823976,0.009420748977661228
15509,15509,RBMS1,0.18434516073274845,5.860370022169902,0.5780429878094545,0.3341336957556812,5.680683696227621e-07,0.033049833702719134,4.479796265178774e-06
15510,15510,RBMS2,0.18808082153872813,5.930780498936003,0.13677273388784092,0.01870678073515415,0.28117183474353585,0.17300097048122615,0.4187603907408025
15511,15511,RBMS3,0.4361645182485466,5.289822495867424,0.6839185038646249,0.467744519928427,4.691349186790675e-10,0.059089485031494624,1.1663738994253969e-08
15512,15512,RBMS3-AS3,0.09940404591373654,6.700938317552443,0.06691694305428232,0.004477877267730064,0.5993232251025127,0.1882337876669801,0.7188644590182888
15513,15513,RBMX2,-0.4778737426366892,10.185204993708854,-0.7282498625106346,0.5303478622467582,9.140236239322106e-12,0.05711169689007972,5.054567730402726e-10
15514,15514,RBMXL1,-0.046997918683638604,7.376691058250897,-0.0842594138721346,0.007099648826075671,0.5079913942198604,0.07058577365482396,0.6426307770668931
15515,15515,RBMXL2,0.1834950262493644,6.3511979769377245,0.13496984309448273,0.01821685854494929,0.2876221547188528,0.17108009957527354,0.42622717856954473
15516,15516,RBMY3AP,0.10556656473176436,6.548002106857933,0.15658338086556214,0.02451835516328969,0.2166011480298901,0.0845657353381957,0.34257214874286224
15517,15517,RBP1,0.18337157742192128,6.075549852189107,0.2767758800643322,0.07660488778538559,0.026827825386486464,0.08085403935259833,0.061666219874949815
15518,15518,RBP2,0.10943165964315198,6.3631211436227675,0.2499563190032608,0.06247816140965989,0.04637306965475945,0.05383611561787192,0.098336155833707
15519,15519,RBP3,0.024075327796385798,6.887775870525933,0.025951920574400697,0.0006735021815000023,0.8386991713718772,0.1177770202246708,0.8987989585815807
15520,15520,RBP4,-0.03708136275365622,7.209105771420455,-0.10355078414447767,0.010722764896936209,0.4154895175897828,0.04523404827802192,0.5565647348389674
15521,15521,RBP5,0.21783370637481028,5.718287211105619,0.5861118187893829,0.34352706412459844,3.610697777395912e-07,0.038243459395881314,3.0119283655434697e-06
15522,15522,RBP7,0.3038567899332563,5.569713521519333,0.510933990633986,0.2610535427851701,1.6037645179552726e-05,0.06492542342376313,8.557640035949822e-05
15523,15523,RBPJ,0.04657151948867832,6.68297717105469,0.03802998400520968,0.0014462796834365038,0.7654349091333933,0.1554118525632278,0.8480681994005439
15524,15524,RBPJL,0.19020205348164604,6.107742662832521,0.18764103090782505,0.035209156480151355,0.13760592638404334,0.12644688437503387,0.2397117155374836
15525,15525,RBPMS,-0.3426141791480279,8.81420100907607,-0.6021144185453656,0.3625417730202237,1.4160886935670324e-07,0.057697410966108,1.3467457470001796e-06
15526,15526,RBPMS-AS1,-0.2829822131413277,8.421069649576003,-0.4154446232633008,0.17259423499838594,0.0006407588520039816,0.0786881658941972,0.0022803727257404618
15527,15527,RBPMS2,0.4721179879524297,4.54895477359134,0.6858520709980171,0.4703930632922692,4.00854112008003e-10,0.06362108639823558,1.0321635904320218e-08
15528,15528,RBSG3,0.04325875732952949,6.873001169979429,0.027259120581196075,0.0007430596548601875,0.8306916283399728,0.20146747373382232,0.8934452772276801
15529,15529,RBX1,-0.30955166582759425,10.016528998600107,-0.5030418942772462,0.2530511473980401,2.2710781932275454e-05,0.06754272489859976,0.00011667899946463226
15530,15530,RC3H1,-0.10908237597251737,7.723350447286724,-0.1634203091549321,0.026706197444293586,0.1969502021147104,0.08363242609830872,0.318518045316957
15531,15531,RC3H2,-0.13330102080416356,7.8753069993902125,-0.1606607826627333,0.02581188708580202,0.20472255941463852,0.1040037898653589,0.32809850681793934
15532,15532,RCAN1,0.29180734058241625,5.09470406954754,0.6447123629927246,0.41565403099566267,8.960222029491065e-09,0.0439409453161202,1.32265581491908e-07
15533,15533,RCAN2,0.14274085505974107,6.0164017014540745,0.715445796817905,0.5118626881844069,3.075848393237448e-11,0.017702993717148688,1.283381444230384e-09
15534,15534,RCAN3,-0.296309165447588,8.808642220136477,-0.5134506353854624,0.2636315549777351,1.4327395072020426e-05,0.06289239448460025,7.731366565776285e-05
15535,15535,RCBTB1,-0.5142409241106851,9.153975886117488,-0.460323534926684,0.21189775680739809,0.0001295938771550403,0.12595020914605864,0.0005469412219435584
15536,15536,RCBTB2,0.2661824442844688,5.571466531694508,0.25023076291728513,0.06261543471016656,0.046125711168510185,0.13079819870790266,0.09791709394707265
15537,15537,RCC1,-0.2246360150247317,8.736270256052308,-0.5454783419532282,0.29754662154004297,3.1445940751853394e-06,0.04383437135631641,2.012298602190855e-05
15538,15538,RCC2,-0.2459709914642007,9.303252161151416,-0.57191223896941,0.32708360908300355,7.951424160788331e-07,0.04480631315347178,6.05230545525031e-06
15539,15539,RCCD1,-0.6154127906694234,10.843735948117333,-0.729076347914138,0.5315523210878172,8.431803519899768e-12,0.07337163718461663,4.74607048458642e-10
15540,15540,RCE1,0.4049950662728383,4.511278667799504,0.3567924579082772,0.12730085802022975,0.003803840622036776,0.13466988736993474,0.011116352047261321
15541,15541,RCHY1,0.2587010611775257,5.297382137131843,0.2908144909389753,0.08457306814009538,0.0197378167535032,0.10809314798381747,0.04739133183247719
15542,15542,RCL1,-0.5828190996534115,10.430954310437436,-0.7450601071448004,0.5551145632586215,1.668063457305209e-12,0.0662629421417654,1.4835036299672578e-10
15543,15543,RCN1,-0.25562944040055524,9.303516391418832,-0.7517848703180503,0.5651804912391277,8.135830840174455e-13,0.028475801298403644,8.993574796625962e-11
15544,15544,RCN2,-0.3600747796364746,10.236599105723599,-0.7242640026077608,0.5245583454734145,1.3432507503839006e-11,0.04353600483839735,6.909286223174197e-10
15545,15545,RCN3,0.1587232918042157,6.066673131317353,0.256182043313002,0.06562923931602482,0.041022857940169064,0.07605990026893535,0.08876398767929268
15546,15546,RCOR1,-0.10012224208385902,7.715493833218522,-0.07419738556424993,0.005505252024569962,0.56010590537542,0.1709020869001634,0.6876321755273523
15547,15547,RCOR2,0.16570403504147546,5.949201352679028,0.21055110702779825,0.044331768670631336,0.09492159244804574,0.0977087111629618,0.17813736757625706
15548,15548,RCOR3,-0.0009951076932015954,7.021438963708965,-0.0011668680453847222,1.361581035339962e-06,0.9926986926868951,0.10830592017478824,0.9956412482115101
15549,15549,RCSD1,0.1500185770083203,6.109217652662782,0.6491184778978829,0.4213547983484645,6.570114204183647e-09,0.02232705298402159,1.0228312228008403e-07
15550,15550,RCVRN,-0.03203035043902601,7.155717755989982,-0.046473355906247626,0.002159772809188761,0.7153679388734216,0.08743640941712735,0.812210596985474
15551,15551,RD3,0.05275787776468522,6.811869595809113,0.04464507878369865,0.0019931830596026595,0.7261165491623518,0.14992865078379286,0.8205852140752911
15552,15552,RDH10,-0.3884223282409849,9.241223209915766,-0.5069033300034053,0.2569509859685412,1.9176689804254967e-05,0.08388647190886835,0.00010023442377773142
15553,15553,RDH11,-0.3300380235770408,8.931470609766057,-0.376639648473456,0.1418574248022085,0.0021582117806724275,0.1030912538413827,0.006715918394950627
15554,15554,RDH12,-0.0993965647281035,7.484661770753028,-0.0987837680527404,0.009758232830697612,0.4373967039130037,0.1271629405972434,0.5778590977254062
15555,15555,RDH13,0.009483399874227062,6.958661833070417,0.009444164050910827,8.919223462051644e-05,0.9409579962517552,0.12752206224706225,0.9652971524747176
15556,15556,RDH16,0.014679244140792313,6.943418307147282,0.021923234597126633,0.00048062821520065,0.8634770091378929,0.08501563939649512,0.9155374469598146
15557,15557,RDH5,0.2173315703817704,6.048063900489844,0.28424563028934163,0.08079557833858507,0.022826748841567164,0.09309775937631264,0.05376217578718239
15558,15558,RDH8,0.2909861267994451,5.5979622878462765,0.2706749960647272,0.07326495349464007,0.030519630122687918,0.1314335061872911,0.06893737251557389
15559,15559,RDM1,-0.2504741535290351,8.301547654797291,-0.4520264302143021,0.2043278936122853,0.00017710952099640582,0.06277262794824046,0.000720380668139964
15560,15560,RDX,0.24891232669915495,5.869032545856976,0.6475267129177454,0.4192908439420603,7.353650072291689e-09,0.03720250699668958,1.1174967881787826e-07
15561,15561,REC114,-0.2378064105268274,8.297438570269982,-0.2273229362704872,0.05167571735463598,0.07084472766591726,0.12937873229813338,0.13993820830114367
15562,15562,REC8,0.12060490876187707,6.382408947727593,0.10965854738262162,0.012024997014066672,0.3883664600999058,0.13883521251084666,0.5310732314639719
15563,15563,RECK,0.6868515260823773,3.9417587643388687,0.5403494194657498,0.2919774951169728,4.051460099694915e-06,0.1358363066316283,2.5304022796239404e-05
15564,15564,RECQL,-0.17506067150808566,8.179021572222158,-0.39118855913024014,0.1530284887943934,0.001392341366537295,0.0523047344879825,0.004550430469720061
15565,15565,RECQL4,-0.3356384519904595,9.006806714796527,-0.4490016544269683,0.20160248567815467,0.00019807986959373349,0.08482766478382944,0.0007969936038744516
15566,15566,RECQL5,-0.20025612998522965,7.946702264076066,-0.10242595257349683,0.010491075760588223,0.4206009424744517,0.24699594327011165,0.5615359685132091
15567,15567,REEP1,0.03247110735552385,6.840291734796307,0.11368310485831992,0.01292384833022776,0.3710841349136187,0.03603965775164247,0.5141941989732796
15568,15568,REEP2,0.14837219719213335,6.136134598013812,0.1637476548224987,0.026813294459868183,0.19604239470244034,0.11352190706674425,0.3172631385756928
15569,15569,REEP3,0.07107677433480618,6.514904563465817,0.16504859332857272,0.027241038159740574,0.19246415179682785,0.05394145518789471,0.31275785735857026
15570,15570,REEP4,-0.0624701217778524,7.455834775816326,-0.06980163801809262,0.004872268670008835,0.5836394090740646,0.11338361724411625,0.7063993077238988
15571,15571,REEP5,0.11960797720579905,5.83000130082893,0.09274855070417287,0.008602293657724526,0.4660396992490612,0.16307264816627987,0.6043891296705246
15572,15572,REEP6,-0.2226174356364407,8.315648241933026,-0.6161159537684091,0.3795988684879564,5.980027352220991e-08,0.03614407934846025,6.449078302407648e-07
15573,15573,REG1A,-0.022998596798342263,7.169011120992259,-0.31134057008785965,0.09693295058263343,0.012272386556938922,0.008915173028662144,0.031269388268091815
15574,15574,REG1B,-0.030626841061765938,7.18253103217438,-0.39208358911514507,0.1537295408534139,0.0013544180681840973,0.00912603826828048,0.0044452748206314984
15575,15575,REG1P,-0.08418773262109566,7.407169714120635,-0.1371362337969666,0.018806346620016283,0.27988301406065963,0.07722859170415175,0.4173001011762314
15576,15576,REG3A,-0.058266246405293536,7.3032187443548775,-0.3729972536174072,0.1391269512061284,0.0024011294169997304,0.01840708925065649,0.007396366646533308
15577,15577,REG3G,-0.06691545567234644,7.298897478884039,-0.0738109846741511,0.0054480614585677685,0.5621564665426608,0.11482153012177893,0.6894510557316591
15578,15578,REG4,-0.10257730623661206,7.900700849672061,-0.6871717198995405,0.4722049726296926,3.5980169386465107e-10,0.013772818179023195,9.487323267437118e-09
15579,15579,REL,-0.3469820234294192,8.95830367335585,-0.45165826728435904,0.20399519040630945,0.00017954831790984284,0.08704804310670687,0.0007292045807084859
15580,15580,RELA,-0.518836566661216,10.949187495173756,-0.6318647547708576,0.39925306832163604,2.1533793122161943e-08,0.08082698544199295,2.7048392694919774e-07
15581,15581,RELB,0.10879528932392396,6.349109570177298,0.1972581093388255,0.038910761699928034,0.1182039282856748,0.0686690813764373,0.21245900290722838
15582,15582,RELL1,0.37212913383618224,4.617319250260453,0.7918231452501059,0.6269838933537702,6.6829719503878295e-15,0.0364530127580258,2.4731650889978497e-12
15583,15583,RELL2,-0.2900561464018247,8.571964082255818,-0.3774499960060221,0.14246849948494614,0.0021072541109053056,0.09037573536976144,0.006574517884068052
15584,15584,RELN,0.3150679047150445,5.383664748661857,0.5707802589793708,0.3257901040405576,8.454501997803058e-07,0.05756214076967375,6.3769502181269666e-06
15585,15585,RELT,0.1570000546117986,6.1042709696746895,0.19419270061108748,0.037710804970627454,0.12414632035927635,0.10072188894613912,0.22090292254561456
15586,15586,REM1,0.13018480439912442,6.270987383384293,0.16024746137977527,0.025679248878662568,0.2059051786542298,0.10184137824016018,0.3297389760179006
15587,15587,REM2,-0.20113776741780548,7.94934011552612,-0.22016880304554928,0.04847430183450986,0.0804369003079355,0.1131754578461891,0.15557887425583633
15588,15588,REN,-0.08736210917086683,7.427715350341338,-0.3513648204355542,0.12345723703970925,0.0044147391100249535,0.029563479228349582,0.012702787061864253
15589,15589,RENBP,0.08201186042354687,6.608001552805972,0.11302997452282924,0.012775775140631428,0.3738567074904336,0.09155774573851083,0.5166475431209534
15590,15590,REPIN1,-0.2779938192640857,9.281203351037727,-0.5949834200478241,0.3540052701318055,2.1625152076397372e-07,0.04769237160505733,1.9334957399437867e-06
15591,15591,REPS1,-0.3552014851659226,8.883623273433976,-0.2071329227045963,0.04290404766814827,0.10053446196489696,0.2130627532433001,0.18674504836591554
15592,15592,REPS2,-0.19482700765391134,8.28690704103336,-0.5773233770753382,0.3333022817176731,5.911491915401413e-07,0.034994408448260406,4.633129114296693e-06
15593,15593,RER1,0.5824974665954388,1.7759656312518992,0.604133465828013,0.3649772445333669,1.2537526375474082e-07,0.09757980505447393,1.213679631921731e-06
15594,15594,RERE,0.4690302220977682,4.613000280579462,0.3973414316096389,0.15788021327359733,0.0011498070046795626,0.137571371347441,0.0038424491799901126
15595,15595,RERG,0.3790715294808811,5.623101158222039,0.5264544607957637,0.27715429929175833,7.885411193588742e-06,0.07774765771747365,4.5547767243842145e-05
15596,15596,RERGL,0.3591504632463162,5.816963907311615,0.45708951531071795,0.20893082500698712,0.00014651218170817532,0.08875371848729438,0.0006086171676367804
15597,15597,REST,-0.46909727005916707,9.950041503930363,-0.3023903666622253,0.09143993385011506,0.015157433548410837,0.18779150020593754,0.03758120259798909
15598,15598,RET,0.2885719551426984,5.701948093468231,0.2432422335396473,0.059166784177356324,0.05277192544061909,0.14614219142392146,0.10951375614917166
15599,15599,RETN,0.033216175075242334,6.856539322012052,0.03783924231322616,0.0014318082588390447,0.7665779662684076,0.11140385223629402,0.8487701124625404
15600,15600,RETNLB,-0.04097661841414581,7.420100428902608,-0.2628497684002171,0.06909000074804775,0.035869276208773886,0.01910233775361049,0.07901822749755835
15601,15601,RETSAT,0.2809504154460338,4.472320432562441,0.764567126722858,0.5845628912652467,1.947787864813469e-13,0.03007951685599009,3.134201043058824e-11
15602,15602,REV1,-0.2636580918984386,8.499801703698035,-0.3372912343873062,0.11376537679451272,0.006420145902018739,0.09345758656913958,0.017686442502762956
15603,15603,REV3L,0.188128166173166,5.941852206609074,0.30432066979657,0.092611070065433,0.01449023523918159,0.07478650960692941,0.036142138229034476
15604,15604,REXO1,0.3200820426200274,5.18479144759649,0.36071738637392187,0.13011703283243325,0.0034100031468710253,0.1051063133104056,0.010105873565826201
15605,15605,REXO1L1P,0.059532683160780114,6.785370560950563,0.06772946718970799,0.0045872807258017295,0.5948867889667488,0.11137393029544858,0.7152050530243697
15606,15606,REXO2,-0.4822651995137519,9.917767269121333,-0.7218351581073682,0.5210459954798893,1.6928879256768946e-11,0.0587217449686504,8.219616150343755e-10
15607,15607,REXO4,-0.36678775794287577,9.576935038073657,-0.5421927551555934,0.29397298374321323,3.700575941204844e-06,0.07218981635055756,2.330889238126553e-05
15608,15608,RFC1,-0.25768434995442185,8.916388978974451,-0.446869633221228,0.1996924690952748,0.00021420224533492263,0.06551485841784736,0.0008531450474025656
15609,15609,RFC2,-0.2050688133422968,8.531222286295344,-0.6157679063435064,0.3791701144826653,6.112678152791965e-08,0.033325220460851165,6.556218197063398e-07
15610,15610,RFC3,-0.23501944722625195,8.46589716482415,-0.6999356950301994,0.4899099771774082,1.2279462742081714e-10,0.030456025550208564,3.957020322615767e-09
15611,15611,RFC4,-0.1877340309156416,8.488548823276194,-0.6900684829616662,0.4761945111770154,2.8326633231840237e-10,0.025005756067151396,7.82414850300383e-09
15612,15612,RFC5,-0.20949117289393498,8.569550076068063,-0.4513512082423969,0.20371791318187152,0.0001816058594687095,0.05260036370892047,0.0007368699431881026
15613,15613,RFESD,-0.356328291432414,8.506730055771243,-0.3438230397442344,0.1182142826589654,0.0054070763074938865,0.12359503223953346,0.015202575621757999
15614,15614,RFFL,-0.014880303383156357,7.092955466096117,-0.01013129756573315,0.00010264319036543045,0.9366707621485338,0.1865213628501754,0.9627684333741456
15615,15615,RFK,0.2828774765718867,4.4110603522321625,0.5105948182825297,0.2607070684569696,1.62821302084586e-05,0.060497077928976475,8.671655918941736e-05
15616,15616,RFNG,-0.2510790188603229,8.585868688833335,-0.4356233403726433,0.18976769467741986,0.00032095201880941984,0.06588828672956028,0.0012240605789570246
15617,15617,RFPL1,0.012556474367566746,6.979514124825875,0.006997121694423804,4.895971200657625e-05,0.9562385572954872,0.22789868050496176,0.9736843916976431
15618,15618,RFPL1S,0.15776096190133812,6.553632141272246,0.08763626216799633,0.007680114446777784,0.4910757861815975,0.22774334870878024,0.6277595129729925
15619,15619,RFPL2,-0.309031557625572,8.168512310817826,-0.2618541261138357,0.06856758336284056,0.036602744875097966,0.14465159902674207,0.08039683946345942
15620,15620,RFPL3,0.09495764990242406,6.614931401081778,0.08389821891682556,0.007038911137415586,0.5098182120329002,0.14323445068341562,0.6443213885062754
15621,15621,RFPL3S,-0.4249362375379258,8.277603988105746,-0.24824151437275374,0.061623849458078125,0.047943417910344885,0.21059205969819647,0.10105262943824396
15622,15622,RFT1,-0.5294569796261673,10.139795606130477,-0.6119426002527001,0.3744737460040359,7.766011605477174e-08,0.08690543076939253,8.038861439608423e-07
15623,15623,RFTN1,0.2977737231130612,5.500487973291701,0.6284659031634754,0.3949693914390828,2.6974669357501722e-08,0.046805563586598826,3.2557615390876095e-07
15624,15624,RFTN2,0.4759112716979941,4.96220801911022,0.36045538164302704,0.1299280821554203,0.003435118228987855,0.1564070079473371,0.010171952037294135
15625,15625,RFWD2,-0.4120863429684992,10.494753361594992,-0.4419660873982844,0.19533402241014794,0.00025594302109811475,0.1062212113617926,0.0009995394268493552
15626,15626,RFWD3,-0.2324374509555365,8.172013304439528,-0.5889281522222,0.3468363684798547,3.0735162434330465e-07,0.04050969204187114,2.613152503005207e-06
15627,15627,RFX1,0.0016161383038154858,7.00668727062086,0.0011513488817593838,1.3256042475285836e-06,0.9927957963474277,0.17826884365472906,0.9956925236153921
15628,15628,RFX2,0.02180591795097989,6.9038775056940285,0.02439408276433129,0.0005950712739130451,0.8482633078870137,0.11349187717562513,0.9047501321131498
15629,15629,RFX3,-0.43556818454412216,8.98675183647426,-0.3897453110354139,0.1519014074740915,0.001455508187637687,0.1307081227644073,0.004730456221415895
15630,15630,RFX4,-0.2836543503469501,7.891393840905487,-0.1344891113478386,0.01808732107113133,0.28935841562044873,0.2654256648572585,0.42789241260999844
15631,15631,RFX5,-0.3355254285065242,9.542895973242034,-0.5995108093012974,0.3594132104690966,1.6547849285866306e-07,0.056888117953353065,1.5320379490612862e-06
15632,15632,RFX6,0.08788560390190854,6.6651949610267325,0.3439157778872776,0.11827806227981127,0.005393769805609103,0.030474431967819637,0.015169101966294174
15633,15633,RFX7,-0.2840950769261774,8.6256041203781,-0.5161913218759148,0.26645348078000425,1.2658746546900645e-05,0.059864725368990124,6.925538779170551e-05
15634,15634,RFXANK,-0.322276089408085,9.633186186523563,-0.6275386379405595,0.39380474210829264,2.867097578031636e-08,0.05078062443649335,3.4264347710968586e-07
15635,15635,RFXAP,-0.30159239887295325,8.388084985325403,-0.5114731234620467,0.261604756024022,1.5656035809301746e-05,0.06434964785831362,8.373214508531224e-05
15636,15636,RGAG1,-0.09474956214153303,7.35263803092407,-0.10298839475570437,0.010606609454356798,0.4180406215022938,0.11621911937208967,0.5591592341027932
15637,15637,RGAG4,0.4656479191401176,4.987731572708423,0.5536446988829518,0.3065224526011943,2.0823166250588984e-06,0.08895018960376498,1.3930357280089727e-05
15638,15638,RGCC,-0.1831978512168144,7.912461858356386,-0.3316458566920356,0.1099889742609942,0.0074262229527854535,0.0661831826833588,0.020159816728415318
15639,15639,RGL1,0.2315127002799737,5.4055452409136056,0.6811204842773478,0.4639251141022088,5.878044391012879e-10,0.03160587113142869,1.3881030674741974e-08
15640,15640,RGL2,-0.3290297773512201,9.479126037592321,-0.7125234663767491,0.5076896901375384,4.020178881368488e-11,0.04114903474365336,1.588630906496982e-09
15641,15641,RGL3,-0.4708827446508288,9.093792696653646,-0.3936912474664248,0.15499279833166973,0.0012886268648095404,0.13963406357579833,0.004246418695958543
15642,15642,RGL4,0.1767707722515105,6.311176013990693,0.2123774878202654,0.04510419733284697,0.09202463530385606,0.10329614817428992,0.17375477177652832
15643,15643,RGMA,0.34921240033885365,5.213006060522697,0.6634829347192766,0.4402096046637038,2.305166495860218e-09,0.050012294113352215,4.233959327213996e-08
15644,15644,RGMB,-0.008135239620684331,7.071583594016629,-0.025315936956026443,0.0006408966639615054,0.8426009826727812,0.04079822658980042,0.9014341406768396
15645,15645,RGMB-AS1,0.06230323611051537,6.763234883551857,0.061111932871771774,0.0037346683393239383,0.6314346762368508,0.12923384009428587,0.7453242076697375
15646,15646,RGN,0.214021947648334,6.003741232574579,0.23668454346419596,0.05601957311485485,0.05969920864114521,0.11157684177158153,0.12147964321781615
15647,15647,RGP1,0.5478224090372332,3.0097136539933063,0.6195082637118786,0.38379048880730654,4.821960947088992e-08,0.08815786084332349,5.371376764877166e-07
15648,15648,RGPD4-AS1,0.14784988817905545,6.55733428592662,0.10506654152866883,0.011038978148795491,0.40865859817592504,0.17772572981880716,0.550362784897745
15649,15649,RGR,0.02733144945766868,6.899660875004183,0.02612657097057798,0.0006825977106806482,0.837628349481887,0.1328116373279593,0.8982737536785155
15650,15650,RGS1,0.1156142787160624,6.5006586690015435,0.3486936687890473,0.12158727465356585,0.004746065318838007,0.039465796910012965,0.01356421334029788
15651,15651,RGS10,0.3693133820636597,4.704878964096644,0.537681792898798,0.28910171041486593,4.614624210792058e-06,0.07354914084734325,2.8356891965011923e-05
15652,15652,RGS11,0.05708201330942314,6.77427658172339,0.05617201853772389,0.0031552956666023963,0.6593087930740883,0.12885377908218998,0.7676397609559321
15653,15653,RGS12,-0.5281706546338368,9.27184187623786,-0.2867594723827107,0.08223099500121063,0.02159941551811551,0.22409251144975256,0.05119695085866806
15654,15654,RGS13,0.13692458454821727,6.5039640537763725,0.30354318862363616,0.09213846735980437,0.0147558652889224,0.054585199586054456,0.03673275811376188
15655,15655,RGS14,-0.14086718063839215,7.725317495801939,-0.16539913675188225,0.027356874438267842,0.19150804023058776,0.10667373466691699,0.31157825779063697
15656,15656,RGS16,0.01516423711230669,6.94467145222125,0.014936819081670029,0.0002231085642785419,0.9067444330078251,0.12891936219328598,0.9435632242568214
15657,15657,RGS17,0.32069976164486114,5.7169006166251695,0.36433923980977945,0.13274308166516802,0.0030791492570269147,0.10410479446391348,0.00923147960140078
15658,15658,RGS18,0.13460926801740666,6.3075283308759245,0.4212333583022304,0.17743754214657514,0.0005277879493782544,0.03680787992366833,0.0019102871542346815
15659,15659,RGS19,0.19565867219561406,5.617737941307281,0.5065080701224998,0.2565504250992192,1.951343989992403e-05,0.04230022199678423,0.00010177349254163171
15660,15660,RGS2,0.11713945200993875,6.075843938305237,0.603548917778686,0.3642712961518231,1.2988492848928983e-07,0.01965308706494926,1.2506261122434733e-06
15661,15661,RGS20,-0.26948191048180675,8.097597565921756,-0.3455133622221441,0.11937948347405054,0.005169025495782329,0.09295298156709766,0.014637798759142976
15662,15662,RGS22,0.03815069596655914,6.858132950436593,0.03773524609843863,0.0014239487981097276,0.7672013930629055,0.1283068983684857,0.8491130617794755
15663,15663,RGS3,0.4252021113854144,4.460096765905572,0.33334100366431385,0.1111162247239321,0.007110553497976805,0.1527331533993359,0.019390511851640424
15664,15664,RGS4,0.3644772698427737,5.5484278848473485,0.3167044248402871,0.10030169271341706,0.010781559700588687,0.13863373535794554,0.027934275582226373
15665,15665,RGS5,0.12624458039397873,6.192541264901626,0.22508831970374754,0.05066475166705647,0.07373717939785794,0.06940228069150561,0.14459645203845095
15666,15666,RGS6,-0.11525588976886933,7.578663650369247,-0.08792584633229689,0.007730954453250686,0.489639050419091,0.16583089607471602,0.6262301103215807
15667,15667,RGS7,0.048665726431490704,6.861051596644013,0.027342842056643786,0.0007476310117345683,0.8301793487161675,0.22595466140119985,0.8931441261890677
15668,15668,RGS7BP,0.030607317391409476,6.9219051960142615,0.020066768209429903,0.00040267518637098664,0.8749406874402372,0.19367097135122704,0.9226159226002306
15669,15669,RGS8,0.001473791503526607,7.009907137162044,0.0009343998708536816,8.731031186513771e-07,0.9941532601198176,0.20031212786722574,0.9962980032106941
15670,15670,RGS9,0.17271045925588616,6.271994879493128,0.17072166004757242,0.02914588520939888,0.17740745933956828,0.12659342707364624,0.2930850268537039
15671,15671,RGS9BP,0.16193221031515406,6.3835169487306525,0.15102458275880434,0.022808424597470952,0.2335628701011657,0.13461070898265495,0.3633740895208523
15672,15672,RGSL1,-0.07280045271647613,7.28518670132179,-0.06579827756316982,0.004329413330279937,0.6054550119477919,0.14021082643053495,0.7240896144847244
15673,15673,RHAG,0.33037646428329376,5.6790545108669415,0.211292808710434,0.04464465101274405,0.09373664659868468,0.19409350816791415,0.17635682728883723
15674,15674,RHBDD1,0.08568538584661038,6.481111287156166,0.048796689995859566,0.0023811169545520216,0.701788116179012,0.2227423917757687,0.801034242876687
15675,15675,RHBDD2,-0.006771034129498661,7.067145968940115,-0.009096555176763652,8.274731608390562e-05,0.9431274768907264,0.09452881874477242,0.9663112226409996
15676,15676,RHBDD3,-0.2536718094611213,8.458590212875785,-0.2283423187064282,0.052140214512228035,0.06955575701598789,0.13736054466549144,0.137710211194245
15677,15677,RHBDF1,-0.20624797431527908,8.2047243567565,-0.2546542541030289,0.06484878913277002,0.04228608658984194,0.09946810214288566,0.09100628156460219
15678,15678,RHBDF2,-0.28766045190578515,8.885343625497903,-0.5241876960031822,0.2747727406411245,8.766035009308939e-06,0.059351889666243135,5.0020681983289874e-05
15679,15679,RHBDL1,-0.24858571598301074,7.966365696575644,-0.283356317063062,0.0802908024195425,0.02327486042109337,0.10684954839621397,0.054665629329585345
15680,15680,RHBDL2,0.23569542814562616,5.214058972539401,0.5151559135543563,0.2653856152700234,1.3266661337129235e-05,0.0498019488921519,7.220144540224518e-05
15681,15681,RHBDL3,-0.14542885242770226,7.637640456009223,-0.11700525885688727,0.0136902306001672,0.35717502832808845,0.15676749473795687,0.4998142318865755
15682,15682,RHBG,0.16601695498879626,6.056071162185532,0.1652871338056165,0.02731983660167577,0.1918131583546344,0.12580635508747331,0.3118637993970724
15683,15683,RHCG,0.375273970169996,5.301336747061836,0.3335866765106592,0.1112800707454272,0.007065793385945352,0.1346872110521248,0.019285323389544567
15684,15684,RHD,0.12741630887683209,6.501239108808438,0.0974915963742564,0.009504611363600923,0.44344475273576733,0.16519169989985225,0.5837566030694858
15685,15685,RHEB,-0.5331769899618624,10.437611142202163,-0.636076090318285,0.4045927926745952,1.6226934028680743e-08,0.08214356108566112,2.1610962877680287e-07
15686,15686,RHEBL1,-0.6099452223804921,9.62180095776866,-0.5001428533829603,0.2501428737900493,2.575143328592657e-05,0.13411896188114422,0.0001308723979832762
15687,15687,RHNO1,-0.2995344171799882,9.035468221068637,-0.6341122182405958,0.40209830532200896,1.8525588529071083e-08,0.046387360047887405,2.397571745253326e-07
15688,15688,RHO,0.1808672419383976,5.978311238935187,0.1636400701798199,0.026778072568456383,0.1963404219130668,0.13847786428462966,0.3176742256819682
15689,15689,RHOA,-0.5457803022328761,11.789539954110547,-0.2657702024360365,0.07063380050289182,0.033788053813249605,0.2514254072350045,0.07523704939084012
15690,15690,RHOB,-0.42053469242805,9.210862143870767,-0.41347510788656455,0.1709616648418062,0.0006839325421144593,0.11760991111104965,0.0024172611717787847
15691,15691,RHOBTB1,-0.12350260179105055,7.671037053617913,-0.29571518876869035,0.08744747286850217,0.017671985080023097,0.05066821053664211,0.04304204666605558
15692,15692,RHOBTB2,-0.2619266541603497,8.338360246984923,-0.30600663716067444,0.09364006198638468,0.013928313551628036,0.10349118382693694,0.03486909016884452
15693,15693,RHOBTB3,-0.26136065741513315,8.851634803114118,-0.7224114251691605,0.5218782672149376,1.6028247935682473e-11,0.03177086254728705,7.942602037693455e-10
15694,15694,RHOC,0.3415783400901064,4.565884677134621,0.332865238713841,0.11079926714402234,0.007197941511341293,0.12289265899391268,0.019593885557845917
15695,15695,RHOD,-0.12359053576217882,7.849641070297348,-0.17261589968122582,0.02979624882275901,0.1725758766242796,0.08956535440224225,0.28676570045263766
15696,15696,RHOF,0.2424584529097359,5.57674967894505,0.5926084861884933,0.35118481790261763,2.4843511658778103e-07,0.04185372538598159,2.1780819634446955e-06
15697,15697,RHOG,0.2339191750573377,5.101148535683865,0.3604320755787441,0.12991128110600147,0.0034373602211319803,0.07688264484356956,0.010177199287477855
15698,15698,RHOH,0.16607369155271168,6.152279527673934,0.5615895693448281,0.31538284439690945,1.3796626892426342e-06,0.031074907941988607,9.756003088677527e-06
15699,15699,RHOJ,0.5333007816552651,4.667665516591612,0.6167715952816208,0.3804072007462355,5.7374968205525006e-08,0.086438095974715,6.234094011493447e-07
15700,15700,RHOQ,-0.007551778983265102,7.064108806911651,-0.009932974474231002,9.866398190572466e-05,0.937907981485538,0.09655008961318627,0.9635004133208935
15701,15701,RHOT1,-0.272995672940867,8.721241505142189,-0.2851119431328745,0.08128882011700347,0.022397278756580992,0.11655583215215097,0.05286822231019853
15702,15702,RHOT2,-0.19951995985644186,8.468545909007295,-0.19590414911370066,0.03837843563996305,0.12080120839853915,0.12683787773900584,0.21612278320145117
15703,15703,RHOU,0.2478601759614147,5.1730227991011555,0.6720925008058595,0.4517083296394742,1.196837821687506e-09,0.03468068631795298,2.4636428734451466e-08
15704,15704,RHOV,0.193845224705314,5.947392434425748,0.2209419221476818,0.04881533296231228,0.07935318492665527,0.10867097274149796,0.15386758771371062
15705,15705,RHOXF1,0.10350435657190046,6.554980472018496,0.1112590010399813,0.012378565312414559,0.3814372663110915,0.11741481075671675,0.5244792686498626
15706,15706,RHPN1,-0.015412926209079096,7.105036763705278,-0.014839914217861147,0.00022022305399347738,0.9073467734500908,0.13188944412305176,0.9438725262555467
15707,15707,RHPN1-AS1,-0.08605486778226916,7.412473711036514,-0.08465932265411368,0.007167200912253325,0.5059726891626051,0.1286301764846637,0.6407507943752171
15708,15708,RHPN2,-0.05383820455177128,7.482534317103737,-0.1148804125565814,0.013197509189170344,0.36603393577796384,0.05912400641204205,0.5092255436397106
15709,15709,RIBC1,0.036348541823610615,6.865845888191028,0.03181931478516082,0.0010124687933971536,0.8028962104809015,0.14500412572807375,0.8741427410315216
15710,15710,RIBC2,-0.1376609980922636,7.643683195146627,-0.20459862142461674,0.04186059588885364,0.10486000799218344,0.08364244447806363,0.19323831785130902
15711,15711,RIC3,0.2529598538757937,6.039996676609764,0.19751864844936576,0.039013616485264135,0.11770907973918625,0.1594432979470006,0.21179809902385363
15712,15712,RIC8B,0.11485592979009356,6.323105144402616,0.09412350257011927,0.008859233736067248,0.4594262757417167,0.15428622988702512,0.5983926381081965
15713,15713,RICTOR,0.13369499727897416,6.188693376583832,0.1616910545671695,0.026143997127043392,0.2017956814745616,0.1036288529927972,0.3245848237637697
15714,15714,RIIAD1,-0.008091535317792173,7.05630990478576,-0.01044489679194305,0.0001090958689943422,0.9347147094017793,0.09838009671607384,0.9615479280336423
15715,15715,RILP,0.4057477055770619,3.700010199103113,0.5284245777376309,0.2792325343571935,7.187750692397916e-06,0.0827894135807998,4.207736691388078e-05
15716,15716,RILPL1,-0.21118503117677856,8.18717948775308,-0.4135191455022303,0.1709980836968947,0.0006829390581944125,0.05905401538347604,0.002414932283670804
15717,15717,RILPL2,-0.19594499444024813,8.431715531049077,-0.482136127535728,0.23245524547514776,5.481673372461498e-05,0.04521895352290763,0.00025577598983118666
15718,15718,RIMBP2,0.2610433378639667,6.016335420180663,0.24497479570798314,0.060012650532168074,0.051055541809364335,0.13120680780898486,0.10647224170664336
15719,15719,RIMKLA,0.3607556773252305,5.272503150825845,0.5515938873293883,0.3042558165391459,2.311793270554109e-06,0.06928236067257831,1.5262769290807692e-05
15720,15720,RIMKLB,0.5133268081759439,5.115869780182872,0.30638841457175553,0.09387386058379392,0.013803708133336614,0.2025443303952784,0.0346011459228388
15721,15721,RIMS1,-0.2568736343879378,7.952941885636702,-0.12420238773551798,0.015426233119203946,0.3281591281909072,0.2606260792328538,0.4698992211184352
15722,15722,RIMS2,0.18722990796013267,6.266708978248722,0.12509102527614582,0.015647764604637352,0.3246830146504439,0.18859426970134727,0.4661992356214452
15723,15723,RIMS3,-0.1371786638749415,7.798619376003059,-0.2068193716325783,0.04277425248249453,0.10106198496184406,0.08241508205063643,0.18751583277771683
15724,15724,RIMS4,0.4300772739386732,4.898483948864494,0.3863473865977855,0.14926430313093872,0.0016145130589498243,0.13039772027126745,0.005182246684966127
15725,15725,RIN1,-0.09753473079937708,7.668178747730522,-0.12006698410108085,0.014416080671129197,0.344644042815611,0.10242044240033432,0.48700804419977284
15726,15726,RIN2,0.3883305677658319,4.504928868568793,0.494022018574704,0.24405775483662515,3.345061687602992e-05,0.08679680423513697,0.00016508047138797353
15727,15727,RIN3,-0.3225480103544811,8.75997516529566,-0.22499994619656308,0.05062497578845628,0.07385347627756815,0.17739239997665193,0.1447720674201809
15728,15728,RING1,-0.10570367065599698,7.914818335817425,-0.09379325717093004,0.008797175090732221,0.4610100377982181,0.14249639316267013,0.5998421179186693
15729,15729,RINT1,-0.2219857735269397,8.394793083353617,-0.4894715397091781,0.2395823881852735,4.050108626143082e-05,0.05022592414581936,0.0001959890554170468
15730,15730,RIOK1,-0.2288403630575664,8.630318298387284,-0.6482992809012348,0.4202919576170581,6.962903265458685e-09,0.034132327669927166,1.0708925441300271e-07
15731,15731,RIOK2,-0.2817162725492359,8.932863836752043,-0.4104933605186304,0.16850479902987825,0.0007543282845854947,0.07947669981564344,0.002635671532539586
15732,15732,RIOK3,0.4374346677444695,3.5611916636926586,0.7197387965597379,0.5180239352732601,2.0630117896994414e-11,0.05358647340600723,9.405162169671875e-10
15733,15733,RIPK1,0.34034260177435194,4.561085720834715,0.3743055667550099,0.14010465730378918,0.002311201636369349,0.10708212526708827,0.007140686465341454
15734,15734,RIPK2,-0.3228711072036541,8.866229201301273,-0.6197503677962415,0.3840905183835766,4.7479884044980356e-08,0.05192481884243343,5.299880871103349e-07
15735,15735,RIPK3,0.2658565075450949,5.212276283428972,0.4247185034587879,0.18038580718027244,0.00046883072220880236,0.07197058016498653,0.0017201845627637434
15736,15736,RIPK4,-0.16092781913686774,8.016939620855755,-0.2386828006962071,0.056969479348185324,0.0575144973278463,0.08315282918940795,0.11770901598090096
15737,15737,RIPPLY1,-0.27801161028876625,7.988967927431122,-0.16186565252846355,0.026200489468465298,0.2013026342115541,0.21525198351093194,0.3239842841955558
15738,15738,RIPPLY2,0.0913484731063348,6.621252130949833,0.1098055109089657,0.012057250225978986,0.38772707803619505,0.10501399971549134,0.5303998657532409
15739,15739,RIPPLY3,-0.7153132051967246,9.725155023849439,-0.5713354718767011,0.32642422142457256,8.204130732957098e-07,0.1304975746419237,6.224963245346389e-06
15740,15740,RIT1,0.05109190969687191,6.732718436296867,0.0824817591922875,0.006803240599454502,0.5170144787396075,0.07839999283081713,0.6504356322027653
15741,15741,RIT2,0.06610242450039412,6.802466725189254,0.04091694948978542,0.0016741967555496508,0.7481963337234785,0.20500027526081246,0.8361529313983856
15742,15742,RITA1,-0.3799121040864605,9.634890453105315,-0.4660163597195246,0.21717124752623732,0.0001041065147827692,0.0916050691546329,0.00045106574182090175
15743,15743,RLBP1,-0.08979859955010436,7.453300907933017,-0.12033176759409955,0.014479734292320391,0.34357335353913443,0.0940862593534628,0.48602567094917404
15744,15744,RLF,-0.238839403072692,8.553864243519861,-0.43913525333486986,0.19283977072148034,0.00028330314718151827,0.062057132862765,0.001097090424215983
15745,15745,RLIM,-0.24285299022175644,8.626833351651436,-0.5106087285910353,0.2607212737133536,1.6272035517993006e-05,0.05193539995008521,8.669066183895694e-05
15746,15746,RLN1,-0.12002530444166595,7.43379404371041,-0.09333057713278227,0.00871059662793822,0.4632339164254179,0.16261224734463126,0.6016512001554863
15747,15747,RLN2,-0.17913039914288406,7.701096022469571,-0.3161759227025915,0.09996721409683512,0.010921120393639142,0.06826118436054153,0.02823505994797703
15748,15748,RLN3,0.0037707066977933773,7.000213292760491,0.004083028316486905,1.6671120233233888e-05,0.9744556539330229,0.11728457424970327,0.9853778740466681
15749,15749,RLTPR,0.2445553055086076,5.734502766221607,0.28630940837719104,0.08197307732529716,0.021814938204631585,0.10393775538458633,0.05161176519406719
15750,15750,RMDN1,0.013960942373911468,6.923524063162549,0.017530277029949973,0.00030731061274679177,0.8906445434792969,0.10112612557910718,0.9329064326711897
15751,15751,RMDN2,0.3783946773954657,5.09009452506543,0.5812559490551429,0.33785847831199495,4.7497077807113323e-07,0.0672755372340015,3.842171161423381e-06
15752,15752,RMDN3,-0.2060013804957204,8.695973652840728,-0.2568254430239439,0.06595930818444505,0.04050028810949327,0.09845077482907316,0.08777359277532794
15753,15753,RMI1,-0.09310018576249636,7.737771227344742,-0.17824344069079115,0.03177072414929158,0.1587890632261312,0.0652725005989516,0.2687858332026789
15754,15754,RMI2,-0.20818484334653145,8.738748845240115,-0.5310501237802367,0.2820142339670048,6.347226734238017e-06,0.04218671083443022,3.77400315568161e-05
15755,15755,RMND1,-0.28301770209639604,9.081107350004467,-0.5986713217993959,0.3584073515450358,1.7395085553993792e-07,0.048090466577058295,1.5975003293966733e-06
15756,15756,RMND5A,0.3358719244708656,4.522059013916799,0.6981301589191142,0.4873857187924277,1.434480013135986e-10,0.04374584489912744,4.4695920409294645e-09
15757,15757,RMND5B,-0.1976756731384912,8.35820001703437,-0.15308536551422738,0.0234351291346246,0.22717073751839856,0.16205941057155676,0.35534399891367524
15758,15758,RMST,0.10190835900821857,6.659515247827468,0.060830094162812536,0.00370030035585664,0.6330117822522152,0.2123686833853096,0.7465761947795077
15759,15759,RN7SKP150,-0.04431783970791616,7.185624059710942,-0.04208748750155658,0.0017713566041936816,0.7412411546405759,0.133611780348791,0.8317310328898737
15760,15760,RNA45S5,-0.1600034408075129,8.092543765997465,-0.6539124372667254,0.4276014756121092,4.660818201243295e-09,0.023510568591857444,7.656928134071558e-08
15761,15761,RNASE1,0.3356594785174745,4.709239687581851,0.6291427627890301,0.3958206159698138,2.579687842257945e-08,0.05266678604654981,3.14014278943765e-07
15762,15762,RNASE11,-0.13578449165636414,7.454512342221774,-0.0788968878199257,0.00622471890766994,0.5354537863878742,0.2178906270481363,0.6662789027311048
15763,15763,RNASE2,-0.08586278971565274,7.359812357338576,-0.09892082549824356,0.009785329717253951,0.4367579310890254,0.10969481403545303,0.5771996214898599
15764,15764,RNASE3,0.04086448554762,6.83037473627269,0.04935843344505629,0.002436254952150051,0.6985184507172957,0.1050168898352914,0.7983542012077394
15765,15765,RNASE4,0.14626195071289447,5.544151313219474,0.2528153940614845,0.06391562347446368,0.0438489145024885,0.07108688764593551,0.09381033822874811
15766,15766,RNASE6,0.20239368849692194,5.415555749144444,0.6895036656001488,0.4754153048760418,2.968531406853611e-10,0.027000533723919768,8.116609547400877e-09
15767,15767,RNASE7,0.11012803033357167,6.6593072655113215,0.059775626130591834,0.0035731254793042928,0.63892675018946,0.2335611523621777,0.7513009760725867
15768,15768,RNASEH1,-0.2671437772370993,8.798471108435185,-0.5630432900211955,0.31701774643789205,1.2780776557544216e-06,0.04979802741803992,9.119199879855684e-06
15769,15769,RNASEH1-AS1,-0.17766780008104774,7.855363482561962,-0.3485862490973346,0.121512373059749,0.0047598368702256345,0.06066950525741278,0.01359795263590185
15770,15770,RNASEH2A,-0.19571637419448465,8.565982101020191,-0.7358832364977564,0.5415241377584129,4.289657007450871e-12,0.022870762550133258,2.902891328010894e-10
15771,15771,RNASEH2B,-0.4679268557641506,9.316824233098568,-0.49162113621294395,0.2416913415713061,3.701481108749253e-05,0.10526271996031444,0.0001804086729911435
15772,15772,RNASEH2C,-0.5050295652327519,10.41845208720893,-0.528115871678948,0.2789063739192151,7.293125371933287e-06,0.10313060537606956,4.261538853999334e-05
15773,15773,RNASEL,0.3024471416480222,5.0279645046718615,0.5883667734464427,0.34617546009577765,3.174188030267827e-07,0.052788109523926464,2.6902951779041014e-06
15774,15774,RNASET2,-0.22251305138619112,8.527571578224029,-0.13556680883710776,0.01837835965827692,0.2854756547839442,0.20652771188421912,0.42350998865152506
15775,15775,RND1,-0.2285876900154393,8.36202830363303,-0.28217568229741546,0.07962311568001194,0.02388125636230622,0.09870070656316504,0.055841551293136935
15776,15776,RND2,0.14566789501320962,6.429950712201233,0.09949304097522224,0.00989886520249725,0.4340967216270992,0.18501846507437675,0.5750785471842299
15777,15777,RND3,0.22380313434521526,4.958353684699633,0.6451103247089718,0.41616733104611503,8.714402279335126e-09,0.03366514764298445,1.290768682346116e-07
15778,15778,RNF10,0.4856130612469027,3.172533499557317,0.5280340907818154,0.2788200010277785,7.321281108274927e-06,0.09918691644996508,4.2733785013394484e-05
15779,15779,RNF103,0.592889788611783,3.0958822586442154,0.4936670652501034,0.2437071713126498,3.3956720115862e-05,0.13264441310280956,0.00016727315152615825
15780,15780,RNF11,0.3309656805288688,4.053870046360978,0.4398568864853269,0.19347408058856572,0.0002760856824954749,0.08581928381643293,0.0010720163985008981
15781,15781,RNF111,-0.1971108184021502,8.513304431510116,-0.2802155723355718,0.07852076697935208,0.024917514613215192,0.08575612051422835,0.05788801869615167
15782,15782,RNF112,0.252283951895708,5.899321875303405,0.3136079846352526,0.0983499680269848,0.011621746326126777,0.0970120474015628,0.02982565971702718
15783,15783,RNF113A,-0.3808260289319759,10.192068203298213,-0.4958452724596429,0.2458625342205775,3.095930697842905e-05,0.08470515882596574,0.0001540495847007999
15784,15784,RNF114,-0.2789931842437134,9.519707145546327,-0.4236278777265637,0.17946057878711244,0.0004866020390896093,0.07576400816923938,0.001778458591811897
15785,15785,RNF115,-0.4435234237705297,9.801152639759582,-0.5075554568943558,0.25761254182323823,1.8632872204990067e-05,0.09562083420043822,9.762759438641662e-05
15786,15786,RNF11B,-0.03823594696529575,7.137741613730534,-0.02426063553581198,0.0005885784366015031,0.8490836241507076,0.20009949217562528,0.9054021016832565
15787,15787,RNF121,0.23125213402046316,5.572866263299114,0.21709557260190632,0.04713048764334957,0.08486120839788695,0.1320552444805727,0.16245390174102117
15788,15788,RNF122,0.282689222806729,5.432690985674758,0.3473055781569998,0.1206211646189679,0.004926761004290457,0.09693701736818926,0.0140195807553101
15789,15789,RNF123,-0.36150371254561575,9.443173639594562,-0.3523873756183154,0.12417686249516373,0.004293420144669205,0.12192837416364002,0.012403150111100804
15790,15790,RNF125,0.2330356648983217,5.647593088148566,0.6100980545177218,0.37221963612630893,8.706405503588963e-08,0.038435343918401296,8.872339349657364e-07
15791,15791,RNF126,-0.39368240626368106,9.86171897142302,-0.4077342945949515,0.1662472549888427,0.0008252451907357683,0.11196739098893098,0.0028561106928852585
15792,15792,RNF126P1,-0.029174169538096567,7.200743221745322,-0.0278311263453023,0.0007745715936481798,0.8271930170720159,0.13307718742434685,0.8911429672501121
15793,15793,RNF128,0.2004859053510171,5.0473972914154,0.3165686971496062,0.10021574001499912,0.010817252686827329,0.07629379679864094,0.028006648366002605
15794,15794,RNF13,0.5334998674420884,2.0811955066991894,0.5649464943899221,0.31916454152346224,1.1556646122532186e-06,0.09895830229773596,8.355898890932705e-06
15795,15795,RNF130,0.2038098486229074,5.924745686998102,0.12005324333859332,0.014412781236115503,0.3446996621395668,0.21404394941265648,0.48700804419977284
15796,15796,RNF133,-0.13056673016559986,7.488361657303458,-0.1263356663218894,0.015960700584995775,0.3198537754971978,0.1302017824113549,0.4609018837098628
15797,15797,RNF135,-0.14336098652264676,8.242806667127041,-0.2249547733916933,0.050604650071708085,0.07391297880357701,0.07886121669347146,0.14486248130975296
15798,15798,RNF138,0.2963662996142111,4.691453741450038,0.570630806791672,0.3256195176597145,8.523112403217169e-07,0.054166435216794435,6.4197564901449674e-06
15799,15799,RNF139,0.19266898995451653,5.3398035700030535,0.17617669201952682,0.031038226810943207,0.16375458375820595,0.13671647321571406,0.27544706472611075
15800,15800,RNF139-AS1,-0.35082197292657297,8.450465844679352,-0.5308903326893567,0.28184454534301584,6.395638717331577e-06,0.07112059093301203,3.800701328864306e-05
15801,15801,RNF14,0.2031195760933603,5.69401695935038,0.21330969482765527,0.04550102590746742,0.09057294528625102,0.1181498229972007,0.17146228955098924
15802,15802,RNF141,-0.5269152809569373,9.96654093134032,-0.3792275177977227,0.14381351025502204,0.001999228350607385,0.16327860857304716,0.006280956303374356
15803,15803,RNF144A,0.4351697328172783,4.82116959262483,0.6391583166578626,0.4085233537529125,1.3155641322920009e-08,0.06650023702499744,1.8168712554070968e-07
15804,15804,RNF144A-AS1,0.3119376352866416,5.674259073686207,0.29435069851920337,0.08664233371874296,0.01822770303417445,0.12862556612056766,0.044196720323037474
15805,15805,RNF144B,-0.2772477295870772,8.437913749412807,-0.29396839333094066,0.08641741627757464,0.01838605619575874,0.11448416493527125,0.044525838394000844
15806,15806,RNF145,-0.4659805670742817,10.263717486909377,-0.5658817152002329,0.3202221155979575,1.0996267331186557e-06,0.0862243273906857,8.00686513304791e-06
15807,15807,RNF146,0.2167701162199075,5.440995221455939,0.4274373380879137,0.18270267799168147,0.0004270698475378399,0.05822656189665705,0.001584680868477026
15808,15808,RNF148,-0.2948047944141681,8.040816587264942,-0.2443854647160033,0.05972425536445691,0.05163417739950589,0.14855625484903695,0.10738400881523634
15809,15809,RNF149,-0.3045518838514701,9.879149485932007,-0.39061214411556144,0.15257784713055614,0.0014172675093745515,0.09115271539148012,0.004620040330499159
15810,15810,RNF150,0.5501700565983363,4.825046475673467,0.5410632595806634,0.2927494508680523,3.912043876265571e-06,0.10860247113240558,2.4533828595578032e-05
15811,15811,RNF151,0.23767745430337325,5.909614826932682,0.3330828625831693,0.11094419334659844,0.0071578525853863186,0.08544848467542701,0.019504630393424024
15812,15812,RNF152,0.7588686900077422,4.524132997054672,0.5594714053098245,0.31300825335934995,1.5413054636884025e-06,0.1427804200274615,1.0694580585013577e-05
15813,15813,RNF157,0.10003675591024527,6.457968091540487,0.1729895625605435,0.029925388754888187,0.17163423274327688,0.07233465651523435,0.2857711294829817
15814,15814,RNF157-AS1,-0.17432113057728918,7.5957453716554975,-0.1257542727647865,0.015814137118600326,0.32210386411971026,0.17465056716832866,0.4634041441344888
15815,15815,RNF165,0.0924927254379782,6.705951135579469,0.05488529696397842,0.0030123958228240985,0.6666477157335382,0.2136980666122192,0.7737301042024746
15816,15816,RNF166,-0.164488637975719,7.628985034685763,-0.2620877349525002,0.06868998081253201,0.036429540503430384,0.07692021683395846,0.08008138256032737
15817,15817,RNF167,-0.11547965452420607,8.034172549040365,-0.10810144025414377,0.011685921385020216,0.3951792459642852,0.1348731938883286,0.5374778341539627
15818,15818,RNF168,-0.3009092330249632,8.669208356561649,-0.2521145978584888,0.06356177045334753,0.04445689848201559,0.14668349315419016,0.09492349996332554
15819,15819,RNF169,-0.21166494685786147,8.517131812276192,-0.2798693036991122,0.07832682715302591,0.025104469355363243,0.09221175828066752,0.05824689953276847
15820,15820,RNF17,0.09297565513723884,6.687561733923153,0.06457997700971753,0.004170573430575643,0.6121639288497189,0.18246013595316524,0.7298579463326907
15821,15821,RNF170,-0.08243466293541914,7.5257569855686475,-0.059037326391469476,0.0034854059074528984,0.6430815994101722,0.1770227862209078,0.7545068014968456
15822,15822,RNF175,-0.011233979094164305,7.0589643048883985,-0.011045341728568128,0.00012199957390084836,0.930970559498692,0.1291612133568305,0.9590376263627394
15823,15823,RNF180,0.9958894401359082,4.012565681419088,0.4924810051676763,0.24253754045096484,3.569974443074715e-05,0.2235148359038091,0.00017490451711489355
15824,15824,RNF181,-0.37041439432599393,10.6914960027095,-0.31517288702803425,0.09933394871758604,0.011190301170893051,0.14165276526264287,0.02883116857295527
15825,15825,RNF182,-0.26975005479362,7.918374526595793,-0.17607836761986864,0.031003591543677607,0.16399362801334175,0.19152293001845647,0.2757634737248731
15826,15826,RNF183,-0.14922057420201074,7.8065322056474376,-0.7941790948673628,0.6307204347243437,4.877522030800621e-15,0.014500802884780768,1.955976658833101e-12
15827,15827,RNF185,0.5229846104837819,2.931594777089225,0.6830203617362607,0.4665168145463324,5.044889154630347e-10,0.07102639654117526,1.241444030040002e-08
15828,15828,RNF185-AS1,0.19631777606914624,6.191105500627304,0.17144861594138205,0.02939462790821552,0.17554174489190186,0.14326864145525006,0.2906271787640883
15829,15829,RNF186,0.06349702351785748,6.434306360220423,0.11787268545183052,0.013893969975626176,0.3535967496027419,0.0679369667048512,0.4961213951436682
15830,15830,RNF187,-0.10661271418721747,7.5981580835820886,-0.07759964165850088,0.0060217043855277435,0.542205094994864,0.17395699226492753,0.6718614861589483
15831,15831,RNF19A,0.2794950477001071,5.010608698651169,0.3959225569103188,0.15675467107040464,0.0012020805862192011,0.0823275135216659,0.003993105552167019
15832,15832,RNF19B,-0.14670781852090542,8.163512128630984,-0.2346350277352076,0.055053596240301636,0.062009231990261614,0.07719126464926931,0.12529718379668892
15833,15833,RNF2,-0.07114172187542933,7.3984220954687725,-0.07521672750943892,0.0056575560972291885,0.5547134762837036,0.11977938589462422,0.6829107720149787
15834,15834,RNF20,-0.2336674269017209,9.0648594937297,-0.32306550699197045,0.10437132180797892,0.009219332979274516,0.08693121213998314,0.024361763961707097
15835,15835,RNF207,0.12937260780104054,6.3157379355132335,0.12033854826718275,0.014481366199053068,0.3435459621793049,0.135542078080864,0.48601867191434295
15836,15836,RNF208,-0.11228159797780524,7.6056034943072035,-0.12472842003321548,0.015557178763982231,0.3260985956825734,0.11343382249758907,0.4677218896215477
15837,15837,RNF212,0.059431877455986076,6.700326320207712,0.06756630035764219,0.004565204944019119,0.5957765160062072,0.1114550816304716,0.7159567399619543
15838,15838,RNF212B,-0.018705787667576496,7.088265732553388,-0.013888909955220713,0.00019290181974422895,0.9132607239963598,0.1710291357376951,0.947689500397961
15839,15839,RNF213,-0.1616216603060859,7.954622385992645,-0.19011042990633847,0.03614197555917283,0.13240956130648224,0.10599962012411043,0.23238906239288556
15840,15840,RNF214,-0.3642439697339346,9.33379523542652,-0.316368355386017,0.10008893628965314,0.010870124776152035,0.13870856681392635,0.028116645010460146
15841,15841,RNF215,-0.05168277328112097,7.236203363204027,-0.06830989733670041,0.00466624207415055,0.591726590221292,0.09586293010148154,0.712989055822506
15842,15842,RNF216,-0.5949967075048962,10.103657141197797,-0.4726359858223899,0.22338477509430235,8.030893362757934e-05,0.14089477335720935,0.000358205964511891
15843,15843,RNF217,0.16765751852343505,6.4172478287647365,0.221034780750886,0.04885637430159225,0.0792238037391682,0.09394845077915064,0.1536717547448663
15844,15844,RNF219,-0.4180238147301995,9.40159738506152,-0.4874658804549618,0.2376229846077311,4.402558920143463e-05,0.0950924098271314,0.0002108768268429699
15845,15845,RNF220,-0.5402589857897945,11.343682556462197,-0.6905904741529268,0.4769152029907643,2.7123775756486634e-10,0.07185741993104923,7.559399794166256e-09
15846,15846,RNF24,-0.4853808947139749,9.403078744083082,-0.6429910428147712,0.4134374811400269,1.0101185744103297e-08,0.0734241731034151,1.4621736449769847e-07
15847,15847,RNF25,-0.2864167767401302,8.80443345918178,-0.31598435174906403,0.09984611055027624,0.010972093516750471,0.1092183002804471,0.028349920666415875
15848,15848,RNF26,-0.3462726243417461,9.381787189205422,-0.4007787565184906,0.16062361167650754,0.0010315627241952645,0.10053007217515153,0.0034925720438474758
15849,15849,RNF31,0.08539475466312282,6.539847179750378,0.0881651039705569,0.007773085558139106,0.4884536707798217,0.12253047808102772,0.6251086957471212
15850,15850,RNF32,-0.7799098018653592,9.673033220275734,-0.4339003736492462,0.18826953425295548,0.00034104525717461434,0.20566691455892144,0.0012927244957318875
15851,15851,RNF34,0.06815622708286685,6.611970185876098,0.04488132433188932,0.0020143332737842397,0.7247246244913474,0.19266648982994972,0.8193542729121921
15852,15852,RNF38,-0.06335666271181341,7.470360188737163,-0.07996806022251486,0.006394890655751764,0.5299103728501128,0.10029673481158577,0.6615478568009451
15853,15853,RNF39,-0.3173902231205726,8.638111484684838,-0.6810340935941742,0.4638074366376385,5.918880682227109e-10,0.04334003314742093,1.3931887084090005e-08
15854,15854,RNF4,-0.1974331471423414,8.77684211978506,-0.23848329838013466,0.05687428360626834,0.057729658073296775,0.10210594931503418,0.11808215222227653
15855,15855,RNF40,-0.4788641322550447,9.88788107145804,-0.2642702029150891,0.06983874014878236,0.034844070276374706,0.22194603443417893,0.07727069552840699
15856,15856,RNF41,-0.44671748928789096,9.614368709879466,-0.5979098273164661,0.35749616160160635,1.8198824640226158e-07,0.07605701604041827,1.663552332562674e-06
15857,15857,RNF43,-0.17432739464198446,8.51232147353526,-0.7637735523991865,0.5833500393444729,2.1341135793080657e-13,0.018710735162111344,3.295157053822775e-11
15858,15858,RNF44,-0.22801679925224805,8.736186979932826,-0.3325783695376428,0.1106083718843169,0.007251086512182358,0.082115193192712,0.019723939005314526
15859,15859,RNF5,-0.0854879269226313,7.406621570120374,-0.0835425068676673,0.006979350453734238,0.5116205712696644,0.12950322317564136,0.6457882647962568
15860,15860,RNF6,-0.15313109663835864,7.9268339377225505,-0.15143576559655514,0.022932791101814797,0.23227763458592315,0.12694082297804254,0.36181463725298924
15861,15861,RNF7,-0.2155416353352652,8.696238024770706,-0.1380795349145594,0.01906595796222103,0.2765567526138069,0.19634774435905447,0.41373654423847933
15862,15862,RNF8,-0.7542424147385481,10.949444614329668,-0.5954841826275404,0.3546014117595899,2.0998701080012593e-07,0.1292286721531711,1.8850526544743157e-06
15863,15863,RNFT1,0.0766173698964826,6.620519631750412,0.10806072399627127,0.01167712007059832,0.39535833134239307,0.08951853095923595,0.5376803783972569
15864,15864,RNFT2,-0.2640368399315897,8.161939432559139,-0.32012550326353023,0.1024803378397285,0.009915014273002629,0.099236261110069,0.025975034367514145
15865,15865,RNGTT,-0.1000941617482972,7.5697884903945765,-0.10496453196523442,0.011017552970680718,0.4091162572664192,0.12043830098038065,0.5506845195862946
15866,15866,RNH1,-0.5740336571761956,10.564210545060519,-0.4782103979891061,0.2286851847448993,6.427466935836045e-05,0.13388697641081268,0.00029432606575497896
15867,15867,RNLS,-0.012107759429633913,7.085056853123502,-0.011786459908004388,0.0001389206371629948,0.9263512867678309,0.13045309493391352,0.9562919919415254
15868,15868,RNMT,-0.4099755535661488,9.215064656120221,-0.507837664488041,0.2578990934726681,1.8402006119465114e-05,0.08832195823246408,9.662838082371898e-05
15869,15869,RNMTL1,-0.3328560642949509,9.49638539219613,-0.5643137428608429,0.31845000038161353,1.1950864356517919e-06,0.061842759925283264,8.606450536760743e-06
15870,15870,RNPC3,3.0494867205129382e-05,7.015543724099428,4.466554002949847e-05,1.99501046612673e-09,0.999720515726523,0.08670782893220226,0.9998128558656009
15871,15871,RNPEP,0.3058035587087965,4.081972847334991,0.4624849362354813,0.21389231624473726,0.00011930865418896082,0.07445435732551862,0.0005078885210265278
15872,15872,RNPEPL1,0.02252903169955419,6.855856342188967,0.02818095873764662,0.0007941664353729414,0.8250549483378028,0.10148886549656108,0.890097721814746
15873,15873,RNPS1,-0.5246361236706178,11.590392132023196,-0.7308846976859052,0.5341924413114171,7.0601275270384415e-12,0.062218099664381236,4.194102149687456e-10
15874,15874,RNU2-22P,-0.9140245742757946,9.834813318841318,-0.4643733023269385,0.2156425639140262,0.00011094284326517578,0.22138683585335292,0.0004764909303663986
15875,15875,ROBO1,0.1844697247280449,5.780195356577736,0.5614650886295434,0.31524304574978096,1.3887044098558295e-06,0.034528262387364624,9.805149656155197e-06
15876,15876,ROBO2,-0.2982033476219217,8.033534937353346,-0.3093268463494346,0.09568309787248673,0.012876387090844356,0.1164285208180392,0.03258978055776467
15877,15877,ROBO3,0.15641698413418256,6.157829028685148,0.2133979752764308,0.04553869585208017,0.09043640643358904,0.0909446030491644,0.17126369753558118
15878,15878,ROBO4,0.2976576484042908,5.4279253268658865,0.2543839562544608,0.06471119719967143,0.04251288581314937,0.14371574542157375,0.09141262459375926
15879,15879,ROCK1,0.20528283771641626,5.728157319404397,0.07620532388069677,0.005807251387761893,0.5495074678139831,0.3411196835634433,0.6782708741171799
15880,15880,ROCK2,-0.4188951273926866,10.476955918165109,-0.408958885741511,0.16724737022693825,0.0007930564351017861,0.11871014117605465,0.0027557184053480705
15881,15881,ROGDI,0.18077892886802266,5.823307509327545,0.2253652268342368,0.050789485466047016,0.07337372359385698,0.0992536136601396,0.14406636906564266
15882,15882,ROM1,0.050177413641377816,6.736512912979099,0.06753583114154196,0.0045610884879788705,0.5959427261539683,0.09414244755088916,0.716116737964829
15883,15883,ROMO1,-0.14573558093908312,8.26222469335656,-0.1481445192104285,0.021946798572089025,0.24270298552650585,0.1235564444967984,0.37415342433092363
15884,15884,ROPN1,0.31270702695549185,5.775111955096978,0.19005676389686765,0.036121573502949686,0.1325208917713725,0.20514909032722467,0.23247581333938952
15885,15885,ROPN1B,-0.20336380462774506,7.759166970741128,-0.1881182750606265,0.035388485411785534,0.13658988652154785,0.13484133591837566,0.23815249538036384
15886,15886,ROPN1L,-0.14631471400658533,7.554608722777139,-0.11280545226982562,0.012725070061799907,0.3748126967957329,0.16367453713930855,0.5176713405900629
15887,15887,ROR1,0.29762647427101324,5.740722963087365,0.5958851834276041,0.3550791518285494,2.0509422149953692e-07,0.05094086746660624,1.8459332363144106e-06
15888,15888,ROR1-AS1,-0.29279051101139136,7.888698131240824,-0.16384091964681732,0.02684384695071485,0.195784297549162,0.2238876007627925,0.3169401931245498
15889,15889,ROR2,0.20933271994236735,6.232193805491057,0.2387370729749333,0.05699539001263865,0.0574560780291919,0.1081379954211437,0.11763628782359202
15890,15890,RORA,0.5619299315004405,4.848301792819544,0.5986985737973414,0.3584399822669706,1.736695144043562e-07,0.09547655551280332,1.5962705154610923e-06
15891,15891,RORB,0.5289364570705613,5.287824998128292,0.3664169001858512,0.13426134474180804,0.002902528299414127,0.17057900052168085,0.008758953501088755
15892,15892,RORC,0.04232234632650611,6.73944840727204,0.05040406429685748,0.0025405696976417425,0.6924468358191027,0.10650155661257632,0.7935124074742353
15893,15893,ROS1,0.20584720919442467,6.247148353342477,0.1410638676401159,0.01989901475358813,0.2662071474421314,0.1834715645809193,0.4016663724818392
15894,15894,RP1,-0.3615523580852464,8.08610308567497,-0.2466604693424207,0.06084138713622327,0.04942964608686275,0.18040363041219326,0.10363045657963141
15895,15895,RP1-100J12.1,-0.4992505286195254,8.764880892485778,-0.3450025443004893,0.11902675557381105,0.0052399713665050715,0.17249708094415153,0.014813522185596256
15896,15896,RP1-101G11.2,0.4328440382904744,4.450185437144994,0.4393439083523943,0.19302306980635706,0.00028119874978574643,0.11239876670711088,0.0010897206382624084
15897,15897,RP1-102H19.8,0.4091752500940444,5.822178704785834,0.19491930525609424,0.03799353556151845,0.12271762493785687,0.2614855246942233,0.21884626270520385
15898,15898,RP1-118J21.25,0.13790818622037535,6.186123875974517,0.17486951489879216,0.030579347240938887,0.1669535571712435,0.09861346762199398,0.27951374132522866
15899,15899,RP1-130G2.1,-0.3991160293182529,9.183133927444365,-0.5571078183054304,0.3103691212170365,1.7425632287171833e-06,0.0755566026317326,1.1900096725913152e-05
15900,15900,RP1-135L22.1,0.35751789491719105,5.4948854069801865,0.3635135390446194,0.13214209306874405,0.0031519546397117803,0.11636052212001873,0.009421059727116439
15901,15901,RP1-140C12.2,-0.0652399224553555,7.243339826032069,-0.04466683927135535,0.0019951265304930924,0.72598830253087,0.1853099336492529,0.8204831006370226
15902,15902,RP1-142L7.8,0.18841974349652926,6.272881485242295,0.4025619421340525,0.16205611725474026,0.0009746491960326082,0.05441333143603667,0.003320124011339646
15903,15903,RP1-142L7.9,0.07394418391343634,6.775508141032647,0.060362628681338626,0.0036436469413211655,0.635631203103616,0.15529139038503906,0.7486046501989887
15904,15904,RP1-149A16.17,0.07660884021463132,6.665980282029031,0.08158976733119178,0.006656890133158008,0.5215723963121577,0.11884939903212975,0.6546864272049487
15905,15905,RP1-149C7.1,-0.14963683038454456,7.4603136350995864,-0.06895405724469232,0.004754662010504307,0.5882282437771702,0.2749463169795696,0.710117215910058
15906,15906,RP1-151F17.2,-0.21992284856595729,7.935515772478392,-0.469687703343625,0.22060653867220906,9.020903216516268e-05,0.052498113328361865,0.00039672554661588093
15907,15907,RP1-155D22.1,-0.0013496038941465305,7.020943316108722,-0.0013044317880106253,1.701542289572597e-06,0.9918379588735544,0.1313979939080131,0.9952389138319272
15908,15908,RP1-155D22.2,0.06923303161245828,6.632039369582879,0.08382254816664512,0.007026219581149542,0.5102013569050357,0.10452628995597303,0.644673263144973
15909,15909,RP1-170O19.14,0.3963303987082321,4.52066915828955,0.5049595237658298,0.2549841206418136,2.0886370698498945e-05,0.08603749088534023,0.00010810094585946336
15910,15910,RP1-170O19.17,-0.014727898338382625,7.086898020890689,-0.01879662942367204,0.0003533132776908534,0.8827987188494428,0.0994920132518257,0.9279199231474946
15911,15911,RP1-178F10.1,-0.2733659187980318,7.958369809361598,-0.17965720126920892,0.032276709967885044,0.1554570175793488,0.19009885062589832,0.264302560703525
15912,15912,RP1-179N16.6,0.1979285238113592,6.285029275531565,0.13113145907415616,0.01719545955891709,0.3016769795654173,0.1900374632070884,0.44119272216587285
15913,15913,RP1-181J22.1,-0.2127145888148388,7.7246529301016835,-0.14123170571549146,0.01994639469930718,0.26563291829275865,0.18936257161273212,0.4010655827659907
15914,15914,RP1-187B23.1,-0.060537820000263275,7.255883983128767,-0.05786356336482663,0.003348191965275305,0.6497094908476473,0.13264701687986655,0.7599362117481799
15915,15915,RP1-190J20.2,-0.2652177205935965,8.360075029178383,-0.20579403944779687,0.042351186672241393,0.10280204751212063,0.16016847442953344,0.1901007016424657
15916,15916,RP1-192P9.1,-0.17754320682445615,7.701667562814602,-0.19965485891210927,0.039862062687214254,0.11371132945147525,0.11066114163848813,0.20606015391394952
15917,15917,RP1-193H18.2,0.11042315549128537,6.2096316881945475,0.3941970196775477,0.1553912903226609,0.0012685320610364831,0.032694804897620104,0.004185595273768862
15918,15918,RP1-199J3.7,0.3885897062737724,5.409603047944226,0.3631907371220428,0.13190751153125274,0.003180830955397534,0.1266029084111355,0.00949557407487367
15919,15919,RP1-202O8.3,0.11539878037209488,6.5745166903192995,0.11505359337718148,0.01323732934900182,0.3653069449805445,0.12653525446221325,0.5083031480790138
15920,15920,RP1-20C7.6,0.123308086472982,6.271854254434728,0.16882340979514449,0.028501343694859287,0.18234711490905625,0.09142903754149943,0.29964537663952145
15921,15921,RP1-212P9.2,-0.22236980655185212,8.066623817705457,-0.2383872533934601,0.05682848258047775,0.057833473888799725,0.11505149919903612,0.11824149770348824
15922,15922,RP1-217P22.2,0.1837420070091169,6.404746240815,0.15539075676035854,0.02414628728655692,0.22016526033088454,0.14834734865057778,0.3468519131257452
15923,15923,RP1-228H13.5,-0.3365293383373059,8.683960937421892,-0.5541654999509803,0.30709940133591995,2.02753692355005e-06,0.06419823234808819,1.3599278423105478e-05
15924,15924,RP1-263J7.2,0.4591693106331224,5.639159559226767,0.3010945770829485,0.0906579443487596,0.015619974263532227,0.1846875897659768,0.038586646438146285
15925,15925,RP1-265C24.8,0.031827722580605754,6.912969243554122,0.016451822427677832,0.00027066246119184314,0.8973345032837845,0.24566140103237466,0.9369227901933633
15926,15926,RP1-272E8.1,-0.001126429923418732,7.019130698720501,-0.0009462331900693091,8.953572499887417e-07,0.994079217827694,0.15118543799658388,0.9962980032106941
15927,15927,RP1-286D6.5,-0.1864975224948361,7.694647626972339,-0.12512786789068522,0.015656983322868773,0.32453940282962895,0.18780035543958384,0.46607207164106473
15928,15928,RP1-28C20.1,-0.02665757416960354,7.096621682096063,-0.01631657321411839,0.00026623056145168577,0.8981740049617578,0.20746173640849253,0.9374377326704677
15929,15929,RP1-28O17.1,0.20585446217423295,6.31765582473829,0.1944077844405022,0.03779438665106477,0.12372209636980888,0.1319121299453631,0.22029287920475346
15930,15930,RP1-305G21.1,-0.3137027652136974,8.334059738568701,-0.3450127667909351,0.11903380924873615,0.0052385432260658145,0.1083844447429545,0.014811418404550882
15931,15931,RP1-30M3.5,0.17512539319798046,6.16714930051691,0.29622320523721685,0.08774818732101029,0.01746881759994185,0.07171195614974638,0.04258552798905109
15932,15932,RP1-31B8.1,-0.25255877059509624,8.058302087402426,-0.2838605238781088,0.08057679701635438,0.023019892451127368,0.10834761102840564,0.054149008367278206
15933,15933,RP1-35C21.2,-0.3960622657256834,8.236647280438412,-0.2577498185373222,0.06643496895602252,0.0397591565435625,0.18855651490824232,0.08638351910814145
15934,15934,RP1-39G22.7,-0.1860683714443941,8.252663482488598,-0.29923650231339793,0.08954248431675621,0.016304337641718833,0.07535151431915453,0.040062456783322514
15935,15935,RP1-39J2.1,0.3367402637729591,5.936144513978785,0.2570482646019007,0.06607381033484877,0.04032060068509472,0.16078325033993526,0.08745272012131634
15936,15936,RP1-58B11.1,0.07027145629597778,6.678784252021949,0.09540926165531187,0.009102927209611759,0.4532885519436941,0.09311225550073816,0.5925725078382551
15937,15937,RP1-68D18.4,0.1866432179523049,6.338367970395685,0.21012402505599806,0.044152105905733686,0.09560919284092444,0.1102897243544528,0.1791994402924086
15938,15938,RP1-6P5.2,-0.16578530700052999,7.5475688296138665,-0.12947332866901815,0.0167633428366356,0.30788411390724474,0.1612496981548132,0.44803645498698913
15939,15939,RP1-74M1.3,-0.16388377771997312,8.068317663620363,-0.5281082976363425,0.2788983740323557,7.295728733651549e-06,0.033466890896923895,4.261910054686385e-05
15940,15940,RP1-78O14.1,-0.33598375676265485,7.993694973932822,-0.21343890655149475,0.045556166829897715,0.09037315496551288,0.1953098011366412,0.1712038028849778
15941,15941,RP1-86D1.3,0.10723255185672366,6.575293775074494,0.18313917919401526,0.03353995895585765,0.14747166478902402,0.07310405783682446,0.25339196231106204
15942,15942,RP1-8B22.1,-0.014624378468684472,7.0727050168770464,-0.016632968999615326,0.00027665565774216434,0.8962102891531958,0.1116481963685331,0.9361464702739667
15943,15943,RP1-93H18.6,0.3604462851699825,5.7220217829943065,0.3892956311163892,0.1515510884063078,0.0014757091639549596,0.10831236226513677,0.004790358558753508
15944,15944,RP11-1007O24.2,0.12636563413759458,6.640397705254607,0.0647768769374893,0.004196043785774635,0.6110774719824879,0.24722936553609445,0.7289639539349295
15945,15945,RP11-1007O24.3,0.19456940266975034,5.903200901541903,0.2438992889952684,0.059486863172397424,0.052115549817940005,0.09825408138073098,0.10824498669743822
15946,15946,RP11-1008C21.2,0.026805906976085387,6.913766312001576,0.01912456958222184,0.0003657491617052448,0.8807687259536658,0.17797686630342952,0.9268550971617179
15947,15947,RP11-1012E15.1,0.08058630342941876,6.739221203979684,0.06647087534963024,0.004418377269746082,0.6017649845449529,0.1536287255090581,0.7208662526163228
15948,15948,RP11-1017G21.4,0.1202571726517964,6.65766600038725,0.08340548330939256,0.00695647464607336,0.51231572129441,0.1824755507073201,0.6463068783093923
15949,15949,RP11-1017G21.5,0.2477241369411891,5.834908772455308,0.23490486497218635,0.055180295587601104,0.061701034616449726,0.13018319891417984,0.12484917815541195
15950,15950,RP11-1024P17.1,-0.397447987956952,8.267533601450156,-0.2451711065141453,0.0601088714693704,0.050863973943770166,0.1995969708779805,0.10611714700964456
15951,15951,RP11-102C16.3,0.10139095398336542,6.586081250116688,0.09571970661867148,0.00916226223516454,0.4518134027212721,0.13390699843050796,0.5910722670168034
15952,15952,RP11-102L12.2,-0.5643773109330159,8.673767530932441,-0.34045823868970393,0.1159118122916954,0.005909846910673884,0.1979509758888456,0.01645381008622306
15953,15953,RP11-102M11.2,-0.055311580455811325,7.241364487786582,-0.04433955930982773,0.001965996519789731,0.7279179343902014,0.15827106328506385,0.8218489504285615
15954,15954,RP11-1069G10.1,0.11351341594541473,6.427142492809362,0.11192723036752368,0.012527704897744713,0.3785662007739977,0.12799059289268808,0.5213922964930943
15955,15955,RP11-1072C15.4,-0.5085472791696138,8.517442216739903,-0.3804454783730285,0.14473876201448246,0.0019280988926527734,0.15699739928244832,0.006077581007335634
15956,15956,RP11-1078H9.6,0.06687763784924919,6.707369836844379,0.10701224879460257,0.011451621392077923,0.3999863802681128,0.07891336338523754,0.5422037599189973
15957,15957,RP11-1081M5.2,0.017150680457870836,6.95696951416058,0.014195948685039596,0.0002015249590682775,0.911350833589136,0.1534183561032615,0.9468473658101036
15958,15958,RP11-108B14.5,0.01997170581463449,6.928779761695035,0.020837137747157317,0.00043418630949400847,0.8701804085751295,0.1216989832666785,0.9195665014490743
15959,15959,RP11-108K3.2,-0.019537953881878182,7.101069444695098,-0.019594035401606404,0.000383926223319405,0.8778640034937638,0.12661231876615178,0.9247978690240054
15960,15960,RP11-108L7.15,-0.4154191723969993,8.744406596701776,-0.5141283140422976,0.2643279232999754,1.389675232466368e-05,0.08801593473604376,7.519594492518541e-05
15961,15961,RP11-108P20.1,-0.11903339489693833,7.5235868226661236,-0.10132879126777836,0.010267523939788996,0.4256211520881151,0.1484222543746498,0.5668300947307948
15962,15962,RP11-108P20.4,-0.13963373428836856,7.632741851359555,-0.14246399141531374,0.020295988849982592,0.26144235377145997,0.12320741427385146,0.39607766691765534
15963,15963,RP11-1094M14.11,-0.2125580423725908,8.191338056146373,-0.38297295013603905,0.146668280535901,0.001787679807729861,0.06511372503210873,0.005667136032263232
15964,15964,RP11-109D24.1,-0.0297960202187284,7.111034501701279,-0.025061908523954842,0.0006280992588630803,0.8441605275358317,0.15094260546485208,0.9021069988051932
15965,15965,RP11-109D9.4,0.05021369781117778,6.778519344541584,0.05643023278383477,0.003184371172037781,0.6578398657028939,0.11282931132882885,0.7663415079776301
15966,15966,RP11-109E10.1,0.0070330207310431965,6.9871479251429225,0.006202872905542336,3.847563228231122e-05,0.9612018869922561,0.14399413890328766,0.9767583027481769
15967,15967,RP11-109E24.2,0.08606177711070212,6.556981536204221,0.0971977045622823,0.009447393772176713,0.4448267989728186,0.1119173011557006,0.5850424738388331
15968,15968,RP11-109G23.3,0.04308651621318887,6.876406368104594,0.0253119962347506,0.0006406971533880286,0.8426251711762971,0.21611254024741045,0.9014341406768396
15969,15969,RP11-109M19.1,0.15037959432444095,6.275715688508205,0.14921877399831315,0.02226624251355966,0.2392654844425969,0.12655517296283753,0.37011887031962537
15970,15970,RP11-10K16.1,-0.024534553881553057,7.0917247077422525,-0.0180261010632872,0.0003249403195438438,0.8875713244763654,0.17282634594127308,0.9308129706782747
15971,15971,RP11-10N23.4,0.1395623782952951,6.365810501365753,0.09255702801552927,0.00856680343506747,0.4669649844611169,0.1906754781405252,0.6051904206418988
15972,15972,RP11-1103G16.1,-0.44461603390284987,8.762168159528779,-0.37901934920338665,0.14365566707055874,0.0020116178193244406,0.13786439141275408,0.0063132730257204
15973,15973,RP11-1109F11.3,0.19529715675527606,6.369422490629102,0.12332395715852446,0.015208798409237572,0.3316183713300299,0.19958353204114007,0.47366241218599026
15974,15974,RP11-1109F11.5,-0.0126029790017596,7.06019305575736,-0.011077830366332609,0.0001227183256252408,0.9307680142747424,0.1444760993461635,0.9589709102636615
15975,15975,RP11-1109M24.16,-0.4292791271095796,8.313780963642628,-0.2385472882175475,0.05690480871594567,0.05766057485029419,0.22194594194903586,0.11796042206887265
15976,15976,RP11-1114A5.4,0.3856988600452946,5.6644812023064635,0.3645253191587056,0.1328787083077562,0.003062949897933648,0.125130948561027,0.009190547324338804
15977,15977,RP11-111J6.2,0.1727712246357465,6.515193782629438,0.0665775799037997,0.0044325741458468345,0.6011804892406577,0.3288386840591322,0.7203720393153188
15978,15978,RP11-111K18.2,0.2485350208795244,6.195809730031419,0.18170041276640803,0.03301503999948304,0.15073332855987054,0.17082274426184232,0.25789902220161
15979,15979,RP11-111M22.3,-0.050728756410693236,7.329946820107755,-0.08828290659495111,0.007793871596852862,0.4878705836924144,0.07269134430543475,0.6246249545068175
15980,15980,RP11-111M22.4,-0.2538995678016909,8.052421115505378,-0.3551675582650047,0.1261439944439255,0.00397834838552201,0.08486971913009876,0.011571676868835343
15981,15981,RP11-112J3.16,-0.23368947801489706,7.820195337728256,-0.3552388885275985,0.12619466792232356,0.003970541511431865,0.07809624566127363,0.011555137037747807
15982,15982,RP11-112L7.1,-0.3510724219963566,8.0752706324005,-0.20569372558223395,0.042309908743899366,0.10297352805463188,0.212125228602146,0.1903775078991764
15983,15983,RP11-1137G4.3,0.07241940886802271,6.782039773567637,0.046675739491252935,0.0021786246570553096,0.7141814399582539,0.1968313744326762,0.8112037284183576
15984,15984,RP11-114H24.6,0.1416022183617149,6.344625136758273,0.16094617526911026,0.025903671333755148,0.2039087947355632,0.11027942806362324,0.32715751278051575
15985,15985,RP11-1151B14.3,0.2743788212196921,5.760301489878534,0.19174583068021925,0.03676646358324731,0.12905069861599378,0.17835882769259034,0.22792536322725268
15986,15986,RP11-1152H14.1,0.1407357244392423,6.488359431810071,0.1255873338470099,0.01577217842280032,0.3227518027546309,0.1411921287689824,0.46405884660059304
15987,15987,RP11-115A15.2,0.10727283644150944,6.566943500676973,0.1109244362862685,0.012304230565426441,0.38287961689314776,0.12206138284993732,0.5257947938246632
15988,15988,RP11-116D17.1,-0.130031351835974,7.406234822301378,-0.06264547639554789,0.003924455712825147,0.6228821170754923,0.2630926135999096,0.7381258753020569
15989,15989,RP11-116O18.1,0.05020441252301572,6.865996238630032,0.2080891966630185,0.04330111376786039,0.09893882749772304,0.029969820741045424,0.18433453578793704
15990,15990,RP11-118G23.1,-0.0833739857667588,7.3084165308263955,-0.0816004778813714,0.0066586379904681825,0.5215175479549329,0.12932761741721666,0.6546864272049487
15991,15991,RP11-118G23.2,-0.11702148084247252,7.420736594538021,-0.09030175224939306,0.008154406459310764,0.4779351065456557,0.16390628287741849,0.6153567234821437
15992,15992,RP11-1191J2.5,0.08718976898647242,6.589308353717098,0.09669766823130166,0.009350439041370886,0.4471837524746303,0.11397607742249052,0.5869303691034681
15993,15993,RP11-119F7.5,0.37621790948638595,5.699438284075343,0.3570651281279898,0.12749550572505775,0.003775231345395253,0.12499136746879208,0.011046160624852615
15994,15994,RP11-120K24.5,-0.17239549300376825,7.810733627896211,-0.14102449820310498,0.01988790909343756,0.26634196380089803,0.15369982509486402,0.40173347061831555
15995,15995,RP11-1217F2.1,0.05447884654671896,6.8603569246617475,0.027193394405766076,0.0007394806993075495,0.8310938465215283,0.2543360967324427,0.893700330043882
15996,15996,RP11-121C2.2,-0.09488392164568324,7.484266116222787,-0.1912184516408589,0.036564496247927486,0.13012672437993947,0.061855497960551474,0.22937681859565234
15997,15997,RP11-123K19.2,0.2872756195242304,5.735299756336134,0.296818461111591,0.08810119885665306,0.017233305824305042,0.11737763056706965,0.04207771311594607
15998,15998,RP11-124L9.5,0.14540577035787053,6.513552778970762,0.1864710980824393,0.0347714704200707,0.14012071925814773,0.09729473591403212,0.2432315972372897
15999,15999,RP11-1260E13.2,0.04758622620243573,6.739700062478563,0.10583650227577138,0.01120136521396936,0.4052138248718256,0.05678110897105336,0.547371054681516
16000,16000,RP11-1275H24.2,0.12945936465085064,6.4753855569016725,0.16487518649933827,0.027183827123191576,0.19293838445480152,0.09835528875956646,0.31329339497365977
16001,16001,RP11-1277A3.1,0.13995586886591985,6.3073844883608485,0.1624136972313288,0.026378209048349737,0.19976058019203385,0.10798607594718757,0.32205296039744585
16002,16002,RP11-1277A3.3,-0.12217428321499008,7.517402510311756,-0.15203227152727836,0.02311381158574409,0.2304218521347216,0.10087188935006297,0.3595723288879006
16003,16003,RP11-127B20.2,-0.015367006827792568,7.077283768706628,-0.02393862628869451,0.0005730578285897759,0.8510637089303752,0.0815022767748728,0.9067592761572285
16004,16004,RP11-12M5.1,0.11570725087895227,6.448474564344789,0.1549148360391184,0.02399860642502694,0.22159892525068167,0.0937123735019537,0.34846595935687397
16005,16005,RP11-131L23.2,0.17730826005065833,6.477835315724537,0.11628164851298756,0.01352142178089798,0.36017699680324977,0.19233829974655134,0.5027480253818728
16006,16006,RP11-134G8.8,-0.2409382693659412,8.071032109328982,-0.4534117482038216,0.2055822134092457,0.00016820256846518484,0.060150833904919425,0.0006891752454401758
16007,16007,RP11-134L10.1,0.1026913168935529,6.51231413617914,0.16968083890892788,0.02879158709283753,0.1801037195610424,0.07574627733457917,0.2968147676631943
16008,16008,RP11-135A1.2,-0.074038344137142,7.3110431556613635,-0.07364689187264628,0.005423864682501253,0.5630283469732382,0.12732844831215362,0.6900825703931104
16009,16009,RP11-138A9.1,-0.014551991565682643,7.110131751012238,-0.04513694953599398,0.0020373442134148678,0.7232195169621831,0.04090265787296945,0.8180689265203267
16010,16010,RP11-138I17.1,0.282610366211398,6.186428562580487,0.13574088787892705,0.018425588642159443,0.2848517164423288,0.2619649400525603,0.4228012531298693
16011,16011,RP11-138I18.2,0.11915511722251268,6.545147769330031,0.10588016847069903,0.01121061007538361,0.40501897281887206,0.14211964979727207,0.5472257956835953
16012,16012,RP11-13K12.5,0.12288056443387466,6.559412759089142,0.10665079453332668,0.01137439197458986,0.40158920226293815,0.1454920239445862,0.5436618013880924
16013,16013,RP11-140I16.3,0.03649552725743497,6.869674311796509,0.042089839227558566,0.0017715545662017286,0.7412272015296328,0.11002249807012657,0.8317310328898737
16014,16014,RP11-141M1.1,-0.2748340517207683,8.033494834286081,-0.19763755274796602,0.039060602256205036,0.1174837695009474,0.17312238555331433,0.2114278258574766
16015,16015,RP11-143I21.1,0.25826943084442405,6.213610935324974,0.14205602127042982,0.02017991317918481,0.26282474878849804,0.2285549771832027,0.3978280322014836
16016,16016,RP11-143K11.1,0.2816445490621393,5.9272238710633705,0.2843271163447575,0.08084190908892526,0.02278605741293513,0.12060972642574863,0.05367476050006638
16017,16017,RP11-151E14.1,0.10743038629618956,6.650291139937223,0.06932987571566766,0.004806631666749925,0.5861915410246716,0.19632002813724714,0.7084483659386798
16018,16018,RP11-152L20.3,-0.0056728065417024935,7.033707374068874,-0.0038380747405282493,1.4730817713880985e-05,0.9759876728998822,0.1877091754438321,0.9860508097717154
16019,16019,RP11-153K16.2,0.1278262478912064,6.629313809025088,0.07244777966225545,0.005248680777990714,0.5694188738775016,0.22348911632066945,0.6951371376689133
16020,16020,RP11-155O18.6,0.20593927517722388,5.956474086723525,0.20027865904652253,0.04011154126947322,0.1125638410311204,0.1279437410184634,0.20439124413289553
16021,16021,RP11-157B13.7,-0.16471009309634732,7.625942573395923,-0.1510063190644538,0.022802908397395624,0.2336200708382139,0.13693684874518033,0.3634369708334427
16022,16022,RP11-157E16.1,0.3050640808961537,6.071537402589887,0.1841251967098572,0.033902088063443615,0.14526696358583355,0.2068200214084117,0.2503785495424407
16023,16023,RP11-157P1.4,0.04896612590246994,6.790801125524242,0.043553766297355294,0.0018969305586846422,0.7325577991663936,0.14264674933261082,0.8252374312515348
16024,16024,RP11-158G18.1,0.02178252841779016,6.926930521606232,0.04950126027740002,0.002450374769050901,0.6976879841591082,0.05581660835503833,0.7977839949818084
16025,16025,RP11-15P13.1,0.07637516517343225,6.782944287110338,0.055787513425615616,0.0031122466542132425,0.6614985392155412,0.17359709116397692,0.7694819688193926
16026,16026,RP11-161D15.1,0.11623850712998345,6.612299141327129,0.09826880728100408,0.00965675848443112,0.4398014235138846,0.14949661700314867,0.5803363491678247
16027,16027,RP11-161I6.2,-0.06698923663003806,7.212791353774365,-0.0343506809875556,0.0011799692843088136,0.7875689741475073,0.24752407975048976,0.8634845789781952
16028,16028,RP11-164P12.3,0.002799958917310657,7.002654362536624,0.003899634257090718,1.5207147339075475e-05,0.9756026514069468,0.09118609870735596,0.9858918015874485
16029,16029,RP11-164P12.4,0.2288750496662209,5.907871091391787,0.2557462920219049,0.06540616588295346,0.041379931073410176,0.1098764746563632,0.08937069243264101
16030,16030,RP11-166P13.4,0.09002905466837438,6.648183534683274,0.1495708075187502,0.022371426461811027,0.23814633847157246,0.07558349153324281,0.36878282033766463
16031,16031,RP11-167H9.3,0.08161311379428661,6.717635050419578,0.0761354591759281,0.005796608143929414,0.549874606466932,0.13574215886865965,0.6786853578251019
16032,16032,RP11-16N11.2,0.044027662636290134,6.8653985621135805,0.02743416185985494,0.0007526332369527193,0.8296206563138466,0.20373919922862535,0.8927367974794449
16033,16033,RP11-16P6.1,-0.10624671012054568,7.389767869479928,-0.081021940997564,0.006564554923012743,0.5244843549638339,0.16599187435999804,0.6570466682136888
16034,16034,RP11-171I2.1,-0.14028849922270992,7.407102937103988,-0.08087752260668925,0.00654117366299553,0.525226263228995,0.21957016137645236,0.6576717202627436
16035,16035,RP11-171I2.4,-0.12288288835790676,7.412149357105352,-0.10825628195187216,0.011719422582043244,0.3944986311059828,0.1433120106230174,0.5368662199696692
16036,16036,RP11-171N4.1,-0.08658407614938776,7.255549105640048,-0.035844344901072994,0.0012848170613870774,0.7785620571889162,0.3065789703126151,0.8567387239405448
16037,16037,RP11-173B14.4,0.21503550554259251,5.916876836422019,0.23524610062992699,0.05534072786158575,0.06131306119457624,0.11283127401801317,0.12419178188836857
16038,16038,RP11-173M1.8,0.1500282453232765,6.286478856390238,0.23358605202287197,0.05456244369963186,0.06321915530572167,0.07931342487555107,0.12730247425566327
16039,16039,RP11-174G6.5,-0.10454186711244204,7.451883121552164,-0.17537628922174575,0.03075684282118941,0.16570796541481564,0.07453150702304262,0.27806323061277277
16040,16040,RP11-177N22.3,0.2733601293234011,6.066120832567961,0.1937521093517015,0.0375398798782337,0.1250187832219858,0.1757859898773381,0.22219974972686335
16041,16041,RP11-179B15.6,-0.09622741992403744,7.369862810649487,-0.08708942363747257,0.007584567709507167,0.4937948710947373,0.13979264909483288,0.630156634660648
16042,16042,RP11-17A4.3,-0.14834310243414675,7.6841708601834595,-0.15891498503014295,0.02525397246713056,0.20975067994716934,0.11704487400462048,0.3344303090107129
16043,16043,RP11-180N14.1,0.08474486132770298,6.751190577171805,0.04354373348169195,0.0018960567255246208,0.7326171019482197,0.2469333516587078,0.8252613057994537
16044,16044,RP11-182J23.1,-0.1125546374464952,7.364801905583912,-0.06904775810538458,0.004767592899379701,0.5877201448079871,0.2065286095223484,0.7097953677864631
16045,16045,RP11-182L21.5,0.09872064476653386,6.407212068991425,0.2369290752223653,0.056135386685725236,0.05942830747910038,0.051410121610510486,0.12100799233285554
16046,16046,RP11-184E9.2,-0.3634393582944578,8.117518138165707,-0.277560812478275,0.07704000462360015,0.026381368939046072,0.15976049625172745,0.06077116999990191
16047,16047,RP11-186F10.2,0.2788255007766189,6.108921697895912,0.1843064207750473,0.03396885673890879,0.14486444597589807,0.18883902293639546,0.24989837024503517
16048,16048,RP11-18F14.4,0.1230611543343435,6.564857021380871,0.10821582815470768,0.011710665463209226,0.394676381112391,0.14357420053931091,0.5369552700250566
16049,16049,RP11-18I14.11,-0.09890037969410738,7.540300638364926,-0.14059515180314666,0.019766996710549854,0.2678151895611231,0.08844971328998608,0.4036707684238965
16050,16050,RP11-190A12.8,0.0035197893917512393,6.997704164131108,0.005488020071212364,3.011836430202976e-05,0.9656703245287062,0.0814514091155949,0.9796247983098174
16051,16051,RP11-194N12.2,0.2625441507830992,6.057955740919494,0.16993494785987298,0.02887788650413775,0.17944272295516128,0.1933573661105377,0.29588305532582176
16052,16052,RP11-195M16.3,-0.026190715166046444,7.148055583593275,-0.026070945936995063,0.0006796942220497195,0.8379693676569093,0.12754019591511534,0.8983197638040449
16053,16053,RP11-196G18.23,-0.2748353474342089,8.215874593331506,-0.4307479623032256,0.18554380702838105,0.00038080495342526267,0.07312861975294711,0.0014304130557543909
16054,16054,RP11-196G18.24,-0.06463048995407311,7.275838343464043,-0.12386608796711668,0.01534280774827749,0.3294807631019835,0.06575544340297762,0.47135534947304303
16055,16055,RP11-199F11.2,-0.2240635524367625,7.990508186334073,-0.4878919306217038,0.23803853596577346,4.325398737657178e-05,0.0509117752808546,0.00020764954881655794
16056,16056,RP11-1C8.6,-0.022811245792199453,7.095405839822912,-0.0188861994808423,0.000356688530830168,0.8822441932569358,0.15336671629534002,0.9278462116897259
16057,16057,RP11-1E4.1,0.103406602367434,6.621862889478876,0.06746991634970953,0.004552189612236799,0.5963023631186347,0.19420101708782056,0.7163809601453948
16058,16058,RP11-1L12.3,-0.07455283931691939,7.309930905492343,-0.23268024126085826,0.054140094673211216,0.06427919619015549,0.03957512050899401,0.12908269175562392
16059,16059,RP11-201A3.1,-0.3127140183974216,7.94957577129034,-0.14236190732895992,0.02026691265833937,0.2617878018646054,0.2761287298510372,0.3964623294900363
16060,16060,RP11-203B7.1,0.0972615209630118,6.662456051479754,0.10989321314728837,0.012076518295835352,0.3873458175522305,0.11172130352291863,0.5300604419002658
16061,16061,RP11-203B7.2,-0.09637801298096467,7.366078786378665,-0.09069739211138253,0.008226016935805875,0.4760007480564816,0.13439827033772042,0.6135824945666571
16062,16062,RP11-209A2.1,-0.44018683974820294,11.604843193947687,-0.5206699240838789,0.27109716984551224,1.0315884888830124e-05,0.0916671092494488,5.794824572441409e-05
16063,16063,RP11-209D14.2,-0.02298451961274533,7.113088721784197,-0.02463119947690472,0.0006066959876710713,0.8468061187741944,0.11847377933246908,0.9038636879956221
16064,16064,RP11-210K20.4,0.4315287159099943,5.5601925462437585,0.3147364565109488,0.09905903705706837,0.011309207201516578,0.1652779707157713,0.029099439395061964
16065,16065,RP11-210M15.2,0.07833494110918246,6.756362982303537,0.057027746982281774,0.003252163925875148,0.6544456770025305,0.174167097023618,0.7634835070576407
16066,16066,RP11-212P7.2,0.4534591065105977,4.687726914104734,0.5014514437126399,0.2514535504014909,2.433496844712176e-05,0.09936256054167827,0.0001242862598401938
16067,16067,RP11-214K3.19,-0.01212544680056714,7.078070200377506,-0.01691500908763036,0.0002861175324346177,0.8944603249894559,0.09102643450639283,0.9350489180616302
16068,16068,RP11-214K3.20,-0.5536497587755113,8.589314032121987,-0.24043142429972805,0.05780726979079586,0.05565633195624965,0.2838689658428634,0.11458812212517458
16069,16069,RP11-214N1.1,0.2619612588398589,6.217985203787895,0.16633637992962685,0.02766779128809316,0.188968449545161,0.19722470474544215,0.3080481613143979
16070,16070,RP11-214N9.1,-0.3602336961780071,8.613772164607642,-0.3344337456220157,0.11184593021077112,0.00691334919427032,0.12892066933232815,0.018912149671794314
16071,16071,RP11-215E13.2,0.2000894084741429,6.254913022873608,0.20966979862235996,0.04396142445434097,0.09634475844994694,0.11850320207032253,0.18029258073225035
16072,16072,RP11-215H22.1,-0.08691228980592262,7.3235094352839605,-0.0618943414628329,0.003830909505117755,0.6270650820799087,0.1779921839558259,0.7412797375859628
16073,16073,RP11-216L13.19,-0.13184087949864856,7.534290676605522,-0.2949699884515995,0.08700729408713674,0.017973661167471046,0.05423879962989967,0.04366385826582741
16074,16074,RP11-217B1.2,0.13490505414526005,6.391187224406099,0.15356617528929387,0.02358257019298213,0.2256970401473216,0.11024390028345817,0.35352400755083174
16075,16075,RP11-217B7.2,-0.009793379279197805,7.054575199885608,-0.014204139529266616,0.00020175757976687448,0.9112998904097644,0.08755440160822296,0.9468473658101036
16076,16076,RP11-218C14.8,0.17589964459833576,6.407035568118168,0.15951945277896706,0.0254464558149011,0.2079999582739108,0.13824782858113469,0.3322723445110447
16077,16077,RP11-218F4.1,-0.20638952297273747,7.757041734696621,-0.23619247529757506,0.05578688538719559,0.060247368137734535,0.10783525236730393,0.1223651057046184
16078,16078,RP11-218I7.2,0.06491515501285611,6.7542070212880985,0.08978732372248317,0.008061763501245989,0.4804565025746311,0.09144870138526806,0.617538316907267
16079,16079,RP11-219B4.3,-0.09120982898258173,7.367183326501419,-0.06667694146909328,0.0044458145236728926,0.6006364415661734,0.17334151094975433,0.7198794632563363
16080,16080,RP11-21G15.1,-0.044815882329590336,7.173316978355019,-0.033181705037152565,0.0011010255491725957,0.7946374472246317,0.17143448677952872,0.8678507969744131
16081,16081,RP11-21L23.2,0.14158913680403604,6.475737116834838,0.08380966812204896,0.007024060470727989,0.5102665872624821,0.2138008025694404,0.6447180668165616
16082,16082,RP11-220I1.5,0.05766753073293988,6.726767800182556,0.0502677164404055,0.002526843316133013,0.6932374780705453,0.14551138116506404,0.7940786875227537
16083,16083,RP11-222K16.1,0.0605621271892751,6.795568528114929,0.0506322670254408,0.0025636264641355397,0.6911242849540148,0.15171219922427134,0.7925804369368845
16084,16084,RP11-225H22.4,-0.03698569423283838,7.188130257155068,-0.04166274090256181,0.0017357839795139973,0.7437625914281214,0.11264523986625676,0.8333080979602633
16085,16085,RP11-226L15.5,-0.05466314496492549,7.325712014927597,-0.11925059727987407,0.014220704951606709,0.3479582713172405,0.05780002855508574,0.49043454604105985
16086,16086,RP11-227D13.1,-0.05898576113545359,7.198378682556562,-0.043744118120998314,0.0019135478701838523,0.7314329476543097,0.17108650627136232,0.8245161207074642
16087,16087,RP11-231C18.1,0.03388768691733104,6.8822623852483975,0.034571531696872326,0.001195190803867848,0.7862354474211484,0.1244135757553848,0.8625964441131304
16088,16088,RP11-231E19.1,-0.31659777910123216,8.028021398074713,-0.2012633973528516,0.04050695511401182,0.11077055409664842,0.19568977567302706,0.20176098485683588
16089,16089,RP11-235E17.4,0.15818887854510094,6.3269014429091825,0.13850814418593424,0.019184506005831548,0.27505411630166426,0.14364762533178582,0.41191541414332916
16090,16090,RP11-245J9.5,-0.1526375240959611,7.486929545744233,-0.10260750400389082,0.010528299877908471,0.4197735130525868,0.1879265035287924,0.5608462132992206
16091,16091,RP11-245P10.8,0.07800737791344628,6.686393548546215,0.08751972639268096,0.007659702507849737,0.4916545867319342,0.11276237072199732,0.62806416566325
16092,16092,RP11-247L20.4,0.14099047163334086,6.0477886716488936,0.5800083263397465,0.3364096586234339,5.092727695025129e-07,0.02514836288674176,4.07748103656247e-06
16093,16093,RP11-248J18.2,-0.4598121540533069,8.52106943309232,-0.28022965316948284,0.07852865851548864,0.02490993714806919,0.2000375049652707,0.057878185508738016
16094,16094,RP11-248J18.3,0.4046015968261963,5.3534110859846065,0.4078627550559224,0.16635202696180731,0.0008218139260696081,0.11502945137774374,0.0028451447752257976
16095,16095,RP11-24D15.1,-0.09345776947737376,7.3701614419372365,-0.05967101241426909,0.0035606297225438555,0.6395148054177484,0.1985553529002556,0.7518291591379664
16096,16096,RP11-24P14.1,-0.0400042343757786,7.154124109075316,-0.0409365628016872,0.0016758021740164804,0.7480796274660513,0.1240036710830388,0.8361529313983856
16097,16097,RP11-250B2.3,-0.42631461643118185,8.38833466885583,-0.2779601368290177,0.07726183766600622,0.026156653782457014,0.18710745972525947,0.06032945784248252
16098,16098,RP11-250B2.6,-0.27452857188530805,7.968164550966289,-0.39172591176805305,0.1534491899505125,0.0013694602774536025,0.08189095217349933,0.004490560616029341
16099,16099,RP11-251G23.5,-0.057574922982792674,7.204912566710255,-0.05016950792698996,0.0025169795256363087,0.6938071632040596,0.1455628115446427,0.7945631243949395
16100,16100,RP11-252E2.1,0.2024107033323238,6.140770228848808,0.18830850869134416,0.03546009444555804,0.13618646236515267,0.13406881949627486,0.23756386680500893
16101,16101,RP11-254F7.1,0.04072630917165188,6.879340076736906,0.03148132427752077,0.0009910737782664186,0.8049484644276056,0.16421427247506015,0.8758936232942967
16102,16102,RP11-255A11.4,-0.19580236006666293,7.580064171982717,-0.10085338076629598,0.01017140441199148,0.4278070077589509,0.24530794510379705,0.5690516433059019
16103,16103,RP11-255C15.3,0.29050929557892724,5.801169078118264,0.2689647569611297,0.07234204048715957,0.03162782879176814,0.1321182306791669,0.07106252671568158
16104,16104,RP11-255C15.4,-0.040895021282994486,7.144199552235874,-0.03413703593439485,0.0011653372223861653,0.7888595706045076,0.1520532079665768,0.8642056964355043
16105,16105,RP11-255P5.2,0.36370195571163816,5.870787983579071,0.2263638249179283,0.0512405812314745,0.07207486659123427,0.19875626095334967,0.1419537276974241
16106,16106,RP11-257I14.1,0.0678394299783527,6.820655091920143,0.04330214157289902,0.0018750754647993894,0.7340455925749235,0.1987785050553534,0.8262351719421591
16107,16107,RP11-258C19.7,-0.019758796558878685,7.105404412167496,-0.027871790705932282,0.000776836717155293,0.8269444244106982,0.08999761888994982,0.8911000051405332
16108,16108,RP11-259G18.1,0.006095412362421618,6.9916317403036015,0.0066401412280687935,4.409147552869895e-05,0.9584691657093224,0.11657900809099055,0.974992943603691
16109,16109,RP11-25I15.3,0.08572948322427011,6.619356411627837,0.07464305856963363,0.005571586192629754,0.5577451993009642,0.14545601888025145,0.6854694830228366
16110,16110,RP11-263K19.4,0.13564985484851375,6.505629561946117,0.19993015586043067,0.0399720672223761,0.11320381421810495,0.08442812000375799,0.2053810821793786
16111,16111,RP11-263K4.3,0.0285883068127624,6.919342203762495,0.022556818361804745,0.0005088100546074519,0.8595709167525406,0.16091785406671386,0.9126505602790462
16112,16112,RP11-266A24.1,0.07856243493837692,6.736436183907558,0.07103764146825019,0.00504634650537166,0.5769769655006367,0.14009801508850228,0.7010287935766306
16113,16113,RP11-266L9.1,-0.07603764626811636,7.281606559958617,-0.05213602737655898,0.0027181653506093075,0.68243237103901,0.1849710825781064,0.7859422961681519
16114,16114,RP11-271C24.3,0.09400435233795848,6.564143739770197,0.2442208582411504,0.05964382760004409,0.051796749527331515,0.047404061570673436,0.10768611856896734
16115,16115,RP11-272D12.1,0.16126129221464952,6.115051330217276,0.23891126308433944,0.05707859162855445,0.057268902886704026,0.08324064075050806,0.11732810709664859
16116,16116,RP11-274B18.4,-0.135136076734587,7.509838571705665,-0.12666871868075272,0.016044964292223674,0.3185693375780317,0.13439827992291126,0.45944848519828674
16117,16117,RP11-274H2.5,0.2571544871456141,6.167219489720241,0.4159409099583111,0.17300684057694787,0.0006302772107227798,0.07140318480602599,0.0022485425038223715
16118,16118,RP11-278J20.2,-0.216165182834772,7.683892075320937,-0.1199016463966848,0.01437640480863564,0.34531366108842204,0.2273109196939081,0.4876910800802048
16119,16119,RP11-279O17.1,0.047053906374336464,6.840799282176088,0.04409558962566085,0.0019444210244346886,0.7293574678638367,0.1353885847302084,0.8229468473947432
16120,16120,RP11-27I1.6,0.17166730098281568,6.304376375985389,0.11396727010887048,0.012988538656068242,0.3698817352638237,0.1900521060580714,0.5128991906571752
16121,16121,RP11-284F21.8,0.13917797074593904,6.563766024870992,0.1125848687195145,0.012675352664590312,0.3757533496665624,0.15600000740221695,0.5185188291915492
16122,16122,RP11-285A1.1,0.03886726488955922,6.869566038973522,0.029341185899279174,0.000860905189976059,0.8179731341422969,0.16816029041983974,0.8852178020915262
16123,16123,RP11-285E9.5,-0.2001736411581934,7.783485733789205,-0.1694159381083113,0.02870176008511916,0.18079466528501725,0.14788804922190213,0.2976137192510109
16124,16124,RP11-285F7.2,-0.2743122115917886,8.805172667569106,-0.5499324283101936,0.30242567570714624,2.5148437326893843e-06,0.052909689214239185,1.645782442773908e-05
16125,16125,RP11-285G1.14,0.1514869996482622,6.3461139571086695,0.12454111122264301,0.015510488384570734,0.3268313644797758,0.15327535466619086,0.46840060872333183
16126,16126,RP11-285J16.1,0.16672659584513785,6.375354562480353,0.19286060220022733,0.037195211881034335,0.12679840789379565,0.10772949907957634,0.22464366546184608
16127,16127,RP11-286E11.2,-0.19497739572314973,7.656139965388907,-0.12455109339196427,0.015512974865133804,0.3267922870415947,0.19726310942110614,0.46837560234864867
16128,16128,RP11-288H12.4,0.09840169243869776,6.660367675674143,0.09261272250719634,0.00857711637019495,0.4666958105416434,0.13435862216435207,0.6049863979215377
16129,16129,RP11-288L9.1,0.22914092722466145,5.7636023434439245,0.21770600684684646,0.04739590541719916,0.08396746259587691,0.13046458324025936,0.16111247585625682
16130,16130,RP11-28F1.2,0.24713645540394066,5.8225348192784985,0.4038989635368969,0.1631343727461796,0.0009338532913368928,0.07108796714320535,0.0031967424950838466
16131,16131,RP11-292D4.3,0.004336964332159879,7.002416318758438,0.0029981154816034164,8.988696441030086e-06,0.9812416724259572,0.1837129186280868,0.9891330686563368
16132,16132,RP11-295G20.2,-0.29916177769113783,8.620451007205743,-0.35976240043446633,0.1294289847663693,0.003502339000856116,0.09853637699938864,0.010344128622959518
16133,16133,RP11-295M18.6,0.187522110992849,6.379301218604018,0.23468218726742476,0.05507572902062261,0.06195527881487117,0.0986449855410622,0.1252232184745226
16134,16134,RP11-295P9.12,0.2419730526760175,6.251735758407193,0.1253027757228784,0.015700785603857962,0.32385816587364746,0.24331788698686765,0.4653097519900368
16135,16135,RP11-297L17.2,0.3102842434402838,5.237206359115463,0.4976902636466237,0.24769559852864584,2.861424900718427e-05,0.06867545320982567,0.0001436683427430038
16136,16136,RP11-298D21.2,-0.3616049791916707,8.256510575171436,-0.2157426263202703,0.04654488081156779,0.08686882774886667,0.20785128957991825,0.16575420432652285
16137,16137,RP11-298H24.1,0.07318099739940642,6.698381839039618,0.06290450784615123,0.003956977107366503,0.6214423471979962,0.1474550869297407,0.7370650689326655
16138,16138,RP11-29H23.4,-0.4026461492342078,8.457077492923265,-0.3909610776579567,0.15285056424347082,0.0014021309486203408,0.12038550394367947,0.00457703734118993
16139,16139,RP11-29P20.1,-0.3309568254033544,8.024928711227052,-0.20052289836093404,0.04020943276706948,0.11211699346923112,0.2053523904599284,0.20376781314109946
16140,16140,RP11-2E11.9,0.17763831390466855,6.3240149527778,0.1983724540284682,0.03935163051727674,0.11609853482407308,0.1114658049455492,0.20938462152783177
16141,16141,RP11-300A12.2,-0.2436372753506027,7.931480522598663,-0.20818501037619014,0.0433409985453344,0.09878004633561263,0.14537074427330146,0.18413376116016972
16142,16142,RP11-301O19.1,0.2992991956700167,5.7687978855163315,0.3128529404421702,0.0978769623433121,0.011835011508254679,0.11539908109226905,0.03028683221593655
16143,16143,RP11-303E16.7,0.01778177148103902,6.963674023994062,0.01046122330777656,0.00010943719309516754,0.9346128843555794,0.21586038231422816,0.9615479280336423
16144,16144,RP11-304C12.3,0.09306317068207903,6.569876605761768,0.099839745998252,0.009967974880995474,0.43248875400823217,0.11778857136714198,0.5734049237345358
16145,16145,RP11-304L19.4,0.0897244990737619,6.65211569561933,0.11653570184511182,0.0135805698045328,0.3591212760694579,0.09711515567593597,0.501597731764971
16146,16146,RP11-305E6.4,-0.17318051146198196,7.709689116205622,-0.2680288423576181,0.07183946033556489,0.03224840168728918,0.07905570080157717,0.07226191416993452
16147,16147,RP11-305K5.1,0.2583639176016881,5.654584442134047,0.3665504177873057,0.13435920878004834,0.002891492814501549,0.08328583692423325,0.008726867860352759
16148,16148,RP11-305L7.3,0.04336935172295566,6.848101182191652,0.03635302293837689,0.0013215422767581565,0.7755012330307615,0.15141168625174034,0.8546909548669247
16149,16149,RP11-305O4.3,-0.17184190427957494,7.507688648451277,-0.09812973235550826,0.009629444372163684,0.4404521307231697,0.22132551204054826,0.5808410505334779
16150,16150,RP11-305O6.3,0.5471594198650682,5.153203672677848,0.4217781278094614,0.17789678909845436,0.0005181489441299085,0.14938161594873267,0.0018782248719673871
16151,16151,RP11-307O13.1,0.06735731878686389,6.811352194124223,0.03551428435539033,0.0012612643932755226,0.7805498991340144,0.24071980671645016,0.8583591339501869
16152,16152,RP11-307P5.2,0.12050030393533688,6.555230069997528,0.10181984667111534,0.010367281176129436,0.4233700562288216,0.1495191713693562,0.5642936276011037
16153,16153,RP11-308D16.4,-0.20573783487968564,7.868637937725139,-0.1517801781264682,0.02303722247210242,0.2312048783841006,0.1701540422713996,0.3604665981050498
16154,16154,RP11-309G3.3,-0.3117378666858609,8.111072906650735,-0.2740031542053141,0.07507772851446112,0.02845618136969235,0.1389603088226428,0.06484463933081004
16155,16155,RP11-310J24.3,0.2467903449092985,6.133119270032124,0.22593431291853786,0.05104631375397177,0.07263125491761142,0.13513649047856974,0.14288061639179464
16156,16156,RP11-313C4.1,-0.05039446166592279,7.1670118340830395,-0.03453011159407973,0.0011923286066995995,0.7864855011772196,0.1852379296044609,0.8627396549309909
16157,16157,RP11-314N13.3,0.1705168744818548,6.370679201850599,0.13793963284365085,0.0190273423090412,0.2770484066893866,0.15549302211049731,0.41432895351233884
16158,16158,RP11-315F22.1,-0.12018507456690745,7.563738107816158,-0.12357811902103864,0.01527155150077799,0.3306151308195502,0.12256637856999356,0.4725411298196396
16159,16159,RP11-318A15.2,0.043234231567951344,6.822083310473585,0.05466461261103546,0.002988219871914577,0.667909564124157,0.10029418872091447,0.7745722713717214
16160,16160,RP11-319E16.2,-0.17774434685568094,7.985176999115349,-0.13833238437980114,0.019135848568201056,0.2756696433918126,0.16161457352952044,0.41269451279984115
16161,16161,RP11-319G9.3,0.6647954200327769,4.749187679927374,0.5589792324434143,0.31245778230302856,1.581325522748295e-06,0.12524090188071565,1.0919516643850233e-05
16162,16162,RP11-31K23.2,0.004729304083935661,7.001324329314118,0.003268336625341939,1.0682024296551532e-05,0.9795513243747488,0.18376901775849794,0.9881324162723654
16163,16163,RP11-320H14.1,0.08831776443875189,6.721843120722518,0.12667061791430356,0.016045445442791482,0.3185620225235647,0.08783424118095562,0.45944848519828674
16164,16164,RP11-320N7.2,0.16104482120984787,6.438506739366982,0.12578335635544574,0.015821452736041058,0.3219910669842697,0.1613112612500985,0.46329850359591107
16165,16165,RP11-324J3.1,0.14128684468802308,6.530186810801939,0.11475138705364818,0.013167880830736174,0.3665761402664511,0.15533509091820893,0.5098070976475498
16166,16166,RP11-324L17.1,0.010856825616297071,6.981600516751517,0.007293416084159282,5.319391817667332e-05,0.954387401693802,0.18904468678585934,0.972576902761378
16167,16167,RP11-326I11.3,-0.010098068983971002,7.063600091464847,-0.010043775876242195,0.0001008774338521847,0.9372167394884215,0.1276802043527924,0.96301275728218
16168,16168,RP11-326I11.5,0.010958648963934024,6.979798766803025,0.0077549415301864716,6.0139118136610915e-05,0.9515044153241584,0.17946079345930585,0.9706038939412114
16169,16169,RP11-327J17.2,-0.10798913603729368,7.4233774100674745,-0.11603850277274408,0.013464934125740137,0.3611891690590162,0.11739196403259824,0.5038685470574629
16170,16170,RP11-329B9.3,-0.016462959516402895,7.083424959124661,-0.01878589601862825,0.00035290988922271287,0.882865172809895,0.11127651207678743,0.9279447321845495
16171,16171,RP11-329B9.5,-0.033714752345570566,7.139307911939113,-0.025449378613646854,0.0006476708718207457,0.841781991368874,0.16819235859046655,0.9008098944007198
16172,16172,RP11-330M19.1,-0.005025546024503904,7.037625139861452,-0.005631014275941036,3.1708321775851754e-05,0.9647764007191256,0.1133427892671738,0.9791092397400256
16173,16173,RP11-330O11.3,0.02165505709560804,6.943134198719138,0.01829653889632824,0.00033476333558485203,0.8858957871441856,0.1502871469932655,0.9298663792645697
16174,16174,RP11-332H18.4,0.2289301638127369,6.099775235034727,0.2412759993552702,0.05821410786488435,0.05477648553593417,0.11694162956971005,0.11299150259865255
16175,16175,RP11-333I13.1,0.1022357677490124,6.650608555330952,0.1071274719460147,0.011476295245544166,0.3994762279929501,0.12050351238364708,0.5417156814570314
16176,16176,RP11-333O1.1,-0.09499982114876956,7.454867404492191,-0.11313726048570333,0.012800039710209888,0.3734004166745475,0.10595558387529544,0.5162805531277823
16177,16177,RP11-334C17.5,-0.012978799561493951,7.070573156103502,-0.01813003482839148,0.00032869816287868807,0.8869273291598189,0.09090099869375942,0.9304310307204722
16178,16178,RP11-334J6.6,-0.055686962403265185,7.368794681383187,-0.06373992673557913,0.004062778260256995,0.6168084998238363,0.11072918565861643,0.7334571447853043
16179,16179,RP11-338I21.1,0.10319465891169778,6.666904746459851,0.0870509244181859,0.007577863442060716,0.4939865992971358,0.14998098767362966,0.630289877903575
16180,16180,RP11-338N10.1,-0.03770599160158339,7.20165165525566,-0.03372029916735245,0.0011370585759357505,0.7913786368951945,0.14193060468573027,0.8657096368102086
16181,16181,RP11-339A11.2,-0.17367906909586464,7.5576953366673925,-0.11751251937217565,0.013809192209195957,0.35507980197514555,0.18640088746927164,0.49771850034123744
16182,16182,RP11-339B21.15,-0.28549383848788695,8.62020136188545,-0.4525744842503247,0.2048236637944474,0.00017353531602366402,0.07144018220197887,0.0007075705645815185
16183,16183,RP11-33O4.1,0.21574401471966612,5.540462621631856,0.7113922001812074,0.5060788624786591,4.4552785399098925e-11,0.02706840204192872,1.7228402996740843e-09
16184,16184,RP11-340A13.1,0.1045166506521717,6.704336217013839,0.07280096596854159,0.005299980645952751,0.5675331038772576,0.1818438260293752,0.6936620196427301
16185,16185,RP11-341N2.1,0.14254590870797926,6.54623426105262,0.09672616404232262,0.009355950810342305,0.44704924973945137,0.18628323220113185,0.5868605421379619
16186,16186,RP11-342L8.2,0.09220474844715196,6.669214401767344,0.08107343413027754,0.006572901721676451,0.524219950416894,0.14396166947539255,0.6569054468073514
16187,16187,RP11-343H5.6,0.11093095238650574,6.611033687146407,0.12237957585402927,0.014976760586212104,0.3353628784089693,0.11425394160926905,0.4774990552926708
16188,16188,RP11-347D21.1,-0.06455485607763538,7.229857275200285,-0.04233344822499723,0.001792120838618521,0.7397822865982774,0.1934906236222288,0.8307847722266284
16189,16189,RP11-348B17.1,-0.0560947370812115,7.186472745188363,-0.041693199991490654,0.0017383229255304364,0.7435816865637819,0.1707195442336745,0.8332347437277463
16190,16190,RP11-348N5.7,0.1777308122760411,6.440082618132082,0.1371392248099907,0.018807166981485168,0.2798724254357393,0.1630355730788188,0.4173001011762314
16191,16191,RP11-348P10.2,-0.3257293708826203,8.459758971322238,-0.4512148704472355,0.20359485931271554,0.00018252634408721623,0.08181721626477306,0.0007401887605259677
16192,16192,RP11-349E4.1,0.12774458836684094,6.380842563707052,0.19948067373084485,0.039792539192111766,0.11403334493269784,0.07969450512882381,0.20653998699544762
16193,16193,RP11-350F4.2,-0.2228761448865772,8.077811414898816,-0.366652192720308,0.13443383042660986,0.0028831060281098177,0.07182300848501047,0.008705195348399067
16194,16194,RP11-352B15.2,-0.20353185937371032,7.6183331492084925,-0.09151101095165552,0.008374265125394017,0.4720360041820967,0.2812788622978909,0.609983006210247
16195,16195,RP11-352G9.1,-0.16505708271381572,7.761548080035479,-0.1316051878827933,0.017319925477665324,0.2999186311686505,0.15789609365866986,0.4393228214684882
16196,16196,RP11-353N14.1,-0.051799656680564216,7.333705262142288,-0.05956346426720414,0.0035478062755105047,0.6401195861525133,0.11025018365523163,0.752254281116442
16197,16197,RP11-353N14.2,-0.3446464946447179,8.179112087089317,-0.2306768640059533,0.053211815587621066,0.06667454157985629,0.184629203879814,0.13303534311919374
16198,16198,RP11-354I10.1,0.21943874858381016,6.257333176413153,0.1945362569413886,0.03784435526476596,0.1234692286855692,0.14052046679949642,0.21995114734995075
16199,16199,RP11-355B11.2,0.22092667304725627,5.8550792014034245,0.6195497322123033,0.3838418706843367,4.8092138306180794e-08,0.03554857739545662,5.362694413081077e-07
16200,16200,RP11-355F16.1,-0.3430121219244548,7.971636625300492,-0.1488395158149327,0.022153201468023603,0.24047522357732254,0.2894214959276579,0.3714065306730561
16201,16201,RP11-356B19.11,0.19276086614709206,6.276573245430285,0.15503678311060515,0.024036404117284818,0.22123095130212006,0.15599299091043836,0.3480895335644416
16202,16202,RP11-357G3.1,0.1197330585112999,6.421819459051372,0.14496257240014732,0.021014147396867952,0.25308303400345616,0.1037888147791135,0.3858157762298376
16203,16203,RP11-357G3.2,-0.1451303866922544,7.436842862889329,-0.08295160981124014,0.006880969570276231,0.5146217461996019,0.22143095905639346,0.6483671115867105
16204,16204,RP11-359E8.5,-0.06494163014275632,7.2357661951048575,-0.04880556351949162,0.0023819830304551317,0.7017364251619391,0.16878744981651134,0.8010174628054288
16205,16205,RP11-359K18.3,0.08940083062839596,6.7225276556092295,0.07104909625251178,0.005047974078298685,0.5769153845221064,0.15939996488946634,0.7009933033232081
16206,16206,RP11-360A18.2,0.00947992766642508,6.984123429446532,0.0073426793520519045,5.391494006704939e-05,0.954079643058846,0.16396188692541286,0.9724005586877823
16207,16207,RP11-360K13.1,-0.5101143584374203,8.773405956847645,-0.3931692022402721,0.15458202159025194,0.0013096683343943125,0.15150534389291842,0.004310817416219613
16208,16208,RP11-362K14.6,-0.3748970043108555,8.075483538320341,-0.2088177257812678,0.04360484260046076,0.09773649601859087,0.2229807890862027,0.18253418036072316
16209,16209,RP11-362K14.7,-0.6438987117812933,9.122353620809923,-0.47906075529939,0.22949920726802206,6.210657041617932e-05,0.1498365143692464,0.0002855451767223701
16210,16210,RP11-363E7.4,-0.01402776442412915,7.092212909866428,-0.04170316714388645,0.0017391541498309295,0.7435224919161562,0.04268208232993972,0.8332115277605238
16211,16211,RP11-365H22.2,0.04606153030760314,6.873515042303518,0.02683625657514883,0.0007201846669672189,0.8332801406736978,0.21790346681580566,0.8953399546635371
16212,16212,RP11-366L5.1,-0.2947167576113025,7.912630101541848,-0.15883402018615753,0.025228245968496696,0.20998596668913516,0.232657429539734,0.33470087653858543
16213,16213,RP11-369C8.1,0.11711956440371832,6.62065526892164,0.10547923392190754,0.011125868788752493,0.4068101187075229,0.14022877648688478,0.5488049738492423
16214,16214,RP11-36B6.1,-0.07636642204986124,7.368012399421492,-0.07346088656987633,0.005396501855632234,0.5640174247807509,0.13166654039540454,0.6909388022621136
16215,16215,RP11-373D23.2,0.09339723985524268,6.647201260087261,0.2802118546059147,0.07851868346168628,0.024919515598500388,0.04063450368508608,0.05788801869615167
16216,16216,RP11-375I20.6,0.34224458544527403,5.803031975104761,0.22947488071523356,0.052658720879270655,0.06814577583131719,0.18435665484508207,0.13542229747886333
16217,16217,RP11-378A13.1,0.2853711907745673,5.423273367613139,0.4552094839712957,0.20721567429741336,0.00015725662238904876,0.07088927071566449,0.0006497599995868824
16218,16218,RP11-378J18.8,-0.23530232955368155,7.823069384595923,-0.2258027557245676,0.05098688449280876,0.07280235805737423,0.12892503308063522,0.14315218956982104
16219,16219,RP11-379F4.6,0.05188987992129949,6.835326458365053,0.039300468325148816,0.0015445268105760256,0.757834100065048,0.16755347764804962,0.8430977362912209
16220,16220,RP11-379H18.1,-0.028788342008488475,7.120350916505967,-0.035067363058996895,0.0012297199519115,0.7832437830004463,0.1041958698112187,0.860316719293668
16221,16221,RP11-37C7.3,-0.049225103880714265,7.180239798854895,-0.03488235379757894,0.0012167786064594696,0.7843596978917843,0.17911032953327966,0.8612366523601352
16222,16222,RP11-381P6.1,0.19716607546215145,6.311149063812582,0.14501522164226258,0.02102941450795454,0.2529088662252186,0.17084708689665734,0.3856317066685754
16223,16223,RP11-382B18.4,0.08155241635245268,6.6544105182003666,0.17044172443279165,0.029050381427623687,0.17812973563119958,0.0598774665701408,0.2940315134609061
16224,16224,RP11-384L8.1,-0.09378565185967544,7.5615897438662625,-0.0822940777890416,0.006772315239148829,0.5179718222200727,0.14424354324711305,0.6512616739346033
16225,16225,RP11-384P7.7,0.1650716026621892,6.362170095293868,0.17493317700177013,0.030601616415932637,0.16679670729548604,0.11799279401759925,0.27934900978219257
16226,16226,RP11-385F5.4,0.04331869649497527,6.829751158264068,0.05237324539186927,0.0027429568328769557,0.6810649322131337,0.10489954504629384,0.785119036841917
16227,16227,RP11-388M20.1,-0.005090797348627454,7.032373115117202,-0.004307407031810095,1.855375533768705e-05,0.9730523973454648,0.15009631251657554,0.9843711886628066
16228,16228,RP11-388M20.6,-0.3432405186772032,8.475331848482645,-0.34731275076252816,0.120626146842234,0.0049258119193069366,0.1176979100866019,0.014018722185910331
16229,16229,RP11-389C8.2,0.16499425019346006,6.248997557469631,0.4260560557672063,0.1815237626559088,0.0004478429169051163,0.04449480012610617,0.001652417509896114
16230,16230,RP11-389C8.3,0.1574621574838654,6.322275274170692,0.20998160053589102,0.0440922725636145,0.09583935879022434,0.0931123092148285,0.17953298569224121
16231,16231,RP11-389G6.3,-0.11386862550974194,7.382550585816125,-0.07458747238091577,0.005563291036173874,0.5580393783827811,0.1933440971173734,0.6857531914016073
16232,16232,RP11-38C18.2,0.08034209397692864,6.614811436491358,0.12736529134510366,0.016221917439423132,0.3158936291482775,0.07945930825580585,0.4565016042179479
16233,16233,RP11-38C18.3,0.0282305354976766,6.900977878039338,0.03371813362143936,0.001136912534913239,0.7913917326388774,0.1062705005655924,0.8657096368102086
16234,16234,RP11-38L15.2,0.2811811045866397,5.897490894746156,0.2347921604493228,0.055127358608460526,0.06182961048510141,0.14784046948495233,0.1250275670048437
16235,16235,RP11-38P22.2,0.16534249026993025,6.013704551894769,0.7042195891252717,0.4959252297077666,8.452355656805803e-11,0.02117034855760284,2.9285721879700748e-09
16236,16236,RP11-391M1.4,-0.04857733986750307,7.315218316740348,-0.1212338329314126,0.01469764224724166,0.3399413049298129,0.05051249367158893,0.48227390973893464
16237,16237,RP11-394I13.2,-0.13169800873393456,7.4897259903721904,-0.17528762035700465,0.030725749850421393,0.1659254093317734,0.0939410599763208,0.27835556848387055
16238,16238,RP11-395B7.7,0.06566665142363484,6.617637377328048,0.12931426051371248,0.016722177972208298,0.3084838810987177,0.06395002625206557,0.4486680398410056
16239,16239,RP11-395I6.3,0.004657285401459745,7.001418228523732,0.003107569860974993,9.656990440840137e-06,0.980556978465346,0.1903329636910555,0.9888679443332122
16240,16240,RP11-395N3.1,0.06908925338312558,6.7801264723922765,0.04431557217464098,0.0019638699371658137,0.7280594281230259,0.19780234022596813,0.8219658472448843
16241,16241,RP11-396F22.1,0.20249066124945792,6.164067756271685,0.25468830656811103,0.0648661335025321,0.042257585087618815,0.0976420841675166,0.09097206532183968
16242,16242,RP11-397A16.3,0.015919839210373776,6.957218725359455,0.01490581938414591,0.00022218345151277997,0.9069371149929978,0.13562467981880882,0.9436585460702542
16243,16243,RP11-399E6.1,0.15675260449089445,6.481406749473437,0.1609143903427666,0.025893441019384258,0.20399931204157,0.122103263142004,0.3272069721872642
16244,16244,RP11-399O19.9,0.24951202893106503,5.9071193443444745,0.3412678996420838,0.11646377932611937,0.005785253358297047,0.08727952669884702,0.016139897373455607
16245,16245,RP11-39H13.1,0.1075138576892622,6.57712442028711,0.11347208526483282,0.01287591413434949,0.3719785597222616,0.11955436545660285,0.5150051602062257
16246,16246,RP11-3L8.3,-0.2659895867390845,7.818133454382223,-0.13618086195218393,0.01854522716203977,0.28327876483979353,0.24574679183524456,0.4209864358251888
16247,16247,RP11-400N13.1,-0.18800590432616626,7.668536159157249,-0.13152775198234518,0.0172995495415293,0.30020559472545194,0.1799570328725101,0.43960996441571965
16248,16248,RP11-400N9.1,-0.012458771573210386,7.062577021321786,-0.01067167628586098,0.00011388467475020757,0.9333004273846492,0.14825932020585786,0.9608091635376553
16249,16249,RP11-401P9.4,-0.0949317928244481,7.521828235505474,-0.5899872900108288,0.34808500237432183,2.891714055641991e-07,0.016499419640199426,2.482637137733454e-06
16250,16250,RP11-402D21.2,0.10285289381325467,6.4942286192714125,0.10558415179916313,0.011148013111148722,0.4063409609306289,0.12302335890030346,0.5484146780275954
16251,16251,RP11-402G3.5,0.13873184855589674,6.516281282114174,0.12791811492441307,0.01636304412581535,0.3137803732825553,0.1366047170807875,0.4542662109529172
16252,16252,RP11-403N16.3,0.07295659195647905,6.757751655683652,0.06302719885597281,0.003972427795630341,0.6207608886403932,0.14671562501934035,0.7364585023561998
16253,16253,RP11-403P17.3,-0.283097196272948,8.988682284842241,-0.4369994821013303,0.1909685473568309,0.00030568635577942117,0.07400166720622971,0.0011720322298872812
16254,16254,RP11-403P17.4,0.08147826292354741,6.38477639409454,0.1725168161050507,0.029762051839023883,0.17282620184370134,0.0590817853888295,0.2870935410344701
16255,16255,RP11-408I18.9,0.16287761410873813,6.389918656360664,0.1392154820287987,0.01938095043651077,0.27258621296866603,0.14713912924440806,0.40929151955936627
16256,16256,RP11-410C4.5,0.05963905055990305,6.730216792202176,0.04757757056368155,0.002263625220742097,0.7089025693295106,0.1590158873430106,0.8068872302705763
16257,16257,RP11-410D17.2,-0.14608417131555235,7.5386624005145215,-0.1130467942358717,0.012779577687007515,0.3737851504456423,0.16306326382987724,0.5165816218584711
16258,16258,RP11-410E4.1,-0.3145017207372869,8.012602042762682,-0.2022571870106701,0.04090796969746918,0.10898317680297476,0.19339861495140265,0.19905791950644555
16259,16259,RP11-410L14.2,-0.002433209002857612,7.0286230987512335,-0.0020303289051387167,4.1222354630417804e-06,0.9872962104714906,0.15220056941315108,0.9924525228631245
16260,16260,RP11-413B19.2,0.011396451988910284,6.978079465558226,0.0079122998115381,6.260448830766584e-05,0.9505215934255185,0.1829184407034053,0.9702354515969646
16261,16261,RP11-414H17.5,0.18055521673350652,6.21167214469405,0.17015903712030686,0.028954097913709963,0.17886127598940846,0.1327941846406024,0.2950366340303656
16262,16262,RP11-416I2.1,-0.2670702317175868,7.959648732263834,-0.24618498506158826,0.060607046869774424,0.04988391834747193,0.1335339592418483,0.10447024426917911
16263,16263,RP11-416N2.4,0.1929888240561916,6.300622041714894,0.17496721342603644,0.030613525774072187,0.1667128931284743,0.13792027606236007,0.2792734354991189
16264,16264,RP11-420K14.2,0.149961023455022,6.492488907972105,0.17522569400896293,0.030704043840922707,0.16607739632566296,0.10700719074200137,0.278553637784233
16265,16265,RP11-421E14.2,0.12179125689618492,6.641205882653005,0.08389667155010327,0.007038651497185908,0.5098260453670911,0.18371376949088067,0.6443213885062754
16266,16266,RP11-421F16.3,0.3754537812389181,5.599643264451368,0.2901913838370389,0.08421103925325564,0.02001466225573365,0.15724390707189215,0.047965638683921216
16267,16267,RP11-422P24.11,0.1198895319115302,6.590340374390125,0.09180317319742493,0.008427822609116396,0.470616649453334,0.16515430284309648,0.6085027193642195
16268,16268,RP11-425D10.10,0.2550534663318011,6.010971397472013,0.33117093218727245,0.10967418632578699,0.007516833213060179,0.09229063998661972,0.02037004420333102
16269,16269,RP11-426C22.5,0.2309435549070789,5.741603955630777,0.4066168666221816,0.165337276221641,0.000855643727540813,0.06589919684557925,0.0029537645336993952
16270,16270,RP11-429B14.4,0.19294124903068474,6.085190097662189,0.2466471345560449,0.0608348089847077,0.049442339688315004,0.0962773571783369,0.1036470344579343
16271,16271,RP11-432J9.6,0.13150560371095105,6.483932277403972,0.1900326706938481,0.036112415931036514,0.13257089626453647,0.08628460906413997,0.23251176468846985
16272,16272,RP11-432M24.4,0.2644940440252635,5.638197673646268,0.1957905579439339,0.038333942579996935,0.12102107367932895,0.16824433579512366,0.21641344479982524
16273,16273,RP11-433A10.3,0.13425384169990667,6.373154784438863,0.14827339753719132,0.021985000417221973,0.2422888097793441,0.11372092822511393,0.3737011521204912
16274,16274,RP11-435O5.5,0.1295768804751908,6.218097098783902,0.209402013587698,0.043849203294582466,0.09678046953600952,0.07684471736593415,0.18102971994491546
16275,16275,RP11-436D10.3,0.04289963049561348,6.814545875019113,0.06759205939921283,0.004568686493826714,0.5956360160365892,0.0804206681861362,0.7158710092833022
16276,16276,RP11-439E19.10,-0.3785249127270463,8.230719071845845,-0.2265716977489656,0.051334734220848624,0.07180681444022509,0.20665668767490086,0.14150300907298885
16277,16277,RP11-440I14.2,0.2883345925238453,5.726499403413187,0.5062595292459188,0.2562987109522993,1.9727993381958946e-05,0.062377355782269085,0.00010279347850970188
16278,16278,RP11-440L14.3,0.2471710017503409,5.78097970710665,0.20044282309206424,0.04017732532911656,0.1122633443957816,0.1534287210389015,0.2039653261926882
16279,16279,RP11-442O18.2,0.14117173639797434,6.434438385765331,0.15154833408942409,0.022966897565279698,0.2319266343232243,0.11693792523623844,0.3613736700438497
16280,16280,RP11-443B7.1,-0.17442200953707454,7.666794737200442,-0.11615907819034825,0.01349293144603144,0.3606870178227215,0.1894097735209656,0.5033301566536302
16281,16281,RP11-443C10.1,0.20807380445195084,5.822580428491259,0.25731761335715786,0.06621235414382379,0.040104273802997394,0.0992375675329268,0.08702856490669492
16282,16282,RP11-445H22.4,0.12927623140775632,6.539248371757767,0.13919001258200894,0.019373859602579816,0.2726748185711808,0.11680636190433667,0.4093707065210074
16283,16283,RP11-445L13__B.3,0.002884259547532156,7.004092420089912,0.002571443276120613,6.6123205223059135e-06,0.9839108527262944,0.14244923121065786,0.9904973974147137
16284,16284,RP11-448A19.1,0.12387570781698655,6.438208276704646,0.11015578596343588,0.012134297181222295,0.38620569114321934,0.14194887162001746,0.5290311666330307
16285,16285,RP11-44F14.8,-0.2131525030906472,8.000881200657181,-0.30980867117869465,0.09598141273750854,0.01272958016640823,0.08307870212566244,0.03225591604301079
16286,16286,RP11-44F21.5,-0.08423161127137857,7.539439335408571,-0.3571022446009956,0.1275220130990693,0.003771351773724385,0.02798104454099955,0.011037791952966829
16287,16287,RP11-44N11.3,0.02021579110359993,6.943468247715664,0.018647157995295142,0.00034771650130149964,0.8837242167277019,0.13765967094477294,0.9285321646403873
16288,16288,RP11-452L6.1,-0.1545884070429547,7.670608074422317,-0.14623016842773534,0.021383262158403853,0.24891234767017356,0.13281600619921646,0.38114813242805884
16289,16289,RP11-454F8.2,0.10697433813973516,6.605961652642459,0.08496982822767025,0.007219871709039789,0.504408128777813,0.15931092560916485,0.6395923427031001
16290,16290,RP11-454K7.3,0.015502647740215909,6.954377986855374,0.01663646807077983,0.0002767720698700768,0.8961885755542526,0.11832834619103785,0.9361464702739667
16291,16291,RP11-456H18.2,0.25024729558387115,5.9192310134520625,0.2629421369817122,0.0691385674005095,0.03580185444338733,0.11661539249031988,0.07891787031469387
16292,16292,RP11-456O19.2,0.12679145677992168,6.492625038297086,0.10589233376009566,0.011213186349159495,0.4049646972735645,0.15121015556522172,0.5472051990177861
16293,16293,RP11-456P18.2,-0.07469529313277455,7.237975079182407,-0.04123112972884913,0.0017000060587171867,0.7463275271292471,0.2298807952376313,0.8351049137408586
16294,16294,RP11-457I16.2,0.09018625518657443,6.656191185451704,0.11217254022457103,0.012582678780433005,0.3775154858614167,0.1014631462342614,0.520441675982237
16295,16295,RP11-457K10.1,-0.22300299875341706,7.699675620046395,-0.12934943512342906,0.016731276366750182,0.30835119020529683,0.21711330300587492,0.44855993697371405
16296,16296,RP11-45M22.3,-0.2531514325812446,8.086970578649852,-0.2639363616618778,0.06966240300730955,0.03508280081505725,0.117491271828002,0.07768872600982357
16297,16297,RP11-45M22.5,0.014459401973084403,6.9468035592159705,0.018179797787124898,0.00033050504758075133,0.8866190132317457,0.1009935546345012,0.9303098522886644
16298,16298,RP11-461A8.4,-0.02218133475139081,7.0988665951055046,-0.01735151601221586,0.00030107510792218355,0.8917529365497041,0.16232634816444774,0.9335113902879263
16299,16299,RP11-461L18.1,-0.05630997617479145,7.206701471179058,-0.046198569957704286,0.0021343078661368977,0.7169799795046009,0.15463115933426338,0.8133306467616243
16300,16300,RP11-464F9.20,0.14826969605505738,6.3404620784121954,0.19385479364615016,0.037579681019591464,0.12481503127192828,0.09529330718036376,0.22191046816039467
16301,16301,RP11-465B22.8,-0.06397349389716975,7.45719382675072,-0.13303136048299316,0.017697342871956075,0.2946654064911117,0.060530303624725335,0.4332981594604803
16302,16302,RP11-465I4.3,0.010289643499529436,6.979187279755503,0.00736104193497351,5.4184938368438564e-05,0.9539649296095464,0.17752250812190756,0.9723751730145789
16303,16303,RP11-466A19.8,0.323390992087804,5.843203816167997,0.249177689543486,0.062089520966229876,0.047080790081229285,0.15962599353521742,0.09952503994621438
16304,16304,RP11-466P24.7,0.07457786182678475,6.7384088170462695,0.044161202986142435,0.0019502118491832754,0.7289702270827959,0.21426404083457726,0.8227367627809425
16305,16305,RP11-467D6.1,-0.013739017832222058,7.059237248214065,-0.014190126258588419,0.00020135968323468052,0.9113870465456384,0.12295037387159022,0.9468473658101036
16306,16306,RP11-468E2.5,-0.17661072386724025,7.803967781432665,-0.19754265584570524,0.039023100878574746,0.1176635618003154,0.11130554780102922,0.2117337901600324
16307,16307,RP11-469M7.1,0.04418107268648348,6.754316392866112,0.0958489660312248,0.009187024289254888,0.4511999792510712,0.05827051034339775,0.590650425022578
16308,16308,RP11-470M17.2,-0.25897553380691146,7.921196349239869,-0.1971440667142856,0.038865783040646695,0.11842103255322818,0.1635577774952697,0.21274695426247123
16309,16309,RP11-471B22.2,0.10381509589395027,6.5887261949248055,0.1029034506225594,0.010589120150029515,0.418426724792215,0.12744507802142713,0.5594955680997478
16310,16310,RP11-471G13.5,0.07426622497099818,6.771558680147527,0.050453749849029325,0.002545580873828427,0.6921588046996023,0.18670183388812586,0.7933886785819335
16311,16311,RP11-471M2.3,-0.03416179939737191,7.117380521744344,-0.01883422492174693,0.00035472802840295323,0.8825659593859252,0.23031387320898036,0.9278462116897259
16312,16312,RP11-472K22.1,0.16846275059156532,6.42383156188491,0.11308120987057575,0.012787360025793202,0.3736387598578221,0.18798489315405487,0.5164781912882125
16313,16313,RP11-473I1.9,-0.18439135800756398,8.018992418769079,-0.2447165825896683,0.05988620579436595,0.05130841341968215,0.09278366672226153,0.10685551958099798
16314,16314,RP11-474D1.2,0.18466435234493586,6.386924827214602,0.15984188769599034,0.025549429062217587,0.20707032837952044,0.14483600254228304,0.3312482796083708
16315,16315,RP11-474P2.2,0.026770382301379386,6.8642084334252775,0.037353370202489966,0.0013952742654842654,0.7694918852760658,0.09095482548924083,0.8505179040247655
16316,16316,RP11-475A13.2,0.18240465119718974,6.5063629665798155,0.09367596381552123,0.008775186196766843,0.4615732586062302,0.24620562795344345,0.6003224573644393
16317,16317,RP11-476D10.1,-0.22645384509818206,7.664275041497057,-0.12369924127402745,0.01530150229177005,0.3301377057887092,0.2307110821882086,0.4720795618804793
16318,16318,RP11-477N3.1,-0.06068065868149161,7.272473383477893,-0.06960459128608551,0.004844799128103011,0.5847047750408437,0.11044904433461183,0.7073102887081932
16319,16319,RP11-480A16.1,-0.28268145854486953,8.724943436215144,-0.4822706278676925,0.2325849585038983,5.451673533261316e-05,0.06521174472289906,0.0002545407295445748
16320,16320,RP11-480D4.6,-0.005822617972311028,7.036198283949361,-0.004851776050556235,2.3539730844751057e-05,0.9696482792220742,0.15241109867814073,0.9820744346173713
16321,16321,RP11-480I12.10,-0.013258273450223393,7.0901429764453665,-0.015237348853309704,0.0002321768000774585,0.9048767367996504,0.1104921168974042,0.941936534893834
16322,16322,RP11-483C6.1,0.26023238589491365,6.248536133553441,0.14784205061456185,0.021857271929918667,0.24367693421347264,0.2210897641003174,0.3753075398572368
16323,16323,RP11-483I13.5,0.11809694991263273,6.4168176413528855,0.11836268763684216,0.014009725824616669,0.3515852161322227,0.1258242452536787,0.4942277088830433
16324,16324,RP11-486A14.1,0.2268701917605812,6.045879673563291,0.3854674466131491,0.14858515239846093,0.001658153488787816,0.06897067813473956,0.005305454166622364
16325,16325,RP11-486G15.2,0.10079786387241438,6.668527969659662,0.05538409050699953,0.003067397481287516,0.6637990625690795,0.23078275576584434,0.7713483898803564
16326,16326,RP11-488L18.10,-0.018317569266336736,7.117667025478518,-0.058832477216327735,0.003461260375409722,0.6442363464556755,0.03947316550354752,0.7554523248225296
16327,16327,RP11-489E7.4,0.02230576816302829,6.917144455908463,0.01936412571102197,0.00037496936455226203,0.8792863240510174,0.14626553601070566,0.9257558025731613
16328,16328,RP11-489G11.3,0.11446092769268505,6.676145395021044,0.06269863728080907,0.0039311191168704615,0.6225865189002577,0.2313918194643276,0.7378967252358974
16329,16329,RP11-48B3.4,0.4241128684607113,5.540857671375353,0.5932450637758772,0.3519397056944445,2.393922255114884e-07,0.07309020481639203,2.1107649199720204e-06
16330,16330,RP11-490G2.2,0.06591837365755303,6.787944186803745,0.06761829152267006,0.004572233348444793,0.5954929508446317,0.12352399271654027,0.7157748584891485
16331,16331,RP11-493L12.3,-0.19191553590859356,7.723561083916889,-0.1803681849818482,0.032532682153646214,0.15380102174323942,0.1329145437271428,0.26202195939342693
16332,16332,RP11-495K9.3,-0.05183154946187745,7.212954463154866,-0.048379323841626916,0.0023405589753730106,0.704220920030853,0.13590320888934948,0.8027532780580157
16333,16333,RP11-495K9.5,0.02826733032647688,6.9051830265793255,0.02236422820094128,0.0005001587030237773,0.8607578996743757,0.1604820261795923,0.913442728484201
16334,16334,RP11-495P10.6,0.1887536272692058,6.127439110786535,0.2581269496062461,0.06662952211302553,0.03946002808555985,0.08972080103810913,0.08581971559634415
16335,16335,RP11-495P10.9,-0.05096720646480725,7.200525626556183,-0.03840394554724712,0.0014748630335959221,0.7631953187156184,0.16842193068855402,0.8464963443344968
16336,16336,RP11-496I2.2,-0.03158712883878748,7.111892686790549,-0.019082197376785463,0.00036413025672659815,0.881030972792007,0.210187477967526,0.9270067399937278
16337,16337,RP11-498C9.15,-0.170079991591415,7.9086897865525225,-0.314559990113391,0.09894798738013663,0.011357595468699388,0.065182172158715,0.029206594213832707
16338,16338,RP11-498C9.17,0.0696866938288388,6.717487351048446,0.08031670178090465,0.006450772584962772,0.5281122789804109,0.1098355287496504,0.65994987600674
16339,16339,RP11-498E2.7,-0.2531234764101997,8.227200900296816,-0.2570440881050749,0.06607166322976954,0.040323962614238915,0.12086087618469102,0.08745272012131634
16340,16340,RP11-499E18.1,-0.07859883405099402,7.394354242133818,-0.17717186304417373,0.03138986905454345,0.16134954659586162,0.055449803377524184,0.2722687159302878
16341,16341,RP11-49K24.4,-0.20106858457243654,7.699108113239117,-0.14686510783450274,0.02156935989924012,0.2468409720616983,0.17198666282619218,0.3790154672443693
16342,16342,RP11-4M23.7,-0.3020065507307416,8.674952287056751,-0.34154937334880514,0.11665597443496148,0.005742483564401674,0.10554361461370222,0.016045610527370097
16343,16343,RP11-502N13.2,-0.19215969988699202,7.674796005113825,-0.10875421437424287,0.01182747914415878,0.3923146370592629,0.2230677352389392,0.5347163560875087
16344,16344,RP11-503C24.6,0.08807483282929772,6.562632758810049,0.11659410886179222,0.013594186221275456,0.3588788337374339,0.0952811931687532,0.5014208106706324
16345,16345,RP11-504A18.1,-0.17010424284185197,7.514722180881878,-0.08516912711543828,0.007253780213605684,0.5034052243660295,0.2527296676120324,0.6385823990185912
16346,16346,RP11-505K9.4,0.09732245012816364,6.682753910940313,0.08906838898665613,0.007933177916678285,0.4839920693335288,0.1382178250788716,0.6209401185744159
16347,16347,RP11-506E9.3,-0.11879414571121992,7.419170592002858,-0.07770584389692459,0.006038198175733212,0.5416508300214575,0.19356657248853346,0.6713283381475883
16348,16348,RP11-506N2.1,-0.03735186579242294,7.128836593426756,-0.028701328020517468,0.0008237662301413412,0.8218769556359412,0.16520968809819642,0.8879338193123283
16349,16349,RP11-506O24.2,0.20270347959166798,6.26154019860242,0.28056166378643915,0.07871484718661492,0.02473183206594221,0.08807123104077777,0.057532261616497854
16350,16350,RP11-508N22.12,-0.1624149968722193,7.7342364389863025,-0.20236254196227368,0.04095059838943297,0.10879500319184628,0.09982070816030146,0.19886518056211963
16351,16351,RP11-50B3.4,-0.04067201859591015,7.250179579608207,-0.07402336304647182,0.00547945827670977,0.5610289742286301,0.06958857598180851,0.6884893141177029
16352,16352,RP11-50E11.3,0.1165384313113426,6.515997495360863,0.119103465759068,0.014185635555821485,0.34855766629695106,0.12338049124404532,0.49114420377277856
16353,16353,RP11-510C10.2,0.09061512025874503,6.698274842041718,0.08736473967954501,0.007632597739274667,0.4924249154592314,0.13122146564375756,0.6288159891655654
16354,16354,RP11-510C10.4,-0.14221560849026896,7.436376053778713,-0.06991762730983463,0.004888474608636933,0.5830127064641196,0.25769180963480576,0.706002348838178
16355,16355,RP11-513M16.7,-0.2090714519869771,7.674190762552969,-0.19358888679964065,0.03747665709232408,0.12534317908398218,0.1345625174578286,0.22262725664604446
16356,16356,RP11-513N24.1,-0.1832064050430178,7.699831607800115,-0.13160170655391604,0.017319009167903028,0.2999315285168391,0.1752627269153055,0.4393228214684882
16357,16357,RP11-515O17.3,0.08262880659917918,6.693950048561384,0.08759957133827738,0.007673684898649949,0.4912579807284151,0.11933309616346012,0.6278826375180522
16358,16358,RP11-517B11.7,-0.2734609082787939,8.152557132598295,-0.3775035733273999,0.1425089478749556,0.002103923215261716,0.08519088673727174,0.0065658534697351865
16359,16359,RP11-517C16.2,0.2722938843200757,5.516194666516078,0.3014992713483344,0.09090181062357656,0.015474232328040956,0.1093606724517854,0.0382746431826073
16360,16360,RP11-521D12.1,0.15525011836535216,6.177095133546818,0.2137478266349133,0.04568813339114895,0.08989689728330587,0.09011136113009788,0.17052534256044047
16361,16361,RP11-521I2.3,0.09525730127914077,6.649016715072935,0.0964326201484256,0.009299250228690535,0.4484358778252721,0.12486758360079217,0.5881816435073451
16362,16362,RP11-521O16.2,0.4347695412212197,5.5295381233419025,0.33967975248780313,0.1153823342501752,0.006031861389344503,0.15288729957187802,0.016748295728459445
16363,16363,RP11-524C21.2,-0.09196341644452394,7.343446385348271,-0.09449028382760363,0.008928413737821092,0.4576707880967511,0.123050848092622,0.5966819548429414
16364,16364,RP11-524D16__A.3,-0.14427409302607389,7.521780970653642,-0.1328964282481059,0.017661460641103962,0.29515982884172065,0.13665004861018973,0.43383466324356623
16365,16365,RP11-52A20.2,0.2306949676633789,6.289890064830709,0.18800441938602427,0.0353456617086761,0.13683176765363306,0.15305942549354135,0.23847822362490334
16366,16366,RP11-532F12.5,0.3476444378843872,4.328419672251099,0.5662189551668906,0.32060390519028525,1.0800526764382715e-06,0.06427122234309357,7.888209345116618e-06
16367,16367,RP11-533E19.5,-0.4130672854526623,8.314922342280253,-0.31399555993396705,0.0985932116582455,0.01151357182197925,0.15862143010267704,0.029565563595987273
16368,16368,RP11-533E19.7,0.21560920996627111,6.105269306374356,0.17078473231338687,0.029167424791355208,0.17724501746889554,0.15797726479804095,0.29283900612565295
16369,16369,RP11-534L20.5,0.011196864963576518,6.966486492208178,0.014430856493030341,0.00020824961912243602,0.9098899599532302,0.09852881563443697,0.9457998384921842
16370,16370,RP11-536G4.2,0.195738786374266,5.900673521690752,0.20590571968858748,0.04239716540047516,0.10261139757266777,0.11814227982125475,0.18990426689988668
16371,16371,RP11-539G18.2,-0.2943403002628199,7.9080717863590255,-0.15132776986396956,0.022900093932002527,0.23261472203471426,0.24417699106409665,0.3622633445279926
16372,16372,RP11-539I5.1,-0.2901638725868122,8.300611049679974,-0.4621224768532127,0.21355718361294806,0.00012097930438384659,0.0707170241123466,0.0005141917245205491
16373,16373,RP11-539L10.3,-0.020107981271516456,7.136258996583487,-0.05230006650050475,0.002735296955957219,0.6814866617668451,0.048761337570159054,0.7852289911972454
16374,16374,RP11-53A1.2,0.1450398891103096,6.560045476972602,0.08809240978442494,0.007760272661627047,0.48881366763458506,0.20828664741377567,0.6254215641138517
16375,16375,RP11-53B2.2,0.03112779990641617,6.891662531550225,0.02506677329431209,0.0006283431233884378,0.84413065586074,0.15765859873227578,0.9021069988051932
16376,16376,RP11-53O19.3,-0.12303070988971583,7.807088415989583,-0.19129086275342946,0.03659219417295139,0.12997858103340149,0.08017307473490083,0.22919030797804002
16377,16377,RP11-540O11.1,0.07586715857548687,6.481808734313293,0.13302492784432382,0.01769563142798756,0.2946889648409302,0.07178735959243343,0.4332981594604803
16378,16378,RP11-543C4.1,0.13008517956860782,6.402793180726602,0.13935896911914625,0.01942092227395116,0.272087395192588,0.11739196230614275,0.4087728973841746
16379,16379,RP11-544D21.2,-0.05680665851340521,7.203548536048046,-0.05872111452592494,0.003448169291166793,0.6448644564470658,0.12264760019517293,0.7559297408003959
16380,16380,RP11-546O6.4,-0.2681234569739445,7.8507715274667875,-0.17530932025731932,0.03073335776908335,0.1658721750174714,0.1912298097281744,0.2782956496477371
16381,16381,RP11-548H18.2,0.18786169798617,5.998632361833717,0.39564872157603215,0.1565379108847486,0.0012124122030831607,0.0553815894062495,0.004023097124001324
16382,16382,RP11-548M13.1,0.041887650652392916,6.751003144642423,0.051245877024743085,0.002626139912035091,0.6875726701247378,0.10367169970007306,0.789847661966123
16383,16383,RP11-549J18.1,0.21546658452921386,6.415131432157577,0.0922879174536292,0.008517059707927876,0.468266790487169,0.29524452976799986,0.6064420398301326
16384,16384,RP11-54K16.2,-0.4561485458464429,10.21885278046448,-0.6283744359697783,0.39485443178033697,2.713767733383385e-08,0.07171695968013554,3.266628141546259e-07
16385,16385,RP11-550I24.2,-0.04972187839891951,7.178096830265305,-0.037598658252367495,0.0014136591023783222,0.7680204204150289,0.1678309860041456,0.8493250027621004
16386,16386,RP11-552F3.10,0.03687158058483825,6.864339810658064,0.038711654223384816,0.001498592172710908,0.7613539531814617,0.1208727828859638,0.8456234218671874
16387,16387,RP11-552M11.8,0.11758665834923213,6.574893915767118,0.0967079796617331,0.009352433330254182,0.4471350790236856,0.15369490888513346,0.5869218267443693
16388,16388,RP11-554D14.1,0.14374550807887626,6.413663505180585,0.1507882934528274,0.02273710944241599,0.2343036614566631,0.1196841156819796,0.36426489976624593
16389,16389,RP11-554J4.1,-0.20998654547990736,7.92776068922794,-0.33742892698335103,0.11385828076513566,0.006397180499256537,0.07439862429219843,0.0176360208416805
16390,16390,RP11-559M23.1,0.10825401397579898,6.382176818231658,0.15315045456168802,0.023455061732451658,0.2269708467707523,0.08871069676457545,0.3551082787963761
16391,16391,RP11-55K13.1,-0.061452908732981135,7.234999409229506,-0.04474854241478515,0.002002432048247826,0.7255068474759783,0.17423381543831834,0.8200673756181391
16392,16392,RP11-560A15.4,0.13078063945950485,6.373970234202902,0.10638651581366562,0.011318090746971326,0.4027634881649982,0.15523488337117344,0.5448768249024198
16393,16393,RP11-560G2.2,0.15920110883231664,6.265492662799487,0.2204119667086262,0.048581435068364535,0.08009479014299703,0.0894748305395134,0.15504180571615273
16394,16394,RP11-567C2.1,0.22062372081325154,6.261287706565066,0.4549176933347655,0.2069501077090237,0.0001589876014351659,0.054849640670774004,0.0006555362736250035
16395,16395,RP11-567I13.1,-0.053637580286947935,7.225509565406661,-0.05400207958825042,0.0029162245998557326,0.6717033468839972,0.12595884597698445,0.7777636603985114
16396,16396,RP11-568N6.1,-0.17169027694323852,7.660432218938286,-0.3295153602086732,0.10858037261345163,0.007840302530724106,0.06247629813415665,0.021138166247862362
16397,16397,RP11-573N10.1,-0.17335224208475844,7.6009317424185,-0.11067174378609697,0.012248234872655491,0.3839711639515149,0.19770642022846527,0.5268260505208171
16398,16398,RP11-574H6.1,-0.06467782037806886,7.221949363181938,-0.05402712767862631,0.002918930525202589,0.6715597677854868,0.15181437201096992,0.7776805760104126
16399,16399,RP11-579O24.3,-0.04911543299475076,7.156460148167056,-0.0267520427736696,0.0007156717925642477,0.8337958570890599,0.23308252832773285,0.8957607424350643
16400,16400,RP11-585P4.5,-0.1287150678033723,7.4746347148454975,-0.12109185972993007,0.014663238492853059,0.3405113436500523,0.13400189465551834,0.48286118438490494
16401,16401,RP11-586K2.1,0.19350754328044614,6.436114225775576,0.09635127844949692,0.00928356885885249,0.448820536840756,0.2538746022223733,0.5884710045763873
16402,16402,RP11-587D21.4,-0.2352811852639091,7.83843135548722,-0.1987642375640366,0.03950722213441278,0.11536518687296304,0.14733304315689724,0.20841187300692537
16403,16403,RP11-589P10.5,-0.02171125413942501,7.122039046194185,-0.02744616762865671,0.0007532921175003235,0.8295472115481788,0.10042543412382454,0.8927167176106403
16404,16404,RP11-58O3.2,-0.16496695224794902,7.493068745840992,-0.11132828095023856,0.012393986139335251,0.3811389990278493,0.18701974737600766,0.5242355833300354
16405,16405,RP11-59H7.3,0.08422003351821819,6.758026187166543,0.05168494878571271,0.0026713339309817462,0.6850354098880342,0.20666866111787774,0.787934445271439
16406,16406,RP11-5C23.1,-0.132836951354786,7.730891967723813,-0.23927037511567115,0.057250312407993977,0.056884581967925764,0.06845927936528948,0.11665459458709584
16407,16407,RP11-5C23.2,-0.12455949592155025,7.513127020278762,-0.1320846188250725,0.0174463465301647,0.2981459198236659,0.11871535279416268,0.4372147283660517
16408,16408,RP11-5N11.2,0.11895520697640168,6.365702153005642,0.15546796926183945,0.024170289466400256,0.2199332786060716,0.09599170480452986,0.3466463067970241
16409,16409,RP11-60A24.3,0.09402883938244737,6.472693737664808,0.1451200143184026,0.021059818555773376,0.25256244640217984,0.08141716870976258,0.385266256469372
16410,16410,RP11-613M5.1,-0.3448666293529018,9.089629455191297,-0.4524840594524761,0.20474182405859195,0.00017412043798460352,0.08631894325159555,0.0007096751311199596
16411,16411,RP11-619L12.4,0.08781707761818562,6.6792763017756975,0.07028852015187524,0.004940476065140572,0.5810107904665459,0.15827898856078204,0.7043885716914707
16412,16412,RP11-619L19.1,-0.033794541142381264,7.126160686809686,-0.024857968864749908,0.0006179186160808757,0.8454129964801171,0.17260399711557198,0.902910753539995
16413,16413,RP11-61L19.2,0.21970290897778952,6.163200696509623,0.21535208573495648,0.04637652083039605,0.08745524901150421,0.12652587452915184,0.16667176278851295
16414,16414,RP11-61L19.3,-0.3294860014625612,8.39029723165663,-0.4009045077610641,0.16072442434314108,0.001027452955637449,0.09562082270362007,0.0034797456606707787
16415,16415,RP11-629E24.2,0.1724862398119085,6.060185511995636,0.2081960678140193,0.043345602653219725,0.09876173488216666,0.1029114324396381,0.18411547597049924
16416,16416,RP11-629O1.2,0.1642995706971157,6.21883873141488,0.13125707799865768,0.017228420524745706,0.30121006645994514,0.15759562117560927,0.4407004509584285
16417,16417,RP11-631N16.2,0.09545827317333808,6.647850835375488,0.1100354346019707,0.01210779686804457,0.3867280245809485,0.1095065116940638,0.5295652204805362
16418,16418,RP11-634B7.4,-0.09075070931729627,7.406311544146324,-0.0958154027274349,0.009180591399820541,0.451359215654976,0.11973361824188485,0.59069219888853
16419,16419,RP11-635N19.1,0.3044274970907105,5.76289223718059,0.3098523036689241,0.09600845008893914,0.012716357447120295,0.1186357249355685,0.03222618145317612
16420,16420,RP11-63A1.2,0.06687215827760645,6.7832250673872885,0.0741053698995457,0.005491605847948495,0.5605938952266374,0.11428889731113498,0.6881503770269731
16421,16421,RP11-63A11.1,-0.04876100681507415,7.1947996645734085,-0.042080085528691996,0.001770733598102034,0.7412850720963642,0.14703318163099036,0.831737214313304
16422,16422,RP11-63D14.1,-0.06762899796165786,7.2441962417276535,-0.06091912449328295,0.003711139729028106,0.6325134122352204,0.14072656656733967,0.7461907791432609
16423,16423,RP11-63K6.7,0.01583850792964816,6.940921989324526,0.017164666699205387,0.0002946257828948104,0.8929117009770619,0.1171707096441266,0.934151547642798
16424,16424,RP11-642D21.1,0.012823353250693632,6.97409829637229,0.008988845220199906,8.07993383927107e-05,0.943799795629487,0.1811691776413956,0.9666091834258674
16425,16425,RP11-644F5.11,-0.06750670934613302,7.3752702598077855,-0.07324739332170759,0.0053651806284249325,0.5651536741905127,0.11673222113547105,0.6916309281853319
16426,16426,RP11-646E18.4,-0.6195813529766314,9.321870927983678,-0.4766838238201728,0.2272274678918215,6.834304869250055e-05,0.14511019238590486,0.00031052637839616015
16427,16427,RP11-646J21.6,-0.03518888724309178,7.160817605482885,-0.04287737268655769,0.0018384690885019637,0.7365593527450645,0.1041314550394002,0.8284395826401875
16428,16428,RP11-649A18.7,-0.30815129479563397,8.294846700168199,-0.3336330980555549,0.11131104411814753,0.0070573634370067,0.11057932011561544,0.01926960096184341
16429,16429,RP11-650K20.3,-0.09398428593143128,7.391478864354775,-0.0947778972459024,0.008982849806354835,0.4562967869194852,0.12536979547092586,0.5953908725440741
16430,16430,RP11-654A16.3,-0.005057602558849088,7.034906856067077,-0.004606918269267143,2.122369593970737e-05,0.9711793921519662,0.13942277973054149,0.9830965344440086
16431,16431,RP11-65D24.2,0.021246020268464345,6.9326650177544265,0.02824369654650283,0.0007977063946109361,0.8246716473864142,0.09549638265804147,0.8898432669367083
16432,16432,RP11-65J3.14,0.13058188442619806,6.362943453816506,0.1233714092942388,0.01522050463124659,0.3314309202601947,0.1333957704574042,0.47345712634306464
16433,16433,RP11-65L19.4,0.026340594198811684,6.849148020162977,0.04146384991136365,0.0017192508494720913,0.7449441982652976,0.0806095408185064,0.8342003626763377
16434,16434,RP11-661A12.9,0.11058713309388198,6.39977319987805,0.13423532403383068,0.01801912221846752,0.2902777921458341,0.10367963378915064,0.4288712280083262
16435,16435,RP11-663N22.1,0.3293587804573299,5.697945009320978,0.2448631448521117,0.05995795970686621,0.05116475779703798,0.16562413243772167,0.10662812338512727
16436,16436,RP11-664D1.1,0.15018654302584047,6.2551251495011,0.1756380890196207,0.0308487383144642,0.16506717051367295,0.1069085047970842,0.2772578983180077
16437,16437,RP11-665C16.8,0.0778282314923138,6.774723645248139,0.04508625360151974,0.0020327702638205515,0.7235179291067002,0.21900564440976392,0.8182036009611778
16438,16438,RP11-669C19.1,0.07485437216160855,6.767369873933015,0.07891299733945904,0.00622726114909747,0.5353702075325867,0.12009262212921895,0.6662789027311048
16439,16439,RP11-669I1.1,-0.5097737145158466,8.905861743599715,-0.31726096219335764,0.10065451813185512,0.010636270129429795,0.1935210603550104,0.02762062953025569
16440,16440,RP11-669M16.1,0.14313286258478689,6.501627402830207,0.1274607877220237,0.01624625240671879,0.31552792923372425,0.14145233277075264,0.45627761653130544
16441,16441,RP11-66N11.7,0.2389192454235341,6.146365265578803,0.24233732846275785,0.05872738076646657,0.053686911559497535,0.12147661640276775,0.11104012128184519
16442,16442,RP11-66N11.8,0.09507101818771252,6.5379077375191095,0.11587580543572157,0.013427202285377205,0.3618674197939783,0.1034961281398578,0.5046108604395886
16443,16443,RP11-672L10.6,0.05382793990545254,6.807602591253837,0.06746141758621027,0.004551042862741043,0.5963487401465108,0.10110344388438844,0.7163809601453948
16444,16444,RP11-673E11.2,0.07639598104252501,6.729606405367428,0.051045224521176026,0.00260561494641727,0.6887333246875531,0.1898248252002534,0.7906759341625914
16445,16445,RP11-674P19.2,-0.1295815270539386,7.3909044185701,-0.07287809109079367,0.0053112161610380185,0.5671216976284339,0.2252132151849699,0.6933337301498185
16446,16446,RP11-676J12.4,-0.06359972409561394,7.237491581304338,-0.047993880505689625,0.0023034125659944144,0.7064702736472235,0.16810195504732206,0.804766637339854
16447,16447,RP11-676J12.6,0.2593191363156016,5.993257178790633,0.2747386968852705,0.07548135156621652,0.028016324940142008,0.1152594984913565,0.06397021473837781
16448,16448,RP11-677O4.2,0.09828577447065186,6.628771398499138,0.14685323830364902,0.021565873600268327,0.2468795858928517,0.08407697689309593,0.3790154672443693
16449,16449,RP11-678G15.1,0.15487475320163646,6.451771304591907,0.16659639464749235,0.027754358709543025,0.188268215586554,0.11641452929289553,0.3072073098128873
16450,16450,RP11-67L3.4,-0.1924978006912965,7.7492407186766465,-0.2445950963910041,0.059826761178524576,0.051427739808072664,0.09691391182827112,0.10704226312416508
16451,16451,RP11-680C21.1,-0.12533371830737336,7.478261303442878,-0.15367937935068754,0.023617351637612537,0.2253510366446429,0.1023449711535512,0.3532104576605671
16452,16452,RP11-680F20.10,-0.12048536434129856,7.451288885578005,-0.09584601345371624,0.009186458294969954,0.4512139860981649,0.15891334285273465,0.590650425022578
16453,16453,RP11-680F8.4,0.159028411603456,6.369569602424388,0.15750440924337306,0.02480763893110394,0.2138765520483773,0.1266284542996161,0.33910504719633994
16454,16454,RP11-680G24.5,0.031529394696323605,6.9078610536472365,0.025463046192088928,0.0006483667213804544,0.8416981167221727,0.15720581044954793,0.9008098944007198
16455,16455,RP11-686D22.8,0.1145720066380924,6.451409481412939,0.18464581943040748,0.034094078633126634,0.14411284938130384,0.07744807180003539,0.24884488903214533
16456,16456,RP11-687F6.1,-0.051353107899183056,7.177849986541134,-0.030180835354491068,0.0009108828226948982,0.8128570568746669,0.2159940290135904,0.8813107478406305
16457,16457,RP11-68I3.11,-0.42625729428215625,8.375272008917644,-0.2924054541358151,0.08550094960837226,0.019045710199533536,0.1770443776133784,0.04591841675986635
16458,16458,RP11-690I21.2,0.3296688268976915,5.695804918704736,0.39700709049633176,0.15761462990436256,0.001161936616644645,0.0967919373353376,0.003875209831116554
16459,16459,RP11-692P14.1,0.1703812240295958,6.404789955599872,0.13094201727118768,0.017145811887048012,0.30238200443816515,0.16382923682709807,0.4416918924862372
16460,16460,RP11-69I8.2,-0.009497036583946284,7.044019609013231,-0.008726345014909891,7.61490973192427e-05,0.9454384679742877,0.13821123582579709,0.9674831061411917
16461,16461,RP11-6F2.5,-0.15683122563746507,7.6016960759976815,-0.13302334218203488,0.01769520956527874,0.2946947722250729,0.14839933935164304,0.4332981594604803
16462,16462,RP11-6I2.3,0.1263643265805456,6.6094282708369025,0.0968684763597706,0.009383501712263436,0.44637785919612905,0.16489175944191498,0.5862990562802314
16463,16463,RP11-700H6.1,0.07449869800690766,6.642257324658501,0.07589011668802148,0.0057593098109215155,0.551164813242554,0.12431209453766535,0.6798515624725169
16464,16464,RP11-700J17.2,-0.08197370608039853,7.3269291596106445,-0.12005549409886485,0.014413321663322569,0.34469055121713144,0.08608829337492227,0.48700804419977284
16465,16465,RP11-701I24.3,0.11403824677486588,6.4383463302852775,0.10762215574724536,0.011582528407684338,0.39729035085779096,0.13378986232647375,0.5394609071874507
16466,16466,RP11-708J19.1,-0.20428234107801105,7.721772172821455,-0.15539463402354484,0.02414749228331144,0.2201536071739434,0.16492673244683415,0.3468519131257452
16467,16467,RP11-710C12.1,0.6258542319644141,5.087485894721588,0.4380584431394407,0.19189519960575052,0.00029439393655575455,0.16310945494020845,0.0011325458689136374
16468,16468,RP11-714L20.1,0.039907642806756384,6.8801183501182965,0.02162783056934173,0.00046776305513615264,0.8652993168692105,0.23428564292545914,0.9166625823126618
16469,16469,RP11-715J22.6,0.1141905466690719,6.498690838313612,0.08855681794991993,0.00784231000541526,0.4865162235744519,0.16311828842204834,0.6233481677876458
16470,16470,RP11-722E23.2,-0.09491669733384367,7.4436398431284765,-0.12155265626209015,0.014775048244369846,0.3386633689898753,0.09843510772133272,0.48099660624881946
16471,16471,RP11-727A23.11,0.05209231101610964,6.787778022181822,0.05031119226926351,0.0025312160675548,0.692985338723463,0.13132966225685902,0.7938993003051275
16472,16472,RP11-727F15.11,0.02229253784276151,6.929384530942505,0.018848510748195012,0.000355266357424823,0.8824775162477251,0.15017908965022395,0.9278462116897259
16473,16473,RP11-728F11.4,0.09825828593893324,6.582640253699134,0.12349815778443599,0.01525179497614945,0.3309305510586248,0.10027102598681524,0.47289831616566713
16474,16474,RP11-731J8.2,-0.439939468497924,8.374561692670474,-0.1757475603274699,0.030887204961057683,0.16479976303406588,0.31296440062626096,0.27686104487996094
16475,16475,RP11-732A19.1,0.16248880078241498,6.490395716778332,0.1438101267807974,0.020681352564709026,0.2569158395560129,0.14200385408674254,0.3906686683228326
16476,16476,RP11-736K20.5,0.07084547322275606,6.710711218691168,0.0820056121329885,0.006724920421306151,0.5194449976581952,0.10934714689439842,0.6527349517952891
16477,16477,RP11-73K9.2,-0.0748756568187706,7.250935308670077,-0.03668979045703867,0.0013461407237814061,0.7734766982255471,0.25900435185591797,0.8531906330665893
16478,16478,RP11-73M18.7,-0.2361604848568721,7.98909000478116,-0.3714942213617261,0.13800795650515513,0.002508287178911829,0.0749567853753865,0.00768708729965124
16479,16479,RP11-73M18.8,-0.2646313341948397,8.817802049407815,-0.4875651537727474,0.23771977917344275,4.384467014132364e-05,0.06018248110003565,0.0002101031936070731
16480,16480,RP11-740C1.2,-0.023203498016287703,7.100048078479478,-0.024264175938622408,0.0005887502339804227,0.8490618588033225,0.12141271956491867,0.9054021016832565
16481,16481,RP11-742B18.1,-0.06338359682398663,7.211251853104822,-0.03992649568159568,0.0015941250574124787,0.7540971572733874,0.2014528451834849,0.8402353455495346
16482,16482,RP11-744D14.2,-0.25569219497579954,7.873533847716769,-0.14021998309513592,0.019661643659200204,0.2691069787603482,0.22929770801907506,0.4051948007965054
16483,16483,RP11-747H7.3,-0.12264345906068133,7.638171641667711,-0.27273469093206565,0.07438421163780938,0.029228356999664237,0.05494441336908626,0.06638767262720044
16484,16484,RP11-748H22.1,0.054032589743369816,6.775990669418216,0.08949524914046984,0.008009399618714769,0.4818912042999172,0.07636840774974235,0.6189960481339285
16485,16485,RP11-749H17.2,0.2951918059883024,6.092220663769709,0.17728313258673029,0.031429309099764186,0.16108226681457946,0.20811658828580729,0.2719024466341662
16486,16486,RP11-753A21.1,0.1196295416667288,6.6217558381179025,0.0981493487360867,0.009633294657317965,0.4403603165033124,0.15404697965264993,0.580796603653258
16487,16487,RP11-753A21.2,0.26460818262847496,5.902722182290312,0.18931964572840346,0.035841928258728194,0.13405721330510362,0.17429537490926567,0.23458658215127423
16488,16488,RP11-753D20.4,-0.10148286279117986,7.343399044831165,-0.06655743916973947,0.004429892708833571,0.6012907949492555,0.19321292952597213,0.7204643481782841
16489,16489,RP11-757F18.5,0.041205053013762066,6.849524814061924,0.07899574110209122,0.006240327112268626,0.5349410202962432,0.06603765440819752,0.6659515981839867
16490,16490,RP11-75C9.1,-0.03241158021212366,7.138045625596008,-0.09318605391466778,0.00868364064418737,0.4639297630600481,0.04398044060564422,0.6022659923904646
16491,16491,RP11-764E7.1,-0.07274170887699667,7.243093068298024,-0.052186587157807884,0.0027234398791794786,0.6821408346382646,0.17678139808634766,0.78579453315486
16492,16492,RP11-769O8.3,0.034410950358629934,6.868248070655423,0.06355743115291901,0.004039547054758039,0.6178194927137108,0.06862076157269066,0.7342561393290932
16493,16493,RP11-774O3.3,0.5863764682530852,4.488424758884405,0.5529635583515452,0.30576869686480274,2.1560548066327757e-06,0.11221121726436968,1.4357123873810811e-05
16494,16494,RP11-77H9.8,0.17312904652116645,6.363008976670362,0.13787154350334846,0.019008562507995708,0.2772879012903136,0.15795452184351907,0.4145269690299924
16495,16495,RP11-783K16.13,0.0837052161009518,6.590044704074218,0.09327567563338048,0.008700351664863609,0.4634981878744366,0.11347253305694385,0.6018861392672658
16496,16496,RP11-787B4.2,-0.15645736531783486,7.569907143207796,-0.15485869505306918,0.023981215433539472,0.2217684737903144,0.126763336238143,0.3486552847584281
16497,16497,RP11-791M20.1,0.061455739600991134,6.801824815882286,0.0568767841866985,0.003234968579420276,0.6553025692348724,0.13700233474217774,0.7640946084253477
16498,16498,RP11-792A8.4,0.051074392804858,6.785577555803774,0.11394683171709508,0.012983880458363984,0.3699681381270536,0.05655450897673621,0.5129760552658051
16499,16499,RP11-793H13.11,-0.010680615464262985,7.070744732200708,-0.011279979061858096,0.00012723792763595702,0.9295078492963248,0.12024430319786605,0.9582506848339197
16500,16500,RP11-796E2.4,0.33074671859473503,4.886067960205747,0.4107129020106184,0.16868508787798386,0.0007489296725571134,0.0932489905256577,0.002619620749349748
16501,16501,RP11-798M19.6,-0.28042245263352045,7.932775282744256,-0.2020165968321142,0.040810705395628984,0.10941383436422858,0.17265614879067515,0.19972659387653793
16502,16502,RP11-799D4.4,-0.10563805597051727,7.378280602932477,-0.07062401456475338,0.004987751433242496,0.5792026478287031,0.18949003153935726,0.7028078899114611
16503,16503,RP11-79P5.2,0.10977353536063532,6.508321768767152,0.12072509647207524,0.014574548918191875,0.34198670351881666,0.11463470899574416,0.48422401364587253
16504,16504,RP11-79P5.9,-0.3467617864270466,8.251541438907667,-0.2827557682168688,0.07995082445991161,0.023581663637684262,0.1493927197611674,0.055302244539100355
16505,16505,RP11-7F17.4,-0.16989890011581787,7.516403381689451,-0.11338675834826345,0.012856556968727487,0.3723405951561476,0.1890699528466081,0.5153416584498515
16506,16506,RP11-803D5.4,-0.23855089032368976,7.939172876983097,-0.20997425725132424,0.04408918870824529,0.09585123766602296,0.14106777942304427,0.17953970691616014
16507,16507,RP11-804H8.6,0.2121542170376162,6.13914549393404,0.1663754419213048,0.027680787674509464,0.1888631340501432,0.15968754182220185,0.3079228405252109
16508,16508,RP11-805I24.3,0.2714917411778361,5.268382424167762,0.30765097640071576,0.09464912328031376,0.013398444364341093,0.1066377427404664,0.033714073054822956
16509,16509,RP11-806L2.2,0.011807140736567159,6.9676331044290825,0.00927919201693687,8.610340448718496e-05,0.9419875598615832,0.1615920666948813,0.9657505802678841
16510,16510,RP11-809F4.3,-0.28615119057552235,7.831748447908641,-0.14939961386491368,0.02232024462298531,0.2386901271993663,0.2405185343118529,0.3694399760204616
16511,16511,RP11-819C21.1,0.3019470129475429,5.900058710649411,0.3135418932281664,0.0983085188091029,0.011640280335413663,0.1161363840157988,0.029866145813197024
16512,16512,RP11-82L18.2,-0.24927944007064784,8.602156950936482,-0.18329993945937575,0.033598867805810825,0.147110518113939,0.16978800649700349,0.2528516763042582
16513,16513,RP11-83N9.5,0.26771488713483743,5.8475223518284976,0.2293580019707316,0.052605093068006134,0.06829021435058961,0.14428736543399726,0.13564709152100698
16514,16514,RP11-843B15.2,0.06795988915429456,6.611398547306299,0.12714493147934294,0.01616583360088682,0.3167385248630765,0.06733156598003559,0.45743533955029864
16515,16515,RP11-845C23.3,0.22889625065645694,5.841354794926539,0.2952740336833734,0.08718675496764994,0.017850048636734953,0.09406077307651388,0.04341226451353273
16516,16516,RP11-846E15.2,0.1460383082049657,6.089077426860527,0.3416251576547829,0.11670774834265528,0.005731015804310053,0.05102386040164895,0.016017700986362182
16517,16517,RP11-846E15.4,-0.0050283178517572455,7.037047561104799,-0.008009613506417086,6.4153908522179e-05,0.949913832192418,0.07972625903651816,0.9699351205265377
16518,16518,RP11-847H18.2,-0.017802890362887118,7.092354812214188,-0.02667406489862572,0.0007115057382160965,0.8342734475629461,0.08473267408597243,0.8961849053512375
16519,16519,RP11-84D1.2,0.05368141117282297,6.765629584424016,0.07380624699297622,0.005447362095188214,0.5621816305181829,0.0921189213066237,0.6894510557316591
16520,16520,RP11-85A1.3,0.0008783752349340169,7.0115551186305645,0.0006634544538104367,4.4017181228090467e-07,0.9958486055827558,0.1681407686666931,0.9973684929189981
16521,16521,RP11-862L9.3,-0.01175095801190055,7.058904637110745,-0.013874322947122859,0.00019249683724105996,0.9133514726372832,0.1075533213478308,0.9477060919961844
16522,16522,RP11-873E20.1,0.1920410965760402,6.344088973349129,0.1706430679095389,0.029119056625579506,0.1776100237812144,0.14082918641340514,0.2932630625224703
16523,16523,RP11-874J12.4,0.06450743072892072,6.804399203217202,0.050141903305442964,0.0025142104670923923,0.693967321717545,0.16317981767788275,0.7946622490609305
16524,16524,RP11-876N24.5,-0.09371681193609584,7.436829495375306,-0.134874760762326,0.018191201090694668,0.2879650188128863,0.08743884940720033,0.42650177705991743
16525,16525,RP11-884K10.7,0.11051136040604,6.454535806864598,0.0960503982848974,0.00922567901068742,0.45024496394193625,0.14544516254025408,0.589804288558625
16526,16526,RP11-893F2.14,0.12453640479037853,6.484174587337103,0.13070965836074508,0.017085014788782694,0.3032482081580365,0.1199639557241613,0.442688414969818
16527,16527,RP11-90C4.2,0.18945319366013946,6.283117394407599,0.21839206818464366,0.047695095445966035,0.08297187952767815,0.10751207288345764,0.15942822104453153
16528,16528,RP11-90P13.1,-0.29805858903722565,8.687225775442837,-0.5503939865474341,0.3029335404275771,2.4568219213824482e-06,0.057420796108697075,1.6121963244708155e-05
16529,16529,RP11-91I8.1,0.4768100473346063,5.478754455433984,0.29447474346884794,0.0867153745410438,0.018176573786200308,0.1965190132129444,0.04408755660172129
16530,16530,RP11-930P14.2,0.14144674379293795,6.367356438422139,0.18510582151343852,0.034264165158164966,0.14309883705176946,0.095368775256425,0.24742936093548926
16531,16531,RP11-932O9.10,-0.2899624303790141,8.086020799271251,-0.271288054348354,0.07359720843211545,0.03013038667822018,0.13065172350855345,0.06812921828514754
16532,16532,RP11-932O9.4,0.03742415694967468,6.844497221699876,0.028147045103399892,0.0007922561480528278,0.8252621629654543,0.1687917701014646,0.8902143033134203
16533,16533,RP11-945A11.2,-0.051114660819958656,7.184789030322981,-0.03819241122115718,0.0014586602748859726,0.7644619246656933,0.1698461025121732,0.8474937611663315
16534,16534,RP11-953B20.1,0.0602085745704689,6.754850466588179,0.06311788051636939,0.003983866840878683,0.6202574224791759,0.1209047268727214,0.7361359773299365
16535,16535,RP11-95D17.1,-0.507803630846996,9.557181967366775,-0.5086564007113294,0.2587313339846046,1.774717138902623e-05,0.10915993401736276,9.355282288932886e-05
16536,16536,RP11-95H11.1,0.05466306867448161,6.844693309978104,0.043672784628020066,0.0019073121171654247,0.7318544148859136,0.15880812446752246,0.8248054446518807
16537,16537,RP11-95O2.1,0.3365427776018531,6.046405195006008,0.1916703090261052,0.03673750736216267,0.12920437247261465,0.21885774091186905,0.2280835238820886
16538,16538,RP11-960B9.2,0.2273701579161009,6.215281263953925,0.2736601122392725,0.07488985703081122,0.02866329717209708,0.10148990342137668,0.06526852789292979
16539,16539,RP11-96D1.11,0.06810860761263686,6.534372611963197,0.0973488949967138,0.009476807357081212,0.4441155165414768,0.08843159438620186,0.5843199168057404
16540,16540,RP11-96H17.1,-0.1488034464473021,7.439799136475173,-0.06735735336476874,0.004537013052306323,0.5969167396460091,0.27992693527565243,0.7168087850021254
16541,16541,RP11-96K19.4,0.06556382875115935,6.817462658892628,0.040746561512729915,0.0016602822751106822,0.749210440049412,0.20418163232391728,0.8369004477081408
16542,16542,RP11-97C16.1,-0.056379601354731114,7.339230953885284,-0.18196930882692505,0.033112829354948824,0.15011970456955898,0.0386915305146854,0.25706485864730344
16543,16543,RP11-981G7.6,-0.02584571951859688,7.096246644828682,-0.016272074243174738,0.0002647804001753906,0.8984502376568313,0.20169371308076572,0.9376808470990737
16544,16544,RP11-998D10.7,0.15773738384164018,6.264104016657559,0.2176045483554205,0.047351739464966534,0.08411549220651182,0.08985393674532492,0.16129745055635564
16545,16545,RP11-999E24.3,0.387971453850443,5.720545034547848,0.4317968388327244,0.1864485100259337,0.000367130021392027,0.10292407944771484,0.0013831246717544094
16546,16546,RP13-1032I1.7,0.015107950792585837,6.939066696647779,0.015110416699604985,0.0002283246928357012,0.9056655174250524,0.12696490443510774,0.9426669925421538
16547,16547,RP13-122B23.8,-0.001861579919542218,7.023648005761593,-0.001954319757420967,3.819365714245946e-06,0.9877717634817534,0.1209732613180535,0.9925537274679681
16548,16548,RP13-20L14.1,-0.44338732914075735,8.693719826215496,-0.37208711946613743,0.13844882447260762,0.00246551756439385,0.1404699204735307,0.007573160688928912
16549,16549,RP13-238F13.5,-0.2281190247439495,7.7257221036990495,-0.10796594075049397,0.011656644362139177,0.3957754089231831,0.2667674341690033,0.5381124179212362
16550,16550,RP13-270P17.3,-0.14597571548051014,7.702014707897375,-0.21476111439305695,0.046122336255347715,0.08834854927991287,0.08430929518010713,0.16814799038992032
16551,16551,RP13-30A9.2,-0.021178906928215238,7.0973646005856725,-0.02445891861116725,0.0005982386996277036,0.8478648118997355,0.1099361440927236,0.9045033007383996
16552,16552,RP13-379O24.2,0.06349799117072906,6.6496819020889175,0.09538969233064896,0.00909919340293587,0.4533816287654176,0.08415458532290898,0.5926226336038581
16553,16553,RP13-39P12.3,-0.4476639568697778,8.932432069938073,-0.5298699021228557,0.2807621131756847,6.713016193246423e-06,0.0909962114627022,3.963205170794746e-05
16554,16554,RP13-436F16.1,-0.007116200567785842,7.0471369524428775,-0.00908804122066598,8.2592493228524e-05,0.9431806190337924,0.09944068598777517,0.9663112226409996
16555,16555,RP13-638C3.2,-0.10724016296591612,7.408979445440327,-0.0945794697286338,0.008945276094149558,0.45724448259356393,0.14335523722789145,0.5963040813347562
16556,16556,RP1L1,-0.08209508443799222,7.343480421831125,-0.07307833498872836,0.0053404430447248,0.5660541939072417,0.14228853083032614,0.692380454646482
16557,16557,RP2,0.14126103753842995,6.332740488008324,0.12971003081246207,0.01682469209336986,0.306993021908982,0.13714136441448402,0.4469283270135493
16558,16558,RP3-327A19.5,-0.1306124871760355,7.467772683871952,-0.1311940569349657,0.01721188057505502,0.3014442507920716,0.12534431511122446,0.4409765082011964
16559,16559,RP3-329A5.8,0.194912125436666,5.882337008379995,0.2136053435797936,0.04562724280584166,0.09011631591385096,0.11321133628523193,0.17083680478984875
16560,16560,RP3-333B15.4,0.19782614167561227,6.126300062748,0.18707857981745432,0.034998395026515625,0.13881065500925313,0.13192520857866274,0.24136379751287754
16561,16561,RP3-334F4.1,-0.38539006341854015,9.431137316358992,-0.5096283893747434,0.2597210952566951,1.6997889871376558e-05,0.08263209092021116,9.010754104398026e-05
16562,16562,RP3-334F4.2,-0.3357054595149019,8.24542013142596,-0.3659122798582248,0.1338917965510438,0.0029445755649955105,0.10843554110539813,0.008871992459787672
16563,16563,RP3-336K20__B.2,-0.026642816793832076,7.106346230298167,-0.032725088567837124,0.001070931421772784,0.7974029882897495,0.10334055476453996,0.869912428786626
16564,16564,RP3-337H4.8,0.09544066324048782,6.68693593104103,0.07919144476999858,0.006271284924759735,0.5339265905225913,0.15257847061183302,0.6651837588601673
16565,16565,RP3-359N14.1,0.2383066589781395,6.1107116435693065,0.26711847395153004,0.07135227912619424,0.03286176834132492,0.10918473060478998,0.07337818039094567
16566,16566,RP3-368A4.6,-0.12343343572829292,7.565163895897732,-0.3531859826774376,0.12474033835982724,0.004200731478736243,0.04152426660129978,0.012167152238552682
16567,16567,RP3-384D21.2,-0.1079914154894607,7.476653826798365,-0.11386150423337622,0.012964442146287152,0.3703289903734649,0.11966933319334053,0.5133474439696889
16568,16568,RP3-388M5.9,-0.08313982577051976,7.347703991199546,-0.07645429743188623,0.005845259595803324,0.5482000727155747,0.13770140052915228,0.6773557498484188
16569,16569,RP3-400B16.4,0.7031805618231555,4.7975785224861625,0.4470440514891071,0.19984838397179533,0.00021283949793862595,0.1786927099492899,0.0008490799969021088
16570,16570,RP3-406A7.7,0.08695958308437264,6.503350185878936,0.16532299090609132,0.027331691322135556,0.1917154386053046,0.06588260055295886,0.311751732597272
16571,16571,RP3-406C18.2,-0.2076964363842415,7.9205094822213535,-0.19101901984874195,0.03648826594397407,0.13053539574067027,0.13554549628680893,0.22994245638880847
16572,16572,RP3-406P24.1,-0.3410931751365003,9.77395269226653,-0.6364789423555504,0.40510544406204,1.579006116388916e-08,0.05249442010882335,2.1094002128563836e-07
16573,16573,RP3-412A9.16,0.1417899687832501,6.4103298471278585,0.1349301616404098,0.018206148520307115,0.2877652121934118,0.13223632631765572,0.42634482273061636
16574,16574,RP3-428L16.2,0.020966415070906557,6.9457520351203605,0.022794665065417226,0.0005195967554445524,0.8581054334917501,0.1167837081338572,0.9117896546743792
16575,16575,RP3-452M16.1,-0.10524380157610087,7.324908237467453,-0.059135728013398885,0.003497034327674689,0.6425272022987369,0.22562646149551316,0.7540197564503955
16576,16576,RP3-476K8.3,0.04884565942357973,6.819202223867669,0.04535577899915758,0.002057146688620424,0.721931889776624,0.1366313432401988,0.8171842507768865
16577,16577,RP3-486D24.1,-0.4635343999922809,12.06643356743239,-0.7571003327528706,0.5732009138545073,4.5378427818750177e-13,0.05079774437928144,5.583351445539971e-11
16578,16578,RP3-496C20.1,0.3048957604435222,5.95698807996117,0.22135467455323865,0.0489978919465702,0.07877937210968013,0.17059157654918772,0.15291610881803971
16579,16579,RP3-497J21.1,0.07008679319809329,6.772761744158842,0.04851097955105526,0.0023533151370029016,0.7034531860916979,0.18326886169121773,0.8021314698970944
16580,16580,RP3-507I15.1,-0.4950878619617999,12.396048440571034,-0.6257373005621285,0.3915471693147796,3.2258734504396784e-08,0.07838046719312773,3.788302037379134e-07
16581,16581,RP3-507I15.2,-0.18309054847783945,7.566858109486933,-0.12862844285632272,0.016545276311642283,0.31107838467283633,0.17927108792359536,0.45137661637272847
16582,16582,RP3-508D13.1,0.1997032268094616,6.096207103891818,0.1480637959069928,0.021922887658387617,0.2429626528934028,0.1694052660442253,0.37452706779660005
16583,16583,RP3-508I15.21,-0.028946932390806764,7.1412557406404495,-0.02830734834015278,0.0008013059700507503,0.8242828040598195,0.12981755989218124,0.8896593802944289
16584,16584,RP3-522P13.1,-0.4011902693228119,8.37266965261669,-0.3288491710615752,0.10814177730788514,0.007973856815676009,0.14632067806478208,0.02146616973439383
16585,16585,RP3-522P13.2,-0.3107375208068973,8.882616125926685,-0.34861520403891755,0.12153256048709613,0.0047561212846414435,0.10609975040314956,0.013589366198563196
16586,16586,RP3-525N10.2,0.13709361064784872,6.580619018407915,0.1352252208873378,0.018285860364029297,0.2867026003696349,0.12757224359070005,0.424951732443836
16587,16587,RP4-539M6.14,0.19946910844371946,6.245095615521787,0.20182042489596305,0.04073148390518705,0.10976595346690908,0.12293761429752227,0.20023432923308196
16588,16588,RP4-539M6.21,-0.2501112650151974,8.373733385937744,-0.22354820868778252,0.049973801607516376,0.0757849403729069,0.1384949713458105,0.14800891808940284
16589,16589,RP4-545K15.5,0.2676473490453644,5.750577579435723,0.235315550116989,0.055373408126861166,0.0612343413459084,0.1403933567072486,0.12405553951217572
16590,16590,RP4-555D20.3,0.5107496085520961,5.141110259822256,0.3774289361720757,0.14245260185998482,0.0021085646892377162,0.15914979059986298,0.0065756002801616855
16591,16591,RP4-560B9.4,-0.204035380677722,7.8555023294327935,-0.28147757853097805,0.07922962721566289,0.024246064644913388,0.08833676686454704,0.05654803768288631
16592,16592,RP4-561L24.3,-0.14717613191386342,7.457685024996891,-0.08547105785070848,0.0073053017301191545,0.5018878192910887,0.2178864946074596,0.6373216074418229
16593,16593,RP4-575N6.5,0.003120948073338265,7.004905253731539,0.002203054727364633,4.853450131763657e-06,0.986215563957722,0.1799137510711042,0.9917288522501511
16594,16594,RP4-581F12.1,-0.38108047097799663,8.934914293115265,-0.5562193352059991,0.3093799488570036,1.8243928185861011e-06,0.07230933350290739,1.2408048519623749e-05
16595,16595,RP4-584D14.7,0.3335613168310905,5.441582097455754,0.2931861941338359,0.08595814443068331,0.01871371091500532,0.1381399710461494,0.045228282350941985
16596,16596,RP4-593C16.3,0.42023726242365583,5.713761127434982,0.23838596983105206,0.05682787061229125,0.05783486232626864,0.21742701415122173,0.11824149770348824
16597,16597,RP4-593H12.1,0.10398664380553584,6.578496232176671,0.09534132421762832,0.00908996810357092,0.4536117252867197,0.13788519881969655,0.5928518263675489
16598,16598,RP4-594L9.2,-0.06558896126138128,7.28845939079857,-0.06764273527007195,0.004575539634817035,0.5953596528941631,0.12286209078436963,0.7156543593351709
16599,16599,RP4-595K12.1,-0.4508368763669529,11.864345824649243,-0.6666672151022442,0.44444517569218206,1.8134410586318136e-09,0.06401444002075411,3.466025253722147e-08
16600,16600,RP4-612B15.3,0.2564622201062716,5.83861287764233,0.3132822468763177,0.09814576620787407,0.011713340807520829,0.09873245638250618,0.03002514147571775
16601,16601,RP4-612B18.3,-0.3757539933370551,8.553047242354827,-0.4218268177728515,0.17793786419237048,0.0005172952758690472,0.102571308503239,0.001875758405717384
16602,16602,RP4-613A2.1,0.14465540423792758,6.261333180703133,0.15366523127212006,0.023613003301914147,0.2253942594404125,0.11813380651870045,0.3532285922841317
16603,16603,RP4-614O4.12,0.032264219265764484,6.919232392610347,0.019450645091305,0.00037832759446790716,0.8787510329837529,0.21062462153616476,0.9253271879048465
16604,16604,RP4-621B10.8,-0.29435855425303725,7.83487379301195,-0.13126065890775013,0.017229360576896724,0.3011967634620785,0.2823399432660755,0.4407004509584285
16605,16605,RP4-633H17.2,0.011716382783575206,6.975916692740277,0.012191377938219105,0.00014862969603249548,0.9238285094928059,0.12204293278117967,0.9545522651525294
16606,16606,RP4-635E18.8,0.107347468579889,6.419999967648844,0.22788708730426954,0.05193252456002377,0.07012903927665093,0.058249991878760926,0.13863833718603943
16607,16607,RP4-647C14.3,0.30524502742395665,5.7770017474104325,0.2921132288335549,0.0853301384595648,0.01917126052466692,0.12692106643811196,0.04616922227109232
16608,16608,RP4-657D16.3,-0.0074270073586860125,7.057404677403495,-0.0071307941092063985,5.084822462789267e-05,0.955403384344168,0.13227235034792173,0.9732874871916035
16609,16609,RP4-665N4.4,-0.041797946655012026,7.196418351817112,-0.035172924594707625,0.0012371346245449884,0.7826072653064191,0.15082794536052058,0.8598495259146792
16610,16610,RP4-675G8.2,-0.03041027390478712,7.130556210613992,-0.02497482847918792,0.0006237420575648558,0.8446952714925806,0.1545918116538345,0.9024112532891876
16611,16611,RP4-676L2.1,-0.10480241320492237,7.38109472567706,-0.10464649128703776,0.010950888138688069,0.4105450340341502,0.1264910202325816,0.5521958206217095
16612,16612,RP4-680D5.8,-0.04257091983876405,7.181217737990775,-0.06247465153588165,0.0039030820845298384,0.62383238056821,0.08637024372850949,0.7387264286763595
16613,16613,RP4-710M16.1,-0.2394469224770556,8.902445779070094,-0.35169418685083514,0.12368880106467015,0.004375335352018375,0.08094264759240616,0.01260615846832862
16614,16614,RP4-714D9.5,0.15081270001637495,6.249400652373108,0.3171027212963664,0.10055413585356104,0.010677406654502113,0.05728350932232393,0.02769756122463383
16615,16615,RP4-730D4.1,0.06709230622984699,6.74537504070303,0.1049565167458514,0.011015870407422185,0.40915222961550296,0.08073505174436403,0.5506987092003056
16616,16616,RP4-740C4.7,-0.039164668834649814,7.156090092624684,-0.03503961353167005,0.001227774516448795,0.7834111313364621,0.14186410899740526,0.8603696140121254
16617,16617,RP4-742J24.2,0.1876182870244575,6.400912872310972,0.1685423776720917,0.028406533071362,0.18308679333768652,0.13935177289119927,0.3004961762191378
16618,16618,RP4-758J24.5,0.1825730879332981,5.699340252925258,0.6936204425155529,0.4811093182754714,2.1046542474418172e-10,0.02408002690565472,6.125845124778568e-09
16619,16619,RP4-773N10.4,-0.3293391874628812,8.525818380886628,-0.4383806484185929,0.19217759290790595,0.00029103444482415247,0.08575395083727758,0.0011230133468758058
16620,16620,RP4-781K5.2,0.3357667295853774,5.365545319245328,0.3335900515804926,0.11128232251347572,0.0070651801909127785,0.12050654489916665,0.019285323389544567
16621,16621,RP4-781L3.1,-0.2360792507259528,8.94986978172727,-0.6532555932895048,0.4267428701640229,4.887077916781315e-09,0.03474990078103996,7.962955650964263e-08
16622,16622,RP4-794H19.1,-0.2449273197157591,8.225917544541442,-0.3292936556409027,0.1084343116453494,0.007884530103039696,0.08919380576290767,0.02124705938931696
16623,16623,RP4-798A10.7,-0.03692902170038751,7.192947782312339,-0.054810729141194975,0.00300421602898944,0.6670739834843584,0.08543838675452628,0.7740588957428883
16624,16624,RP4-813F11.4,0.182041212747048,6.31477381459553,0.2721615211986577,0.07407189362116738,0.02958299976717918,0.08174021680090607,0.06710872197341977
16625,16625,RP5-1007H16.1,0.35929226647568346,5.990394852318599,0.17946055661485089,0.0322060913805121,0.15591735712243426,0.2501349953845834,0.26487725492165326
16626,16626,RP5-1027O15.1,0.16668271773567248,6.434261402920558,0.12028027751241578,0.014467345158463754,0.3437813984307609,0.17471726238250404,0.48623854396740207
16627,16627,RP5-1031D4.2,0.2519762428540978,5.838213668641096,0.2309832230992563,0.0533532493533208,0.06630366633781352,0.1347960879813541,0.13247886091025576
16628,16628,RP5-1039K5.16,0.03145975814153852,6.836440696068973,0.044119928048337115,0.0019465680509904433,0.7292138180689862,0.09046938445406197,0.8228830239856121
16629,16629,RP5-1039K5.17,-0.26470171051910923,7.947988353869191,-0.1958264017475302,0.03834797962138509,0.1209516620194074,0.16834438415835778,0.21633833658464252
16630,16630,RP5-1061H20.3,0.07872574007383923,6.6519652241965535,0.08069522154695483,0.006511718780512122,0.5261635303781613,0.1234964470619384,0.6586215460753571
16631,16631,RP5-1065J22.8,0.1954800030723474,6.254414678628343,0.22146202108080845,0.04904542678119645,0.07863067873118887,0.10931685257422867,0.1526716890454492
16632,16632,RP5-1068B5.3,-0.08347606945463858,7.3985815036289875,-0.1085402924832412,0.011780995092347549,0.3932520474899046,0.09709609421100544,0.5357242758174311
16633,16633,RP5-1074L1.4,-0.07142084473302576,7.361620212688487,-0.2352496448058907,0.055342395381297725,0.06130904195104495,0.037474631753483145,0.12419178188836857
16634,16634,RP5-1085F17.3,0.2804967548805565,5.428474820532856,0.3741870882587818,0.14001597701958535,0.0023192196029688497,0.08828529860727212,0.007162393112134974
16635,16635,RP5-1092A3.4,-0.057543382850893075,7.217686343588929,-0.12704048368050036,0.016139284493775483,0.3171394995271529,0.05705900790325179,0.4578437241506998
16636,16636,RP5-1098D14.1,0.10410955851240147,6.5740146370157975,0.08595029747704082,0.007387453636391813,0.4994841756675357,0.1532629766341741,0.6352830861083335
16637,16637,RP5-1102E8.3,0.11495697492981607,6.655844913147964,0.07081136501290124,0.005014249414990333,0.5781940478811027,0.2056576867289256,0.701952186608282
16638,16638,RP5-1103G7.10,-0.3206821571212174,8.030693778048745,-0.2418193943838624,0.058476619500177976,0.054216403258110994,0.16341931168559812,0.1119855219910715
16639,16639,RP5-1118D24.2,-0.28565108916278265,8.463402453906376,-0.4236921612510793,0.17951504750561054,0.00048553780875915304,0.07755769986767057,0.0017748685429911308
16640,16640,RP5-1119A7.11,0.0046879879597627565,6.996185345964188,0.0037771064061220797,1.4266532803168454e-05,0.9763690022482244,0.15762617074174293,0.9863440354396948
16641,16641,RP5-1136G13.2,-0.1712292009031681,7.880553981561973,-0.3722764292023798,0.1385897397396745,0.002451999170538576,0.05421525012173879,0.007538052532369799
16642,16642,RP5-1154L15.2,-0.06929414480109634,7.279031732851642,-0.07115325328317833,0.005062785452780128,0.5763555745184821,0.12336835403707175,0.7004593868916306
16643,16643,RP5-1170D6.1,-0.00672191468817785,7.04116936935771,-0.007183264702743887,5.159929178968623e-05,0.9550755659076748,0.118840392130813,0.9730507240298919
16644,16644,RP5-1180E21.5,0.09692053762568076,6.716274176456972,0.06142465002860955,0.003772987631137163,0.6296866952267559,0.20001217646056302,0.7435471893548947
16645,16645,RP5-1184F4.5,0.0590529551687333,6.714152539202192,0.06949967520830327,0.004830204854059645,0.5852723809600813,0.10764939887757777,0.7076139472776819
16646,16646,RP5-1189K21.2,0.006629411639500189,6.995898110287991,0.005025603798791333,2.5256693542425868e-05,0.9685613880018752,0.16752723086271354,0.9814210291187078
16647,16647,RP5-855D21.1,0.10317143337030082,6.61208144518956,0.10652158655594156,0.011346848402394949,0.4021630693727639,0.12230605855827045,0.5444017744057155
16648,16648,RP5-856G1.1,0.1626672073134288,6.443698506095925,0.13876468805577452,0.019255638651216413,0.27415732014408634,0.14743585484504787,0.4109133975443099
16649,16649,RP5-882O7.1,-1.1813948503645169,23.445383786125024,-0.61614726411265,0.3796374510735037,5.968228357629047e-08,0.19179509230568456,6.445984293489127e-07
16650,16650,RP5-890E16.2,0.0472184371419676,6.808367226314004,0.04509727075559829,0.002033763829603741,0.7234530751988484,0.13283833646009813,0.8181729863918458
16651,16651,RP5-892K4.1,0.08102852785047993,6.719169851113776,0.062287321578590835,0.0038797104294347883,0.6248751609501321,0.1648915273438559,0.739435607124323
16652,16652,RP5-894A10.6,-0.15286042602256233,7.855350316527599,-0.2563857262728957,0.06573364063648023,0.04085682698439479,0.07318814391745948,0.0884464992051898
16653,16653,RP5-894D12.4,-0.01186919551449065,7.057788679350942,-0.00931215820761555,8.671629048366166e-05,0.9417818156170624,0.1618662339171717,0.9656835384304229
16654,16654,RP5-930J4.4,0.029070823449480275,6.829485100826624,0.05755617136650407,0.0033127128623703828,0.6514497472789933,0.06403966498395698,0.76134033163826
16655,16655,RP5-935K16.1,-0.2302638908705109,8.553755986536915,-0.4506392912737266,0.20307577083968656,0.00018645971072416744,0.057930790455538735,0.0007546202970871269
16656,16656,RP5-944M2.2,0.2005310925292422,6.3356757442721845,0.1548536468015031,0.02397965192772467,0.2217837241998313,0.1624777415452899,0.3486552847584281
16657,16657,RP5-963E22.5,0.05238100928592125,6.783587469543935,0.04056619322216221,0.0016456160325377994,0.7502844077956362,0.1638536526653951,0.8378408029504177
16658,16658,RP5-968J1.1,0.16809118818053634,6.028461504826687,0.1999994903133164,0.03999979612558634,0.11307626968963605,0.1045817430963833,0.20520125870519304
16659,16659,RP5-991G20.4,-0.29354804876917706,8.56992865376504,-0.5543739703145545,0.30733049896232256,2.0059899528807854e-06,0.05596848554698916,1.3490593922246402e-05
16660,16660,RP5-991O23.1,0.1152059408550667,6.617338200355481,0.10622021908945288,0.011282734943411369,0.4035034326783713,0.13696446214769775,0.5456051723165863
16661,16661,RP6-149D17.1,0.029075863705270124,6.929920905822273,0.016059721211109337,0.00025791464537855516,0.8997686093241264,0.2299020083354677,0.9385120537633328
16662,16662,RP6-201G10.2,-0.2515010403111165,7.813522869096463,-0.1822337901152848,0.03320915425978166,0.14951796996816702,0.1723380989952038,0.2562979212903235
16663,16663,RP6-24A23.7,0.018222273205476862,6.958719461211997,0.014149900492152213,0.00020021968393780945,0.911637238193547,0.1635346710538736,0.9468888658433933
16664,16664,RP6-91H8.1,0.05960679725193816,6.8134804033176275,0.057484145777008014,0.0033044270157123077,0.6518577784577,0.1314719562431997,0.7615278915953425
16665,16665,RP6-91H8.2,0.0254934214067597,6.913121061100487,0.031784285865520734,0.0010102408279811406,0.8031088422234929,0.10181232149412714,0.8742547478966294
16666,16666,RP6-99M1.2,-0.3220785573734073,8.155104414422507,-0.4701811628282835,0.2210703258785568,8.847734979854865e-05,0.0767803109026108,0.0003898716035818024
16667,16667,RP9,-0.3899168578467521,9.120004822148188,-0.5129966152002889,0.2631655272069533,1.4622817937192318e-05,0.0828603256504743,7.865303587429202e-05
16668,16668,RP9P,-0.6299762953347218,10.5645186663141,-0.4683529373747297,0.2193544739475375,9.50507461897132e-05,0.15093225220840042,0.00041565507042371554
16669,16669,RPA1,-0.3109061599987386,9.243938757959553,-0.4625966433137152,0.21399565440511664,0.00011879806613640627,0.07567344030213864,0.0005062125388004482
16670,16670,RPA2,-0.2061337396080383,8.621675898095715,-0.383205703326085,0.14684661106163946,0.0017752215739691851,0.06310079535949133,0.00563258947755351
16671,16671,RPA3,-0.22118307309081592,9.070790058603091,-0.4874392764800448,0.2375970482553895,4.4074190379814146e-05,0.050318514000701815,0.0002110162707660569
16672,16672,RPA3OS,0.2062264268170582,5.756510439889686,0.476546551961485,0.2270966161863804,6.872029078285287e-05,0.048317643488831434,0.0003117825051126501
16673,16673,RPA4,0.0552586937685113,6.80033710765487,0.08266522163203521,0.006833538867473503,0.5160795206694702,0.08460440158605649,0.6496745738924181
16674,16674,RPAIN,-0.8260570015790342,10.885259904313823,-0.5207386104832173,0.271168700447992,1.0283323306585488e-05,0.17199186249412218,5.7795319544279456e-05
16675,16675,RPAP1,-0.34906210591649744,9.33230947104813,-0.5214845577294813,0.27194614395031275,9.935809408487904e-06,0.07253492400465228,5.6002069948153454e-05
16676,16676,RPAP2,-0.5155576701447873,10.513717532995765,-0.5911624035728582,0.3494729873980389,2.701871855340186e-07,0.08933204353700268,2.3384906086087824e-06
16677,16677,RPAP3,-0.20454484395157188,8.238232170952669,-0.6120633245647841,0.3746215132772962,7.707934127837319e-08,0.033563543336761384,7.99785881831898e-07
16678,16678,RPARP-AS1,-0.5411612758956587,9.614190622138196,-0.5293008987022542,0.28015944136701393,6.896309191092619e-06,0.11016569848050688,4.0559363262659064e-05
16679,16679,RPE,-0.39662010598405184,9.593708170587787,-0.5512888454539112,0.3039193911219064,2.347883147733617e-06,0.07623061860233148,1.5473958121240813e-05
16680,16680,RPE65,-0.2401009819811835,7.703062454759718,-0.13284728410676544,0.017648400894543653,0.2953400387402623,0.2274986843880727,0.43398171533693297
16681,16681,RPF1,-0.6605190759446142,10.612417899271763,-0.3596392285558612,0.12934037471625498,0.0035144084018516545,0.21764398308102548,0.010371288354060723
16682,16682,RPF2,-0.24089086899397796,9.129765172910002,-0.6857065274513958,0.4701934417894518,4.05645322187324e-10,0.03247467959215395,1.0383273583884754e-08
16683,16683,RPGR,-0.43682796288835707,9.16863693305574,-0.5017002712922713,0.25170316221473865,2.4073947480675587e-05,0.09565489639483772,0.00012315646886227965
16684,16684,RPGRIP1,0.20157192704125468,6.056025920306305,0.2554145713802335,0.06523660327334839,0.04165347511654339,0.09690348182104208,0.08985018464476015
16685,16685,RPGRIP1L,-0.4913088822934673,8.897521667070132,-0.6768340424111775,0.4581043209666557,8.264190804550839e-10,0.06786321352483833,1.826133182372943e-08
16686,16686,RPH3A,-0.04631209814401868,7.245162891341272,-0.03930896241645241,0.0015451945262580679,0.7577833591350802,0.14951034286124507,0.8430845993665311
16687,16687,RPH3AL,-0.39061193274987777,9.033820896149198,-0.3523698029097676,0.12416447800266847,0.004295479864009789,0.13175352874122026,0.012407221129343731
16688,16688,RPIA,-0.2561971974686517,9.182424904760703,-0.4089648699958384,0.167252264890713,0.0007929019676674245,0.07260211228591316,0.0027557184053480705
16689,16689,RPL10A,-0.8847567030247596,18.490420611223353,-0.7113673226879346,0.5060434677882,4.4653336466364974e-11,0.11101418418691082,1.72365062598776e-09
16690,16690,RPL10L,-0.2688618127668249,8.536459709787577,-0.32940544825432605,0.10850794933963348,0.007862201560624482,0.09787262516670517,0.02119193114206163
16691,16691,RPL11,-0.6295010238559251,15.213976510744915,-0.4665596958965761,0.21767794983510555,0.00010193257948184204,0.1515605464491331,0.0004423109507182256
16692,16692,RPL12,-0.4595852948307413,13.093415955742906,-0.67628696367576,0.4573640572377787,8.627964988313723e-10,0.06357605007538235,1.8910787633798955e-08
16693,16693,RPL13AP17,-0.09925503464079688,7.634840377778312,-0.09238020402965533,0.008534102096560744,0.4678201390285167,0.13586784087175485,0.6059674137902948
16694,16694,RPL14,-0.5076516569095945,12.389370750592509,-0.6262137526264587,0.3921436639785117,3.127054670449611e-08,0.08026899695763752,3.68216645219368e-07
16695,16695,RPL15,-0.6623258449014525,13.661148313720961,-0.5466772259018946,0.2988559893197911,2.9619532468186618e-06,0.1288393395097581,1.9118061865829546e-05
16696,16696,RPL18,-0.4466353153689425,11.376691979064946,-0.30946530233823755,0.09576877335129676,0.01283405214813692,0.17429502980066386,0.0324925848370883
16697,16697,RPL19,-0.7863303689604929,17.161995759844473,-0.7144054081253649,0.5103750871587692,3.384756101565116e-11,0.09781292004572636,1.3855745440338864e-09
16698,16698,RPL22,-0.6384885398363493,14.753154315470017,-0.5067098090687913,0.2567548306065309,1.9340883859713254e-05,0.1379634346798738,0.0001009707907382089
16699,16699,RPL22L1,-0.13734223772447954,8.233510243852969,-0.7493509054525809,0.5615267795026028,1.0577718187158145e-12,0.015413262507179332,1.0653976155484168e-10
16700,16700,RPL23A,-0.6622951158055109,16.149465814770146,-0.3592843959714237,0.12908527718855078,0.0035493844439559367,0.21847672039594646,0.010461674170935867
16701,16701,RPL23AP32,0.03831564481232468,6.841094465588952,0.04596006462513996,0.002112327540347041,0.7183801768601166,0.10576463915360224,0.814307094320866
16702,16702,RPL23AP53,-0.06183654202462945,7.320972160064866,-0.06413537754407159,0.004113346652720603,0.6146202052330213,0.12219590466107284,0.7319401971140055
16703,16703,RPL24,-0.7103702428449101,16.218581819837993,-0.6485529443637126,0.4206209216428409,6.8389578237217366e-09,0.10588267017843514,1.0585963664953124e-07
16704,16704,RPL26L1,-0.3090254264128288,9.858844325964904,-0.6314156608195146,0.3986857367281443,2.2187878152370908e-08,0.048198527784964015,2.7773323779745206e-07
16705,16705,RPL27,-0.6255847251241549,15.164701188573673,-0.5729260577587889,0.32824426765902714,7.524856879789616e-07,0.11365731876786013,5.7600132814366964e-06
16706,16706,RPL27A,-0.038397997801985925,7.330135653268868,-0.06937122303518388,0.004812366585397226,0.5859676592094643,0.0701270982258382,0.7082568464043842
16707,16707,RPL29,-0.4846872319531128,13.326449921033248,-0.6550346416074658,0.4290703817058212,4.297077081337037e-09,0.07100562476431282,7.125053920088326e-08
16708,16708,RPL3,-0.8214651555941861,17.818787612925945,-0.6085397610010145,0.3703206407191718,9.583625822040703e-08,0.1360392004993138,9.63926693805348e-07
16709,16709,RPL30,-0.5212190983213091,14.066931698588238,-0.39455842081944015,0.15567634743953046,0.0012543465724584692,0.15415855717412075,0.004144551214710882
16710,16710,RPL31,-0.1767586075432181,8.759879974473439,-0.3043498245681192,0.09262881571464494,0.014480354911647031,0.07025935567342254,0.03612581631471388
16711,16711,RPL32,-0.8720428719057328,18.942115497076887,-0.6316768489546787,0.399015641505312,2.1805217475765557e-08,0.13591851346437955,2.73575889013733e-07
16712,16712,RPL32P3,-0.0640965389127079,7.31946196397883,-0.049101813373946236,0.0024109880766098467,0.7000114523353667,0.1655834898213725,0.799462138956556
16713,16713,RPL34,-0.14578971823992054,8.955229563060003,-0.11857163416264553,0.01405923242800025,0.3507296138703262,0.15505138815781908,0.49331318448700406
16714,16714,RPL34-AS1,-0.055860759340919185,7.1883766193221765,-0.04223294200621847,0.0017836213905006125,0.7403783096095781,0.16783092952203396,0.8311935452639024
16715,16715,RPL35,-0.4945518913505221,13.209284283756428,-0.6775536607715079,0.4590789632248716,7.807850529546888e-10,0.06817721587622236,1.746683917534482e-08
16716,16716,RPL35A,-0.7353099498201655,12.945894835034972,-0.5684475212411986,0.3231325844052629,9.586949199197072e-07,0.1351562161410085,7.107339435419808e-06
16717,16717,RPL36,-0.31855244013765555,10.641004977039746,-0.7036807007667035,0.4951665286315189,8.862154454572856e-11,0.04084919684473808,3.041362198316564e-09
16718,16718,RPL36A,0.5653609530192166,4.576437241741113,0.5294311273231043,0.28029731857861306,6.8539513878355835e-06,0.11505276344857499,4.034311424397378e-05
16719,16719,RPL36AL,-0.3662220595646078,11.097094588020921,-0.4139557818014661,0.17135938928686306,0.0006731591527485269,0.10227695977743348,0.0023822947299835515
16720,16720,RPL37,-1.1009338724419384,21.772676814709524,-0.685778092854739,0.4702915926394831,4.0328266085545487e-10,0.14838848970819324,1.0335013042396302e-08
16721,16721,RPL37A,-0.2995057620261384,9.686717987813498,-0.4015101817168597,0.1612104260223057,0.0010078647526884713,0.08676394416190672,0.0034198231305968105
16722,16722,RPL38,-0.06023722791870965,7.640371292524124,-0.08511737413020863,0.007244967378821908,0.5036655550132625,0.08955131435397583,0.6387629630343894
16723,16723,RPL39,0.0011866029720584105,6.999407937582383,0.0007000033591185307,4.900047027772267e-07,0.995619912456276,0.2152828115259897,0.9971855697812616
16724,16724,RPL39L,-0.0676273504551012,7.383003452444518,-0.2267283197198891,0.051405730963004256,0.07160537705453472,0.036894447128733035,0.14120166360753594
16725,16725,RPL3L,0.04649316841403578,6.788863299456135,0.08631571239364436,0.0074504022060223295,0.497655439315114,0.06815214799226617,0.6335318293991233
16726,16726,RPL41,-1.5958836888205314,29.666618525644626,-0.5571907951664193,0.31046158221818665,1.7350992629786792e-06,0.3020512879718439,1.1860345498675285e-05
16727,16727,RPL6,-0.8979810742855159,18.45568113468156,-0.5611840110042311,0.3149274942067969,1.4093254161429888e-06,0.16820322531219095,9.930499953342372e-06
16728,16728,RPL7,-0.6770949106476404,13.872079206707296,-0.44432211464777815,0.19742214156507326,0.0002350385308036788,0.17338014526380888,0.000928280026363973
16729,16729,RPL7AL2,-0.42820491263059896,9.66140322255089,-0.6477325960453731,0.41955751597967855,7.247534930192135e-09,0.0639645934625727,1.1036945774494423e-07
16730,16730,RPL7L1,-0.3591809563486808,10.616584957685042,-0.6949872783012812,0.4830073170006224,1.8751735063619446e-10,0.047193566727264435,5.5625866137353304e-09
16731,16731,RPL8,-0.7913796127459221,17.532784276850315,-0.7189008908118033,0.5168184908100043,2.2315615626384673e-11,0.09717960833943616,9.984393727052894e-10
16732,16732,RPL9,-0.193940896408864,9.650143792995202,-0.12456891765066655,0.015517415244658543,0.3267225173513977,0.1961859409816764,0.4683066000294226
16733,16733,RPLP0,-0.9631120399525508,19.96322617465256,-0.6621559668477565,0.4384505244320872,2.545395278771042e-09,0.13842504818504428,4.5972089042357724e-08
16734,16734,RPLP1,-0.024585425292131403,7.240231121090018,-0.015391266086773513,0.00023689107175386447,0.903920388625668,0.20284116110244013,0.9412577426278536
16735,16735,RPLP2,0.07936795718098134,6.66664420411955,0.07238597503500599,0.005239729381768512,0.5697491674555186,0.13888461676769412,0.6953015953608115
16736,16736,RPN1,-0.2539026987536581,9.49038045313231,-0.3836619153679186,0.14719646530377994,0.0017510281870407381,0.07761528875921754,0.005563162469244011
16737,16737,RPN2,-0.23419285794933406,9.586479531882912,-0.3914210146922942,0.15321041074274516,0.0013824012753988679,0.06992321979747128,0.0045220392173357235
16738,16738,RPP14,0.09646392928822634,6.375818467554151,0.1234627540206509,0.015243051630363753,0.3310702676587101,0.0984685788531139,0.47300433107800804
16739,16739,RPP25,-0.2883211522479678,8.944630473351928,-0.6022707292094239,0.3627300312624514,1.4028451942971974e-07,0.04853450782882495,1.3370868258145162e-06
16740,16740,RPP25L,-0.2926641720545705,9.612132713071423,-0.2502114611324341,0.0626057752820276,0.04614307251259687,0.14382277113349207,0.09794434770243925
16741,16741,RPP30,-0.3764132809336228,8.834952745816782,-0.33801211917299084,0.11425219270781616,0.006300708828044293,0.1331042321777787,0.017398858667597446
16742,16742,RPP38,-0.4982544125342895,10.882806094234205,-0.5916477903106027,0.35004710777941883,2.6269350344443483e-07,0.08622496013045794,2.2809253476701028e-06
16743,16743,RPP40,-0.1635685364114545,8.136911876625673,-0.7156940416624691,0.5122179612711599,3.006219152258603e-11,0.020271665137357488,1.2616216229100783e-09
16744,16744,RPPH1,-0.08993259626397483,7.4373238482235395,-0.1032896853369135,0.010668759096998605,0.416672793342837,0.10998543929812067,0.557770250345499
16745,16745,RPRD1A,-0.16416765531154745,8.142645125281858,-0.3014291885696058,0.090859555721731,0.015499387235499488,0.0659510835893714,0.03832810672430529
16746,16746,RPRD1B,0.18127310537131985,5.8383650699295755,0.1418840870612448,0.020131094161202897,0.2634088147841199,0.1606156383196604,0.3984435515611985
16747,16747,RPRD2,-0.14486652126708618,7.944911004779956,-0.10740239668731194,0.011535274814178716,0.3982605381111923,0.17030947163665547,0.5404575174387317
16748,16748,RPRM,0.07594950027889505,6.704106970343531,0.0806159131526705,0.006498925453438911,0.5265715399170767,0.11925935847717395,0.6589390525116354
16749,16749,RPRML,-3.5737798606494364e-05,7.015882390981251,-4.666575525356288e-05,2.177692713385432e-09,0.9997079998434844,0.09725986287221904,0.9998128558656009
16750,16750,RPS10,-0.6087598605942188,14.057256395495749,-0.5351970747230682,0.28643590879212943,5.204188176042608e-06,0.12202615487675818,3.1532371279295654e-05
16751,16751,RPS10L,-0.62950049507075,12.5774364383086,-0.6704493403003536,0.4495023179091794,1.3585946579237846e-09,0.08847325606105276,2.7266327448878178e-08
16752,16752,RPS10P7,-0.2741359717070809,8.336548247444341,-0.18619778160345066,0.034669613874046296,0.14071315721685962,0.1837103683803702,0.24406435078342772
16753,16753,RPS11,-0.06227149453338976,7.494204866474549,-0.1228473240337928,0.015091465022263691,0.33350493156151395,0.0638889416677033,0.475572849530132
16754,16754,RPS12,-0.9343587176332878,19.334984645190307,-0.7149642402605124,0.5111738648512917,3.2153290579845964e-11,0.1160407922751696,1.3287776860812297e-09
16755,16755,RPS14,-1.066635481970587,13.689597426043024,-0.5227913786794754,0.2733108256215867,9.353236771690238e-06,0.2208849417404008,5.30220791337571e-05
16756,16756,RPS15,-1.1317687168650767,16.8984945770735,-0.5782449424346887,0.33436721345129644,5.617447312625056e-07,0.2027997197586479,4.436390282818948e-06
16757,16757,RPS15A,-0.5562283212727379,11.638662189992793,-0.3437603428104979,0.11817117328919102,0.00541608872752428,0.19297170106858672,0.015223961759415663
16758,16758,RPS16,-0.7866794600472495,15.722976297113874,-0.6212870961590761,0.3859976558537769,4.302884820441851e-08,0.12600699284585729,4.860666186054684e-07
16759,16759,RPS16P5,0.28190674435136515,5.731100989259198,0.4246481101230104,0.1803260174310444,0.00046995967492802947,0.07633100857923637,0.0017237426762477096
16760,16760,RPS17,-0.8308388081777842,18.095586515324353,-0.6374589137841313,0.4063538667628446,1.477336087032563e-08,0.12753592976557032,2.0007325181169577e-07
16761,16761,RPS18,-1.049644869189674,21.531698458638896,-0.5876472085436834,0.3453292417091833,3.30777003148742e-07,0.18354448364626705,2.7936723881380683e-06
16762,16762,RPS19,-0.7505341979796462,15.011214989429902,-0.6359217362970623,0.4043964546950704,1.6397336207115526e-08,0.11567769018647095,2.1784313838348877e-07
16763,16763,RPS19BP1,-0.37171183346968,10.155673424187514,-0.4279872500120358,0.18317308617286485,0.0004190468581703518,0.0996884240808101,0.001557847161146604
16764,16764,RPS21,-0.2971931373874201,10.070722137272838,-0.3538446638616041,0.12520604614333158,0.004125619994678779,0.09976613959520164,0.011974306525233742
16765,16765,RPS23,-0.13379175018149495,8.446639524714488,-0.2358051234991343,0.05560405626844196,0.06068173180142236,0.07002567594198038,0.12314337008338498
16766,16766,RPS24,-0.22414081947841044,9.19753900821655,-0.4837208624997362,0.23398587281748875,5.137699802620934e-05,0.05150491581840541,0.00024112893200207267
16767,16767,RPS25,-0.4615419888654429,12.685257169478895,-0.4192063208561263,0.17573393944572946,0.0005651023347684961,0.12694665417716786,0.0020361549183713448
16768,16768,RPS27,0.4379223949443931,3.1594968195898487,0.4648211611553788,0.21605871185783454,0.00010903959812757016,0.10593932178278156,0.0004698075004879689
16769,16769,RPS27A,-0.6455546253758826,12.124692962035684,-0.3472248286820321,0.12056508165326656,0.0049374569774642925,0.2214258053150425,0.014044480605147675
16770,16770,RPS27L,-0.19497823332151235,8.78862881794042,-0.42783752561633,0.1830449483255038,0.00042121756350928637,0.052313104480366086,0.0015651109021608777
16771,16771,RPS28,0.3881406060512685,3.700411594984051,0.25401481302071416,0.06452352523394837,0.04282424365207927,0.18769410234651296,0.0919816500977759
16772,16772,RPS29,-0.10958557837229843,8.081827262077606,-0.1075996868128141,0.011577692602215679,0.3973894823287645,0.1285931459691781,0.5395616803454383
16773,16773,RPS3,-0.7738525915527344,16.995382594226832,-0.6762251030815127,0.4572803900376025,8.670043500517964e-10,0.10706779651867072,1.896462545492086e-08
16774,16774,RPS4X,-0.6845003034399189,16.13277130394452,-0.5497282817447676,0.3022011837500546,2.54091364273254e-06,0.1320975715862403,1.661838868419606e-05
16775,16775,RPS4Y1,-0.0020867000616671227,7.036752518380153,-0.02722764903955576,0.0007413448722212216,0.8308842163268878,0.009729555493695922,0.8935192781724565
16776,16776,RPS5,-0.6878037956921585,16.02086759551474,-0.6742804797550223,0.45465416537866293,1.0096809768145812e-09,0.0956674364244922,2.1537594864945868e-08
16777,16777,RPS6,-0.7671637446125836,15.460821136564697,-0.3825850341811898,0.14637130837942214,0.0018086174762535978,0.2352874430183848,0.0057293170638197275
16778,16778,RPS6KA1,0.37167294834180137,4.0219869232236265,0.5876050710873582,0.34527971956757925,3.315754284055109e-07,0.06499911892553285,2.7971429303160644e-06
16779,16779,RPS6KA2,-0.11913257231827495,7.710375047927442,-0.15389014870011727,0.02368217786694421,0.22470781377818647,0.09714477880599087,0.3523313089107688
16780,16780,RPS6KA2-AS1,0.08420426098098903,6.6091863285584775,0.11452158510309775,0.013115193454526063,0.3675430473902499,0.09276499058298236,0.5107909569526288
16781,16781,RPS6KA3,-0.05753526783301075,7.533329765309406,-0.09262098788827544,0.008578647397400064,0.4666558707510508,0.07855213974862889,0.6049708381892963
16782,16782,RPS6KA4,0.08360811144856126,6.505299366879778,0.06887649176132239,0.0047439711173475115,0.5886489973838991,0.1537973878417185,0.710455488849002
16783,16783,RPS6KA5,0.4364346319537222,4.567708631182549,0.5782201176996723,0.3343385045126229,5.625184650791825e-07,0.07820902667850457,4.440881283736674e-06
16784,16784,RPS6KA6,0.4056652936084852,5.174192954517926,0.6527004736639032,0.4260179083210836,5.086382553560538e-09,0.05980083556872104,8.244432200400707e-08
16785,16785,RPS6KB1,-0.27353981660668897,8.87612716779135,-0.3790133935116387,0.1436511524612083,0.0020119732903369075,0.08481946097395962,0.0063134736418266535
16786,16786,RPS6KB2,-0.22956475157262304,8.622871571613775,-0.31090770906619225,0.09666360355678803,0.012400112126058526,0.08912563236127585,0.03155027941367611
16787,16787,RPS6KC1,-0.17267756065715098,8.127689089093396,-0.4969347234382713,0.2469441193586712,2.9553914859498033e-05,0.038296079680693984,0.00014780370121996074
16788,16788,RPS6KL1,-0.31688513014410485,8.565584210964007,-0.3882540879083795,0.15074123677756768,0.0015234694236703052,0.09552344947122007,0.0049261953665194055
16789,16789,RPS7,-0.524051885422339,13.814505154902092,-0.5970164009678083,0.3564285830245548,1.9186424995675284e-07,0.08943150817565691,1.7398745112284266e-06
16790,16790,RPS8,-0.3814617699946578,8.333654361823491,-0.2777322809924765,0.07713521990528395,0.0262846784680808,0.16757060971026375,0.0605977549479708
16791,16791,RPS9,-0.7224388253855079,13.98270198886176,-0.5353277339119891,0.2865757826953452,5.171511491402993e-06,0.14476361284496464,3.1378280007377924e-05
16792,16792,RPTN,0.015257553015040554,6.963754942814702,0.017005656782052514,0.0002891923625889688,0.8938979924336377,0.1139286173746304,0.9346384636900598
16793,16793,RPTOR,0.02866374248446805,6.835091206242571,0.02628855061121617,0.0006910878932384741,0.8366354770591946,0.13842683413715162,0.8975645903253336
16794,16794,RPUSD1,0.0479386357895483,6.699529240729022,0.04858636699861823,0.0023606350581244183,0.7030137062471289,0.1251590299687397,0.8018414520584418
16795,16795,RPUSD2,-0.3316412486397072,9.123525320280006,-0.5379596902433831,0.2894006283267567,4.552714777696488e-06,0.06599869854267855,2.8064058784804282e-05
16796,16796,RPUSD3,-0.6267344775720731,10.343699325155296,-0.4103288237981081,0.16836974363953885,0.0007583973866863793,0.17689715861744232,0.0026485355925975284
16797,16797,RPUSD4,-0.2698102625302513,9.062676061838086,-0.6897183542521762,0.4757114081923304,2.9161725727670875e-10,0.03597294887166394,8.013923485186711e-09
16798,16798,RQCD1,-0.4347497893131156,9.464711319572405,-0.5763642565756258,0.3321957562579739,6.232843824855575e-07,0.07828365290388649,4.860361290142149e-06
16799,16799,RRAD,0.3182464731130705,5.666281039598331,0.34692543465098985,0.12035725720777825,0.004977293329934441,0.10926593227953467,0.01414293230018768
16800,16800,RRAGA,-0.1483163444592986,8.403004704487264,-0.13309408840151246,0.01771403636742961,0.2944357416362888,0.14026630973924387,0.4331820086373961
16801,16801,RRAGB,-0.2850385248550387,8.418232078221202,-0.4364975591855337,0.1905301191749285,0.00031117568265157574,0.07461501737155755,0.001190970202866715
16802,16802,RRAGC,0.6527760807115038,2.529261104582232,0.5973301773752524,0.3568033408031505,1.8833957381162476e-07,0.11130785706297293,1.7150939743022432e-06
16803,16803,RRAGD,0.19080929367073635,6.004939691745904,0.5053001502092511,0.2553282418014917,2.057689724978196e-05,0.04138440290127269,0.00010662663554535257
16804,16804,RRAS,-0.11629714524705174,7.984982029964762,-0.2038763552665286,0.04156556823676378,0.1061187928724516,0.07092307420605956,0.19508932929087713
16805,16805,RRAS2,0.21384481551289827,5.357930794559522,0.44419551007271857,0.19730965116876265,0.00023612086856674824,0.05477756679613803,0.0009317505196297898
16806,16806,RRBP1,0.31941563432219044,5.012543236472029,0.3292817311699689,0.10842645848229167,0.00788691506627835,0.11632452140259585,0.021250609152700967
16807,16807,RREB1,0.6998662227396732,3.2548662039011917,0.5101285488341388,0.2602311363356244,1.662388815329347e-05,0.14986064042046252,8.836286155119541e-05
16808,16808,RRH,-0.22925499183790715,7.860694999817446,-0.13988039686675025,0.01956652542759955,0.27027984144753536,0.2060986588424823,0.4068193484775407
16809,16809,RRM1,-0.211180777836174,8.797895339751918,-0.5969368831018732,0.3563336424073794,1.9276730304081032e-07,0.036046286656602936,1.747331916010359e-06
16810,16810,RRM2,-0.1251333290254276,8.218765735307315,-0.6742701965624225,0.4546402979723279,1.0104916362403603e-09,0.017405428192888837,2.1537594864945868e-08
16811,16811,RRM2B,0.1116767515375376,6.237781566295734,0.2486619886504797,0.06183278459961127,0.04755438736373418,0.055245594514844176,0.10033030576399685
16812,16812,RRN3,-0.2358630746809421,8.78703432536535,-0.3741886726443027,0.14001716273530515,0.002319112216845626,0.07423665012753025,0.007162393112134974
16813,16813,RRN3P1,-0.3068201028018477,8.698178777736931,-0.3533023925382296,0.12482258057323728,0.004187369523538836,0.10317855463787626,0.012132390558233008
16814,16814,RRN3P2,0.1498656238120306,6.213469178590815,0.3472592906435257,0.12058901493824466,0.004932889686503418,0.05139824028741928,0.014034800648664735
16815,16815,RRN3P3,0.20145988296049344,6.276131911413225,0.1573125372820496,0.024747234386116247,0.21444215110557235,0.16061569897013414,0.33970334909957345
16816,16816,RRNAD1,-0.06978818358737772,7.451652940705116,-0.0946590545977371,0.008960336617337373,0.4568642534505918,0.09321148039481876,0.5959517744998835
16817,16817,RRP1,-0.4394526713144522,9.843976388768274,-0.3964563443753142,0.15717763299543772,0.0011821688916540687,0.12923761004722495,0.0039348089991959505
16818,16818,RRP12,-0.6427973229443397,10.149325157778437,-0.6076543247061281,0.3692437783340606,1.0118572559024668e-07,0.10669704531939453,1.007901052280033e-06
16819,16819,RRP15,-0.22494698553207465,8.352534166782874,-0.5856950957627919,0.343038745200586,3.6973124015651815e-07,0.03953508018418341,3.071166093436671e-06
16820,16820,RRP1B,-0.4463632299881678,10.287910032529169,-0.6724800492325002,0.4522294166157458,1.1614476733053456e-09,0.0623896451186703,2.4129927735541718e-08
16821,16821,RRP36,-0.2456104211516673,8.561516409346986,-0.34900030691675205,0.12180121422798712,0.004706946658193501,0.08375708464202107,0.013457740940477985
16822,16822,RRP7A,-0.30743485041862617,8.931932091232733,-0.5841559420205934,0.34123816459796685,4.0344658192120414e-07,0.054249116419695584,3.3181297878859386e-06
16823,16823,RRP8,-0.540960333077519,9.443306362176187,-0.2971183144546591,0.08827929278437767,0.017115701979954618,0.2207857617602466,0.04182357553327886
16824,16824,RRP9,-0.2906905293086073,8.914020306063106,-0.6703920558382469,0.4494255085310312,1.3645925093080115e-09,0.040861492152527684,2.7336032182298786e-08
16825,16825,RRS1,-0.2770537808295777,9.2845031113303,-0.6872470505602284,0.4723085085037331,3.575833030879058e-10,0.03719164583808041,9.443251741912927e-09
16826,16826,RRS1-AS1,-0.3856904467878893,8.17502355068094,-0.2151099967200114,0.046272310688883315,0.0878203223537727,0.2223794436084039,0.16726025334836833
16827,16827,RS1,0.2354134312064597,6.149992674223406,0.19643882359534265,0.03858821141552215,0.11977039447265993,0.14923228521860166,0.21463322511630675
16828,16828,RSAD1,-0.23207810029586906,8.642069162626411,-0.28077580412579506,0.07883505218248682,0.024617529540432042,0.10075052973441273,0.05730946056741087
16829,16829,RSAD2,0.1069681108652073,6.441426273901582,0.5734031030323088,0.3287911185670805,7.331663258625202e-07,0.019410078398698013,5.6240583728490525e-06
16830,16830,RSBN1,0.34746857282810995,4.23725625760047,0.4713608399454802,0.22218104143410855,8.446093270279026e-05,0.08256679918056553,0.000374565123423904
16831,16831,RSBN1L,0.14165316890893034,6.135964417922344,0.14984926942315333,0.0224548035466528,0.2372636410301969,0.1186982299828608,0.3677314734117459
16832,16832,RSF1,-0.016991994317342853,7.125015399321074,-0.018130321683752317,0.0003287085643563393,0.8869255518446826,0.11900675402380816,0.9304310307204722
16833,16833,RSG1,0.02067941622487492,6.899215717381343,0.014854610107169102,0.0002206594414360105,0.9072554235118288,0.1767800497113065,0.9438228380163649
16834,16834,RSL1D1,-0.29239687671917725,9.078087245300207,-0.509347862126135,0.25943524465246426,1.7211066144184055e-05,0.0627399136530978,9.105928105358067e-05
16835,16835,RSL24D1,-0.30062515235982645,9.988898362451096,-0.6813515208450659,0.4642398949578842,5.77014742773901e-10,0.04101506696594063,1.3744361859404331e-08
16836,16836,RSPH1,-0.1290375720039997,7.764661994096624,-0.3881063478370709,0.1506265372314295,0.0015303553813041028,0.03891517034920403,0.004943921270911074
16837,16837,RSPH3,0.4163311110843279,4.3110374439806805,0.4172922835779435,0.17413284993369482,0.0006025198023787338,0.11514836154395401,0.00215728722311401
16838,16838,RSPH4A,-0.06433519407102455,7.204428389091326,-0.031549262156437566,0.0009953559426156234,0.8045358447587998,0.2588494922053508,0.8755766267088054
16839,16839,RSPH6A,0.0883322842841861,6.5358431051026615,0.14604972127116864,0.021330521083386057,0.24950318131738086,0.07598728131106723,0.3817308340982127
16840,16840,RSPH9,0.16702385343595313,6.4109711725903535,0.16101341256951626,0.02592531902728125,0.20371740990902545,0.13002196560022736,0.32694734392499414
16841,16841,RSPO1,0.286655724224725,5.754234430480116,0.26648848191834423,0.07101611099514367,0.03329190924948515,0.13167108739741135,0.07422385409220641
16842,16842,RSPO2,0.3561976104466305,5.806826498594434,0.5178178009011171,0.2681352749300689,1.1755908695025955e-05,0.07473664336324426,6.500873411409272e-05
16843,16843,RSPO3,0.15768929246592192,6.349081606399078,0.6040417524048506,0.3648664386483228,1.2607290718509266e-07,0.02642237986694809,1.2193429232216087e-06
16844,16844,RSPO4,0.12886944617184873,6.3824484174159375,0.1594731516253382,0.02543168608931811,0.2081336937105956,0.10131475154313747,0.3324581498342515
16845,16845,RSPRY1,0.18223135079498734,5.547904199378637,0.21255741952566284,0.04518065659540864,0.09174302368352724,0.10639263986492063,0.17338935048584242
16846,16846,RSRC1,-0.3279079586976258,8.589091461979322,-0.628126274870778,0.3945426171830401,2.7584643731225038e-08,0.051588267359819286,3.309393130192123e-07
16847,16847,RSRC2,-0.07162472587469143,7.63000420949669,-0.08206512786395294,0.006734685211326945,0.5191408820437151,0.1104691754924782,0.6524663842516919
16848,16848,RSU1,0.7119823010632432,3.1338477768548216,0.3260012871684702,0.10627683923549938,0.008567444799018139,0.2622138001531366,0.022876450939918344
16849,16849,RSU1P2,-0.0015807026778542686,7.0205991004277415,-0.0006494630086898522,4.218021996564749e-07,0.9959361526804557,0.3091005889676742,0.9974100442258367
16850,16850,RTBDN,0.15197042042192982,6.257909700076324,0.1762163949980859,0.03105221786612143,0.16365813133470802,0.1078119979555138,0.27532759742488366
16851,16851,RTCA,-0.29689531855437656,9.081224268942368,-0.3322623885315534,0.11039829483269294,0.007310021967311856,0.10703458401407487,0.019871770738405504
16852,16852,RTCB,-0.107255189895124,8.092485350823138,-0.17612311788407553,0.03101935265320797,0.16388480030904268,0.07613137225286365,0.2756018754905894
16853,16853,RTDR1,-0.03790552115509797,7.1876783662793535,-0.031442275703195986,0.000988616701395789,0.8051856493422036,0.1530304566482286,0.8759756461444571
16854,16854,RTEL1,-0.22096611755052328,8.41691676443167,-0.33617051175525603,0.11301061297379075,0.0066097752921365285,0.07861934780207974,0.018173525133470866
16855,16855,RTF1,-0.2218442301120628,8.563475665807822,-0.2085826795647112,0.043506734214394965,0.09812315459287924,0.13210370832986668,0.18319090090601797
16856,16856,RTFDC1,-0.3331846689589874,9.303433631348971,-0.2475020979808424,0.06125728850491849,0.04863386575095695,0.16564699791308055,0.10231869841999153
16857,16857,RTKN,-0.3920932514056029,9.286397518563906,-0.6679015701870936,0.4460925074583851,1.651093225290821e-09,0.055488077505986624,3.209553302843153e-08
16858,16858,RTKN2,-0.7234415604903173,9.229427874303834,-0.4851474835480419,0.2353680807929976,4.84522133551351e-05,0.16559988794250338,0.00022939061657311995
16859,16859,RTN1,0.2572243361289574,5.942228040378442,0.6116795380069912,0.3741518572164461,7.893998589710669e-08,0.04225000274603126,8.140216164770693e-07
16860,16860,RTN2,-0.3445842274148017,8.90357391511433,-0.6218598744742284,0.3867097034811031,4.147310557981463e-08,0.055111224647486905,4.7144362274587186e-07
16861,16861,RTN3,0.11683211765627335,5.919180434441558,0.13103130006689198,0.017169201597219887,0.3020495972926106,0.1122614719957362,0.44141476780749644
16862,16862,RTN4,0.3431836362219268,3.6231018113559457,0.2591477108476213,0.06715753603756232,0.03865972872909977,0.1624379513477522,0.08435876920885284
16863,16863,RTN4IP1,-0.01640467537288361,7.1288741530033,-0.03483407924583397,0.001213413076905041,0.7846509453481731,0.05977282900164259,0.8614690844410205
16864,16864,RTN4R,-0.21395922765853567,8.135661998282389,-0.30323036080883753,0.0919486517162578,0.01486391944739694,0.08539210075625152,0.03695925773721216
16865,16865,RTN4RL1,0.09982818141759632,6.59370288509871,0.14963926989350207,0.022391911094260357,0.2379291099417029,0.08377108249357718,0.3684727795027946
16866,16866,RTN4RL2,0.018129644802043786,6.952122661185131,0.017428981702922463,0.000303769403200806,0.8912725914108427,0.13208559716587678,0.9332031702447441
16867,16867,RTP1,0.15578773125608175,6.503767829462648,0.0912118772103316,0.008319606544232609,0.4734916080012291,0.2160090154614535,0.6112655944513287
16868,16868,RTP3,0.07862687005382307,6.728377168308897,0.056855475254066486,0.0032325450663657678,0.6554235583053469,0.17534757886622704,0.7641844158241689
16869,16869,RTP4,-0.17934776713838968,8.385734216819532,-0.4923230230439956,0.24238195901917864,3.5938066834423494e-05,0.04026939803898833,0.00017584652374271216
16870,16870,RTP5,-0.029313996780401374,7.165071652495996,-0.04232021725046154,0.001791000788126262,0.7398607403551387,0.0878905218333525,0.8307847722266284
16871,16871,RTTN,-0.4961505245528183,9.235550688688212,-0.4652270849147424,0.21643624053826893,0.00010734056461121368,0.11989188539690784,0.00046326951653145675
16872,16872,RUFY1,-0.21144182925666005,8.352112707830813,-0.09687938345803286,0.00938561493920857,0.4463264256077745,0.27587732829259065,0.5862670597195412
16873,16873,RUFY2,0.5742584105315321,5.037579057429014,0.21616234632017764,0.04672615996664442,0.0862420487467867,0.3294126794809841,0.16467432903726886
16874,16874,RUFY3,-0.08379605199495964,7.475794607990553,-0.11549040341696452,0.013338033281413213,0.36347718343182267,0.09153053655922427,0.5065370190225046
16875,16875,RUNDC1,0.16982191309515876,5.92957367594218,0.17443403641749544,0.030427233060900127,0.16802938430528708,0.12174660463149616,0.28097886618772133
16876,16876,RUNDC3A,-0.19739764976706,7.975138104461074,-0.14130333569157222,0.019966632677565148,0.2653881021699832,0.17563624755775084,0.40082154780938667
16877,16877,RUNDC3B,0.14138797072919965,6.26610392260709,0.7438041342378421,0.5532445901093058,1.902728543097985e-12,0.016135890525421585,1.6158269255210537e-10
16878,16878,RUNX1-IT1,0.23395519442518786,5.648657985723629,0.3640834836273281,0.13255678305021087,0.003101538753485289,0.07600749106463067,0.009290886942415815
16879,16879,RUNX1T1,0.5050236384673477,4.993525494212605,0.6236821805294915,0.3889794623100213,3.686963671356679e-08,0.08038600206628298,4.2468722501717494e-07
16880,16880,RUNX2,0.8511082956870514,3.066356482994783,0.5696896817679757,0.3245463335128975,8.96732127550531e-07,0.15593672431503192,6.7053640269705625e-06
16881,16881,RUNX3,0.14705766983503585,6.1821824445949884,0.30188108886902537,0.0911321918167484,0.015337800775638247,0.058980206423847735,0.03797622636593257
16882,16882,RUSC1,0.348028123400388,4.054701922059676,0.4412336213686789,0.19468710862611874,0.00026278039460844754,0.08989431408932097,0.0010232888770447637
16883,16883,RUSC1-AS1,-0.18665925816648365,7.78686176741195,-0.34249751432273307,0.11730454731725072,0.005600453340343121,0.06502819680484867,0.015689494368993737
16884,16884,RUSC2,-0.0977229732463436,7.574379223488468,-0.10885039284438593,0.011848408022377143,0.3918936120442312,0.11333984485957573,0.5344789122570743
16885,16885,RUVBL1,-0.2056779357276393,8.697408248739093,-0.7204751934153016,0.5190845043268163,1.92497428645776e-11,0.025142427892491843,8.98390477871612e-10
16886,16886,RUVBL2,-0.4188481813192225,10.24764088989685,-0.7370267110380259,0.5432083727835298,3.8215211259566064e-12,0.04877941965367293,2.704413071326481e-10
16887,16887,RWDD1,-0.2948650489196115,9.043936519960383,-0.3262589782327171,0.10644492087745656,0.008512192540130272,0.10849897740230216,0.022734525093305504
16888,16888,RWDD2A,-0.15531221442748522,7.841552326075793,-0.20348205887469525,0.04140494828388493,0.10681089835634824,0.09490765333768086,0.1960825706940252
16889,16889,RWDD2B,-0.3695942846545006,9.840188819019794,-0.6377899323885016,0.4067759978561294,1.4444174567472657e-08,0.056684079658284,1.9622873291005044e-07
16890,16890,RWDD3,-0.1667522271763249,8.155866023551104,-0.32990412975512456,0.10883673482948608,0.007763270586023706,0.06059917118104473,0.020953960431302925
16891,16891,RWDD4,-0.1501958845313582,8.20806213736503,-0.2379160591441493,0.056604051198682365,0.058344986719390826,0.07787273608173002,0.11908911899686285
16892,16892,RXFP1,0.2637630569664809,6.15205991035852,0.112064448587959,0.012558440637323306,0.3779782493330819,0.2970338642415019,0.5208143922949788
16893,16893,RXFP2,-0.025175032265271374,7.092289006706446,-0.014901049037469031,0.00022204126241705678,0.9069667660752806,0.2145404198342797,0.9436585460702542
16894,16894,RXFP3,-0.1250530421355579,7.496763900969659,-0.13316680677293158,0.017733398426099296,0.29416964542194834,0.11819990279995918,0.4328493355719434
16895,16895,RXRA,0.4862447996626493,3.2950261468392483,0.6346448370816888,0.40277406923444337,1.7873433013527265e-08,0.07519651290772962,2.3344342093361456e-07
16896,16896,RXRB,-0.2842907558084443,8.652520741592248,-0.2342658690280455,0.05488049739146537,0.06243288210607936,0.14983084762885315,0.1260473673323838
16897,16897,RXRG,0.13199408340733915,6.475584182093175,0.1628880223043,0.02653250781020613,0.19843276419514586,0.1015383720352593,0.32050341774147295
16898,16898,RYBP,0.42198239970253576,3.871685159451673,0.3644436751011893,0.1328191923212612,0.003070048160988941,0.13693766054740109,0.009209293936309117
16899,16899,RYK,-0.3812914052161403,9.90519444668396,-0.5719560884018557,0.3271337670599514,7.932513944654507e-07,0.06944849694494143,6.040034791543367e-06
16900,16900,RYR1,-0.05264783568502074,7.222887559021942,-0.05744980827885096,0.003300480471276732,0.6520523391572729,0.1161925327094554,0.7616069797438374
16901,16901,RYR2,0.19834077649983808,6.288972163760583,0.14336672317834134,0.02055401731489517,0.258400928420994,0.17388337057538394,0.3924859440945939
16902,16902,RYR3,0.04335860540201812,6.882139162043113,0.027394149820158482,0.000750439444369289,0.8298654387008269,0.20093639975715746,0.8929114615455831
16903,16903,S100A1,0.09539831429671908,6.5003222092435715,0.11132905099462084,0.012394157595362887,0.3811356845799577,0.10815041099024893,0.5242355833300354
16904,16904,S100A10,0.24523219123623105,4.4655242181755685,0.5230128172059685,0.2735424069617238,9.257732178812108e-06,0.05075448620022428,5.2549460113283406e-05
16905,16905,S100A11,-0.22374007745944616,9.287793093425835,-0.8030331184845568,0.6448621893830323,1.4384719935795787e-15,0.021086909741984128,7.597588053894093e-13
16906,16906,S100A12,-0.32312271032405765,8.11408094905493,-0.4089537084287491,0.16724313563762636,0.0007931900954868389,0.09157071349421712,0.0027557406574310116
16907,16907,S100A13,-0.419521424764958,9.73704902085974,-0.4579476521532282,0.20971605211265407,0.00014183563970954476,0.10342702763496732,0.0005921439710642359
16908,16908,S100A14,0.14956953106915394,5.492889648123498,0.283613934795094,0.08043686400995584,0.02314429072969549,0.06422594431677225,0.05438255379248652
16909,16909,S100A16,0.13740757463935774,5.567602151570727,0.2269235764581151,0.051494309552542014,0.071354882884648,0.07489540609472489,0.14080851013202134
16910,16910,S100A2,-0.11166139555509964,7.661659751175745,-0.7757246178454534,0.6017486827314747,5.185315935787519e-14,0.011536610840541852,1.0694096818045592e-11
16911,16911,S100A3,-0.07729644471518357,7.331219316583122,-0.08926005091201768,0.007967356688815987,0.4830481734910101,0.1095391900518649,0.620096520063301
16912,16912,S100A4,-0.06044398606849718,7.583503369997183,-0.1346596742261586,0.018133227862695164,0.28874160637052404,0.05648667014988998,0.42733740489170674
16913,16913,S100A5,-0.06739412786213278,7.337203966661668,-0.07858353528999665,0.0061753720186741475,0.5370807859264364,0.10857992251090616,0.667766229502037
16914,16914,S100A6,-0.4506771696458407,10.921600174390528,-0.6312441028152318,0.3984691173390069,2.244267242248902e-08,0.07032364032376466,2.804705556128425e-07
16915,16915,S100A7,-0.178221666117893,7.7311253287690285,-0.18090671878861309,0.03272724090286234,0.1525554234028079,0.12305079857487572,0.26030948654856234
16916,16916,S100A7A,0.12550999876903038,6.4435009666653125,0.08595187566140984,0.0073877249297144565,0.4994762700907762,0.1847638243509596,0.6352830861083335
16917,16917,S100A8,-0.15851022707492515,7.749624204330535,-0.6143048885022242,0.3773704960377301,6.701280644491474e-08,0.02585784454531631,7.092679978321743e-07
16918,16918,S100A9,-0.21796833268965446,8.302501344872166,-0.5667639609186084,0.32122138739614986,1.0491091979212841e-06,0.040240132822417785,7.693349028440707e-06
16919,16919,S100B,0.2144025171058122,6.286835543938848,0.22020108702175684,0.048488518725563326,0.08039141300958376,0.12062063013145995,0.15551867506901343
16920,16920,S100G,0.03740016091480411,6.877943110613887,0.0332329999469832,0.0011044322854761853,0.7943269313044602,0.14284601266288455,0.8676931848969979
16921,16921,S100P,-0.09203103136822584,8.074636315853635,-0.6520500296998933,0.4251692412316318,5.329720211435481e-09,0.013590252467307813,8.568306694776195e-08
16922,16922,S100PBP,-0.1757068306592846,8.086508852432585,-0.2992911458039852,0.08957518995666232,0.016283850574111927,0.07114116512001621,0.04001665730621808
16923,16923,S100Z,-0.19508278628198464,7.730332858441949,-0.20612122209547834,0.042485958198133514,0.10224428792998433,0.11761777840957788,0.18930404028076356
16924,16924,S1PR1,0.21627496725227335,5.9980403948442635,0.365509222422508,0.13359699167590638,0.002978548706379877,0.06994747577632843,0.008965870480491554
16925,16925,S1PR2,0.2419554407125139,5.75590731853432,0.2552714609819176,0.06516351879184268,0.04177194729927116,0.11638717035247127,0.09004295428685218
16926,16926,S1PR3,0.20937120557956432,5.958106784506852,0.3164433748218136,0.1001364094686188,0.010850300254371791,0.07971011607034986,0.028082138401866994
16927,16927,S1PR4,0.16721035309336632,5.897899243038035,0.20857826414746264,0.0435048922747687,0.09813042948556032,0.09957255403783326,0.18319090090601797
16928,16928,S1PR5,-0.14528094452777227,7.5757213957536695,-0.11459786823800665,0.013132671404695536,0.3672219092710104,0.1599431543287761,0.5104429324901297
16929,16929,SAA3P,0.2819523089471813,5.944576904881501,0.2828197525491896,0.07998701243198482,0.02354881378289619,0.12144148014926864,0.05523118839690425
16930,16930,SAAL1,-0.3073750110179938,9.319881002163946,-0.6175520443840775,0.3813705275229536,5.4609121528673316e-08,0.04971809182428377,5.984618050118525e-07
16931,16931,SAC3D1,-0.22229804805783948,8.557210897433349,-0.4739073919958473,0.22458821618830566,7.635717995782715e-05,0.05245809556986717,0.00034255536191977353
16932,16932,SACM1L,0.20291600097475213,5.170529025459334,0.31720918610821164,0.10062166775143404,0.010649714754561616,0.07704525635721902,0.02764811880385069
16933,16933,SACS,-0.08197476103550608,7.338676817712674,-0.1715660621285764,0.02943491367430653,0.17524166692593393,0.05978128743274344,0.2902599278936132
16934,16934,SACS-AS1,0.33570268465904984,5.912926549031187,0.1682819731642223,0.028318822492044038,0.18377411372407249,0.24973721773309926,0.301258776131324
16935,16935,SAE1,-0.5163812798486487,10.816516105436254,-0.7063338746181869,0.4989075424331405,7.012325281872205e-11,0.06572393280069383,2.4731580452596512e-09
16936,16936,SAFB,-0.5311109523337785,10.180504340104717,-0.5087908804537863,0.25886816003293905,1.7641706228169396e-05,0.11412947773622975,9.31019783754525e-05
16937,16937,SAFB2,-0.1474210196653987,8.054712235576877,-0.1391373606934446,0.0193592051407377,0.2728580500506904,0.13325232122688874,0.4095329272142848
16938,16938,SAG,0.04861917091141645,6.773804377792993,0.06565510430917784,0.004310592721849023,0.606241768213339,0.09384370631457807,0.7247124201302708
16939,16939,SAGE1,0.01198679544673677,6.976250325128512,0.009231478193070276,8.522018962913206e-05,0.9422853517758856,0.16489880000240667,0.9658337673953526
16940,16940,SALL1,0.197781558973375,6.2438341834856885,0.39481364914243705,0.15587781754916738,0.0012444147522427508,0.05845214451094211,0.00411668216618038
16941,16941,SALL2,0.3162871809069243,5.358905087133424,0.5204850999822314,0.2709047393035134,1.0403980320213016e-05,0.06589759757206662,5.8397665586887726e-05
16942,16942,SALL3,0.10624406783797703,6.6413943942742755,0.056201591540525966,0.00315861889168812,0.6591404932409775,0.2397028846865316,0.7674850726493906
16943,16943,SALL4,-0.2390562838287082,8.319662300456434,-0.36764937068385534,0.13516605976423487,0.0028020720073070747,0.07679569142935352,0.008487742246221107
16944,16944,SAMD1,-0.4441659830266997,9.959941702960727,-0.4768199145815226,0.2273572309415305,6.797093958384233e-05,0.10398828994869047,0.0003091599867019756
16945,16945,SAMD10,-0.08577479799599458,7.5024423758425485,-0.07196412197046045,0.00517883485097931,0.5720059939964373,0.1509803182423209,0.6970117941359476
16946,16946,SAMD11,0.10449243785612217,6.407585094007023,0.12724776952850358,0.01619199484997916,0.3163440471704753,0.10344131058409037,0.45702531134379226
16947,16947,SAMD12,-0.396760165870355,9.278011340311963,-0.4096744097802652,0.1678331220288086,0.0007747789877437048,0.1122014823611458,0.0026991375449790748
16948,16948,SAMD13,0.3376343947563937,4.103930656537475,0.5483738376847216,0.3007138658570694,2.7203901043397364e-06,0.06538852915794023,1.7685394088705192e-05
16949,16949,SAMD14,0.20031322547734495,5.954849641156106,0.15889403514635944,0.025247314405092508,0.2098115431958646,0.15807143844354685,0.3344720971662579
16950,16950,SAMD15,0.14328302908327487,6.412055464432227,0.09704768669449904,0.009418253492753648,0.4455331910777425,0.1866202995682918,0.5856158575288931
16951,16951,SAMD3,0.5416750048784554,5.128789563761701,0.44810227679134096,0.20079565046558354,0.00020474029586270187,0.13724442752284105,0.000820742522566977
16952,16952,SAMD4A,0.5462463973088344,4.395234049020477,0.4462138924922383,0.1991068378530748,0.00021939741524974442,0.13913517744926532,0.0008723927703329445
16953,16953,SAMD4B,0.09878060781017199,6.407927213640564,0.08481889699375578,0.007194245287237353,0.5051683227139601,0.14737213382810646,0.6399323523831062
16954,16954,SAMD5,-0.14662202332116334,7.997392166604128,-0.6513680738534104,0.424280367635502,5.596682461372272e-09,0.021691141877340617,8.904934511463376e-08
16955,16955,SAMD8,0.18811030183772587,6.1638291488232495,0.2383752471618899,0.0568227584594921,0.05784646216039585,0.09733123535972947,0.1182540487192837
16956,16956,SAMD9,0.14021588116446929,6.040180352126236,0.5176165959861139,0.26792694044025184,1.1864252357197144e-05,0.029435429762591708,6.552419913162565e-05
16957,16957,SAMD9L,0.0993863305215775,6.457971405337363,0.2463569872856345,0.06069176518445426,0.04971919677355558,0.04965580099365058,0.10417699140119459
16958,16958,SAMHD1,0.2433138291845013,5.434143391115885,0.4794692567512866,0.2298907681696312,6.10892338595623e-05,0.05655699780206019,0.00028146539558060034
16959,16959,SAMM50,-0.456122586573411,10.079261201689727,-0.3600894010470187,0.12966437674640066,0.0034704750700973144,0.15007860186060434,0.010264017705948833
16960,16960,SAMSN1,0.19044441119432734,6.0612395723163806,0.4530795617589002,0.20528108928363706,0.00017030009323017748,0.0475887929584995,0.0006959517869219651
16961,16961,SAP130,-0.015623556744901797,7.128913335167401,-0.017111931265495785,0.0002928181916350522,0.8932387854330265,0.11593683581022765,0.9342680592422812
16962,16962,SAP18,-0.15423348049008687,8.421819944893214,-0.18989187832998974,0.036058925455691636,0.1328633903451638,0.10127486366923973,0.23293043376979616
16963,16963,SAP30,-0.3840704514379937,9.106130778302253,-0.5584549043194925,0.31187188015849354,1.6250305665393531e-06,0.07245387117408379,1.1189200927952208e-05
16964,16964,SAP30BP,-0.2823934101860352,8.973410443435737,-0.3028587573963563,0.091723426931665,0.014993158477843509,0.1128567744139186,0.03723358335294739
16965,16965,SAP30L,0.7317137594763018,2.8955940805020615,0.5402091456005923,0.2918259209905219,4.079396390582254e-06,0.14476162775413834,2.54360290348571e-05
16966,16966,SAPCD2,-0.18601814764867225,8.427142179845276,-0.7215416449176716,0.5206223453504992,1.7405969255029962e-11,0.02266924006588996,8.3596520796878e-10
16967,16967,SAR1A,-0.06565887367698475,7.52623068885429,-0.16428578675224162,0.02698981972880301,0.19455653416287536,0.05006754351242346,0.3154006398635324
16968,16968,SAR1B,0.3002353577460355,4.7335194042117115,0.3861682412856868,0.1491259105776804,0.00162331320965522,0.09107980387866316,0.005208600911999376
16969,16969,SARAF,0.22127782839702348,4.566076071071833,0.24091387353472835,0.05803949446150707,0.05515233878155956,0.11321307655620133,0.11370181800406248
16970,16970,SARDH,0.2529979344382582,5.847355950313827,0.2287965694490805,0.052347870191667915,0.06898745740016128,0.1367086812105054,0.13684376568658904
16971,16971,SARM1,-0.19639719158817226,8.024626740499754,-0.1134031406336262,0.012860272305570004,0.37227106988083214,0.2185262743378042,0.5152942168974293
16972,16972,SARNP,-0.4275534017685975,9.951835065598175,-0.6120178079040799,0.3745657971917152,7.729782737483032e-08,0.07016512063459758,8.009016515798808e-07
16973,16973,SARS,-0.3256554546493014,9.570476561239534,-0.5797106804058778,0.3360644729766458,5.177935465837522e-07,0.05813185271388845,4.13757167943585e-06
16974,16974,SARS2,-0.2717724746919083,8.769401220265456,-0.6482396997839129,0.4202147083759376,6.992323189478974e-09,0.040542226563814086,1.0738919054479943e-07
16975,16975,SART1,-0.26100871659447045,8.68880119681191,-0.221590413275316,0.04910231125552533,0.07845312616095491,0.14587306052722745,0.1523952679418262
16976,16976,SART3,-0.3514618935058841,9.274913445645707,-0.3990238853766021,0.15922006110103964,0.0010904840912113088,0.10257102063978382,0.0036656990057716376
16977,16977,SASH1,0.25097499209615903,5.203715911211791,0.3684500316958705,0.13575542585668796,0.0027384827196061663,0.08042190144742445,0.008318395748782653
16978,16978,SASH3,0.15339479308405518,6.065123692439497,0.4991123091090174,0.2491130971041353,2.6920348540410583e-05,0.03382234827929508,0.00013620564197256802
16979,16979,SASS6,-0.3100314175022822,8.189842606370162,-0.513427012470632,0.2636072971345186,1.4342628161406547e-05,0.06580908997016638,7.737658516075206e-05
16980,16980,SAT1,0.17258833510211016,5.1035119756382565,0.2188280301895032,0.04788570679661811,0.08234409421082715,0.09773659076511816,0.15850323201204108
16981,16981,SAT2,-0.16113141714758128,8.318502718525068,-0.19708507561803626,0.038842527031367056,0.11853345423128166,0.10179534465100633,0.21287460203834835
16982,16982,SATB1,-0.037968303983161374,7.255149184074414,-0.07531537573217771,0.005672405821679103,0.5541929338574019,0.06384199533886012,0.6824141734755876
16983,16983,SATB2,0.21568550510889534,5.299491168151825,0.7205671505450871,0.5192170184446663,1.908369265912251e-11,0.026358773534337,8.92564502231745e-10
16984,16984,SATB2-AS1,0.1420067538956591,6.203231060471302,0.4537750484109434,0.205911794560354,0.0001659357363169463,0.03541660406098414,0.0006806854271535276
16985,16985,SAV1,-0.3372108536729005,8.791820201149749,-0.3629748717018237,0.13175075748695536,0.003200272229637113,0.10993888955422323,0.00954966172423752
16986,16986,SAYSD1,-0.3801709448351372,9.191395591302703,-0.4025561095472139,0.16205142133378847,0.0009748306349980574,0.10979064575214506,0.003320219786235126
16987,16987,SBF1,-0.5782964060791687,10.43198637211707,-0.5036265664197903,0.25363971840378746,2.2139435196513232e-05,0.12598541686632944,0.00011401414249238859
16988,16988,SBF2,-0.029696851971225808,7.197578293056504,-0.032097354612168866,0.0010302401730993183,0.8012089656020757,0.11744147576355822,0.8728217213631818
16989,16989,SBF2-AS1,-0.2851573499976377,8.26499169041276,-0.24213856378012505,0.058631084069501675,0.05388961143335065,0.14511245520281918,0.11138489410987958
16990,16990,SBK1,0.3758775132726777,4.932835281751626,0.2653046377429006,0.0703865508078917,0.03411292084654058,0.17348297355684936,0.07582788964605175
16991,16991,SBNO1,-0.19185845886810104,8.04678878289074,-0.1174096745007045,0.013785031666361379,0.3555039872297424,0.2060947921798992,0.4981196275289597
16992,16992,SBNO2,-0.3801890611571507,9.469923034972123,-0.4960838672790656,0.24609920337455354,3.0646325620028903e-05,0.08450954618455964,0.000152632516398741
16993,16993,SBSN,0.1507201509229497,6.256395995278129,0.16714323876792608,0.02793686226583195,0.1868016320404164,0.11291038789429222,0.30520517140751596
16994,16994,SBSPON,-0.09591502953709424,7.462057225844263,-0.6020591959510376,0.3624752754292099,1.4207955748128658e-07,0.016154746296964523,1.3496614009091676e-06
16995,16995,SC5D,0.1402810702321163,6.082588523689647,0.20512657167477572,0.04207691040704691,0.1039472209782356,0.08500542145635866,0.19181685422121833
16996,16996,SCAF1,-0.16627146859546674,7.907206070964332,-0.23504708635706015,0.0552471328049433,0.061539093458389274,0.08732249283756978,0.12457970167723846
16997,16997,SCAF11,0.13705101163954875,5.986652178634567,0.12888313503741533,0.016610862497072634,0.31011322917431833,0.13392233494204914,0.4503359249749069
16998,16998,SCAF4,0.188206071724793,6.098682135223684,0.20021174399129332,0.040084742432035185,0.11268650404434415,0.11696735898378086,0.20457966508050573
16999,16999,SCAF8,0.035077967464351864,6.71232529252345,0.045122908042559084,0.0020360768302172434,0.7233021654805463,0.09862770240829258,0.8180689265203267
17000,17000,SCAI,-0.2680201221024806,8.145723740141356,-0.2906968010207882,0.08450463012371973,0.01978985489131136,0.11203646037031212,0.04748994987492769
17001,17001,SCAMP1,-0.17772142606853258,8.303683161340658,-0.2801664279599171,0.07849322735581941,0.024943976444232244,0.07733518296932547,0.057917669429294126
17002,17002,SCAMP1-AS1,-0.2649839745036857,8.821367849493699,-0.4433008641985315,0.1965156561991649,0.00024390010557962774,0.06804776984987397,0.0009578630370560098
17003,17003,SCAMP2,0.4091053600633654,3.3753393143414003,0.5267198184230463,0.2774337671196068,7.787896929835205e-06,0.08384911757676275,4.509275615389876e-05
17004,17004,SCAMP3,-0.4917868482094042,11.128092282653641,-0.4811683108087387,0.231522943326535,5.702080368069912e-05,0.11378879569569095,0.00026469142630343825
17005,17005,SCAMP4,-0.3085579064070865,8.829448965201419,-0.3402499613831892,0.11577003622126175,0.005942276357160489,0.10829922870892188,0.016529222159834347
17006,17006,SCAMP5,0.3451674554226448,5.024922893090862,0.2973462057487032,0.08841476607315013,0.017026781961621447,0.14075707582679867,0.04162508053498672
17007,17007,SCAMPER,0.06859875702766506,6.7651465476515185,0.060175243301305414,0.0036210599063713025,0.6366824605664505,0.14451562874378662,0.7495573928219249
17008,17008,SCAND1,-0.3349772261501155,9.853694814589293,-0.3922366903470012,0.1538496212543693,0.0013480249180256706,0.09976885730751743,0.004428319114054292
17009,17009,SCAND2P,0.5499594739741217,4.497500651374248,0.2005914427170916,0.04023692689132422,0.11199183385137244,0.34111786072692163,0.20359613853747413
17010,17010,SCAP,0.14241732858228093,5.845900495073428,0.17787202603261326,0.03163845764494664,0.15967312094534478,0.10006405661215476,0.26996575843780773
17011,17011,SCAPER,0.3058428528235991,5.3292713608250315,0.4102161646942838,0.16827730177648775,0.0007611949753756678,0.086353311824237,0.0026556592865732377
17012,17012,SCARA3,0.564549681105056,4.415215628489358,0.5170116048766855,0.267300999577166,1.2195648861255405e-05,0.118704950101004,6.714893874662746e-05
17013,17013,SCARA5,0.18965403940315734,5.810044956053116,0.7278397442945004,0.5297506933746837,9.512533372118916e-12,0.022693138690738725,5.188763480434134e-10
17014,17014,SCARB1,-0.444521958695829,9.402470031819645,-0.3773662157387684,0.1424052607809987,0.00211247217617811,0.13854007294297835,0.006584940978139769
17015,17015,SCARB2,0.40923175085980695,3.5002508885537273,0.6601722890427811,0.4358274512199853,2.9492712068223624e-09,0.05913194463419413,5.222115125407871e-08
17016,17016,SCARF1,0.27427576818424804,5.854878146263335,0.16879778586234134,0.02849269251202885,0.1824144675644496,0.20339856542757945,0.29973331019866123
17017,17017,SCARF2,0.30069881296983986,5.716459141003096,0.30263668176519504,0.0915889611498479,0.015070853632322754,0.1202694995783508,0.037405081422114524
17018,17018,SCARNA15,-0.17978047929539567,7.976509908372432,-0.4267252656067115,0.1820944523071185,0.0004376664930152313,0.04838936341044705,0.0016187306415448052
17019,17019,SCARNA17,-0.2497226661219452,8.40948314886478,-0.5088128107233529,0.2588904763561986,1.7624562835696523e-05,0.053659333993181534,9.306508368861453e-05
17020,17020,SCARNA2,-0.302991230820763,8.654183132252154,-0.574485232817579,0.33003328272546795,6.910557303829609e-07,0.05482541895998928,5.323661274081472e-06
17021,17021,SCART1,0.2029999852305489,6.139455210159787,0.2208437825043941,0.048771976270848116,0.07949010637578242,0.11385636198663784,0.15411928136516864
17022,17022,SCCPDH,-0.30826444783969964,9.35527247574409,-0.5122768476026839,0.2624275685897434,1.5102789154288488e-05,0.0656334457188429,8.103342396831447e-05
17023,17023,SCD,-0.09885047199182498,7.758459357581122,-0.4436384659336552,0.19681508845596693,0.00024093741301260278,0.02536071411411351,0.0009474304846173804
17024,17024,SCD5,0.14434017770576152,6.331055018482479,0.1393692312782056,0.019423782627077963,0.2720517432488237,0.13024623082874345,0.4087728973841746
17025,17025,SCEL,0.08578005567970004,6.73257737895712,0.14459028840364485,0.0209063515006492,0.2543169040357229,0.07455271634625157,0.38745128443039106
17026,17026,SCFD1,0.028939498559243163,6.822385464029268,0.0187356058545915,0.0003510229267386033,0.8831765460839166,0.19613322907501488,0.9281368584609926
17027,17027,SCFD2,-0.3103565384728726,9.023351935204238,-0.4526074551937227,0.2048535084969377,0.00017332241629344848,0.07765455313686458,0.0007068355790649014
17028,17028,SCG2,0.08881754003928037,6.594384847835396,0.5860701784220966,0.3434782540357082,3.619265957361349e-07,0.015594728933218397,3.01675151295843e-06
17029,17029,SCG3,0.5150938497796228,5.407402678650343,0.5384121257750164,0.2898876171815721,4.453579354563957e-06,0.10238568267970903,2.7539195009446744e-05
17030,17030,SCG5,-0.0071972024893069845,7.06820174085847,-0.034251416614649026,0.0011731595401102556,0.7881685441996782,0.02667070160768148,0.8637256656999011
17031,17031,SCGB1A1,-0.048526881093823485,7.216133953139644,-0.05571900346938286,0.0031046073476211,0.6618889989368784,0.1104353186249632,0.7697747729311547
17032,17032,SCGB1D1,-0.332238476824032,8.081102301018275,-0.2207798306371358,0.04874373361616237,0.07957943086773435,0.18639894578520413,0.1542372304162523
17033,17033,SCGB1D2,-0.033737483563351704,7.130381214825991,-0.035443842745362754,0.0012562659885580038,0.7809743266244169,0.1208100527620172,0.8587386535519319
17034,17034,SCGB2A1,0.10288971755229508,6.263573929156982,0.6329785972577823,0.40066190458642975,1.9989390627902622e-08,0.01598170266188606,2.5436744165193373e-07
17035,17035,SCGB2A2,-0.14373269459542262,7.451575655968555,-0.09822544562768756,0.009648238168757805,0.44000424732681603,0.1849398300563396,0.5805332343789802
17036,17036,SCGB2B2,-0.11586101065422193,7.488696230880832,-0.13443758474694018,0.01807346419259072,0.2895449222466833,0.10845766859334936,0.4280512896813167
17037,17037,SCGB3A1,0.06692261654985826,6.651633382031973,0.11181606334964957,0.012502832023012844,0.3790429307565896,0.07553370698110871,0.5219492983297691
17038,17038,SCGB3A2,0.22261279341347232,6.185607769762624,0.24513984815377804,0.060093545152857364,0.05089443771977063,0.11181052274271196,0.10616694430417427
17039,17039,SCGN,0.11013435798040012,6.384825312932918,0.6812809394223298,0.4641437184201722,5.802908359157956e-10,0.015028820733718081,1.3777408538985204e-08
17040,17040,SCIMP,0.1356870770866994,6.507297305402237,0.13452799290672654,0.018097780875512275,0.28921773149008656,0.1269299475015366,0.42777865496077694
17041,17041,SCIN,0.19526242994173035,5.7409394144887305,0.7504970397201408,0.5632458066286946,9.351416858910208e-13,0.021836971284663283,9.924762885736259e-11
17042,17042,SCLY,-0.5453572029665407,9.77295172415929,-0.5946784688106995,0.3536424812670381,2.2015226686780567e-07,0.0936352548482953,1.964316991768575e-06
17043,17043,SCMH1,-0.34845388363944585,9.542009813761966,-0.5220097749801101,0.27249420517478523,9.697723384856453e-06,0.07230845088744167,5.4759895671203785e-05
17044,17044,SCML1,-0.16307512889429418,8.014557304611131,-0.3313737588811917,0.1098085680750502,0.0074780185312635404,0.05896787485496105,0.020281320966169667
17045,17045,SCML2,-0.13678580984989208,8.003253037140093,-0.13359637955928094,0.01784799263134746,0.29260093242624,0.12886645054324333,0.43127369940717586
17046,17046,SCML4,0.5275117255341794,4.938450567899434,0.5839074687973589,0.34094793211733865,4.091533514175473e-07,0.09314340409602584,3.3561423579344647e-06
17047,17047,SCN10A,0.0877782161511126,6.667097834634059,0.1045526006740357,0.010931246307704371,0.4109673836320085,0.106039899377731,0.5525579717217897
17048,17048,SCN11A,-0.03931177324369693,7.132372687846267,-0.01793957242044971,0.0003218282586285599,0.8881075292813336,0.2782561720535005,0.9310219809279533
17049,17049,SCN1A,-0.01216432760952717,7.052315680272554,-0.006428959948128761,4.133152601464376e-05,0.9597888918418932,0.24029380140415066,0.9757853733725914
17050,17050,SCN1B,0.22199583574789647,5.648559678674183,0.28863320482620713,0.08330912692824724,0.020721466913897917,0.09352207741696554,0.049440652933060755
17051,17051,SCN2A,-0.02132813721863604,7.088051945130067,-0.019119314619196703,0.00036554819150782885,0.8808012488797503,0.14164634393546655,0.9268550971617179
17052,17052,SCN2B,0.4790883031188053,4.967519889032107,0.3897190919090297,0.1518809705983987,0.0014566791697894301,0.14377932649040245,0.0047335515338820695
17053,17053,SCN3A,0.03312661834075807,6.885610472486747,0.06411270749062822,0.004110439261778856,0.6147455637139614,0.06548513569355635,0.7319687239360991
17054,17054,SCN3B,0.228766924184342,6.148469890820245,0.17640500628609326,0.031118726242796605,0.16320049904174538,0.16211446346904945,0.2747070972987949
17055,17055,SCN4A,0.34796395495384125,5.5240369943743035,0.4292143874631793,0.1842249904053922,0.0004016361114541693,0.09299280351380436,0.001499815484314543
17056,17056,SCN4B,0.3735440839954067,5.601036943054281,0.5793433185036947,0.33563868069487346,5.284949367385687e-07,0.06674399294606415,4.212203848021239e-06
17057,17057,SCN5A,0.14180994915910308,6.322177302603219,0.21683573487779528,0.04701773591999352,0.08524391075869743,0.0810816185367242,0.16310732530588645
17058,17058,SCN7A,0.22475924761820976,6.170143203566785,0.6880979969728885,0.4734788534381013,3.334112090001748e-10,0.03010089025980852,8.891649914899982e-09
17059,17059,SCN8A,-0.2093970704251341,7.79149863932563,-0.10525287332350113,0.011078167342852972,0.4078234010992036,0.2512590877023188,0.5495978434309644
17060,17060,SCN9A,0.3284375686951215,5.7843224349976525,0.6620890557890751,0.43836191779566896,2.5581171721518788e-09,0.04721378831502089,4.612491870353783e-08
17061,17061,SCNN1A,0.3609383061701453,4.284703792497422,0.4646412176457032,0.21589146113528174,0.00010980065600310568,0.08735896701330835,0.00047280437576998474
17062,17062,SCNN1B,0.09093876747085182,6.428314309620452,0.7379556906801821,0.5445786014072646,3.477547309816981e-12,0.010561598390253672,2.54826860097407e-10
17063,17063,SCNN1D,0.122523402596308,6.4082178071107885,0.1394895189405123,0.019457325894255542,0.2716340824083117,0.11046250240968804,0.40831848219852773
17064,17064,SCNN1G,0.23918643357009506,6.0808619679611695,0.3684341622298512,0.1357437318980123,0.0027397304912358217,0.07664822025010379,0.00832101876405494
17065,17065,SCO1,-0.1374459908682268,8.12105899561372,-0.2494958983792798,0.062248203308083914,0.046790496684520434,0.06775116600322006,0.09903706438307985
17066,17066,SCO2,-0.10321452102310516,7.896871504720091,-0.14657282974577993,0.021483594419685392,0.2477930088109211,0.08846582663984931,0.37991770077885134
17067,17067,SCOC,-0.031090796742274333,7.299647715177572,-0.05232280445747595,0.002737675866295265,0.6813556126385991,0.07536152862460105,0.7851953983612334
17068,17068,SCOC-AS1,0.2900366278727608,6.03590862719903,0.18537686292740374,0.034364581308805445,0.14250386877890756,0.1952576541753216,0.24664613045328102
17069,17069,SCP2,0.6276075457442141,0.04004413035217791,0.7374827687374561,0.5438808341846642,3.648782236472534e-12,0.07299272797244191,2.6514892392890174e-10
17070,17070,SCP2D1,0.11579211418575593,6.549404761767693,0.10083275778860616,0.010167245043255713,0.4279019727272249,0.1450983266671438,0.5691430022362297
17071,17071,SCPEP1,0.5251021888410858,4.146986832064797,0.5828728578803954,0.3397407684536597,4.3374211470485456e-07,0.0929675513903627,3.5350716951199193e-06
17072,17072,SCRG1,0.283728801438221,6.042878596062662,0.13044805420889494,0.017016694846886792,0.30422535792798777,0.2738691060564384,0.44369612917097084
17073,17073,SCRIB,-0.2877456199815145,9.195821905162669,-0.4563700052906121,0.20827358172895327,0.00015054194023966496,0.0712497512254104,0.0006245183363773841
17074,17074,SCRN1,0.08713806501035867,6.45914520315289,0.3134493910825764,0.0982505207700379,0.011666263658654348,0.03352645128725554,0.029925721337142844
17075,17075,SCRN2,-0.20314545114040186,8.290833681138379,-0.17367863290017302,0.03016426752607306,0.1699075988525185,0.14628976958758602,0.28350663069435106
17076,17076,SCRN3,-0.008235721965051427,7.055444146796645,-0.011524081289501435,0.0001328044495670371,0.927986382311934,0.0907550245722328,0.9572954034377349
17077,17077,SCRT1,0.20945114907909104,6.0863160281889375,0.20483922245460165,0.04195910705580578,0.1044432597157061,0.12710592846449986,0.19260144674645452
17078,17078,SCT,0.194557495250356,6.073226632029396,0.2986198613944569,0.08917382161924466,0.016537065693075382,0.07896800826512777,0.040583653397954146
17079,17079,SCTR,0.2792788766604099,5.888369323477692,0.1640661126364969,0.026917689315651687,0.19516210968657327,0.21325447091147806,0.31612203495121133
17080,17080,SCUBE1,0.1466863505584945,6.165896939919055,0.2306161030559568,0.05318378698871569,0.06674829583924767,0.07860262916375879,0.13308671600971828
17081,17081,SCUBE2,0.12387344888620334,6.252985410658653,0.626205734482672,0.3921336218989828,3.1286937298713326e-08,0.01958706685248381,3.68216645219368e-07
17082,17082,SCUBE3,0.1158246775526842,6.445111947572843,0.1042674679213248,0.0108717048667245,0.4122515425020554,0.14030809908530845,0.5537001273263046
17083,17083,SCYL1,0.0648618767908109,6.634641415057787,0.057806207514722326,0.00334155762723514,0.6500340618047673,0.14226313128138451,0.7601624239766485
17084,17084,SCYL2,0.1546530741704634,5.686359939478402,0.26491978062300936,0.0701824901653434,0.034383433311450134,0.07149031093162007,0.07636648701122592
17085,17085,SCYL3,-0.018206359524392417,7.122835962084683,-0.025754115219462102,0.0006632744507373295,0.8399123135254946,0.08975043444584514,0.8994313692708231
17086,17086,SDAD1,-0.3031704303108592,8.985781556787355,-0.5253600884669121,0.27600322255396165,8.29972652564842e-06,0.06235944417675121,4.763598672486524e-05
17087,17087,SDC1,-0.3466146548206088,10.354826002290109,-0.4569016100871869,0.2087590813002638,0.0001475549133956795,0.08570038179620072,0.0006127136432566519
17088,17088,SDC2,0.21250799961070674,5.7021275435188725,0.5722587898012168,0.3274801225047532,7.803120577019551e-07,0.038675819877380765,5.947785149431833e-06
17089,17089,SDC3,-0.3599183994574942,8.88758219686004,-0.5600894350277766,0.31370017522973404,1.4923958632838982e-06,0.06760950674355225,1.0421745378720674e-05
17090,17090,SDC4,0.19243839509894656,5.183918581055157,0.2837405672252292,0.08050870948929482,0.023080336765565704,0.08259395427413155,0.05427350338346458
17091,17091,SDCBP,-0.2880442770792086,10.362363920168212,-0.284242861898435,0.0807940045402128,0.02282813236495692,0.12339008495029427,0.05376217578718239
17092,17092,SDCBP2-AS1,0.28226941056044874,5.856899390495398,0.2236789142773472,0.05003225669229283,0.07560941267018884,0.1562058717800336,0.1477460594994531
17093,17093,SDCCAG3,-0.5338275432480611,9.934678028218087,-0.6366728825790438,0.4053523594115088,1.5583736456813396e-08,0.08211426888731432,2.0882785456206319e-07
17094,17094,SDCCAG8,-0.4545736078794933,9.10979546749579,-0.4540171342007479,0.20613155814785988,0.00016444082704039007,0.11329490996319146,0.0006757051441289652
17095,17095,SDE2,-0.18006325006481075,8.249967772079033,-0.3453271271239956,0.11925082472771223,0.005194792412343701,0.062147643658572525,0.014704997345006908
17096,17096,SDF2,0.06482106890702309,6.493734028342703,0.059224873878316875,0.003507585685902541,0.6420251200056177,0.13875645555607002,0.7536756097859626
17097,17097,SDF2L1,-0.12938754966390945,8.073325238111158,-0.3138120628555145,0.0984780107936334,0.011564677780839142,0.049718174223852586,0.029686237238510146
17098,17098,SDF4,0.4595206595979578,2.6760871863454607,0.4961930932276182,0.24620758576679186,3.0504027066399707e-05,0.10211378243932773,0.00015199371977056735
17099,17099,SDHA,0.2181292939749672,4.714111862665976,0.2627182064590419,0.06902085600505575,0.03596548835692473,0.10174145737567948,0.07917379794339789
17100,17100,SDHAF1,-0.3389462287677968,9.597644519676653,-0.27258356727940514,0.07430180115076597,0.029321514969623926,0.1519392575713625,0.06657831673138367
17101,17101,SDHAF2,-0.023328924629170588,7.191901422092877,-0.035310318332872286,0.001246818580768777,0.7817790176557804,0.08385449160661157,0.8593616562099454
17102,17102,SDHB,0.6025808108750551,2.9845458400892615,0.5343826629056871,0.28556483041417324,5.412250727208073e-06,0.12104546014207067,3.262869974880034e-05
17103,17103,SDHC,-0.14796862754195791,8.118778790840324,-0.1539052568044564,0.023686828072045675,0.22466175628904606,0.1206465538628138,0.3522846004662775
17104,17104,SDHD,0.8032505028125895,1.3449745642148416,0.6147731922327251,0.3779460778880152,6.507284109870317e-08,0.13087426518058926,6.907609676433417e-07
17105,17105,SDK1,0.3391801784335845,5.691759672204093,0.2699245814610393,0.07285927967691723,0.031001810311882025,0.15366147966265412,0.06987345985676574
17106,17106,SDK2,0.272609598627723,5.646856166968467,0.17319488562624066,0.029996468407086575,0.17111841113622442,0.19687786585346714,0.2851095786069816
17107,17107,SDPR,0.2827035254147466,5.818658546932451,0.6815157078990458,0.4644636601131376,5.694617928840071e-10,0.03855262753457196,1.3609507932391565e-08
17108,17108,SDR16C5,-0.1206973008620921,7.9617726036696705,-0.5780220979694491,0.3341095457410035,5.687262809206045e-07,0.02164007023729577,4.4833518796271175e-06
17109,17109,SDR39U1,-0.1731763095416977,8.372397206695085,-0.2654298606525166,0.07045301092601439,0.0340252863872116,0.07988744486605523,0.07567192941512449
17110,17110,SDR42E1,-0.224408991732318,8.318862100562226,-0.3267950733516383,0.10679501996690263,0.008398241847945263,0.08242225209845477,0.022466204721093844
17111,17111,SDR9C7,0.17607561704861371,6.424817151029223,0.16412381293776934,0.026936625973231904,0.1950029168772888,0.13440095026247795,0.3159285618327614
17112,17112,SDS,0.3292290195354605,5.246696486859518,0.3761690603832358,0.1415031619896065,0.0021883072751642764,0.10298845464737937,0.006801750257454055
17113,17113,SDSL,-0.14588260777125125,8.041419758434651,-0.18146230617552933,0.03292856856254155,0.1512782458343129,0.10040388654819007,0.25861927950912184
17114,17114,SEC11A,-0.13123825132939146,8.4179144498446,-0.11465448161965246,0.013145650155471221,0.3669836875441177,0.14441093671839994,0.5101845708921852
17115,17115,SEC11C,0.2491046259463752,5.384374327298571,0.26424211283854393,0.06982389419737778,0.034864105266259764,0.1154692923364012,0.07729929349245984
17116,17116,SEC13,-0.35014731425263595,10.536594992294775,-0.40307833828937945,0.1624721467981274,0.0009587056221599447,0.10096366909954003,0.003274053027578237
17117,17117,SEC14L1,0.26568765333964106,5.3903070435059615,0.38728893432500666,0.14999271865059932,0.0015689616644697661,0.08032519023500045,0.005055180009536198
17118,17118,SEC14L1P1,0.09019417165821664,6.7211055883845,0.09763344929983253,0.00953229042218297,0.4427785370665891,0.1167627076960648,0.5831631930529733
17119,17119,SEC14L2,-0.08496223658219153,7.391994106069375,-0.08669520008059375,0.007516057717014183,0.4957599625109366,0.12399289010015052,0.6320312014702892
17120,17120,SEC14L3,0.04361192233746778,6.840917143590728,0.03607099586470535,0.0013011167426715904,0.7771978330531805,0.15345058015757926,0.8556409415577213
17121,17121,SEC14L4,0.08994626619193069,6.648684308855437,0.07857492046774459,0.006174018126512386,0.5371255503127164,0.14493007541399747,0.6677835452992233
17122,17122,SEC14L5,0.3373012746229441,5.592062614375867,0.430591638632176,0.1854091592599424,0.00038288234739963014,0.08978965576730827,0.0014376080702929
17123,17123,SEC16A,-0.060976294096318474,7.512524175113231,-0.11377358826980015,0.012944429387786005,0.3707010123473683,0.06762301466258255,0.5137948299015783
17124,17124,SEC16B,-0.408239951672321,8.880911209297738,-0.6818109386037193,0.4648661559996847,5.561165353808668e-10,0.05562716203131088,1.342553352694835e-08
17125,17125,SEC1P,0.16032552466069153,6.262378661579287,0.2470720959087321,0.061044620576733724,0.049039121934538035,0.0798556415159902,0.10296123574679282
17126,17126,SEC22A,-0.15538870414912326,7.897673501765618,-0.19551635675123566,0.03822664575727644,0.12155307161553006,0.09898670650770336,0.2170912796564374
17127,17127,SEC22B,-0.0837735323349917,7.862113403353741,-0.11587449287525604,0.013426898099097764,0.36187289474481255,0.09119851612728956,0.5046108604395886
17128,17128,SEC22C,-0.5969637083412613,10.038217575503024,-0.5854390975846516,0.3427389369807313,3.7514863429219105e-07,0.1049879158617015,3.1089796941281676e-06
17129,17129,SEC23A,0.2136926506291073,5.262969326211076,0.3753079399943258,0.14085604982278446,0.0022443513813797627,0.0670253293997836,0.0069519995943039285
17130,17130,SEC23B,-0.12810278124747315,8.07928595965269,-0.2336846694871804,0.05460852475333273,0.06310460225235312,0.0676921538613784,0.12714273927937353
17131,17131,SEC23IP,-0.2421040763343285,8.546991833985892,-0.27748157139328833,0.07699602246288857,0.026426153880650977,0.10645692023799593,0.06084618418771897
17132,17132,SEC24A,0.03254931894301895,6.804173337496157,0.037957918237824836,0.0014408035569493962,0.7658667190077726,0.10882547790556417,0.8483730011823273
17133,17133,SEC24B,-0.03282491530163534,7.32133216045321,-0.04372248296920657,0.0019116555169925585,0.731560768566049,0.0952549260369008,0.8245861150998225
17134,17134,SEC24B-AS1,-0.3402300574360926,8.209371706239473,-0.2956358720887059,0.08740056886564967,0.01770388726072341,0.13962391166536045,0.04310035735030528
17135,17135,SEC24C,-0.29511964275037306,9.454672348614276,-0.31541025616839313,0.09948362969621137,0.011126085540754206,0.11276446575693792,0.02868619864091348
17136,17136,SEC24D,0.34151847944163577,5.486765867400213,0.3048367599589301,0.09292545022225834,0.01431619087022637,0.13551036573341896,0.035745083972645225
17137,17137,SEC31A,0.3744200063432524,3.3386168810635573,0.4401216794048027,0.19370709268210395,0.00027347976700313855,0.09701454693329063,0.0010626600313032415
17138,17138,SEC31B,0.09235850413978428,6.523274878083101,0.14997640575818685,0.02249292228414429,0.2368613819150516,0.07732466721176988,0.3672635462977676
17139,17139,SEC61A1,-0.1753493332319094,8.650920008229184,-0.2633983485499646,0.06937869001884862,0.03547040050680469,0.08156084618627045,0.07833076922036054
17140,17140,SEC61A2,0.2166155418216406,6.11564196480664,0.12886503072311534,0.01660619614326946,0.3101817716823416,0.21170076176633093,0.45038127033532976
17141,17141,SEC61B,-1.0196754125438252,14.159014495880726,-0.6370197109753463,0.4057941121711137,1.5221110206893597e-08,0.15670458630185236,2.047286593355782e-07
17142,17142,SEC61G,-0.3820158843680518,10.756905991160076,-0.4459036056655627,0.19883002554554965,0.00022189568440988218,0.0973883313995386,0.0008815173446883139
17143,17143,SEC62,0.19741069984931428,5.432025331678672,0.2490073318711365,0.06200465132558234,0.047236809191167184,0.09751311972289166,0.09977693162648511
17144,17144,SEC63,-0.11774402302660418,7.774010477911313,-0.1294334726368876,0.01675302383884393,0.3080343205282905,0.11455860915351453,0.4482181921874652
17145,17145,SECISBP2,0.10927781044033788,6.1265979417631256,0.13048362472831068,0.017025976322238612,0.3040923744299306,0.10545110814526508,0.44360002112926766
17146,17146,SECISBP2L,0.14437889613532615,6.072855941182581,0.3166061231760922,0.10023943723259487,0.010807400362194134,0.05493536815082537,0.02799117986404903
17147,17147,SECTM1,0.1260313154022413,6.0082127367960725,0.7317848094501086,0.5355090073419317,6.4595326843221086e-12,0.014906918688546518,3.9198937402839915e-10
17148,17148,SEH1L,-0.17269106757493302,8.361419540418693,-0.4623312001204343,0.21375013860480105,0.00012001464764876392,0.042063084648217015,0.0005105927691225899
17149,17149,SEL1L,0.40991521481172,4.121034588427625,0.5681000719273697,0.3227376917238826,9.767329979528484e-07,0.0754139697701238,7.2244618597282525e-06
17150,17150,SEL1L2,0.00805539843158541,6.987301962835696,0.008765439025960926,7.683292131783883e-05,0.9451944069651692,0.11670805291297795,0.967351239795394
17151,17151,SEL1L3,-0.1347728235129661,7.959734418634987,-0.11330095163983545,0.012837105642492332,0.3727048810689163,0.1500953839030792,0.5156810554946893
17152,17152,SELE,-0.08349401962620823,7.279387993173788,-0.07899502645414061,0.006240214204490375,0.5349447264100877,0.13381367101031785,0.6659515981839867
17153,17153,SELENBP1,0.09713189555510383,5.9028809230853065,0.3197750059185166,0.10225605441018733,0.010000919137235276,0.0365508723201453,0.02617791658610297
17154,17154,SELK,0.2951867449554666,4.032633434608907,0.3336388580821219,0.11131488762234228,0.0070563180560163545,0.10592496607578464,0.019269176229890814
17155,17155,SELL,0.05386327415314005,6.7428280356375705,0.2783985272123645,0.07750573995401364,0.02591181522927702,0.023599989359774528,0.05986560960098088
17156,17156,SELM,0.20434675686755316,5.420784740690169,0.4764775442198662,0.2270308501457945,6.891065849658003e-05,0.047886219024038,0.00031244981359787285
17157,17157,SELO,-0.3602739627307223,9.151191692234224,-0.4798719590769443,0.2302770971083445,6.010142061734748e-05,0.08365248817366153,0.00027738624541105277
17158,17158,SELP,0.021114110786499184,6.910761478859277,0.024800830115267212,0.0006150811744063452,0.8457639751964316,0.10808791252565124,0.9031074399841582
17159,17159,SELPLG,0.3167143995360324,5.052410044263258,0.4646285380827041,0.21587967840087086,0.00010985446717807484,0.07665799179891672,0.00047294204507777546
17160,17160,SELT,0.16488074984561404,5.489624393870874,0.19836810387202208,0.03934990463378133,0.11610669754357902,0.10346295595797404,0.20938462152783177
17161,17161,SEMA3A,0.25917423987580346,6.066295414218832,0.19155859214972856,0.03669469422638605,0.129431951731257,0.16864611006256108,0.22839381639018663
17162,17162,SEMA3B,0.1342604503322963,6.4442188246718075,0.17051315113771254,0.0290747347109124,0.17794524135355594,0.0985342636912392,0.293771761950999
17163,17163,SEMA3C,-0.13025492221572724,8.096957685063405,-0.23402795288821499,0.05476908273304858,0.0627071523680095,0.06872259092994279,0.12647956579509623
17164,17164,SEMA3D,0.8031900694947272,4.466568012420661,0.4315299075027651,0.186218061069345,0.00037056704332932594,0.21323849505051626,0.0013946175396761474
17165,17165,SEMA3E,0.33221720796894816,5.945941636605338,0.28842755649167306,0.08319045534375727,0.020816317688674143,0.14006482775203594,0.04961230019241014
17166,17166,SEMA3F,-0.2301058504648554,8.453092012082328,-0.4714101449220342,0.22222752473541324,8.429678226964277e-05,0.054671271748491616,0.00037414364010024886
17167,17167,SEMA3G,0.2655415006274614,5.623739182547379,0.374716592251182,0.14041252450833858,0.002283577332146928,0.08344084166031053,0.007063400532444183
17168,17168,SEMA4A,0.4809628942984657,4.278204751526582,0.4219140028431761,0.1780114257951516,0.0005157698768454656,0.1312576663712403,0.0018708537157602274
17169,17169,SEMA4B,-0.16142869995652878,8.397926467909098,-0.2780498931905142,0.07731174310325636,0.026106367186270248,0.07082550317116784,0.06023797351291233
17170,17170,SEMA4C,-0.2844324006301404,8.969999110133038,-0.2935452148774113,0.08616879317742558,0.018562707562810973,0.1176362601738018,0.044898406374698045
17171,17171,SEMA4D,-0.13537102738303414,7.761593312870477,-0.19554867218485056,0.038239283193258165,0.12149028148075602,0.08622010075154543,0.2170507421389136
17172,17172,SEMA4F,-0.536172612731926,9.917685177333755,-0.5513537780327785,0.3039909885510184,2.340156989198197e-06,0.10303525695889867,1.543121181519091e-05
17173,17173,SEMA4G,0.21657258721531436,5.6470989130385085,0.4433930208111973,0.1965973709040788,0.00024308807663178954,0.05560135960788273,0.0009551936671133012
17174,17174,SEMA5A,-0.14903657796549302,8.20383497296155,-0.3670725148352243,0.13474223114745595,0.002848698267942437,0.047964278044910505,0.008614517664054388
17175,17175,SEMA5B,0.016814452139346577,6.899805494163378,0.01798803979468304,0.00032356957565510047,0.8878071781842602,0.11869509253049935,0.9309484957641248
17176,17176,SEMA6A,0.21880449196709648,5.563294930255863,0.7890678236795992,0.622628030366459,9.609806941669269e-15,0.021633703536762174,3.015947381476058e-12
17177,17177,SEMA6B,0.21833499967559133,5.86905906103786,0.18713060506582466,0.035017863352301636,0.1386988892908539,0.14556009495502328,0.24120819527734028
17178,17178,SEMA6C,0.2483326153245251,5.38528453911241,0.294086625548494,0.0864869433265001,0.0183369587018544,0.10249909313447096,0.04441190478566794
17179,17179,SEMA6D,0.20877381114600865,5.854244243626963,0.7802064153173391,0.6087220505023323,2.9824232285416263e-14,0.021257556618362854,6.94455645312569e-12
17180,17180,SEMA7A,0.19494211533770534,5.9279209732248495,0.216628116476331,0.046927740848082836,0.08555067913963653,0.11157269420308136,0.16361387942849323
17181,17181,SEMG1,-0.1764994314360121,7.589299564889349,-0.3056128656054752,0.09339922362359024,0.014057847185285426,0.0698367268164571,0.03515273450315888
17182,17182,SEMG2,-0.2921993116195067,7.914295736553421,-0.20175788793267155,0.04070624534305245,0.10987838774165426,0.18014766167428006,0.2003719146564651
17183,17183,SENCR,0.16116851557898249,6.149595827525181,0.1625143206762308,0.02641090442485678,0.1994783692714139,0.12427408519335745,0.3217417016663539
17184,17184,SENP1,-0.2466807943608747,8.473062045887923,-0.4047410040501264,0.16381528035950446,0.000908958958428865,0.07078046351147117,0.0031204036532620594
17185,17185,SENP2,-0.2346944223049791,8.596934051775253,-0.2449272677273539,0.0599893664763869,0.051102010004196535,0.11798754617541456,0.10653836782910137
17186,17186,SENP3,-0.5957917858180871,10.222954325826608,-0.6088566016027643,0.3707063613152673,9.398773683318727e-08,0.09858488134815498,9.466532284291491e-07
17187,17187,SENP5,-0.5306296711292189,9.775865998414172,-0.3412857333299631,0.11647595177457068,0.005782535248752359,0.18560374692534315,0.016138808108429457
17188,17188,SENP6,-0.11544930862959295,7.7432259823468765,-0.16041955978520206,0.025734435161678015,0.20541217363723147,0.09021460416182707,0.3290819427472255
17189,17189,SENP7,-0.06921650878411936,7.303933052757957,-0.08646839799354046,0.007476783851569312,0.4968923483427733,0.1012807175567122,0.63280426978139
17190,17190,SENP8,-0.1055650037492116,7.573546923465461,-0.14888249937767614,0.022165998620943744,0.2403379058829509,0.08904571778391741,0.371273887280304
17191,17191,SEP15,-0.2115512369891905,9.240859458884463,-0.24387692509719724,0.05947595459486395,0.05213778055391087,0.10684002115004866,0.10827039105244916
17192,17192,SEPHS1,-0.3473763173083073,9.614357643130113,-0.5383820530124006,0.2898552350058473,4.460105666023202e-06,0.06905374435899461,2.756160809594525e-05
17193,17193,SEPHS2,0.3603795092946384,3.2450480676430606,0.5805809233860676,0.3370742085998189,4.932503908832915e-07,0.06418505843898477,3.9707573288392855e-06
17194,17194,SEPN1,-0.2583851059467919,8.863574449600671,-0.36273754133404573,0.13157852389306862,0.003221768516707453,0.08430326675036184,0.009596615849972475
17195,17195,SEPP1,0.2194603236503296,5.190445810910351,0.6656197653429342,0.4430496720151828,1.962989681568312e-09,0.03124943668022872,3.696394917770591e-08
17196,17196,SEPSECS,-0.06610251884383606,7.380514550957928,-0.1259728874221537,0.015869168365474612,0.3212566101030218,0.06611066092521628,0.46248124868967894
17197,17197,SEPSECS-AS1,0.031288335469171966,6.895110133655258,0.040194220423130964,0.0016155753554232385,0.7525007366042775,0.0987806554169589,0.8391474046637639
17198,17198,SEPT1,0.16623825350707747,6.278573066225643,0.3665534123348297,0.13436140409430766,0.0028912457383186737,0.05358782888831567,0.008726867860352759
17199,17199,SEPT10,0.019736254861137573,6.849367850679086,0.029053623069588343,0.000844113013469716,0.8197270380280073,0.08623532965227439,0.8864632037269102
17200,17200,SEPT11,0.4067697378854336,4.493114490425297,0.4692689036985591,0.22021330397844754,9.170314948056508e-05,0.0972117866531424,0.00040239750800438436
17201,17201,SEPT12,0.08188862018197769,6.560558912201893,0.09213981382217884,0.008489745291185777,0.4689840683171351,0.11239033956232837,0.6071166292390168
17202,17202,SEPT2,-0.34020608876797,9.785650473629392,-0.32553687918338303,0.10597425970845653,0.008667809853237016,0.1254934483172516,0.023081827640414117
17203,17203,SEPT3,0.12824778158633826,6.466638634990484,0.12024233858284493,0.014458219987871515,0.343934740301023,0.13447269926077515,0.48634627146523784
17204,17204,SEPT4,0.18637517116099586,6.200203354140459,0.15703340326544155,0.024659489741126788,0.2152668580922698,0.14886009747038131,0.3407107010662259
17205,17205,SEPT5-GP1BB,0.15250066009915475,6.189976919906374,0.20858228034539847,0.04350656767408642,0.0981238123339681,0.0908112102987746,0.18319090090601797
17206,17206,SEPT6,0.1993410668025012,6.043700678223232,0.26929959060230835,0.07252226949857088,0.03140825258035308,0.09053509997629523,0.07063513445088233
17207,17207,SEPT7,0.2741026282414752,5.450165990567434,0.1985985232898148,0.03944137345289511,0.11567493918896532,0.17179213556397166,0.20879499574265725
17208,17208,SEPT7P2,0.2193814159655444,6.250627643875681,0.13069327928213856,0.01708073324951907,0.30330932787386344,0.21135360473527975,0.44270488760566623
17209,17209,SEPT7P9,0.1555832506528497,6.515248920506628,0.08975802863352615,0.0080565037041769,0.4806003006602937,0.2192487661291038,0.617686480550695
17210,17210,SEPT8,0.1436103196810216,6.058651393842394,0.16098875559663164,0.025917379428552,0.20378757891117102,0.11181296349974136,0.3270012118231601
17211,17211,SEPT9,-0.2799150965605674,8.922466617498335,-0.3033540469780439,0.09202367781795727,0.014821115871477946,0.11166522504383056,0.0368655254074035
17212,17212,SEPW1,-0.27878411332901,10.128632574569977,-0.2838827793649705,0.08058943241998054,0.02300869301492627,0.11958807465703608,0.05412854396938928
17213,17213,SERAC1,-0.06773507935508084,7.3228860245213125,-0.07128165178335265,0.005081073880963142,0.5756658188058679,0.1203743321190841,0.7000248936568435
17214,17214,SERBP1,-0.417509774615325,11.024700548277963,-0.5525566738912266,0.3053188778617354,2.201262156172928e-06,0.07998098024996064,1.460426837987891e-05
17215,17215,SERGEF,-0.7600334838364181,10.870167332347124,-0.5712954124367046,0.3263784482712244,8.221959704114606e-07,0.13867051587665458,6.234122457724152e-06
17216,17216,SERHL2,-0.36405523129988493,8.842691052638171,-0.2506452585909161,0.06282304565410719,0.045754178480996534,0.17857585493571393,0.09730008199999803
17217,17217,SERINC1,0.3549633026750208,3.547212345726398,0.6675457136371491,0.44561727979533067,1.69642230520267e-09,0.050281872528287794,3.2800459860030635e-08
17218,17218,SERINC2,0.3079150280924662,5.235485286555137,0.34667730624455445,0.1201851546649806,0.0050105230163886615,0.10580477557118388,0.0142298853665438
17219,17219,SERINC3,0.02238113821154277,6.7992253812672985,0.019707681344934787,0.0003883927039934906,0.8771610823911986,0.14420039104452748,0.9242372148297687
17220,17220,SERINC5,0.273492789907524,4.152554896674033,0.3432393878730749,0.1178132773874832,0.005491486864270859,0.09504585384775684,0.015413888275539269
17221,17221,SERP1,0.02106924899006968,6.806967089094162,0.017938435948831006,0.00032178748429031263,0.8881145721555637,0.14914158355215604,0.9310219809279533
17222,17222,SERP2,-0.0057207170304547075,7.036780056113358,-0.0030759068078785212,9.461202690753433e-06,0.9807550458840044,0.23619972835282466,0.9889755771184221
17223,17223,SERPINA1,-0.2181327725513349,8.79878731304234,-0.6392564088481107,0.4086487562533829,1.3067583734629443e-08,0.033325198216609564,1.807014851681996e-07
17224,17224,SERPINA10,0.16920344473122964,6.2037553483298655,0.20037509093669026,0.04015017706788688,0.11238725090808216,0.10506819410301074,0.20413906378246263
17225,17225,SERPINA12,0.029589078734740693,6.8990330383388745,0.02766517695951508,0.000765362016201284,0.8282076871912691,0.13578002563516034,0.8918811211958294
17226,17226,SERPINA2,-0.11746683969489438,7.432612913142519,-0.14710934931113248,0.0216411606547448,0.2460473244728478,0.10030630950498444,0.37804418982968063
17227,17227,SERPINA3,-0.09921598509849046,7.6315732858610525,-0.5599672307607615,0.3135632995258759,1.5019499163654704e-06,0.01864332792863534,1.0478326494489131e-05
17228,17228,SERPINA4,-0.07373522688117923,7.3881066144747995,-0.0975158503738504,0.009509341074135178,0.4433308036632848,0.09557166583361704,0.583713051214716
17229,17229,SERPINA5,0.07898935241799608,6.648525862390898,0.1070520529494182,0.01146014204068504,0.3998101035729996,0.09316972223876324,0.5420326671804486
17230,17230,SERPINA6,0.14769992889182765,6.260541751367994,0.3323548103008473,0.11045971993011222,0.007292740621729694,0.05323108052222877,0.019829771241029196
17231,17231,SERPINA7,-0.18931789169942667,7.7447589627987155,-0.2568457352217602,0.06596973170160654,0.040483896745610884,0.0904698626262615,0.0877468505681317
17232,17232,SERPINA9,0.2346141785866636,5.650797137153482,0.26945250145161803,0.07260465053853422,0.03130840228522397,0.10648995585009573,0.07043252145091679
17233,17233,SERPINB1,-0.3308700201533644,9.963432294094547,-0.6346241780326886,0.4027478473436656,1.7898318197222458e-08,0.05117099021164021,2.3362753499749986e-07
17234,17234,SERPINB10,0.31924395946738365,5.90332502278408,0.2653207406184842,0.07039509540234097,0.034101641074992764,0.1473346331534495,0.07581059824237432
17235,17235,SERPINB11,-0.2535808625429656,7.815820856518898,-0.21302965527911447,0.04538163402833836,0.0910071388544674,0.14770508882852984,0.1721638500824226
17236,17236,SERPINB12,-0.04816806499036768,7.232961786698872,-0.05569876672502514,0.0031023526146887674,0.662004351656971,0.10965869210822644,0.7698675815010851
17237,17237,SERPINB13,0.11871256334456723,6.605842672300501,0.06622852076190056,0.004386216962309493,0.6030934576347359,0.227143980995494,0.7219851194140199
17238,17238,SERPINB2,-0.32035507041535755,8.092736348028442,-0.2877713980034069,0.08281237750883526,0.021121428212239533,0.13539955076774218,0.05025099186289245
17239,17239,SERPINB3,-0.1201747697813539,7.410723228345868,-0.29155807805791795,0.08500611288082698,0.01941171733690857,0.050072753244673474,0.04669118504173665
17240,17240,SERPINB4,-0.1077647882895102,7.338628947403791,-0.194088772609282,0.03767045165297757,0.12435170070616527,0.06917394307803376,0.22123201436017162
17241,17241,SERPINB5,-0.1352249570765844,7.737921442122771,-0.7261645538435272,0.5273149592587689,1.1189119231081052e-11,0.016259676125149492,5.967989580026113e-10
17242,17242,SERPINB6,-0.6874406877651162,10.690853391338523,-0.476939518111329,0.2274713039362667,6.764545555244941e-05,0.1608916072816418,0.00030800301513631034
17243,17243,SERPINB7,-0.2543799870729789,7.898699664244638,-0.3256392875892173,0.10604094562161297,0.008645590302257271,0.09380135542074032,0.023039657641567957
17244,17244,SERPINB8,-0.2702547777974958,8.613410981415276,-0.3982578980879595,0.15860935338943954,0.001117141463718302,0.07905183916642136,0.003743685917180413
17245,17245,SERPINB9,0.10845590545126656,6.499974800066577,0.17196191487643694,0.029570900167970957,0.17423300347345425,0.07890544849232063,0.28896497589167897
17246,17246,SERPINB9P1,-0.059842765527080025,7.289982455072894,-0.08988558459039858,0.008079418317157696,0.4799743456438048,0.08421010604519027,0.6171383716254953
17247,17247,SERPINC1,-0.13233904460770088,7.496516313311098,-0.10540613887543247,0.011110454112626957,0.4071371616509627,0.1585623735167177,0.5490786096750077
17248,17248,SERPIND1,-0.1265174058834659,7.456406402364843,-0.2440657269621978,0.059568079077586086,0.05195034572255587,0.06384271049121787,0.10795362600728792
17249,17249,SERPINE1,-0.091127193099126,7.423432421009245,-0.15322426224886904,0.023477674541710198,0.2267443288523707,0.07463898036903327,0.3548564314011771
17250,17250,SERPINE2,-0.2268519097373541,8.407675061490908,-0.7285794811324326,0.5308280603272048,8.851141482113087e-12,0.027085426199133542,4.93998630915358e-10
17251,17251,SERPINF1,0.16558023002729222,5.631093805567348,0.676913102635638,0.4582113485198058,8.212842344965369e-10,0.02286623530066367,1.8203592730831635e-08
17252,17252,SERPINF2,-0.3888351249466629,9.08364849631714,-0.5393575778078294,0.2909065967387288,4.252891626780815e-06,0.0770982610198803,2.6396207560314862e-05
17253,17253,SERPING1,0.1662797511544509,5.980922165450886,0.6202522334697592,0.3847128331242247,4.598050260089417e-08,0.0267063239585078,5.148437351718528e-07
17254,17254,SERPINH1,-0.3448645812969838,9.988265157066923,-0.7130623897229751,0.5084579716374399,3.827448905521955e-11,0.043063125429378665,1.537725529667494e-09
17255,17255,SERPINI1,-0.10286753097527504,7.524517224273324,-0.3196140536679103,0.10215314330203384,0.010040583767600787,0.038730913228023585,0.02626269374168318
17256,17256,SERPINI2,-0.20865198547651484,7.721811096994219,-0.1336741254067577,0.01786877180326158,0.2923176070652791,0.19645545198822806,0.43098421733855835
17257,17257,SERTAD1,-0.043058300481677435,7.341193045617576,-0.061173187002015086,0.003742158807983508,0.6310921279984016,0.08922484634551879,0.7450010920085798
17258,17258,SERTAD2,0.2400432823367677,5.127556390840863,0.4351785126948083,0.18938033791126546,0.00032603339593576,0.06307174331570403,0.0012416906769238275
17259,17259,SERTAD3,0.12820448719061728,6.124502030159207,0.2174536962961792,0.04728611003287093,0.08433596870811823,0.0730839203093857,0.16164767236451585
17260,17260,SERTAD4,-0.17169952883222564,7.8075918668738,-0.2266447583108181,0.05136784646976916,0.07171279223270405,0.09370796347892993,0.14135631856901568
17261,17261,SERTAD4-AS1,-0.2824940391831553,8.301059295286066,-0.32066244006003536,0.10282440046525576,0.00978465780334688,0.10597515913759896,0.025677019477881327
17262,17262,SERTM1,-0.3279426504448181,7.976146930709556,-0.17823180865563978,0.031766577616660595,0.15881669537761334,0.22993595037671416,0.26881159437253527
17263,17263,SESN1,-0.1749331519792675,8.46717050715028,-0.41088255432715415,0.16882447345040674,0.0007447818523340544,0.0492952357958742,0.002607639613952134
17264,17264,SESN2,0.3277041942166912,4.650907859035682,0.5656484975198061,0.3199582227464139,1.1133572988743998e-06,0.0606746547889685,8.095954434897626e-06
17265,17265,SESN3,-0.3343033189404984,8.490124978056988,-0.5284689578325683,0.2792794393926409,7.172719120370042e-06,0.06820383849924072,4.200249663375156e-05
17266,17266,SESTD1,-0.34832941028376746,9.062950993048561,-0.6745494180947065,0.4550169174519072,9.886978205856829e-10,0.04841411955675075,2.115637480709779e-08
17267,17267,SET,-0.10753046030978317,8.078339415273657,-0.2289803749979941,0.05243201213422199,0.0687585638911011,0.05805539550390109,0.13647724116056775
17268,17268,SETBP1,0.1768606641593503,6.1119676962580005,0.7472976821340069,0.5584538257228593,1.3168773853892308e-12,0.019972380655237883,1.2313308408134868e-10
17269,17269,SETD1A,0.013278274441891679,6.933808922182743,0.016472893161141304,0.0002713562090983759,0.8972037257826062,0.1023568664403109,0.9368314133671989
17270,17270,SETD1B,0.1687203707807221,5.51896606599857,0.17221187285857015,0.02965692915345633,0.1735982736845133,0.12256634658928076,0.28811086884105885
17271,17271,SETD2,-0.1066803312384482,7.692760865401738,-0.14312754538115893,0.020485494246835708,0.25920441066860417,0.09368514287313774,0.3934303997356573
17272,17272,SETD3,-0.1826341880186492,8.219234669687934,-0.16244865696904778,0.02638956615104736,0.1996624990445172,0.14088433873360295,0.32195311536796173
17273,17273,SETD4,-0.5068950100766667,9.864606986928882,-0.4599798906177547,0.2115814997727216,0.00013130226952713664,0.12426869248399178,0.0005536118860222243
17274,17274,SETD5,-0.4137161304459388,9.58156402264821,-0.24315684523791925,0.05912525138605741,0.05285771808238558,0.20959746012861386,0.10966500209986896
17275,17275,SETD6,-0.2988474727578423,8.818586025442643,-0.5645057072592999,0.31866669352832244,1.1829952891382336e-06,0.055496451592113916,8.533565285239324e-06
17276,17276,SETD7,-0.5570634706083929,10.399521057223767,-0.5898182620573821,0.3478855822563905,2.9200323222496485e-07,0.09686179697772808,2.5023070810572276e-06
17277,17277,SETD8,-0.4099943045458868,9.780319253665937,-0.3912687670691356,0.1530912480838015,0.0013889043342231937,0.1224686999265405,0.0045405681397347915
17278,17278,SETD9,-0.11784255146463475,7.699805643854142,-0.17913822098947274,0.03209050221927318,0.15667411703711825,0.0821931095488591,0.2658708568637878
17279,17279,SETDB1,-0.5800005066743814,10.691614126795967,-0.6708921301130568,0.4500962502476348,1.3130711134679118e-09,0.08141851394255638,2.6524771419913835e-08
17280,17280,SETDB2,-0.18952310692132074,7.885436263777107,-0.11811461019501394,0.013951061141520098,0.35260272636056433,0.2023540665923418,0.4952401115149838
17281,17281,SETMAR,-0.459006820134069,9.490678128577997,-0.5110493837198657,0.2611714726004546,1.5955247596585747e-05,0.0980465356075349,8.518512985800403e-05
17282,17282,SETX,0.1231284380129034,6.211437845888693,0.17650849670853785,0.031155249410307912,0.16294979791155415,0.08720150982610078,0.2744130860700447
17283,17283,SEZ6,0.19810088628389075,6.054210662359003,0.19483809927739504,0.037961884930028035,0.12287667244632575,0.12665222650299968,0.21911185291709354
17284,17284,SEZ6L,0.17012485714207715,6.334421336866182,0.1338858285291151,0.01792541508092761,0.2915470193165798,0.1599224941188372,0.43027674662990084
17285,17285,SEZ6L2,-0.3155089304794201,9.060563872923348,-0.4738845025510248,0.2245665217580322,7.642671027734785e-05,0.07445872222372152,0.00034273392586546173
17286,17286,SF1,-0.10753385540097267,7.573160906641518,-0.12657324706672649,0.016020786873014586,0.3189371926424047,0.10702873995493503,0.4598024070406115
17287,17287,SF3A1,-0.4190969579291746,10.267357869032741,-0.4962895956385471,0.2463033627390725,3.0378814369723718e-05,0.0931068817493168,0.00015143950855809558
17288,17288,SF3A2,-0.30524543190660103,8.977375979784501,-0.6244330032955656,0.3899165756047199,3.511720678735787e-08,0.04849110630916215,4.071001675483055e-07
17289,17289,SF3A3,-0.3300008142253268,9.494168001116897,-0.6068584845001999,0.3682772202098793,1.0623320771672162e-07,0.05489022453986835,1.0490105394918407e-06
17290,17290,SF3B1,-0.21384706595173106,8.916054953137174,-0.26064754234861376,0.0679371413323724,0.037508272871818966,0.10059500535300553,0.0821691096650723
17291,17291,SF3B2,-0.3567241615457595,9.525794737742617,-0.24147683944571735,0.05831106398869278,0.054568931967097715,0.18206016502894595,0.11263847314340873
17292,17292,SF3B3,-0.41824467568885604,9.923275063810001,-0.5631911461920242,0.31718426714908593,1.268148337561672e-06,0.07793463704363493,9.063284570923435e-06
17293,17293,SF3B4,-0.3581887149762373,9.886503205701402,-0.6121044299710829,0.3746718331902244,7.688253099599529e-08,0.058768489331583386,7.98126178676068e-07
17294,17294,SF3B5,-0.1494663837711562,8.591971375292783,-0.2398374989428439,0.05752202589915865,0.056281912802116765,0.07683625700865009,0.11565749849267196
17295,17295,SF3B6,-0.5669308947841084,11.152810394986437,-0.4605583481887573,0.2121139920863566,0.00012843830212231388,0.13876543926808568,0.0005426988160895039
17296,17296,SFI1,-0.40103170836714935,9.23397057505282,-0.5295858573796625,0.2804611803365522,6.803939792942944e-06,0.08157810327409197,4.011416177952068e-05
17297,17297,SFMBT1,-0.17665800030249526,8.013545110651565,-0.2449092643052224,0.05998054774252527,0.051119621002255776,0.08881793506421816,0.10656482410510673
17298,17298,SFMBT2,0.5031527198148633,4.6827755191642035,0.5659591312539727,0.32030973824975145,1.0951041420964024e-06,0.09308387031237099,7.97930020090767e-06
17299,17299,SFN,0.1289426561732443,5.647488082255875,0.2786215918644089,0.07762999145305724,0.025787978729547457,0.05644670360732799,0.05961766620992315
17300,17300,SFPQ,-0.19840251335734804,8.477912640074576,-0.3136849115432341,0.09839822372988664,0.011600205887053985,0.07627198948664984,0.02977390760746166
17301,17301,SFR1,-0.21194633922983008,8.420296036249416,-0.6348769290837925,0.4030687150828669,1.7596104613901473e-08,0.03275689283505318,2.306559596937266e-07
17302,17302,SFRP1,0.2854822170823077,5.7313562037592805,0.6756847149562384,0.4565498340254931,9.046012288102362e-10,0.0395566026104651,1.966781085329886e-08
17303,17303,SFRP2,0.279472749114765,5.896440125996223,0.5450176791415089,0.2970442705767967,3.2175330560859486e-06,0.05460055028629785,2.0498875648585236e-05
17304,17304,SFRP4,-0.2102632126280404,7.75518221368455,-0.13615632119832066,0.018538543802260256,0.2833663490458532,0.194297076781408,0.4209864358251888
17305,17305,SFRP5,0.27393080528306424,5.642760929044978,0.2780202444226447,0.07729525630882708,0.02612296908089079,0.12019875942592607,0.06026985887989453
17306,17306,SFSWAP,-0.3770964795793362,9.133569978578533,-0.267161895450842,0.0713754783808866,0.03283229313880553,0.1727436894792403,0.0733350498113289
17307,17307,SFT2D1,0.18483521190591776,5.727671057241842,0.09197113460162984,0.008458689599911114,0.4698017171218699,0.2541515292459056,0.6077393180569948
17308,17308,SFT2D2,0.27491001826477485,4.898035350090355,0.2739035864696133,0.07502317468091692,0.028516166670933474,0.122592084311536,0.0649656783204117
17309,17309,SFT2D3,0.01583272488147536,6.909726905978438,0.015494596175398903,0.0002400825106386864,0.9032784344258724,0.12975599102650265,0.940634503365822
17310,17310,SFTA1P,0.4154207321244948,5.253055759618029,0.4343044529638461,0.1886203578642256,0.0003362324951030053,0.10942337182853257,0.0012763553960490589
17311,17311,SFTA2,-0.28191717650712983,8.049923057204346,-0.4923302808449854,0.24238910543690226,3.59270859419469e-05,0.06329832969674211,0.00017584652374271216
17312,17312,SFTA3,0.09951797106352968,6.717471519331255,0.05375063638548876,0.0028891309118450285,0.6731453006712116,0.2347976701250428,0.7789334982384892
17313,17313,SFTPB,0.37571234964182587,4.9902077421348565,0.31907539940379065,0.10180911050468852,0.010174323925238529,0.14172635800981115,0.026575997820719743
17314,17314,SFTPC,0.08715152959561481,6.501231924177853,0.07891374316044665,0.006227378859592941,0.5353663382451433,0.13982023857908327,0.6662789027311048
17315,17315,SFTPD,0.4302601077887139,5.325244939758335,0.4652270084747085,0.21643616941432645,0.00010734088225217049,0.10396987163774662,0.00046326951653145675
17316,17316,SFXN1,0.1957131691665532,5.948682627283811,0.33857844034850537,0.1146353602688264,0.006208252739668693,0.06907581076526778,0.017183437315600663
17317,17317,SFXN2,-0.2824811714472741,8.635660207874889,-0.3878534443548642,0.15043029429793173,0.0015422077808197115,0.08525611079006246,0.0049778669687957754
17318,17318,SFXN3,-0.4486030427806748,9.426222962648568,-0.5907014852408042,0.3489282446656921,2.7748906249031446e-07,0.07782385415577486,2.3949883014060424e-06
17319,17319,SFXN4,-0.3083371497979865,9.197485154350463,-0.3311731553920496,0.10967565885232664,0.007516406807905734,0.1115704041614381,0.02037004420333102
17320,17320,SFXN5,0.6835876353940439,3.797219420504573,0.3881202656454702,0.15063734060471035,0.0015297055009105749,0.20614775806649285,0.004942669743691211
17321,17321,SGCA,0.15653673029200346,6.345269146296295,0.22916164929153676,0.05251506150601728,0.068533419228968,0.08444319008027545,0.13605529825846185
17322,17322,SGCB,-0.17087067152519347,8.255858849404035,-0.32929322385720106,0.10843402727826873,0.007884616451283818,0.06222510383467893,0.02124705938931696
17323,17323,SGCD,0.6411105914200156,4.329960463940818,0.5076031765618138,0.2576609848556439,1.8593646028786184e-05,0.13820186980920926,9.746923378198132e-05
17324,17324,SGCE,0.16296178019622398,6.042765985839678,0.7145866532756249,0.5106340850396581,3.32889434863891e-11,0.02026057998962426,1.367878692974869e-09
17325,17325,SGCG,0.12090908597329066,6.59352923854171,0.115477296882243,0.01333500609522969,0.3635320040959121,0.13208434414856265,0.5065370190225046
17326,17326,SGCZ,-0.22112533828351988,7.751747882067777,-0.21664988535267915,0.046937172823329015,0.08551847355368394,0.12654499338423605,0.16358118053219908
17327,17327,SGIP1,-0.01171164903426855,7.054408280429351,-0.009419782561542241,8.873230350673528e-05,0.9411101511371248,0.1578927023193374,0.9652971524747176
17328,17328,SGK1,0.11278831327248748,6.037292405590409,0.5641077755977736,0.3182175824898681,1.2081884457840919e-06,0.02096665116548028,8.683478524213245e-06
17329,17329,SGK2,0.25379396156383843,5.105322320287722,0.7366694990872973,0.5426819508855295,3.962249471294036e-12,0.029588430057667092,2.767822977447495e-10
17330,17330,SGK223,0.2044885046490493,5.3085904275399205,0.4432704145123216,0.1964886603819254,0.00024416895498020793,0.05251704888207921,0.0009585711965366937
17331,17331,SGK494,-0.3016811771736356,8.114489648419429,-0.32008739438473216,0.10245594004400707,0.009924323362627541,0.11339964281711515,0.025996277055485597
17332,17332,SGMS1,-0.17313623393104755,8.18010373544222,-0.5095944277330339,0.25968648077655826,1.702356657823353e-05,0.03712575474986205,9.0199494556312e-05
17333,17333,SGMS2,-0.14947278221456772,8.038531914509411,-0.3013969629400099,0.0908401292694617,0.01551096580120436,0.06005477316505462,0.03834798086825898
17334,17334,SGOL1,-0.3608706523993545,8.440650547248957,-0.4741618545097418,0.2248294642721176,7.558812872462564e-05,0.08509964248860508,0.00033973867321124285
17335,17335,SGOL2,-0.15068548993400244,7.954216796689313,-0.6405431722896093,0.41029555556683617,1.1962936989523624e-08,0.022942692478608643,1.676701731336529e-07
17336,17336,SGPL1,0.11571536208462202,6.220164973269731,0.116742817115984,0.013628885348176087,0.3582620122778501,0.1250216360076956,0.5008174989269153
17337,17337,SGPP1,0.11821458753453723,6.159179146987589,0.2592293622532019,0.06719986225420177,0.0385962976433174,0.05593521810760159,0.08424582456063283
17338,17338,SGPP2,0.015288054123152026,6.908149321870818,0.03712715417633077,0.0013784255772330356,0.7708496568132273,0.052259491246432636,0.8513580392071379
17339,17339,SGSH,-0.15286395867332078,8.0379535259576,-0.1987322380806404,0.03949450245254033,0.11542495052742202,0.09573943526785916,0.20843289723743527
17340,17340,SGSM1,0.21577106713564206,5.943795189160935,0.20512159957255316,0.04207487061120283,0.10395578855415462,0.1307530274572298,0.19181685422121833
17341,17341,SGSM2,-0.05372292252238099,7.346485396435052,-0.05111349872634829,0.002612589752048409,0.6883383188877681,0.13330919839015729,0.7904319808842198
17342,17342,SGSM3,-0.10995381593419813,7.7614825791162625,-0.11818032608203273,0.013966589472855584,0.3523330103703065,0.11733162695344974,0.4949254890742727
17343,17343,SGTA,-0.4878698102892351,10.599511336585113,-0.4678271691172423,0.2188622601642528,9.70227568842054e-05,0.1170540569065876,0.00042333826321327175
17344,17344,SGTB,0.0360491340787787,6.858287796262577,0.04875206719831677,0.002376764056109193,0.7020480781645755,0.09379706192509578,0.8012042757656854
17345,17345,SH2B1,0.2449865889115242,5.313280541325467,0.2703147136051403,0.07307004439142903,0.0307503401949277,0.1108154308189396,0.06938612242587885
17346,17346,SH2B2,-0.055154768747486836,7.33697915403812,-0.062078224241989326,0.0038537059250387104,0.6260399762040008,0.11261843806861868,0.7404498161940923
17347,17347,SH2B3,0.2348484960529181,5.412142541865762,0.6486671996482373,0.4207691358994861,6.783816164369534e-09,0.03499418214986666,1.0523176148955751e-07
17348,17348,SH2D1A,0.27032263339971657,5.8303469208871626,0.3400664970446732,0.11564522241223472,0.005970971817341758,0.09493710409688266,0.016598381861942974
17349,17349,SH2D1B,0.2797652571839438,6.011405229530059,0.19931255054043948,0.03972549280293524,0.11434481742802576,0.17468716178958832,0.20691376463640826
17350,17350,SH2D2A,-0.2941602536931259,8.670578051451022,-0.35270784572520003,0.1244028244361115,0.004256010358654768,0.09911176320134492,0.012303284516976239
17351,17351,SH2D3A,-0.38679202798343737,9.119633679659069,-0.3991921471138787,0.1593543703173886,0.0010847057898918835,0.1128252125001391,0.0036508088094666983
17352,17352,SH2D3C,0.32293226921661994,5.602495455555042,0.2898496561557465,0.08401282317360446,0.02016789021396474,0.13542146478577566,0.04827942323495539
17353,17353,SH2D4A,-0.4068046072264351,9.82390570682374,-0.7212345992145774,0.5201793471042122,1.7918776227664622e-11,0.04961956288951841,8.546940511235185e-10
17354,17354,SH2D4B,-0.2437021177655212,7.825557588630789,-0.16751909837311796,0.028062648319742367,0.18579839801055728,0.18214542516805055,0.30386408193630526
17355,17355,SH2D5,0.08829066293257698,6.614038289762182,0.10926781972333584,0.01193945642709142,0.39006941096322745,0.10200428921820512,0.5327291305757247
17356,17356,SH3BGR,0.04766320024774178,6.7370671414502485,0.06250362834110887,0.0039067035558034684,0.6236711455006849,0.09665673788364862,0.7386456566538768
17357,17357,SH3BGRL,0.2346670265304922,4.691678124602436,0.2326917009543253,0.05414542769301716,0.06426569644549146,0.12456255711813255,0.12907613069217747
17358,17358,SH3BGRL2,0.3521051634595671,3.540332460451879,0.7417165287196826,0.5501434089759758,2.3640927703355393e-12,0.040436693473493567,1.9102398858811979e-10
17359,17359,SH3BGRL3,0.04416550326142316,6.542950003321343,0.08104638501017862,0.006568516523218108,0.5243588326734738,0.06897991424513925,0.6569654317023881
17360,17360,SH3BP1,0.16273133196349338,5.949634424004003,0.20314706912548244,0.04126873169427354,0.10740164061154124,0.09961235767845716,0.1969499980898404
17361,17361,SH3BP2,-0.003577257004644695,7.03531228703732,-0.002283077220708021,5.212441595715864e-06,0.9857149173082371,0.1989906016942068,0.9915413979789973
17362,17362,SH3BP4,-0.4240777143938656,9.785090215935194,-0.6565174154611025,0.4310151168037259,3.85761658266211e-09,0.061880486407318386,6.526303679495937e-08
17363,17363,SH3BP5,-0.054166921935275066,7.39509758831604,-0.1247201716688537,0.015555121221108338,0.3261308420752542,0.05472645471101845,0.46773716041722174
17364,17364,SH3BP5-AS1,0.03939310454435625,6.791146327074668,0.04624869659617231,0.0021389419368448,0.7166858179798277,0.1080587410261632,0.8131526453082453
17365,17365,SH3BP5L,-0.0808796211715376,7.493888594482866,-0.10667340554248103,0.01137921545003062,0.4014888265534984,0.0957418845857667,0.5436278708820114
17366,17366,SH3D19,-0.08410557153349928,7.745461888560339,-0.11051934137273517,0.012214524817463173,0.3846303886409869,0.0960554368390696,0.5275812511195237
17367,17367,SH3D21,0.3059085962915756,5.289212009953157,0.3916303669793052,0.15337434434034528,0.0013735037898318346,0.0912778053120776,0.004500412251294958
17368,17368,SH3GL1,-0.30906053546323603,9.408667954128086,-0.3678216594487187,0.1352927731596092,0.0027882786684519517,0.0992304481773978,0.008453055378038222
17369,17369,SH3GL1P1,0.21008732922707954,6.412311529005066,0.1214466910116398,0.014749298757676712,0.33908777411838475,0.21806788190848309,0.4815046392481064
17370,17370,SH3GL1P2,0.2323163562002057,6.0840750005153446,0.1748925564169565,0.03058740629005831,0.166896775291549,0.16609897229397974,0.2794598752718891
17371,17371,SH3GL2,0.11055695484689863,6.660562637747799,0.12553047968894598,0.01575790133093688,0.3229726594920868,0.11096652946580993,0.46431474084187346
17372,17372,SH3GL3,0.16878287408649267,6.330193441655023,0.09735869709390922,0.009478715899823568,0.4440694239940217,0.21912386816680648,0.5842947731553372
17373,17373,SH3GLB1,0.31377553677088066,3.9469419854686536,0.29779729048336306,0.08868322621923252,0.016851940429565608,0.12774301919418835,0.04125353493129587
17374,17374,SH3GLB2,-0.28012403046872464,8.739643136568898,-0.2808058830191256,0.07885194393815083,0.024601510027308485,0.12159425030200333,0.057278324872741135
17375,17375,SH3KBP1,0.4138838441844295,3.3472644566154868,0.6240592291498357,0.3894499214870871,3.597951487848569e-08,0.0658138754292758,4.157282236964731e-07
17376,17376,SH3PXD2A,-0.14510591054927055,7.906052245847051,-0.16434267814671155,0.027008515860433624,0.19439992118830104,0.11060975175520356,0.31517034463821664
17377,17377,SH3PXD2A-AS1,-0.2757693208036805,8.119214177340835,-0.5264921628746868,0.2771939975684657,7.871487308175501e-06,0.056554747677976185,4.549160866254082e-05
17378,17378,SH3PXD2B,-0.4079507009278556,9.35124326916317,-0.6509907896837185,0.4237890082530314,5.749775423877779e-09,0.06041263297131165,9.141805198536954e-08
17379,17379,SH3RF1,0.33397587023579145,4.3837973996773085,0.4597375653162941,0.21135862896295374,0.00013251938151448358,0.08193114642170138,0.0005578746513794988
17380,17380,SH3RF2,0.2850748518317723,5.076645994037444,0.35858135562530724,0.12858058860208307,0.003619597041404308,0.0942516523587329,0.010635328891670326
17381,17381,SH3RF3,-0.0036043393346334037,7.0348764203158165,-0.004459425126973334,1.988647246308114e-05,0.9721017275118702,0.1026470876093495,0.9837762099820235
17382,17382,SH3RF3-AS1,-0.29675461095713873,7.88828776531454,-0.19480753805227244,0.037949976881987584,0.12293656937530514,0.18975564317703028,0.21918256296906247
17383,17383,SH3TC1,-0.13856538120878498,7.752354310740997,-0.15565090124100184,0.02422720305713611,0.21938435019542887,0.11168159550351207,0.3460389033055585
17384,17384,SH3TC2,-0.7149717792834724,9.431666745720337,-0.5934710731017462,0.3522079146085382,2.3625691851595484e-07,0.12314345055530045,2.0890745489844844e-06
17385,17385,SH3YL1,-0.3082420070566588,9.503133677111657,-0.3958014543514784,0.1566587912667454,0.0012066398778225248,0.0908281052321342,0.004005792818372953
17386,17386,SHANK1,0.12033787740603415,6.472195631271156,0.1483017919804034,0.021993421504598848,0.24219762391309346,0.10191332977498548,0.3735871177318925
17387,17387,SHANK2,-0.18454415925521836,7.879563938453391,-0.15857940667161013,0.02514742822031991,0.21072709717585647,0.14592413984985256,0.3355209801786808
17388,17388,SHANK2-AS3,0.31797607101911834,5.7868692579341605,0.24978985012740146,0.06239496922666968,0.04652363945369471,0.1565430427758676,0.09860716574040902
17389,17389,SHANK3,-0.08973544951442591,7.426320064779015,-0.07180556899864708,0.005156039739219465,0.5728552898565459,0.158302419903757,0.6977434783645593
17390,17390,SHARPIN,-0.17298630655593314,8.238684085080106,-0.1741889873811554,0.030341803324872317,0.1686369934304374,0.124195117697721,0.2818643171299878
17391,17391,SHB,-0.3875449741452637,9.412204525132353,-0.6547273689786859,0.4286679276897523,4.393901595044319e-09,0.056821156762176986,7.268902906087451e-08
17392,17392,SHBG,0.22968333944481556,5.751774185566442,0.2209827527491303,0.04883337701258325,0.07929627444923733,0.12873705532318774,0.15379018110910522
17393,17393,SHC1,0.06358287753946172,6.482046912675295,0.06979661885524774,0.004871568003624724,0.5836665350602429,0.1154116145439176,0.7063993077238988
17394,17394,SHC2,-0.2438710238878407,8.53355171406382,-0.4085025080558893,0.1668742990879519,0.0008049171645331505,0.06920299583159589,0.002791556886285294
17395,17395,SHC3,0.041886529067208536,6.817645472047809,0.028801045324357375,0.0008295002117756879,0.8212682871408858,0.1846248179932196,0.8875064779704409
17396,17396,SHC4,0.3523362510763625,5.874868860289874,0.1990567034564992,0.03962357119096865,0.11482006399567207,0.22029539707216514,0.20757816777399202
17397,17397,SHCBP1,-0.14155811398604262,7.781917181936259,-0.6437591412585442,0.41442583195393823,9.57601981318582e-09,0.021370095800425832,1.3983055229571066e-07
17398,17398,SHCBP1L,0.21092239584589906,5.979479577581578,0.14279931321371858,0.020391643854309704,0.2603098034588835,0.18566368794161486,0.39483146276543546
17399,17399,SHD,0.2930395681580019,5.272426262594259,0.4840190668446301,0.2342744570691465,5.075247251368463e-05,0.06728287151168691,0.0002386633642310186
17400,17400,SHE,0.39093904755566655,5.054424622857559,0.6088294021248544,0.3706732408917076,9.414509471984633e-08,0.0646927611170092,9.477973157407123e-07
17401,17401,SHF,-0.21428044658294987,8.156225400236814,-0.4577258204006602,0.20951292666145746,0.00014303122010300096,0.052860184242407834,0.0005959863519973996
17402,17402,SHFM1,-0.4116006629331415,10.826727336715916,-0.6113384417560961,0.3737346903687717,8.062918059780678e-08,0.06766712004667749,8.290716551972962e-07
17403,17403,SHH,-0.4145624038166397,9.157388994177179,-0.4766083648077365,0.2271555334047044,6.855018334421042e-05,0.09711324358059344,0.0003111411067530657
17404,17404,SHISA2,0.028397705177747774,6.9152659315510485,0.03113157145642445,0.0009691747413464617,0.8070735193331355,0.1157912659575158,0.8771921833547004
17405,17405,SHISA3,0.2806822616007106,6.193013745749985,0.2135740014376736,0.0456138540900994,0.09016463802263623,0.16305450455137202,0.1709134485626915
17406,17406,SHISA4,0.20133061007589387,5.984411602090247,0.2763860067281724,0.07638922471514534,0.027051933752413267,0.08890832105602413,0.06211532450519662
17407,17407,SHISA5,-0.5278783631625023,11.910948962193107,-0.7682150523507014,0.5901543666581909,1.2739278078244577e-13,0.055868287622625065,2.2069525342750906e-11
17408,17408,SHISA6,-0.06339397476125988,7.232319474400191,-0.17462341980480814,0.03049333874432627,0.1675609001293218,0.045396779793043865,0.280347005508805
17409,17409,SHISA7,0.13379418284003208,6.359840074269018,0.1724970833659454,0.029755243769757918,0.17287608633945326,0.0970287155916338,0.28715437981750863
17410,17410,SHISA8,0.01100554323561074,6.971000717849653,0.011648289833791018,0.0001356826560519992,0.92721229999633,0.11998418507477895,0.9568589816842741
17411,17411,SHISA9,0.07561272024247558,6.7140889344683305,0.09736751700730477,0.009480433368167786,0.4440279522613664,0.09815590964228503,0.5842757067642881
17412,17412,SHKBP1,-0.21841381148121056,8.520973328572946,-0.3102372116453588,0.09624712748948712,0.01260022483438295,0.08499927274003871,0.031980528456230985
17413,17413,SHMT1,-0.24748127173853665,7.908837946367093,-0.1362439679503462,0.018562418802854967,0.2830536261787442,0.2285391210830328,0.4209261279289043
17414,17414,SHMT2,-0.2321569014541991,8.759367090709533,-0.740979090153272,0.5490500120443708,2.5512698412770923e-12,0.026720463735520842,2.0163411829509282e-10
17415,17415,SHOC2,0.40800734733045796,3.3278550888778025,0.5733432442549352,0.3287224757327743,7.355646608449014e-07,0.07404717474406268,5.640457765791904e-06
17416,17416,SHOX,0.055584680750894976,6.792267550452152,0.058380602427882886,0.0034082947398425263,0.6467865521765345,0.1207116907267206,0.7574559706396963
17417,17417,SHOX2,-0.32072114833848625,8.224880726240599,-0.2426557955194409,0.05888183509917271,0.05336343431491637,0.16284077594237842,0.11053012601903407
17418,17418,SHPK,-0.12878631884954925,7.8278206534132995,-0.13979683197077175,0.01954315422906419,0.2705689812679176,0.11584860189756704,0.4070939104887683
17419,17419,SHPRH,-0.05853580854592826,7.3571155071357,-0.18917149305831116,0.03578585378591065,0.1343676124311659,0.03858840559525652,0.23499682177329168
17420,17420,SHQ1,-0.3935834539566293,10.139794480710554,-0.4644794116865534,0.21574112388068675,0.00011048917259060449,0.09530248847858308,0.00047501350654150095
17421,17421,SHROOM1,-0.020474924148472462,7.149179119415102,-0.02252137193627242,0.0005072121938919188,0.8597893590671785,0.11543073105841915,0.9128009057942337
17422,17422,SHROOM2,0.033702292814446685,6.8150262246119535,0.13267959496788362,0.017603874920841648,0.2959554901709397,0.03197442815562543,0.4346796079525026
17423,17423,SHROOM3,0.4383994137893025,3.674019950601634,0.4706648835755894,0.2215254326312232,8.680961779112399e-05,0.10437212788160598,0.0003838020157751715
17424,17424,SHROOM4,-0.5397055826316137,9.761883162440146,-0.6049917168496547,0.3660149774566928,1.190208951461658e-07,0.09020926328045588,1.1594230699011338e-06
17425,17425,SI,0.06752023378533661,6.4504401499185375,0.7166729120553677,0.5136200628739207,2.7460354747927548e-11,0.008344588574468447,1.1798690120364505e-09
17426,17426,SIAE,0.7327908461955442,3.121802775165976,0.714866821486388,0.5110345724620514,3.2442703202188044e-11,0.09103284726452916,1.338184262558823e-09
17427,17427,SIAH1,-0.5367993406132638,10.36960031237133,-0.3896284802009648,0.1518103525837136,0.0014607325363355387,0.16114317569567227,0.004744587231790324
17428,17428,SIAH2,0.3272836275614616,4.4144316771192615,0.2943046415485259,0.08661522203700632,0.018246718190675016,0.1349765143569617,0.04423292090216808
17429,17429,SIAH3,0.20877635219493584,6.409967807710324,0.13643187846008473,0.01861365746014733,0.28238393219455826,0.1925260969799613,0.4203054540980933
17430,17430,SIDT1,0.20182948100363135,5.524071158778773,0.5358124116611624,0.287094940490151,5.05196386331725e-06,0.04039167261963561,3.0759836087545146e-05
17431,17431,SIDT2,0.36110411901712014,3.9398723400765534,0.7167458581002077,0.5137246251038031,2.7275318712465693e-11,0.04461825120881304,1.1742485620645021e-09
17432,17432,SIGIRR,-0.15645923509675916,8.238029023239719,-0.2134252330413537,0.04555033009875613,0.09039428090044968,0.09095699622297554,0.17122664367846985
17433,17433,SIGLEC1,0.34538216394717736,5.395612932662464,0.5449326793188692,0.2969516249896416,3.2311632142256863e-06,0.06749223542442769,2.056151613401623e-05
17434,17434,SIGLEC10,0.2193070314527979,5.863938290047593,0.3666917901619836,0.13446286897220022,0.002879848849253814,0.07066402591106515,0.008697786168841192
17435,17435,SIGLEC11,0.1443519411605303,6.447815948912037,0.1010903738725827,0.010219263689698551,0.4267165582267372,0.18042074817527964,0.5679151292729393
17436,17436,SIGLEC15,-0.03289464161634578,7.192543881624272,-0.050573954736664484,0.002557724897706188,0.6914621470582751,0.0824985441220395,0.7928839181650489
17437,17437,SIGLEC16,0.31454206663411344,5.706465621789408,0.2838054921669255,0.08054555738411083,0.0230476054144287,0.13496687838790736,0.054202421291209106
17438,17438,SIGLEC17P,0.3793744746474965,5.434796247641317,0.4341204139476029,0.1884605338060381,0.00033841674206299533,0.0999808618917724,0.0012836854740306673
17439,17439,SIGLEC5,0.17190507550109824,6.236576888623067,0.1968333528966717,0.0387433688125457,0.1190140898769049,0.10874613706598577,0.21351743778911345
17440,17440,SIGLEC6,0.4652262516760912,5.1757400792977775,0.3638376012594048,0.13237780009019767,0.003123200264104925,0.15126070366590338,0.009348279722044828
17441,17441,SIGLEC7,0.3409507129867095,5.2429204683072195,0.3598783181949893,0.12951240390685398,0.003491014036831129,0.11225905177318224,0.010317716523485478
17442,17442,SIGLEC8,0.5213886490216046,4.952020418078369,0.473622565719435,0.22431833475866048,7.722655270040792e-05,0.12313318245836337,0.0003460254497677082
17443,17443,SIGLEC9,0.16022712422608554,6.254008308063433,0.25219069321598275,0.06360014574475792,0.044390547082364486,0.0780803599080126,0.09481922441000226
17444,17444,SIGLECL1,0.08674428046111649,6.704185065821977,0.07001654504853345,0.0049023165805333144,0.5824784853223224,0.15695573355224926,0.7056190673511077
17445,17445,SIGMAR1,-0.32376535709757204,9.638536665589367,-0.7254678057996456,0.5263035372517524,1.196647914755478e-11,0.03900914746718708,6.32034404732436e-10
17446,17446,SIK1,-0.06141902971101638,7.375520330508786,-0.13370076702941866,0.017875895104254885,0.29222055968223,0.05781711177096925,0.43094771315164054
17447,17447,SIK2,-0.0749074944063327,7.417951254035222,-0.04963198319813705,0.002463333756180159,0.6969282052330221,0.19143979944069625,0.7970414726338049
17448,17448,SIK3,0.5583955771458148,4.008688688350788,0.5763738133355808,0.3322067726989989,6.229562394069073e-07,0.1005455580730156,4.860361290142149e-06
17449,17449,SIKE1,-0.07082579167924613,7.401199540178148,-0.08349306500162597,0.006971091903365739,0.5118713451040786,0.10735595373992683,0.6458789172723938
17450,17450,SIL1,-0.32114499664615137,9.35850874656925,-0.5365478995734329,0.2878836485366626,4.875472648118615e-06,0.06414640108324922,2.9782330097322598e-05
17451,17451,SIM1,-0.618411640980167,9.086695630812997,-0.2390107453449975,0.05712613639037122,0.05716222684073818,0.3190738288349932,0.11715389193982445
17452,17452,SIM2,-0.18465866594567085,7.7608954357534,-0.26191954756262115,0.06860184939540816,0.03655417066088719,0.08641191359546453,0.08033088752400164
17453,17453,SIMC1,-0.14541162327693202,8.10894924873636,-0.19657010849743645,0.038639807554693935,0.11951831740375705,0.09211468431311036,0.21427015178229644
17454,17454,SIN3A,-0.2425193590975488,8.343953916649834,-0.17868686583287646,0.031928996021176395,0.15773834238400675,0.16959441329620234,0.26741585069451346
17455,17455,SIN3B,-0.2942854162769565,8.612395406041081,-0.23245548644428846,0.05403555317805076,0.0645444237116159,0.15637614475783596,0.12951050220788254
17456,17456,SIPA1,-0.2284229406619413,8.431505866974415,-0.30417761766815576,0.09252402309027474,0.014538798577371044,0.0908519363239283,0.03625074072457916
17457,17457,SIPA1L1,-0.4883310471973936,9.692248228615238,-0.5511064255438831,0.3037182922757556,2.3697168008144826e-06,0.09390214443482972,1.560712205645913e-05
17458,17458,SIPA1L2,0.29180199797653195,4.943021138612176,0.6628254197431348,0.4393375370576628,2.421375040216748e-09,0.041864316125525367,4.4101098981174124e-08
17459,17459,SIPA1L3,0.6272118000467678,3.447231241103527,0.5302667508715821,0.2811828270799045,6.5878804896376505e-06,0.12736004419128394,3.902093873170222e-05
17460,17460,SIRPA,0.4468759640282859,4.560346547678804,0.6066891569057757,0.36807173310704105,1.0733736075018508e-07,0.0743633265887665,1.0579838630155931e-06
17461,17461,SIRPB1,0.08376219771172455,6.667116472729787,0.05295282363365289,0.002804001530776748,0.6777282699153193,0.20061036090792603,0.7823554392566896
17462,17462,SIRPB2,0.4433870755432023,5.528187531334387,0.4026063739912563,0.16209189237838734,0.0009732680194360736,0.12802793328440984,0.003315940679812488
17463,17463,SIRPD,0.12240778835589396,6.4386024561906625,0.08469826308704652,0.007173795769962547,0.5057763414785454,0.1828838340167297,0.6406145332349478
17464,17464,SIRPG,0.20351872157395615,6.15891051812877,0.31619730494031595,0.09998073565151916,0.010915443771547082,0.07754901034449019,0.028223753417653978
17465,17465,SIRT1,-0.023022459005236192,7.1918801609390925,-0.03722132179821884,0.0013854267964065609,0.7702843697092262,0.07849880070575235,0.8511363117291776
17466,17466,SIRT2,0.11969691096424155,6.266596016017281,0.09815835739829616,0.009635063127131643,0.4403181551626055,0.15411944759993396,0.580796603653258
17467,17467,SIRT3,-0.02677563306442073,7.19107002898251,-0.017892003796790568,0.0003201237998643681,0.8884023260851794,0.1900270368171633,0.9312610104350163
17468,17468,SIRT4,0.6137213644685555,4.823672724352278,0.3848330121688439,0.14809644725494553,0.0016902718240795873,0.18693830122817784,0.0053930803522091435
17469,17469,SIRT5,-0.23783455273973095,8.279684048647459,-0.13605494819143768,0.01851094892737479,0.2837283317157441,0.21994165718553535,0.4213918446952665
17470,17470,SIRT6,0.3865197917746199,4.341172197919758,0.4606079336139165,0.21215966850808204,0.0001281954941934413,0.09459399836181516,0.000541990126270787
17471,17471,SIRT7,0.2252086452491721,5.1701145069705285,0.3180182995880824,0.10113563887289534,0.010441289559156977,0.0852676282261265,0.027186019646933308
17472,17472,SIT1,0.24117499807343434,5.6836417921331694,0.472846858083312,0.22358415119925976,7.964072834853145e-05,0.05707726141092195,0.0003554654330717704
17473,17473,SIVA1,-0.3958804217885805,9.716745433359938,-0.5315170063329678,0.28251032802116016,6.207726889367179e-06,0.08012330253823066,3.698165771368535e-05
17474,17474,SIX1,-0.04314931243245801,7.198627592405115,-0.040378537795330204,0.0016304263144889097,0.7514022667205925,0.13560419206110785,0.8383109781470598
17475,17475,SIX2,0.10075625519295284,6.574671653496933,0.08890799597506881,0.00790463174830285,0.4847827216056868,0.14335474179202498,0.6218071335882929
17476,17476,SIX3,-0.11274133495091065,7.4016120546024755,-0.09828757515850912,0.009660447430539577,0.4397136531388155,0.14497087814677162,0.5802912522835669
17477,17477,SIX3-AS1,0.07781595579669386,6.694875566082401,0.0805846059137607,0.0064938787102761155,0.5267326463534687,0.12223793331541118,0.6590198762361068
17478,17478,SIX4,-0.06846093510412336,7.237024444630093,-0.034475247087919984,0.0011885426617731358,0.7868167520627529,0.2520468953896093,0.8629934384006297
17479,17479,SIX5,-0.2967196989172905,8.733043733350673,-0.25323723717368457,0.06412909829136097,0.043486253221976905,0.14395638769328936,0.09318175475182168
17480,17480,SIX6,0.2968986301082187,5.824992051373936,0.24137814227522286,0.058263407568237724,0.054670848178215256,0.15159299433844106,0.11283808780968846
17481,17481,SKA1,-0.11929112585315355,7.582264980035575,-0.4847737568491116,0.2350055953296015,4.9203150263416215e-05,0.02733394527929345,0.00023233700245609432
17482,17482,SKA2,-0.2110755295671072,8.553941992437379,-0.5044372799383025,0.2544569693915533,2.1369252967874016e-05,0.04588505165852158,0.00011036278870005053
17483,17483,SKA3,-0.19911134600629102,8.311257033574924,-0.6444953566392855,0.41537426472959976,9.097020462605099e-09,0.02999986741007066,1.3382878948214225e-07
17484,17484,SKAP1,-0.105618296099368,7.65848182584115,-0.2630981686258915,0.06922064633429803,0.035688203159512565,0.049186832690252376,0.07873146285852124
17485,17485,SKAP2,0.1946185606638407,5.738962975734374,0.4128001521424393,0.17040396560882104,0.000699324304394931,0.054535826155935815,0.002464822234972694
17486,17486,SKI,-0.16006846788557572,7.892470518731285,-0.28201407653149235,0.07953193936191043,0.023965290988124447,0.0691581741159656,0.05600176716821354
17487,17487,SKIDA1,-0.4564737100353474,8.445564799766201,-0.16663769126728942,0.027768120150892462,0.18815717359445805,0.3430296136393279,0.3070723938644954
17488,17488,SKIL,-0.397272942428864,9.072892573020404,-0.6827239301079577,0.4661119647420556,5.167036363269859e-10,0.05399743257153046,1.264177481010409e-08
17489,17489,SKIV2L,-0.6080374165265082,11.317667408816199,-0.5861274336134497,0.34354536843428884,3.607489698418415e-07,0.1067443187290641,3.0104119236705504e-06
17490,17490,SKIV2L2,-0.5240585130351045,10.495968072615046,-0.5935750740202665,0.3523313684981649,2.3482720128403945e-07,0.09023701318182296,2.0798294657692737e-06
17491,17491,SKP1,-0.07088062101647795,7.743002033816878,-0.049255705758061735,0.002426124549724757,0.6991159786237424,0.1825356331671423,0.7987841775495774
17492,17492,SKP2,-0.17756845103277893,8.08930480821966,-0.4838289877034429,0.2340904893421383,5.114973660723854e-05,0.040791230651956036,0.00024021850926691618
17493,17493,SLA,0.21010571024474825,5.635579865776867,0.470777650583651,0.2216315962890622,8.642501572054955e-05,0.05000561501377037,0.0003824139181504905
17494,17494,SLA2,0.3481366658094712,5.115406139094134,0.3733522766483525,0.13939192247850796,0.0023764229167442066,0.10985955258087124,0.007327557776177673
17495,17495,SLAIN1,-0.0891753656758741,7.329128161746671,-0.308132891386352,0.09494587875411338,0.013246484183312405,0.034966186537875345,0.03335495523135234
17496,17496,SLAIN2,0.3000876428787904,5.123705143308934,0.3801430300823421,0.14450872332018447,0.0019455471895055247,0.0927284559179722,0.00612901140365757
17497,17497,SLAMF1,0.3493261421459449,5.304149906221167,0.5261481753183803,0.2768319023908611,7.999380487207399e-06,0.07170456473603957,4.607090011980751e-05
17498,17498,SLAMF6,-0.04081081684067836,7.2667332595959095,-0.06777445177606305,0.004593376313545896,0.5946415981427464,0.07629809461999784,0.7150690697346276
17499,17499,SLAMF7,0.1404425032954348,6.060488209505711,0.5696687393266995,0.3245224725660711,8.977448936385763e-07,0.025732725158766852,6.710619838364989e-06
17500,17500,SLAMF8,0.2540168474756111,5.633412708028611,0.5188325396793193,0.2691872042300925,1.1223392991770813e-05,0.053154806621156486,6.24467048398759e-05
17501,17501,SLAMF9,0.10706402474322056,6.500691972687018,0.08548932900577333,0.007308425373857354,0.5017960702839115,0.1584685120569067,0.6372877779601257
17502,17502,SLBP,-0.23271921037381116,9.089672158021006,-0.5454989577764037,0.29756911293514265,3.1413663089233437e-06,0.0454092432851843,2.0112852103842737e-05
17503,17503,SLC10A1,0.0544659171236217,6.792728779866666,0.06807609345048679,0.00463435449947941,0.5929986495722519,0.10137378777624112,0.7140450264950575
17504,17504,SLC10A2,0.16972115024479476,6.39859152077533,0.1442244120944214,0.02080068104398149,0.2555335091097116,0.14788934850262986,0.3889217135065227
17505,17505,SLC10A3,-0.33163656126579544,9.3245048531839,-0.3738686382755263,0.13977775868599632,0.002340893817344657,0.1044847375018385,0.007223148420432965
17506,17506,SLC10A4,0.05922318108532569,6.843179291934477,0.05278513967838201,0.002786270970866299,0.6786930048648696,0.14229129626728648,0.7832185995389689
17507,17507,SLC10A7,-0.4309354275963005,8.851718104687796,-0.21884721623324327,0.04789410405303996,0.08231655285486811,0.2440158041318424,0.15846430367785305
17508,17508,SLC11A1,0.07265507756381792,6.634254946864445,0.05531265146336045,0.003059489411907191,0.6642067676092475,0.16656366589844418,0.7717657108213904
17509,17509,SLC11A2,-0.29011743833894754,8.790610575388582,-0.7028603792677717,0.4940127127444359,9.52251105185815e-11,0.037288827657726814,3.192104904458022e-09
17510,17510,SLC12A1,0.21539780479652876,6.294011760832917,0.11529155166098427,0.013292141884397406,0.36430946249080975,0.2356905866656083,0.5072737532303553
17511,17511,SLC12A2,-0.16855647595572965,8.759685377613286,-0.7073694657161266,0.5003715610275183,6.39544382909452e-11,0.021390791973078083,2.30438163259637e-09
17512,17512,SLC12A3,0.27012734988545023,5.793502429956247,0.18050606488734425,0.032582439461114124,0.15348139736117555,0.1869338273107756,0.2615597434371808
17513,17513,SLC12A4,-0.0523414792411032,7.303071280315798,-0.03856963026968408,0.0014876163791401305,0.7622036783715009,0.1722191333635222,0.8461332165445662
17514,17514,SLC12A5,0.07977761990696235,6.703093396710285,0.09929495368911248,0.009859487828122987,0.4350169324538263,0.10153282458727272,0.5758828507328285
17515,17515,SLC12A6,0.31922163390414865,5.188667422738552,0.3037416097485836,0.09225896549266084,0.014687679032405247,0.12716663085037885,0.03657983777420766
17516,17516,SLC12A7,-0.2061120223535317,8.766942630350771,-0.19572188992017586,0.038307058193925436,0.12115413447358628,0.1311554353694276,0.21657526680085115
17517,17517,SLC12A8,-0.2253692538756977,8.396349278676862,-0.4700626269102821,0.22095887321779506,8.889050637771798e-05,0.05374317150448627,0.0003914038055326317
17518,17518,SLC12A9,-0.32223422501309945,8.735088765191918,-0.31249256260282504,0.0976516016820805,0.01193798955481475,0.124400825225471,0.030521506943271947
17519,17519,SLC13A1,-0.3668861898918301,8.06506488930845,-0.2202321913220585,0.04850221809451578,0.08034760712697031,0.20637572402620646,0.15546513765420092
17520,17520,SLC13A2,0.1462417172391443,6.084052220204222,0.5089412222482781,0.2590211677035712,1.752449089468796e-05,0.03141309340734165,9.260440466678081e-05
17521,17521,SLC13A3,-0.03958491251610175,7.188499123954526,-0.021165564133787132,0.00044798110510145615,0.8681523756576954,0.2374688760338027,0.9184093646735415
17522,17522,SLC13A4,0.1117215239630812,6.465329360910469,0.16269399426451564,0.02646933576974225,0.19897515932331805,0.08604869783602424,0.32112140968448744
17523,17523,SLC13A5,-0.04084056981551868,7.171524359408668,-0.043583984615854304,0.0018995637149950245,0.7323791916876228,0.1188929596296816,0.8251220746056641
17524,17524,SLC14A1,0.4584993964263216,5.513039512638952,0.3697644474230245,0.1367257465780546,0.002636875267692526,0.14631611665017533,0.008040204720062186
17525,17525,SLC15A1,0.3106507137598231,5.629224784874222,0.6401856595555082,0.40983767870052107,1.2260634662352217e-08,0.04734305824557623,1.7151424006023077e-07
17526,17526,SLC15A2,0.2157217652873485,6.033166708454704,0.365068262679151,0.13327483641557358,0.003016115746923438,0.06986581740605369,0.009067608843485639
17527,17527,SLC15A3,0.14089944914045352,6.165009969966091,0.24999059632285284,0.062495298249855565,0.04634211582652694,0.06930690499137121,0.09828014085040064
17528,17528,SLC15A4,-0.4383418905669979,9.737393709879496,-0.4589450658959491,0.21063057351023706,0.0001365725823868547,0.10776967601947894,0.0005733771367947535
17529,17529,SLC16A1,0.09804988689677092,6.2922482388192735,0.4096424901743219,0.16780696975621942,0.0007755861481266585,0.02773053777427741,0.00270151488462004
17530,17530,SLC16A1-AS1,-0.314422960672252,8.291720815487418,-0.3217228315826968,0.10350558036158827,0.009531588512404677,0.11751960442158005,0.025091970488223106
17531,17531,SLC16A10,0.1916016190367151,6.200168710797954,0.3409424273190406,0.1162417387461993,0.005835057778228471,0.06709482497462438,0.016258128691139673
17532,17532,SLC16A11,-0.04733884119686155,7.2465280532870855,-0.0507323404262918,0.002573770365129161,0.6905445983379671,0.11835245536238773,0.7922163634057393
17533,17533,SLC16A14,0.02110310411896296,6.892866697950843,0.07965708297669029,0.006345250868355322,0.5315167724678176,0.033538516958946316,0.6629418101480584
17534,17534,SLC16A2,-0.07362218669676565,7.38951179248275,-0.20289918540495788,0.04116807943799548,0.1078403973144252,0.045123606802864064,0.19762069931825993
17535,17535,SLC16A4,-0.11915267602675668,7.480038205544939,-0.6268375128680564,0.3929252675386109,3.002005962214781e-08,0.01880936159841461,3.564059161829007e-07
17536,17536,SLC16A5,-0.19227036701417727,8.25987796201399,-0.3164080035730046,0.10011402472505447,0.010859643497595843,0.07320871631808139,0.02809288973126723
17537,17537,SLC16A6,-0.13062227403443635,7.4851223654099295,-0.13623127079983285,0.018558959143737383,0.28309891536796045,0.1206359351316592,0.42094223363547817
17538,17538,SLC16A7,0.06066796016795934,6.743681698826845,0.10675623151540932,0.011396892967371676,0.4011212676238332,0.07175981309825445,0.5433000406801419
17539,17539,SLC16A8,0.05883325633166804,6.709007337784881,0.06420527919830869,0.004122317876932771,0.6142337395471821,0.116133978130483,0.731681150222467
17540,17540,SLC16A9,0.10744279599165077,6.089270766926607,0.5512872889955678,0.30391767500808264,2.348068639408788e-06,0.020650652601207145,1.5473958121240813e-05
17541,17541,SLC17A1,0.3004494935384667,5.989748150446001,0.17966219277091744,0.032278503511254296,0.15544534572811966,0.2089267890663184,0.264302560703525
17542,17542,SLC17A2,0.11558517904523083,6.6166017921134985,0.08450008060437275,0.007140263622145492,0.5067760355551869,0.17309843110364895,0.6415430287587731
17543,17543,SLC17A3,-0.02620944215755266,7.109171490743175,-0.02506343206048776,0.0006281756266506857,0.8441511723763133,0.1327654104541881,0.9021069988051932
17544,17544,SLC17A4,0.18729157422791934,6.0875505285625175,0.7644839074862698,0.5844356448054756,1.9665708160366207e-13,0.020057333325405075,3.134201043058824e-11
17545,17545,SLC17A5,0.33243895431439663,4.2393258190484175,0.7615655417919562,0.5799820744448758,2.746639126333693e-13,0.03592879816908935,3.9154897337934925e-11
17546,17546,SLC17A6,0.2295838799023817,6.329077865507465,0.1431503459254009,0.020492021538561944,0.2591277429118486,0.2015844988864544,0.39334160050161787
17547,17547,SLC17A7,0.20692405978807246,5.9848022270540975,0.18583028914926394,0.034532896365299035,0.14151268900609526,0.1389528258907254,0.24527431410492978
17548,17548,SLC17A8,0.4478843128314888,5.66436602283831,0.45983673997522295,0.21144982743104085,0.00013202001539456464,0.1098451799886008,0.0005562049481263225
17549,17549,SLC17A9,-0.22572633027992556,8.285390455321929,-0.2827036225104597,0.07992133818053651,0.02360846416650107,0.09726743922783744,0.05533513275523116
17550,17550,SLC18A1,-0.04565901046914811,7.2270701607197125,-0.13257796956475607,0.017576918013913385,0.2963288822394058,0.04335194287327959,0.4350804762963138
17551,17551,SLC18A2,-0.01842257292874386,7.105100145406519,-0.025240459992653518,0.000637080820640743,0.8430642922597272,0.09266565286081453,0.9017365034517629
17552,17552,SLC18A3,0.13563225026489645,6.359869476005496,0.1840650935207124,0.0338799586527886,0.14540064340508632,0.09198377568759568,0.25050926350044905
17553,17553,SLC18B1,0.0463208395370591,6.661176066785492,0.09578969577745126,0.009175665817136663,0.4514811996599689,0.061130805088400186,0.5907447358692826
17554,17554,SLC19A1,0.1303711326204841,6.475456913999713,0.12140032745092134,0.014738039505190934,0.3392735710803536,0.13537597374087745,0.4816105658305511
17555,17555,SLC19A2,-0.1728270116769449,8.050675829191821,-0.454705397578565,0.2067569985870809,0.00016025796682865982,0.04299211303906606,0.0006597692531700815
17556,17556,SLC19A3,0.12062744137244576,6.457860749482468,0.3398598706792925,0.1155047316981454,0.006003435791130967,0.04239338942061464,0.016682202240079696
17557,17557,SLC1A1,0.15475990909311593,5.8366417809825695,0.6968931873591064,0.4856601145875346,1.5946424731090616e-10,0.020226535641101825,4.891215687702086e-09
17558,17558,SLC1A2,0.5176436408935539,5.134560282260623,0.2686096505884375,0.07215114438924249,0.03186210110567813,0.2357501863761389,0.07154435912935088
17559,17559,SLC1A3,0.3142346982820932,5.608231970159204,0.2130505767083552,0.045390548235762745,0.09097464442760003,0.18301574117294653,0.1721269376548002
17560,17560,SLC1A4,-0.363695076687442,9.340249829479447,-0.4099818090998676,0.16808508379280027,0.0007670445349299027,0.10275818989150494,0.0026747744611766576
17561,17561,SLC1A5,-0.3357673567907049,9.775527594135118,-0.4926208305518231,0.24267528269356797,3.549003395596403e-05,0.07533051226008787,0.0001739951743980985
17562,17562,SLC1A6,0.44850905961226495,5.214586109565234,0.2544200723820796,0.06472957323090263,0.04248252383651578,0.2165173008554324,0.09135641049451333
17563,17563,SLC1A7,-0.07744208743293828,7.392635413274865,-0.08049429706739067,0.006479331860373338,0.5271975114207268,0.12178801356024788,0.6593751852079482
17564,17564,SLC20A1,0.1274720754365309,6.125925991376787,0.5622131469302255,0.3160836225811873,1.335193781013555e-06,0.023813307328247088,9.47056053974731e-06
17565,17565,SLC20A2,0.2859981393976192,5.2302127121342785,0.6595704176246291,0.4350331358055276,3.083377206036666e-09,0.04139212115434466,5.4240888218297324e-08
17566,17566,SLC22A1,0.17702747379465913,6.305344246270624,0.2207418015817726,0.048726942965566664,0.07963258551581215,0.09933741231666952,0.15432643989125755
17567,17567,SLC22A11,-0.00601561162106106,7.039183317655762,-0.009492696041726692,9.011127814061364e-05,0.940655134244526,0.08047756021713008,0.965123042360713
17568,17568,SLC22A12,0.0160711415485879,6.926020494588981,0.021626665695216745,0.00046771266909266486,0.8653065042108419,0.09435387226152077,0.9166625823126618
17569,17569,SLC22A13,0.13525736846666428,6.414205046643293,0.16274532846398035,0.026486041936848854,0.19883155455110949,0.10414241610352963,0.3210092681580762
17570,17570,SLC22A14,0.1494123464899073,6.094929369754197,0.15193767818134507,0.02308505805113798,0.2307154522634178,0.12343932327843216,0.3598489713889594
17571,17571,SLC22A15,-0.2174754333922634,8.012025438003374,-0.5454394225059839,0.2975041636236612,3.1506960502513782e-06,0.042441401179378314,2.01558933491725e-05
17572,17572,SLC22A16,0.3951856529889222,5.546260092025748,0.2813195492586532,0.07914068879509177,0.02432929693883241,0.1711993272058884,0.05673604622123798
17573,17573,SLC22A17,0.5567111826099218,4.582957064697276,0.5097368806722973,0.25983168751752383,1.6916105926758943e-05,0.1193310020630165,8.96959534387769e-05
17574,17574,SLC22A18,0.07108231203438098,6.3412762795188655,0.262205379447463,0.06875166101118807,0.036342573739973134,0.033224377956374125,0.07989831820701708
17575,17575,SLC22A18AS,0.21124951505831285,5.430786201833026,0.7769698518372279,0.6036821506639638,4.452375963431643e-14,0.021737896900400597,9.641620148811222e-12
17576,17576,SLC22A2,0.017078685242580337,6.9528581286951425,0.023430498299268642,0.0005489882505520309,0.8541901263033173,0.09254603589445796,0.9089227647338378
17577,17577,SLC22A23,0.4794714608568947,3.889753622889101,0.6376812273449333,0.4066373477081405,1.4551504117243037e-08,0.0735568951054887,1.9743911131509896e-07
17578,17578,SLC22A24,-0.03117583521997905,7.132677590491309,-0.02518221014173389,0.0006341437076224452,0.8434218907696694,0.15717760344347378,0.9019199539193807
17579,17579,SLC22A25,-0.13449994465472562,7.589449105987465,-0.0980619228331272,0.009616140709730192,0.4407695948088347,0.17335151160751494,0.5810827697300204
17580,17580,SLC22A3,-0.26724635246900114,8.335760373330803,-0.5524367893066435,0.3051864061794329,2.214750414395416e-06,0.0512115006899988,1.468026330692768e-05
17581,17581,SLC22A31,0.28023683657790865,5.325190441016503,0.3226874091595437,0.1041271640300988,0.009306350361789721,0.10439279877170672,0.024564726607088787
17582,17582,SLC22A4,0.13085442663163488,6.275602585059263,0.6431053473508295,0.413584487791231,1.002134110288134e-08,0.019788513812264628,1.453530754071637e-07
17583,17583,SLC22A5,0.3682681705403684,4.6208335837098,0.7226302916060826,0.5221945383466919,1.569832257193636e-11,0.04473812018456,7.850974025295193e-10
17584,17584,SLC22A6,0.06584595106886998,6.713739978337923,0.07407930154479474,0.005487742917364628,0.5607321809407563,0.11257486148060797,0.6882743018221035
17585,17585,SLC22A7,0.17527355196959993,6.243313534407298,0.11663182448890375,0.013602982483610448,0.3587223328737874,0.18955242677395887,0.5012668334762771
17586,17586,SLC22A8,0.1059489187234134,6.4759424458697135,0.15336170665840854,0.02351981306917975,0.2263229272959997,0.08669927565067008,0.35437621045516077
17587,17587,SLC22A9,0.10852406444959546,6.6128798107243325,0.10012687063658686,0.0100253902234758,0.43115966218377133,0.13695931998900376,0.5720704910599577
17588,17588,SLC23A1,0.1834610534555621,6.1457730503151495,0.5400883756383138,0.29169545349963233,4.103592480961571e-06,0.036307238904461664,2.5550113621398166e-05
17589,17589,SLC23A2,0.2592663100026213,5.854855894117424,0.15989258365719936,0.02556563830857449,0.20692443209375605,0.20328166855114874,0.3310638032501136
17590,17590,SLC23A3,0.23847901089434256,5.9463511976808165,0.3355180625072553,0.11257237026862248,0.006722419108212868,0.08503640367021308,0.018450441798269917
17591,17591,SLC24A1,-0.6123371955526421,9.973663092333366,-0.6705838324499879,0.4496826763433134,1.344611223436852e-09,0.08602968044741957,2.7060925691008392e-08
17592,17592,SLC24A2,0.03653920999996869,6.879335065069657,0.024691258641713742,0.0006096582533120032,0.8464371090238418,0.18788307260291826,0.9036034309051661
17593,17593,SLC24A3,0.16115370225368272,6.0277122482156695,0.30565732828569386,0.09342640233474844,0.014043169155794556,0.06375454684339797,0.03512414276608121
17594,17594,SLC24A4,0.21692524896740467,6.215092129799678,0.14972464164832247,0.02241746831671858,0.2376584198772521,0.18192722445060874,0.3682115677500103
17595,17595,SLC25A1,0.05169489318027103,6.605325858900716,0.07488312123335998,0.0056074818456500865,0.5564755605840699,0.0874272430365564,0.6844529287997293
17596,17596,SLC25A10,-0.3417387862821817,9.400968781056768,-0.5913058461975964,0.34964260374745554,2.6795193839323177e-07,0.0591919022184372,2.321928461746872e-06
17597,17597,SLC25A11,0.15966460597021911,5.716703421876223,0.17362422664311822,0.030145372077420882,0.17004346335777726,0.11501535009865835,0.28371147230238586
17598,17598,SLC25A12,-0.06228589691138741,7.430402484082687,-0.09024821747375708,0.008144740757190553,0.4781971699148635,0.0872929952199378,0.6156209330305196
17599,17599,SLC25A13,-0.03873315101606725,7.249499617648038,-0.055834723453938986,0.003117516343177845,0.6612295267232977,0.08796392456329931,0.7692970182771725
17600,17600,SLC25A14,-0.4384118286184219,9.888791199305961,-0.517964199720976,0.2682869121925911,1.167765627896196e-05,0.09195113333227924,6.467510146315121e-05
17601,17601,SLC25A15,-0.23361187533721914,8.496273827975607,-0.5623165706091301,0.3161999255816128,1.3279496295090278e-06,0.04362975368814622,9.42535209014028e-06
17602,17602,SLC25A16,-0.04825997394467762,7.2914321298231375,-0.036231692107103315,0.001312735512943932,0.7762309995001047,0.1690508571286269,0.8549377700575003
17603,17603,SLC25A17,-0.39016679549002303,9.371600742188683,-0.5541629403631156,0.30709656447189404,2.0278028182039987e-06,0.07443091197825019,1.3599278423105478e-05
17604,17604,SLC25A18,0.09104392192857344,6.650178118258243,0.11025691611586526,0.012156587551380948,0.3857671041748403,0.10423014114418516,0.5287206734750738
17605,17605,SLC25A19,-0.3094686287603576,9.061437575943213,-0.397845326459616,0.1582809037857584,0.0011317417085903688,0.09063378459834116,0.003789095037032226
17606,17606,SLC25A2,-0.19471222067198224,7.692708972763847,-0.1898692549184076,0.03605033396327125,0.1329104355699668,0.12787036286314185,0.23299404859286252
17607,17607,SLC25A20,0.25715643206264466,4.8583039099072725,0.7392032216694499,0.5464214029264938,3.061905804429052e-12,0.029755275276203537,2.3183765802416477e-10
17608,17608,SLC25A21,-0.3260306128079592,7.950476919359878,-0.302861230899159,0.09172492518175372,0.014992295042471043,0.13029494010906442,0.03723358335294739
17609,17609,SLC25A21-AS1,0.030910159990184486,6.909097425018259,0.024021943341642232,0.0005770537619090694,0.8505512910825286,0.16336985670254706,0.9064616457659002
17610,17610,SLC25A22,-0.3902032215068721,9.492266087566735,-0.5751565425498418,0.330805048437888,6.660856154374588e-07,0.0704831442129269,5.14778158540263e-06
17611,17611,SLC25A23,0.2910526249715095,4.9892236126171206,0.7222236734793102,0.5216070345339492,1.631653386277983e-11,0.035399436458290495,8.030330472693119e-10
17612,17612,SLC25A24,0.0753770619920438,6.486103384495051,0.056875255669771536,0.00323479470750188,0.655311247641448,0.16804145518897806,0.7640946084253477
17613,17613,SLC25A25,0.0975513238902629,6.366948593084782,0.09645568748805498,0.00930369964879333,0.4483268272907175,0.1278438240404578,0.5881098524945777
17614,17614,SLC25A26,-0.3795950956273445,9.969337087876086,-0.5277985429826043,0.27857130197456004,7.4029435566241116e-06,0.07758062394708204,4.3152286061559934e-05
17615,17615,SLC25A27,-0.37213843757959625,8.369131266997995,-0.4115194627715372,0.1693482682397746,0.0007293951484604287,0.10467134207380673,0.0025574889799078017
17616,17616,SLC25A28,-0.4946152828391155,10.066155050201264,-0.3660014653731312,0.13395707265527934,0.002937105011008207,0.15971973169267292,0.008852193321278042
17617,17617,SLC25A29,-0.5059242319380409,9.652537083524267,-0.4016429748176625,0.16131707922038147,0.0010036153981002726,0.14650362161331731,0.003407495327620178
17618,17618,SLC25A3,0.581634924894052,1.4284533366866254,0.5469323577668286,0.2991350039723822,2.9243888488990083e-06,0.11306760646117504,1.8909417892776357e-05
17619,17619,SLC25A30,0.983846935483756,2.8449206105195524,0.64245811055549,0.41275242381853017,1.0481475512471896e-08,0.1490381643237015,1.506146995504837e-07
17620,17620,SLC25A31,-0.5518913583471711,8.560385059641773,-0.2567919519843535,0.06594210660393451,0.040527353064367236,0.26379298239063986,0.08782345948252503
17621,17621,SLC25A32,-0.1809695269311568,8.417115002155182,-0.4995350860129886,0.249535302158004,2.64349773259153e-05,0.0398573796012584,0.00013403171013643076
17622,17622,SLC25A33,-0.024409564935524618,7.204811151964194,-0.04919049425750955,0.0024197047252980802,0.6994953835274302,0.06294437691848769,0.7990911864468507
17623,17623,SLC25A34,0.21318593237661695,5.804154639528793,0.7697282786262375,0.5924816229169108,1.0657776858510954e-13,0.0224542655999346,1.9232846489254558e-11
17624,17624,SLC25A35,-0.04573258548478624,7.279748000068262,-0.041102342754551435,0.0016894025799126268,0.7470934023524042,0.1411874759314926,0.8355700665190224
17625,17625,SLC25A36,-0.013153718071827195,7.103361531987583,-0.020357391165889503,0.00041442337508103597,0.8731443377300188,0.08204281501969607,0.9215294197067724
17626,17626,SLC25A37,-0.3308344979955736,8.853319829886864,-0.5542964645183641,0.3072445705775581,2.0139755853877805e-06,0.06309033092943264,1.3535891155050398e-05
17627,17627,SLC25A38,-0.20098527958399454,8.707578230156093,-0.2840124996341696,0.08066309994844917,0.022943506834356937,0.08617242157326405,0.05399278857835247
17628,17628,SLC25A39,-0.2763543940871246,9.390598522506776,-0.5208638874144557,0.27129918921249874,1.0224180691702104e-05,0.05752026895007911,5.7480531996402835e-05
17629,17629,SLC25A3P1,0.034464104128341604,6.8933573879353975,0.027818786109388014,0.0007738848605998797,0.8272684597435662,0.1572768714738309,0.8911799072603187
17630,17630,SLC25A4,-0.01957426417633018,7.130370391315906,-0.012478984873322664,0.00015572506346861587,0.9220370727212654,0.19919412459495975,0.9532470547970497
17631,17631,SLC25A40,-0.1432878430212288,8.090736512598632,-0.2173197021346319,0.047227852935885134,0.08453218904696079,0.08173516159312523,0.16195874831203802
17632,17632,SLC25A41,0.028042042268461975,6.896378165866344,0.03381293486385118,0.0011433145641070426,0.7908184932571403,0.10526464188658477,0.8654649564317505
17633,17633,SLC25A42,0.1525105266330921,6.373848974605356,0.11312600687392214,0.012797493431238684,0.3734482628692656,0.17011579654587425,0.5163048382282335
17634,17634,SLC25A43,0.11282238802040614,6.1256914077022495,0.2397347946117983,0.05747277174756112,0.05639066808049111,0.05802502342942958,0.11581372508374763
17635,17635,SLC25A44,0.6483735305591551,2.183175942176516,0.5989300474365763,0.35871720172237953,1.7129708673580648e-07,0.11009766940650254,1.578484431176123e-06
17636,17636,SLC25A45,0.21727197570101453,6.169546058704702,0.19578923557777056,0.03833342476812774,0.12102363502774804,0.13820740692684622,0.21641344479982524
17637,17637,SLC25A46,0.006832067545688378,6.95426325862852,0.008954479910165871,8.018271046156416e-05,0.9440143099634024,0.0968943665940442,0.9667283911473177
17638,17638,SLC25A47,0.22891658595629116,5.9783346571372595,0.2700302752512957,0.07291634955229051,0.03093351309144085,0.10366410857476327,0.06974130411193666
17639,17639,SLC25A48,0.16498134439633158,6.231082219970207,0.15567308965022494,0.024234110841246968,0.2193178342083361,0.13295303770618588,0.345984388415642
17640,17640,SLC25A5,0.6077103429070747,-0.6004131634807449,0.4742042917602483,0.2248697103238387,7.546056959172979e-05,0.14329223510413894,0.00033930619487311227
17641,17641,SLC25A5-AS1,0.5701861893678771,4.449163593292865,0.4695109617997442,0.22044054325012089,9.083682209929724e-05,0.13617573719275086,0.00039908122997774027
17642,17642,SLC25A51,-0.09222957898909276,7.547183579246987,-0.11296395816439544,0.012760855844167284,0.3741376444842125,0.10302572124762227,0.516903833820698
17643,17643,SLC25A53,-0.07633507709972769,7.263980483162538,-0.03916203417801184,0.0015336649209597676,0.7586612038250967,0.2473601724292059,0.8434545830594758
17644,17644,SLC25A6,-0.2584160259734531,10.11153492733969,-0.3305286345321012,0.10924917824565533,0.0076409138597495485,0.09371144293685224,0.02066693482590421
17645,17645,SLC26A1,0.015996479789180968,6.9440724640037645,0.01852763271908406,0.0003432731741732741,0.8844644053569694,0.1096311804367795,0.9289533147969276
17646,17646,SLC26A10,0.13987273530093675,6.3665622566581455,0.17307649151727067,0.029955471915927862,0.17141570759439476,0.101086922562969,0.2854731329659785
17647,17647,SLC26A11,-0.0903628314984778,7.6428888655549905,-0.1121217878232655,0.012571295304685369,0.3777327253335688,0.10170840556529087,0.5206085900648187
17648,17648,SLC26A2,0.0830624351504213,6.106959931384597,0.7881020957944587,0.6211049133956181,1.0900597909655649e-14,0.008239214677578441,3.139914827095227e-12
17649,17649,SLC26A3,0.07935105436549897,6.296533727011662,0.8373730808816802,0.7011936765852769,6.535979933377832e-18,0.0065785889842015065,1.769208068216212e-14
17650,17650,SLC26A4,-0.3860160195778424,8.229104687330015,-0.3388252426676183,0.11480254506877045,0.006168334650703526,0.13612998719818248,0.017094354602122455
17651,17651,SLC26A4-AS1,-0.05724145468345576,7.184361071195773,-0.03284446115731695,0.0010787586287145019,0.7966797557925649,0.2212168989746192,0.8692986048416805
17652,17652,SLC26A6,0.009539020536180944,6.969018467157465,0.011077207070973058,0.0001227045164932155,0.930771900069011,0.1093581156241926,0.9589709102636615
17653,17653,SLC26A7,1.0366901311928778,3.8108041061820863,0.4520041410381403,0.20430774351562705,0.0001772563013059577,0.2598263974132881,0.0007207071403049942
17654,17654,SLC26A8,0.13789420383321188,6.534351876119702,0.1095010180431605,0.011990472952488559,0.3890525051826045,0.15896904902286935,0.5317091826903945
17655,17655,SLC26A9,-0.03444344269344566,7.160203535036489,-0.03317606391578856,0.0011006512169444878,0.794671597931454,0.13177915389631428,0.8678507969744131
17656,17656,SLC27A1,-0.3008200732492174,8.822823214945274,-0.424495752619556,0.18019664399204324,0.000472411625823354,0.08148777593557216,0.0017318560618257543
17657,17657,SLC27A2,-0.15951288047169074,8.391991188814846,-0.3533140416231089,0.1248308120080559,0.004186034470713335,0.05363953750429112,0.012130145385159545
17658,17658,SLC27A3,0.08008332247832659,6.500612265693558,0.14969319939854425,0.022408053946172332,0.2377580898008493,0.06717736654009683,0.36826059900131547
17659,17659,SLC27A4,-0.12233057189077608,7.923843644095871,-0.18992114088850906,0.036070039756392905,0.13280255771775198,0.0803135069783117,0.23284263520183945
17660,17660,SLC27A5,-0.10617757727671592,7.603345884483839,-0.1643537750650129,0.027012163378120853,0.19436938365596906,0.08093026984615433,0.3151444296997612
17661,17661,SLC27A6,0.4508162641246039,5.505006849496451,0.37413275059860096,0.13997531507047495,0.002322905178106165,0.14191668646823413,0.007172752264635534
17662,17662,SLC28A1,-0.060002183060782976,7.293365795300613,-0.05030736237023755,0.002530830708650393,0.6930075490033629,0.1512827462250482,0.7938993003051275
17663,17663,SLC28A2,0.03102532404438795,6.829296839806683,0.14786786715036776,0.02186490613559881,0.24359370058345106,0.026353972794204355,0.37525941425159226
17664,17664,SLC28A3,-0.18183035049418975,7.8872717715913785,-0.6806832934315674,0.4633297459568453,6.087490754478743e-10,0.024853021860063662,1.4251309436566181e-08
17665,17665,SLC29A1,-0.23139554389669614,8.443702952837281,-0.8042402338836134,0.6468023537971692,1.2120678267425955e-15,0.021716120908416587,7.190312558716749e-13
17666,17666,SLC29A2,-0.2918426087668859,8.446745895095404,-0.25174990054857765,0.06337801242621874,0.04477603065685837,0.14248387600991194,0.09552014026935947
17667,17667,SLC29A3,-0.3050634139438511,9.221006764131848,-0.5905988497946795,0.3488070013787984,2.7914011723581783e-07,0.05293666115363467,2.40731948974179e-06
17668,17668,SLC29A4,0.33095741669670203,5.2082268716171765,0.3227665930606949,0.10417827359600823,0.009288067627184976,0.1232532814932086,0.024522446289525806
17669,17669,SLC2A1,-0.1962367062794355,8.086382662248457,-0.288512063063285,0.08323921053303293,0.02077729630347238,0.08270817534496934,0.0495411089464539
17670,17670,SLC2A1-AS1,0.21394200304848016,5.813321484924704,0.2724733374406064,0.07424171961602255,0.029389621605405213,0.0959455869854381,0.06670498436904411
17671,17671,SLC2A10,0.12025880626519432,6.053627816208941,0.32113124877496874,0.10312527893977086,0.009672062179546848,0.04504062075148965,0.025409257127027417
17672,17672,SLC2A11,-0.580678912772244,9.607062910423636,-0.45519095925574,0.20719880938816074,0.00015736599953394028,0.1442542872684324,0.0006500878901006251
17673,17673,SLC2A12,-0.2501045937837928,8.219885261315156,-0.512041405724514,0.2621864011763363,1.526294415149473e-05,0.05328366271046623,8.179140202935371e-05
17674,17674,SLC2A13,0.37085453419703374,5.132906747872143,0.738173362311365,0.5448999128260658,3.4013392726136466e-12,0.04304303028245374,2.505306188722739e-10
17675,17675,SLC2A2,0.08206490449710539,6.760548468073213,0.05527092477347832,0.0030548751253155,0.6644449481082477,0.1882784089169192,0.7718767958416449
17676,17676,SLC2A3,0.16053590189878253,6.3120057498842845,0.2141027656545353,0.045839994260920836,0.08935212843833007,0.09301749822525228,0.16971496722498358
17677,17677,SLC2A4,0.19701825869238185,6.311257791422156,0.1795443152069372,0.03223616112312802,0.1557211574328484,0.13709564775167787,0.26466528260058564
17678,17678,SLC2A4RG,-0.021048039499837426,7.127107037611529,-0.018864184461900784,0.00035585745541261897,0.8823804823841366,0.14167736912892934,0.9278462116897259
17679,17679,SLC2A5,0.4740583108447497,4.731332039030277,0.6528775108950005,0.4262490442324514,5.021998427001866e-09,0.06984992141880278,8.158392793452769e-08
17680,17680,SLC2A6,0.17801688155858272,6.13844627476115,0.2598854072189869,0.06754042488537865,0.03808977258207229,0.08400370796694337,0.08327451037504043
17681,17681,SLC2A8,-0.4181257316670488,9.302487907020774,-0.4933593102174748,0.2434034089782625,3.440125768394718e-05,0.093622430647449,0.00016927044652258037
17682,17682,SLC2A9,0.17138768008188565,6.033407702531219,0.1537904772859119,0.023651510903828582,0.22501182988273996,0.13984815460548594,0.3527569084276213
17683,17683,SLC30A1,0.2978421187880003,4.995374141401372,0.28800001511138673,0.08294400870415898,0.02101469377368376,0.12577539319489592,0.05001903645516837
17684,17684,SLC30A10,0.09681918890116076,6.540845485136234,0.7127779339325714,0.5080523831011851,3.9280504212249685e-11,0.012099593485709518,1.557910840139683e-09
17685,17685,SLC30A2,0.060160962786373486,6.71960988595604,0.07517047476673433,0.005650600276656243,0.5549576209253275,0.1013540594634188,0.6830566019188543
17686,17686,SLC30A3,-0.04629321719548075,7.301360094179933,-0.04746435412511977,0.0022528649125147736,0.7095645399895832,0.12372691602763512,0.8073221201057708
17687,17687,SLC30A4,0.4382600727055764,4.820594866390535,0.7548759688276927,0.5698377283135477,5.804101311905127e-13,0.04835892300515018,6.793935886989488e-11
17688,17688,SLC30A5,-0.19185507580251146,8.373121841531482,-0.20554182534162133,0.04224744196476557,0.10323361472925424,0.1160122634379607,0.1907932002186567
17689,17689,SLC30A6,-0.4725779734496261,10.154998980220043,-0.3447314561443051,0.11883977685537295,0.005277969332408146,0.16342713193641306,0.014907320450410643
17690,17690,SLC30A7,-0.010553042639945978,7.094157136732957,-0.012250200235464866,0.00015006740580898346,0.9234620881171708,0.109397166003634,0.9542647221882674
17691,17691,SLC30A8,-0.1943941361375516,7.735798801306636,-0.15285114206791994,0.02336347163146745,0.22789105888999855,0.15961919253724746,0.3562134315189056
17692,17692,SLC30A9,-0.1092076693287932,7.8604410266551605,-0.1585721011297037,0.02514511125668898,0.21074838939692528,0.08635758726020014,0.3355209801786808
17693,17693,SLC31A1,-0.04667727012318939,7.3156153026264175,-0.0512498056479576,0.002626542578953427,0.6875499525484617,0.11551710182423301,0.789847661966123
17694,17694,SLC31A2,0.2143984795876117,5.5681612622837084,0.6692572315829601,0.447905242026088,1.4887280677550053e-09,0.030230100826233376,2.9334309651714868e-08
17695,17695,SLC32A1,0.1068511800442704,6.613260509073819,0.09048064254453153,0.008186746675271287,0.4770599589629682,0.14936290635193006,0.6145157370425635
17696,17696,SLC33A1,0.004678967965638704,6.984792512612962,0.0049998779026205215,2.4998779041112975e-05,0.9687222405404844,0.11884732185195318,0.9814578515441279
17697,17697,SLC34A1,0.2723696931056794,5.771057830427036,0.2311458651063078,0.05342841095574345,0.06610744831506069,0.14559737343639045,0.13217217184587196
17698,17698,SLC34A2,-0.10711544686636144,7.353140084855652,-0.06366954076445369,0.0040538104211564315,0.6171983416983616,0.21322713861554424,0.7337192627074013
17699,17699,SLC34A3,0.09505274970802867,6.496600567309318,0.07806300079012064,0.006093832092358376,0.5397888699207202,0.15416872866226775,0.6699408515665517
17700,17700,SLC35A1,0.20288734111242115,5.0008047930608255,0.32026272642438314,0.10256821393677927,0.009881556755457445,0.07621727778642673,0.025899916671439236
17701,17701,SLC35A2,-0.17698637587382046,8.146868754205817,-0.17541248929779615,0.03076954140164945,0.16561925160270194,0.12615283266129534,0.27797898724666803
17702,17702,SLC35A3,0.2714703182102691,4.337844069563858,0.41283002593753787,0.1704286303155882,0.0006986364737058463,0.07606451631566026,0.0024631997457017422
17703,17703,SLC35A4,0.3466007223482113,3.9444282124829546,0.3162333321827992,0.10000352038343664,0.010905884934197752,0.13205242464506967,0.02820240485431721
17704,17704,SLC35A5,0.15114749055632373,5.81778442435983,0.20793464364044506,0.04323681602587887,0.09919536938599624,0.09029848661344284,0.18471714885662985
17705,17705,SLC35B1,-0.28463690969194017,9.420906972529405,-0.3441203842303402,0.11841883884283695,0.005364513893327266,0.09863160997754113,0.015104479048238452
17706,17706,SLC35B3,0.12817654597121714,6.007415306013337,0.18600330143870586,0.034597228146098065,0.14113585314650975,0.0859896809378209,0.24467992153451837
17707,17707,SLC35B4,0.22281547553405173,5.9134960688567055,0.23378040770699465,0.05465327902764865,0.0629935538632603,0.11768929353548685,0.1269662517599499
17708,17708,SLC35C1,0.3534461305190698,4.442771876011548,0.3491069758308851,0.1218756805737862,0.00469340551342299,0.12048885081400668,0.013422569518380197
17709,17709,SLC35C2,-0.4920790963657243,9.845356404979915,-0.3707877185343455,0.13748353221590506,0.002560115384684877,0.15652994363459372,0.007825987952477556
17710,17710,SLC35D1,0.36571552132077856,3.938475175091402,0.7162316009984554,0.5129877062688106,2.86055866740027e-11,0.04525473554219836,1.2122387072906623e-09
17711,17711,SLC35D2,0.5418905829462193,3.001373655601673,0.6128879766308629,0.3756316718986732,7.322046959659807e-08,0.0887268554103215,7.637713242361903e-07
17712,17712,SLC35D3,-0.12848691696604986,7.50402787013297,-0.5191418979708865,0.26950831022881433,1.1065569542066966e-05,0.026864862550285352,6.160023353045248e-05
17713,17713,SLC35E1,-0.32136291425934643,9.233104567420408,-0.26495229149762034,0.07019971676983998,0.034360512796359634,0.14853440794527756,0.07632340800135069
17714,17714,SLC35E3,-0.2496222177111498,8.643900555039739,-0.19711061490697296,0.03885259450900499,0.1184847729755148,0.15767846328723975,0.2128401293060782
17715,17715,SLC35F1,0.305693032817248,5.4171054750887855,0.4200277032619996,0.1764232715075504,0.0005497024881743833,0.08388103750686242,0.001983967896902712
17716,17716,SLC35F2,0.022689065949018386,6.843918678217395,0.05511109873361061,0.0030372332036257776,0.6653575582523839,0.05220609060680754,0.7726015331303755
17717,17717,SLC35F3,0.3649328189860724,5.762463810066017,0.2424671246580725,0.05879030653995328,0.053554881102177376,0.18544170449841627,0.11083055717389631
17718,17718,SLC35F4,0.40311989294349415,5.665000951885622,0.286128806444938,0.08186969387760479,0.02190193506854613,0.17144663418688072,0.05178929940045495
17719,17719,SLC35F5,-0.5100785947866007,9.742396590868227,-0.4024206255915088,0.16194235990146133,0.0009790538372363275,0.14736622791067475,0.0033330311028694657
17720,17720,SLC35F6,-0.061668626999649215,7.433013271290246,-0.048913184190278916,0.002392499587632152,0.7011096087484824,0.1599272066017791,0.8005093272343915
17721,17721,SLC35G1,0.2345607801706128,5.774820672609754,0.5280774422887039,0.2788657850541794,7.3063433407470415e-06,0.04790380240151061,4.2669596829524584e-05
17722,17722,SLC35G2,-0.2643502303546154,8.026346703740451,-0.21948735991658427,0.048174701163152214,0.08140180335827278,0.1492289061800122,0.15709438122479255
17723,17723,SLC35G3,0.030335648935872882,6.91276836409276,0.0157905149737279,0.000249340363135525,0.901440335649212,0.2439534705305556,0.9394883822777937
17724,17724,SLC36A1,0.28774134570095194,5.1198026842462,0.7693636697669796,0.5919204563573139,1.1127266438976417e-13,0.030342206763292825,1.991412849058135e-11
17725,17725,SLC36A4,-0.19436791626447186,7.910571484900061,-0.3290847478006781,0.10829677123503592,0.007926404188758592,0.07083226823569752,0.021346385114732906
17726,17726,SLC37A1,0.0452272936301002,6.751322441580492,0.04010514523736428,0.001608422674510083,0.7530317703681577,0.14310510172653942,0.8396531068082207
17727,17727,SLC37A2,0.10542866682670776,6.50250496462927,0.4281195382713103,0.18328633904963995,0.0004171374254453026,0.028263941898380444,0.0015520809189034414
17728,17728,SLC37A3,-0.14041123077692186,8.217819541831519,-0.2041460995393251,0.041675629957120035,0.10564731478132153,0.08551084163769082,0.19439647225567747
17729,17729,SLC37A4,0.0480391654309112,6.6530775653416345,0.05849448457095696,0.003421604725221922,0.6461434625583697,0.10412150206255863,0.7569918135523425
17730,17730,SLC38A1,-0.07088429008034879,7.56869050452646,-0.05734973577840863,0.003288992193853282,0.6526194946260606,0.15671384109650136,0.7620228165710851
17731,17731,SLC38A10,0.056175376496282514,6.703910292623722,0.04052199244044333,0.0016420318713433466,0.7505476648495962,0.1759148490981108,0.8378998222027864
17732,17732,SLC38A11,0.28204489981513897,5.94982466645031,0.44429769312234335,0.197400440113836,0.00023524695539986156,0.07222670561734149,0.0009289337744682717
17733,17733,SLC38A2,-0.36983391308496905,10.7672545353394,-0.4403626430819016,0.19391925742207825,0.0002711279229729313,0.09576122458089907,0.0010538996898184936
17734,17734,SLC38A3,0.316136878480702,5.283041823630627,0.41604358071376857,0.17309226105313405,0.0006281283099054912,0.08775442375595162,0.002241984267513336
17735,17735,SLC38A4,-0.013246868905558387,7.0715117004813255,-0.058106347462374364,0.00337634761541818,0.6483363189527118,0.028904097389394607,0.7588010092511699
17736,17736,SLC38A5,-0.15445415930247294,7.9535298546952315,-0.6331019842724992,0.40081812248977583,1.9824910369125502e-08,0.023983326688638704,2.5312997290295565e-07
17737,17737,SLC38A6,-0.021620535048365024,7.137612789267457,-0.03711538222331172,0.0013775515975825235,0.7709203320624691,0.07392942313559063,0.8513580392071379
17738,17738,SLC38A7,-0.4624549406155941,9.431703671531428,-0.2717769284021947,0.07386269881173166,0.029822980748865007,0.2079690370675895,0.06756110975171793
17739,17739,SLC38A9,0.3337989470680752,5.146876391111404,0.4102318645760787,0.16829018271356622,0.0007608045510162222,0.0942422487858512,0.0026554511799188603
17740,17740,SLC39A1,-0.3383270982496388,9.52305177273629,-0.3391797688140903,0.11504291557277975,0.006111387741457379,0.11917141732132593,0.01695179523866931
17741,17741,SLC39A10,-0.1441111195210532,8.063300747314518,-0.6188048740972616,0.3829194722065278,5.0431026976178286e-08,0.02323372488969833,5.577937214084044e-07
17742,17742,SLC39A11,0.158848635266931,5.7678924437825225,0.2879437571840721,0.08291160730127987,0.021040916285563902,0.0670942919992805,0.050070444193833656
17743,17743,SLC39A12,0.1708167075720498,6.51180881517474,0.10951750680301242,0.011994084296347872,0.3889806624325951,0.1968932039341646,0.5316781067334373
17744,17744,SLC39A13,-0.4493744864464055,9.78589208937248,-0.5098902049122016,0.2599880210654069,1.6801149029044253e-05,0.09628425456891544,8.915624556864128e-05
17745,17745,SLC39A14,0.16762911495702704,5.8751820504610075,0.1990529708741512,0.039622085213825695,0.11482700862455092,0.10481079752230617,0.20757816777399202
17746,17746,SLC39A2,-0.07290091187678018,7.439156926161921,-0.2215499809274345,0.04908439404894658,0.0785090053720532,0.04075082321321009,0.15249013466067018
17747,17747,SLC39A3,-0.5441978977949377,10.324293545613424,-0.4771057536232855,0.2276299001404432,6.71954576264847e-05,0.12730899436192922,0.0003062760755423124
17748,17748,SLC39A4,-0.21627882237376125,8.834423914926543,-0.4332756601149941,0.18772779764808392,0.00034860968429744607,0.05713531871997087,0.0013186275482028288
17749,17749,SLC39A5,0.23011610348947306,5.3288478481615424,0.6247299117742499,0.39028746266546205,3.4446196161506246e-08,0.03652762446680975,4.0089256696406244e-07
17750,17750,SLC39A6,-0.1982699335207095,8.431172093804891,-0.5691450392062307,0.3239260756530619,9.234227191113672e-07,0.03637769306990291,6.881183407555628e-06
17751,17751,SLC39A7,0.14518251546326302,6.010822356705433,0.21966752812765256,0.04825382291371304,0.08114580396935878,0.08188666417015876,0.1566561812388753
17752,17752,SLC39A8,0.10859556326584373,6.267680376652278,0.18399414847595846,0.03385384667339307,0.14555855560767292,0.07367728955000669,0.25068160662352135
17753,17753,SLC39A9,0.05629000778690832,6.673261526830741,0.04123336991830221,0.0017001907948195494,0.7463142072468084,0.17322761569665346,0.8351049137408586
17754,17754,SLC3A1,0.056613431105038935,6.680815636245472,0.1411046310421151,0.019910516901531432,0.2660676058916632,0.050444663427997465,0.401483799427494
17755,17755,SLC3A2,-0.38099854653419135,10.002079159730137,-0.5654012310814219,0.3196785521083875,1.1280905790422353e-06,0.07058750081728757,8.181112354038716e-06
17756,17756,SLC40A1,-0.3666380750433639,10.240674177001571,-0.5999503127300453,0.35994037774487914,1.6119955846337668e-07,0.0620921432433989,1.5009336264110832e-06
17757,17757,SLC41A1,-0.24539881195835006,8.331811794888825,-0.33656467748130925,0.11327578212809772,0.006542528668012781,0.08719716422913508,0.018002345400993235
17758,17758,SLC41A2,0.2471289585142203,5.3626689267826215,0.6851186857938134,0.46938761362384207,4.2555697906927066e-10,0.03336957484924729,1.0785109939577895e-08
17759,17759,SLC41A3,-0.483889507657674,10.73228602430769,-0.599572803761828,0.3594875470108195,1.6486850489276e-07,0.08202990793153737,1.5283508019917456e-06
17760,17760,SLC43A1,-0.3009593509555673,9.036400955682216,-0.5123297263130886,0.26248174846404426,1.506703492094435e-05,0.06406913017212608,8.088148425482642e-05
17761,17761,SLC43A2,-0.13083800097253373,7.760208103154169,-0.17389108655583324,0.03023810998356829,0.16937781512049402,0.09410079460227773,0.2827623947932022
17762,17762,SLC43A3,0.18214301121758836,6.028772990196566,0.3160130999424879,0.09986427933526083,0.010964431082802728,0.06944893327775394,0.028336884484794496
17763,17763,SLC44A1,0.3612709732816734,4.171412812502746,0.6808926673165921,0.4636148244055034,5.986314930276424e-10,0.049351112860964885,1.4044815797956226e-08
17764,17764,SLC44A2,0.33738703957476474,4.453659556772316,0.3752061299200644,0.14077963992959225,0.0022510615456062,0.1058558601653863,0.00697178743851577
17765,17765,SLC44A3,-0.2454735274793737,9.33292088941733,-0.5295095215827064,0.28038033344674657,6.828570227408347e-06,0.04994437199755398,4.024841814766678e-05
17766,17766,SLC44A4,0.2766893676094184,4.154631518786363,0.5827721536602483,0.3396233830818039,4.362082993247448e-07,0.04899972894674292,3.5538339811427196e-06
17767,17767,SLC44A5,-0.029634734124033224,7.14794892919258,-0.11466435440617286,0.013147914171384412,0.36694215377080897,0.032606395494712136,0.5101845708921852
17768,17768,SLC45A1,0.18976132068012194,6.211178981760104,0.17312290778060238,0.029971541198410955,0.17129910796497327,0.13710381816433015,0.28534478330626895
17769,17769,SLC45A2,0.2867121245074231,5.782932372078678,0.2333480924957573,0.054451332271408505,0.06349625708802878,0.15173574540542684,0.1277201839342858
17770,17770,SLC45A3,0.4195720733092583,4.754103332953244,0.5200734006243936,0.27047634203702103,1.0602739097433998e-05,0.0875116308050938,5.9420889015251874e-05
17771,17771,SLC45A4,-0.2259475277441543,8.451129611072721,-0.2970583436832678,0.08824365955184643,0.017139167686080304,0.0922378964187836,0.04187619048201162
17772,17772,SLC46A1,0.1919666037586836,5.937222804675574,0.3250336444167302,0.1056468700028214,0.008777721619880325,0.07093425878146989,0.023345807133199267
17773,17773,SLC46A2,0.18133365133044532,6.3138482510303096,0.17458562654121035,0.030480140994786967,0.16765431409248166,0.1298830357071529,0.2804382953555299
17774,17774,SLC46A3,0.20457281421009965,5.404058535734697,0.7884447931743768,0.6216451918837858,1.0424599955015325e-14,0.020268910921238573,3.1142323771741193e-12
17775,17775,SLC47A1,0.21594972078213354,6.005470046980741,0.3981746172208805,0.15854302579899476,0.0011200748825185539,0.06318284654054017,0.0037529354140398087
17776,17776,SLC47A2,-0.0916225941323972,7.401667348580058,-0.10388801001794301,0.010792718625488223,0.4139641103024374,0.11139994180725887,0.5552082750278262
17777,17777,SLC48A1,-0.4428338759861729,9.841570180747574,-0.6360030815806798,0.4044999197801208,1.630732342215663e-08,0.06823806193637723,2.1704676626109518e-07
17778,17778,SLC4A1,0.09369838871620208,6.541230232877555,0.07240483759116992,0.005242460506603696,0.5696483535567791,0.16391825188453388,0.6952843589376649
17779,17779,SLC4A10,0.14245307777820404,6.606751629258351,0.0699074840620849,0.004887056327890654,0.5830674993028409,0.25815973546278337,0.7060124523262704
17780,17780,SLC4A11,-0.29885411390462385,8.364355508792823,-0.44125463571558665,0.19470565354049507,0.0002625819267313963,0.07718829320006929,0.0010230679423116923
17781,17781,SLC4A1AP,-0.247747067888739,8.727114832086885,-0.4301624865755141,0.18503976485682933,0.00038863859106765366,0.06603107288280641,0.0014568060740124701
17782,17782,SLC4A2,-0.3762028963703957,9.704446505227859,-0.7002507514649271,0.4903511149271951,1.194943139883979e-10,0.048708891456633416,3.873726600926282e-09
17783,17783,SLC4A3,0.1668828125418047,6.238662046066331,0.2758352877810987,0.07608510598528152,0.0273711844071987,0.07385534392675401,0.06274192847865862
17784,17784,SLC4A4,0.10491304041994184,6.2850136152818274,0.8459873031208722,0.7156945170417266,1.3845706266020875e-18,0.00839773954875272,5.996575383813641e-15
17785,17785,SLC4A5,0.10428481601155573,6.581663135778624,0.06296407283423043,0.0039644744678742775,0.6211114677768212,0.20992774283205556,0.7367129777459092
17786,17786,SLC4A7,7.826645159117964e-05,7.015362125943848,9.188118000866864e-05,8.442151239785371e-09,0.9994250748302071,0.10818155849804532,0.9996097175857067
17787,17787,SLC4A8,-0.6438221660092932,9.74617394553821,-0.4558372640805812,0.20778761132446955,0.00015359095763273935,0.15965446530224395,0.000636679208946587
17788,17788,SLC4A9,0.4047904063835487,5.3645531800233135,0.2651521273104788,0.07030565061727237,0.03421990596629814,0.1869430595673093,0.07605008863918167
17789,17789,SLC50A1,0.22271569771340585,5.090443491220023,0.2816799298544561,0.07934358288281132,0.0241398400638586,0.09634914658103524,0.05633669970717297
17790,17790,SLC51A,0.0635105082676806,6.7103366286626365,0.4814522200298463,0.2317962401716676,5.63659010522236e-05,0.014683675022904009,0.00026193210027594465
17791,17791,SLC51B,0.11085875380000236,6.123291782832076,0.8260630845372932,0.6823802196352672,4.395504182575667e-17,0.009605383376091988,5.5990966513927096e-14
17792,17792,SLC52A1,0.05372371306366947,6.7540222627709054,0.06215762010080043,0.0038635697365954295,0.625597579519759,0.10955575848890224,0.7400882591914987
17793,17793,SLC52A2,-0.31515194814873904,9.438513621838256,-0.5999416769186354,0.35993001570394434,1.6128262121952672e-07,0.05337388917524645,1.5009336264110832e-06
17794,17794,SLC52A3,-0.1534768129224826,8.050569002588778,-0.17902209536059618,0.032048910627298394,0.1569474143754322,0.10711912039606347,0.2662720352789082
17795,17795,SLC5A1,-0.18186455949547425,8.23301625603575,-0.6329764189580285,0.4006591469569296,1.9992305965901232e-08,0.028248906427972124,2.5436744165193373e-07
17796,17796,SLC5A10,0.083274229291866,6.6117111088841725,0.11340044193332753,0.012859660230673984,0.3722825224364018,0.09265939923216572,0.5152942168974293
17797,17797,SLC5A11,0.2254886927708339,5.9118759805345045,0.4881698180624324,0.2383097712671084,4.275747850300475e-05,0.0511973157088233,0.0002055757542146021
17798,17798,SLC5A12,0.5699594434173791,5.315168862386554,0.2270002878790132,0.05152913069715488,0.0712566619818426,0.3105515487012455,0.1406620797827531
17799,17799,SLC5A2,0.0937563381238684,6.434185105895189,0.1128759847619596,0.012740987935982138,0.3745122190744005,0.10481387880030484,0.5173424918637104
17800,17800,SLC5A3,0.20972420487784885,5.570224304746951,0.242908285035006,0.05900443493864771,0.053108102710350935,0.1063663293618854,0.11009534407358314
17801,17801,SLC5A4,-0.07921106125927459,7.297023586999259,-0.059746010128552726,0.0035695857262811243,0.6390932053792151,0.1680755598750786,0.7514221854832783
17802,17802,SLC5A5,0.13722270644403525,6.193589555603937,0.16296853195922198,0.026558742408943962,0.19820801361386475,0.10550699578678617,0.3202413291657272
17803,17803,SLC5A6,-0.30125967855486235,9.384281721581306,-0.6959802997253912,0.4843885776058454,1.7236165827247567e-10,0.039473849571765994,5.178722860642147e-09
17804,17804,SLC5A7,0.16938026182399246,6.42410787461538,0.11790039710656842,0.013900503637886528,0.3534828000751087,0.18118075110080245,0.49599365227930264
17805,17805,SLC5A8,0.2833954062542771,5.6205134686987615,0.3265015354705046,0.10660325266459716,0.008460469369114857,0.104191890212225,0.022618699282491633
17806,17806,SLC5A9,0.05117071026448893,6.7955590550398375,0.048461640269686385,0.0023485305776284877,0.7037408674857986,0.1339420415436847,0.8023750058129294
17807,17807,SLC6A1,0.1967628598790112,6.360665483652058,0.12068031190060514,0.014563737680427343,0.3421671290278093,0.20555361894629895,0.4844478051060615
17808,17808,SLC6A11,0.1690641789162743,6.343028029716974,0.10161998608645692,0.0103266215722117,0.4242854354877441,0.2101950904093289,0.5652916025994977
17809,17809,SLC6A12,0.12211384490362512,6.5245128310285905,0.168160181532055,0.028277846652893693,0.18409621371967352,0.0909111068646423,0.30171827049871563
17810,17810,SLC6A13,0.4124609591905524,5.4374350902522215,0.32676879731437625,0.1067778468982839,0.008403795823873426,0.15150472092857487,0.022475509270838464
17811,17811,SLC6A14,-0.0735375983211854,7.410789233619858,-0.5556291874835186,0.3087237939835951,1.880720797506886e-06,0.013975081529776534,1.2739133209262314e-05
17812,17812,SLC6A15,0.8223067430357967,4.250787985111436,0.31210293117400273,0.09740823964740428,0.01205019776884097,0.31789656971144337,0.030768427388780946
17813,17813,SLC6A16,0.35989082777846165,5.7748064354559085,0.2252466971371108,0.05073607457117731,0.07352912495330732,0.197701511869684,0.1443060722189478
17814,17814,SLC6A17,0.15370667942015087,6.1199818320696036,0.14764149240199187,0.021798010278687423,0.2443242064576803,0.13076837895291413,0.37602566128581805
17815,17815,SLC6A18,0.04397640866711194,6.806468528852093,0.03924859721826838,0.0015404523836018643,0.7581439832130671,0.1421886768637023,0.843144342088671
17816,17816,SLC6A19,0.17534373484770366,6.036909923099419,0.6495946987632321,0.4219732726612942,6.351530350865303e-09,0.02606308954666013,9.923693344010688e-08
17817,17817,SLC6A2,0.2455616655731143,6.038074181734682,0.13679869202649084,0.018713882140158688,0.28107966781014543,0.22582946629919315,0.41865191597968904
17818,17818,SLC6A20,-0.07987110298881564,7.368614518063378,-0.16535970417843227,0.02734383176597863,0.1916154225860021,0.060498390818262686,0.3116520474616432
17819,17819,SLC6A3,0.06687140710852897,6.6716257578017135,0.07406237439055176,0.005485235300366257,0.5608219836366204,0.11435432728329355,0.6882743018221035
17820,17820,SLC6A4,0.3120048479678153,5.899660460393148,0.24667403786051725,0.0608480809544119,0.049416732729976286,0.15567181166491542,0.10363045657963141
17821,17821,SLC6A5,0.13918973811163313,6.4332024724639325,0.11113823430159367,0.01235170712367593,0.3819575312303433,0.15806984919815978,0.525061279679622
17822,17822,SLC6A6,-0.262947721761948,8.303770636228599,-0.711451832261,0.506163709627534,4.431263987924925e-11,0.032985233761982036,1.719695728647209e-09
17823,17823,SLC6A7,0.10672236482595604,6.407966952998159,0.11229274190098544,0.012609659883641329,0.3770012769541468,0.11993676925651045,0.5198651714494428
17824,17824,SLC6A8,0.17136567558210128,5.597957913336883,0.6081018894598509,0.3697879079646407,9.844744199749973e-08,0.02841155512547277,9.84701781272913e-07
17825,17825,SLC6A9,0.17671816528955436,6.153905336856501,0.30829738480064417,0.09504727747491648,0.013194956548098848,0.0692513834725994,0.033252273251376765
17826,17826,SLC7A1,-0.3939086097389065,9.43905141969919,-0.6308014112781871,0.3979104204705526,2.3113000314903748e-08,0.06153717112302845,2.8715549157730387e-07
17827,17827,SLC7A10,-0.005478104414844664,7.038867437542948,-0.005225954884490893,2.7310604454734235e-05,0.9673087253407378,0.13312599734435251,0.980714005676936
17828,17828,SLC7A11,-0.15495067825592904,7.852114774210682,-0.6584387547672482,0.4335415937794445,3.351351150589405e-09,0.022493977944465646,5.805880733281085e-08
17829,17829,SLC7A11-AS1,-0.000301170065503406,7.016815646104332,-0.0002653362416798817,7.040332114880459e-08,0.9983397210477182,0.14415156775800822,0.9988009544600756
17830,17830,SLC7A13,-0.07644298723714747,7.239948065845468,-0.042345622233603816,0.001793151722351082,0.7397101025094592,0.2290569950460404,0.8307847722266284
17831,17831,SLC7A14,-0.4825993015405379,8.812469815871163,-0.462205918433007,0.21363431103449948,0.0001205928100913588,0.11758924990133375,0.0005128510020676305
17832,17832,SLC7A2,0.4612565094543377,5.079290670289608,0.4618384819897519,0.2132947834465984,0.00012230329568564308,0.11250260052008584,0.0005194112312360465
17833,17833,SLC7A3,0.07294493147575537,6.673730976348134,0.08114990132689717,0.0065853064853651465,0.5238274332066373,0.11378278759843655,0.6566035578889633
17834,17834,SLC7A4,-0.17166229872503927,7.863833417077035,-0.17182236200344553,0.02952292408444308,0.17458811113788714,0.12499482556367167,0.2894652436024
17835,17835,SLC7A5,-0.11759274551394178,7.810570759197472,-0.7495906013186718,0.561886069585288,1.0309177963797376e-12,0.013187245282352355,1.0501353504206115e-10
17836,17836,SLC7A6,-0.2590489505789831,8.593948030113172,-0.6095818594346957,0.3715900433518611,8.988230043919638e-08,0.042783418904392065,9.120905417107768e-07
17837,17837,SLC7A6OS,-0.3283689364000341,8.966434267487386,-0.4531764203340948,0.2053688679468242,0.00016968603443398952,0.08203169868311863,0.00069431480092715
17838,17838,SLC7A7,0.21617692849447984,5.439268350093867,0.4766678729494917,0.2272122611021927,6.838678556179846e-05,0.050632308275001175,0.00031055656794346025
17839,17839,SLC7A8,-0.2994139772306028,9.074421026970686,-0.5263081460429789,0.27700026459119764,7.939664957774424e-06,0.06143349207147227,4.581226876115245e-05
17840,17840,SLC7A9,-0.08287703392092659,7.352029156877309,-0.10619142985746716,0.011276619775173366,0.4036316122172521,0.09855673062601876,0.5457103429209336
17841,17841,SLC8A1,0.21025597939558294,6.212416182461561,0.10860726342497068,0.011795537668660974,0.3929584371130664,0.24440891610792706,0.5353579714176441
17842,17842,SLC8A1-AS1,0.24599570728451545,6.241581521521361,0.12492275340727325,0.015605694318854398,0.3253394482126607,0.2481273757285276,0.4668185628839894
17843,17843,SLC8A2,0.09762335306215188,6.574884464207665,0.10224050655087756,0.010453121179780034,0.4214470854424524,0.12062937276401775,0.5624922425427616
17844,17844,SLC8A3,0.05575901460756416,6.763422264194106,0.05608262386976348,0.0031452607001173642,0.6598176400403001,0.1260685797233414,0.7680257468862985
17845,17845,SLC8B1,0.2697458154501872,5.287825174643912,0.2570681777980631,0.06608404803641657,0.04030457446927108,0.1287847529324994,0.08742818392588052
17846,17846,SLC9A1,0.4572583356541558,4.62441849736464,0.3310134208395793,0.10956988477592047,0.007547097400486502,0.16554653837113933,0.020444382562864048
17847,17847,SLC9A2,0.219755251746593,5.631013217282878,0.6238039775615429,0.3891314024216019,3.6579851145870465e-08,0.034967869965577464,4.2194986753792414e-07
17848,17848,SLC9A3,0.1293810001352015,6.4090608792749535,0.3916175171675718,0.1533642797524934,0.0013740484200738,0.03860653666204792,0.00450151566364571
17849,17849,SLC9A3R1,0.2256154665104907,5.052056089670293,0.7762457659982541,0.6025574892302163,4.865505703937068e-14,0.02327077987625604,1.0431933269183883e-11
17850,17850,SLC9A3R2,0.10146019713646938,6.643911417554316,0.10682831059128388,0.011412287943787815,0.4008015609475741,0.11992814069095847,0.543070817314461
17851,17851,SLC9A5,0.4557437678311739,4.918488615944861,0.2701735448973941,0.07299374436242426,0.030841136282196268,0.20626398550090613,0.06956925064489168
17852,17852,SLC9A6,0.2983504838248454,4.567581289997211,0.42815234795658896,0.18331443306074,0.0004166650825475285,0.07997606129529991,0.0015508563703277294
17853,17853,SLC9A7,-0.5412390259399588,9.172191472251926,-0.5169024953089117,0.26718818965657953,1.2256325143540912e-05,0.11383632328244965,6.743158561569575e-05
17854,17854,SLC9A8,0.02350897452992365,6.877825509313976,0.03733282971944977,0.0013937401748614318,0.7696151429490645,0.07991790182472817,0.8506107242669317
17855,17855,SLC9A9,0.2634928181845693,5.4827095394767085,0.6674256662227901,0.4454570199329352,1.7119788293932199e-09,0.03733684699336872,3.301237894079268e-08
17856,17856,SLC9B2,-0.3557680615291487,8.520054484308607,-0.5517271140891791,0.304402808421174,2.296194579611609e-06,0.0683007850025727,1.5169034051705123e-05
17857,17857,SLC9C2,-0.3103161539308161,8.00936595789453,-0.17070016875788022,0.029138547613968783,0.1774628345996475,0.22748523701156634,0.29311089643310706
17858,17858,SLCO1A2,-0.4671879257243368,8.525345589266163,-0.21483086212655872,0.04615229932204048,0.08824274806132995,0.2697358134813829,0.16797615236182314
17859,17859,SLCO1B1,-0.13775224713338824,7.4604784944835485,-0.08104801361395945,0.006568780510768557,0.5243504701743783,0.2151440670042114,0.6569654317023881
17860,17860,SLCO1B3,-0.0723842655644842,7.380037491464202,-0.6401666641796083,0.4098133579268474,1.2276646660590612e-08,0.011031890951928313,1.7162728661012748e-07
17861,17861,SLCO1C1,0.3171922042205725,5.96062786735962,0.14914306382851705,0.022243653488157104,0.2395066458673027,0.2670784957147199,0.3704300688472113
17862,17862,SLCO2A1,0.13496468772943582,5.967771531707874,0.4742150544505792,0.2248799178675658,7.542825035483003e-05,0.031822439311256945,0.00033923131078584514
17863,17863,SLCO2B1,0.2679840381197047,5.231499566988799,0.5057448134888928,0.25577781637091496,2.017930730317213e-05,0.058054107152648575,0.000104741826378282
17864,17864,SLCO3A1,-0.08286274011990337,7.435352634137272,-0.10981930679642507,0.012060280145247336,0.38766708956257867,0.09524670731035156,0.530359560337177
17865,17865,SLCO4A1,-0.3363235901157068,9.091155680057973,-0.7551128599697562,0.5701954312917046,5.654651252853449e-13,0.037083877069546085,6.691337315876582e-11
17866,17866,SLCO4A1-AS1,-0.25600970805852685,8.421335113691235,-0.4968197152787175,0.2468298294896259,2.9699433497452813e-05,0.05679476719435076,0.00014832592997863022
17867,17867,SLCO4C1,0.2660330619615341,6.127180741947132,0.4531079362461304,0.2053068018892274,0.00017011999539792212,0.06647186245056759,0.0006957409821231357
17868,17868,SLCO5A1,-0.389026201448865,8.351231739798754,-0.3551774919257191,0.12615105077064426,0.0039772603632820345,0.1300336508068698,0.01157006625025154
17869,17869,SLCO6A1,0.1630474547415763,6.449061996955923,0.1473520803219229,0.021712635575198414,0.24526031575515575,0.13899370429100902,0.37712931461179416
17870,17870,SLFN11,0.2459794900851824,5.960767524844183,0.4087030272144565,0.16703816445426078,0.0007996862698154276,0.06976020519458158,0.0027756381107313806
17871,17871,SLFN12,0.06289147921781056,6.765676570405656,0.1278395923318922,0.01634296136758439,0.31407998414922234,0.06196585403777384,0.4545480222382817
17872,17872,SLFN13,-0.0430616003439279,7.1639286871727785,-0.08194731173504115,0.006715361900600013,0.5197429900653224,0.06651145819587352,0.6529957327607656
17873,17873,SLFN5,-0.18676285260749567,8.105100871031816,-0.41059763783069175,0.1685904201921439,0.0007517596850198084,0.05267271682428644,0.0026282460411856555
17874,17874,SLFNL1,0.3585308777268185,5.616849593295269,0.21714389895621544,0.04715147285390711,0.08479018060462205,0.204689243766886,0.1623458320948798
17875,17875,SLFNL1-AS1,0.048431549507791515,6.820111826552668,0.05522680416812518,0.003049999898624449,0.6646968292990016,0.11120371490301244,0.7720865653848565
17876,17876,SLIRP,-0.2849678274935725,9.897299591418594,-0.4866478237956866,0.2368261044050776,4.5542948966423636e-05,0.06496761959222007,0.00021713618667281017
17877,17877,SLIT1,0.13873781022412854,6.412914209308782,0.14117258046198966,0.019929697474296945,0.2658351101809828,0.12355981586940268,0.40121684631789684
17878,17878,SLIT2,0.20265940872096894,6.045737594840466,0.5643703261506664,0.3185138650394096,1.191510461703298e-06,0.03764742420662979,8.583552577573158e-06
17879,17879,SLIT2-IT1,0.10653455685441897,6.679295961120823,0.0714999460116657,0.00511224227967111,0.5744940178236051,0.18874523157229814,0.699071024722981
17880,17880,SLIT3,0.5369883398984415,4.423203164568128,0.5262661096754181,0.2769560181928992,7.955316345713142e-06,0.11019095964174072,4.587812928533105e-05
17881,17881,SLITRK1,0.0005048093927583028,7.014093014952001,0.0003890158617907775,1.513333407248213e-07,0.9975658269649113,0.16480266857246728,0.9983386401729798
17882,17882,SLITRK2,0.12887242778646701,6.390491413435528,0.1840384715004603,0.033870158992225737,0.14545988471097154,0.08741245062783333,0.25055152747503096
17883,17883,SLITRK3,-0.1528319735395759,7.576668913395825,-0.12544030855687482,0.015735271010843963,0.32332313706839555,0.1535101952711651,0.4646951970011353
17884,17884,SLITRK4,0.26816493343886616,6.172123817987472,0.1374024986254367,0.01887944662851313,0.2789414379865775,0.2455119855266716,0.4163262002618606
17885,17885,SLITRK5,0.4802290430047034,5.297656298838165,0.4097229853245928,0.1678729247032965,0.0007735521031812273,0.13578665029527154,0.0026952969902477035
17886,17886,SLITRK6,-0.10194294885977748,7.76091858489213,-0.4626935526526283,0.2140853236663105,0.00011835674384025964,0.024805934858810618,0.0005046299050720265
17887,17887,SLK,0.047478443058160236,6.6221020855609325,0.07821727086745903,0.006117941461953455,0.5389855840973703,0.0768538079754209,0.669359666068192
17888,17888,SLMAP,0.06980512748131186,6.631125674610506,0.06045776699136937,0.003655141589582712,0.6350977381120915,0.14636735316603405,0.7482612360618792
17889,17889,SLMO1,-0.4139343077373072,9.073899177734855,-0.6070116862306044,0.36846318722052174,1.0524345162581027e-07,0.06882367540939742,1.0420882235742668e-06
17890,17890,SLMO2,0.04899477781917375,6.610628110307427,0.07535440143126933,0.005678285815064885,0.5539870692325042,0.08233960613770858,0.6822058563679203
17891,17891,SLN,-0.09678169713567546,7.4416838393479985,-0.12717019102636315,0.016172257485681695,0.31664160231198146,0.09586754313224093,0.45733835110157794
17892,17892,SLPI,0.031016980530866118,6.7142316672704325,0.12255240807392795,0.015019092724718562,0.33467561386795064,0.031900370680293666,0.4768340297592257
17893,17893,SLTM,-0.11473956353100925,7.9734656471425955,-0.21542442838524,0.046407684345107385,0.08734638748730282,0.06605470705617754,0.166504051147671
17894,17894,SLU7,0.022863915861099662,6.844054726070192,0.028052881934597672,0.0007869641848364763,0.8258375686069558,0.10346806570761083,0.8906131747103401
17895,17895,SLURP1,0.11068282290219096,6.479244036925786,0.15917896485190414,0.025337942851323743,0.2089848385927557,0.08718178083615764,0.33352249095188485
17896,17896,SLX4,0.09291173808534188,6.539122622749447,0.08362660878929326,0.0069934096975975005,0.5111941421157942,0.14060679835062215,0.6455886830067955
17897,17897,SLX4IP,-0.07896659096886152,7.511873969502408,-0.10530643761855403,0.011089445803910409,0.4075834930323036,0.09470461208365898,0.5495305767367792
17898,17898,SMA4,0.07257446162274732,6.676754086296862,0.13972832572236346,0.019524005009174897,0.2708061714586382,0.06531636472992046,0.40738503945375554
17899,17899,SMAD1,0.2245631107136516,5.180696782801152,0.3364268822486998,0.11318304709958052,0.006565968666173815,0.0798305044102126,0.018062252472814275
17900,17900,SMAD1-AS2,0.16354601788111248,6.470228352806681,0.1396596764231649,0.019504825218623126,0.2710439963520101,0.14726374080354507,0.4076578511600763
17901,17901,SMAD2,0.07289015599871261,6.490888570081678,0.09493371139605312,0.009012409559429106,0.4555533698054946,0.09707036960071944,0.594671663339441
17902,17902,SMAD3,0.004612727358314049,6.987393848649048,0.0054183444578676685,2.9358456664105293e-05,0.966105914771598,0.10811574743434416,0.9798156418311612
17903,17903,SMAD4,0.29324441394436346,5.492528640423074,0.3019558271160048,0.0911773215293106,0.015311216433909541,0.11757908225569505,0.03791473892239121
17904,17904,SMAD5,-0.14151238792224655,8.026460542671392,-0.26053658608080305,0.0678793126866397,0.03759246993941949,0.06659873344330572,0.08232024841117698
17905,17905,SMAD5-AS1,0.05059755880609159,6.8032429930225895,0.047821900200897466,0.002286934138824597,0.70747471775306,0.1342176776873396,0.805571827371044
17906,17906,SMAD6,-0.5533569506754804,9.997591794726878,-0.6385825305644852,0.4077876483421417,1.3683964870964757e-08,0.08468982232250828,1.8754826536755813e-07
17907,17907,SMAD7,-0.09730911373048473,7.768588055099995,-0.2028523736646359,0.04114908550137707,0.10792340974913503,0.0596558615027803,0.19772262589826728
17908,17908,SMAD9,-0.19813428778618072,8.388135032986186,-0.5634459818596225,0.317471374473754,1.251204408142696e-06,0.03689537616570382,8.956969077133911e-06
17909,17909,SMAGP,-0.36619818706902296,10.615963515905527,-0.6243128701199614,0.3897665597974238,3.539220336000459e-08,0.058192371822836174,4.1001383834183714e-07
17910,17910,SMAP1,0.08103605689966256,6.230552041310978,0.09959485180212388,0.009919134505487018,0.4336241885943512,0.10282078137418488,0.5746363015733844
17911,17911,SMAP2,0.17537505196752626,5.72979248168512,0.2807089020590695,0.07879748769520828,0.0246531920688877,0.07615410865459123,0.0573798380043272
17912,17912,SMARCA1,-0.08039206313803235,7.327411730137234,-0.13267985986625996,0.017603945214130383,0.2959545172829353,0.07627033084177097,0.4346796079525026
17913,17913,SMARCA2,0.3699384790432159,4.744431906735893,0.3803926213413771,0.14469854637096433,0.001931138080922595,0.11422500424550762,0.006086274944313607
17914,17914,SMARCA4,-0.6367370745512384,11.186943253904008,-0.6849747949970728,0.4691904697812819,4.305707180970532e-10,0.08601200228221109,1.0879823687738259e-08
17915,17915,SMARCA5,-0.3464038827340832,9.668814815956852,-0.4819204757078192,0.2322473449064507,5.530092267013698e-05,0.07998751251495835,0.0002574804301057442
17916,17916,SMARCAD1,-0.3157369507395529,9.378555514927749,-0.5111296427174755,0.2612535116644942,1.589817008381287e-05,0.067428921290028,8.494322061805272e-05
17917,17917,SMARCAL1,-0.3914106180763066,9.77409172948216,-0.41070130542388616,0.16867556227688424,0.0007492139593937622,0.11035599949218647,0.0026201919074082558
17918,17918,SMARCB1,-0.057021672010620826,7.397633509395558,-0.06987931754975121,0.0048831190212189676,0.5832196643496483,0.10337903997528564,0.7061175617359914
17919,17919,SMARCC1,-0.336657413678237,9.661247128532803,-0.7373088283937191,0.5436243084273188,3.713765742078478e-12,0.03917456258164193,2.6629667928711734e-10
17920,17920,SMARCC2,-0.3454684627744558,9.10888806592365,-0.2917810654291639,0.085136190142978,0.01931482595651153,0.14382476764224789,0.046478781652212156
17921,17921,SMARCD1,-0.4675640502171383,9.9457687883275,-0.3619558268022239,0.1310120205560815,0.003293482980473477,0.15293137011556834,0.009787343754927014
17922,17922,SMARCD2,-0.3695074826885715,9.797554329278908,-0.5835075176130118,0.3404810231108993,4.1849893385698965e-07,0.06531224095444482,3.425016784834887e-06
17923,17923,SMARCD3,0.416194619524495,4.959400126962283,0.39762798236706864,0.15810801236130587,0.0011395021573826053,0.12196967464865135,0.0038103643017480416
17924,17924,SMARCE1,-0.17642880468529154,8.326943266743422,-0.18439329163216506,0.034000885998944665,0.14467179253401785,0.11943095196668208,0.2495934006308237
17925,17925,SMC1A,-0.5246308988831659,9.763272066848504,-0.3468775179194084,0.1203240124379295,0.004983695215861042,0.18015372083542056,0.01415926527151284
17926,17926,SMC1B,-0.012488641023369794,7.060602762174031,-0.013035909774786726,0.00016993494365638012,0.9185692215533362,0.12165811625563328,0.9507966393928347
17927,17927,SMC2,-0.1628153069372047,8.065290065010753,-0.5680027812430054,0.32262715949978943,9.8184071505125e-07,0.029961449142717613,7.256573612435092e-06
17928,17928,SMC3,-0.1847443018141346,8.133053338097772,-0.27210077803711197,0.0740388334084017,0.0296207946346938,0.08297395861942779,0.06717334881289079
17929,17929,SMC4,-0.32828650916943475,9.306288550283028,-0.5724237501956217,0.3276689497880196,7.733443432022725e-07,0.059721558268565185,5.900906184653e-06
17930,17930,SMC5,0.1881817377564599,5.962788129833453,0.22186375300238229,0.049223524896302086,0.07807618697017946,0.1050351085361565,0.15190834041682266
17931,17931,SMC5-AS1,0.05816790708603092,6.768481082184174,0.061611204316420726,0.00379594049731974,0.6286448830674539,0.11967461766939287,0.7426384235898595
17932,17932,SMC6,-0.3253354076923315,9.273047147643902,-0.5321887095333462,0.28322482255476833,6.0120407861024975e-06,0.06572964838483203,3.594373458112485e-05
17933,17933,SMCHD1,0.4395015812178023,4.350276481640372,0.6029860739279516,0.3635922053510451,1.3437138298263873e-07,0.07384567423539487,1.2886679798445713e-06
17934,17934,SMCO3,0.1521394562564045,6.517342764842062,0.14785338418603425,0.021860623215263043,0.2436403918881433,0.12924540650850735,0.3752779490957922
17935,17935,SMCO4,0.08497850108408893,6.207084756220538,0.15965827736595584,0.025490765531464496,0.2075993441790962,0.06672902233698055,0.33182708769459557
17936,17936,SMCP,0.007497663644213793,6.9833617394201815,0.01097510877475353,0.00012045301261767193,0.9314084305223734,0.08675512060060114,0.9593630880404298
17937,17937,SMCR5,-0.01685279298205208,7.077091860412626,-0.01648226313730324,0.00027166499812730506,0.8971455710137531,0.12983751613633648,0.9368314133671989
17938,17938,SMCR8,0.29580822885529806,5.110736219054386,0.2139086805951045,0.045756923633938434,0.08964969252403791,0.17155979008738173,0.17013093432723173
17939,17939,SMDT1,0.6129290697117208,2.2043563385853515,0.4059233166545819,0.16477373900385595,0.0008750168267140128,0.1752558189874275,0.003015834694014316
17940,17940,SMEK1,0.16220351464986965,5.88214120345197,0.16818105248524798,0.028284866415045736,0.18404098777708608,0.12074157394347647,0.3016505896391764
17941,17941,SMEK2,0.050937738160493316,6.702803846697647,0.040034112193096466,0.0016027301390894356,0.7534553251930014,0.16146013168261025,0.8397362360810317
17942,17942,SMEK3P,-0.12717615612238026,7.378211170957877,-0.08397712897135147,0.007052158190270999,0.5094188220666285,0.19165142154736384,0.6440226861960908
17943,17943,SMG5,0.13820952246719045,6.031659816015839,0.10880381296098997,0.011838269714850086,0.3920974838993626,0.16036589843154092,0.5345549618383717
17944,17944,SMG6,-0.0012898163248883726,7.021702793934,-0.0010548220585349102,1.1126495751718254e-06,0.9933997685411208,0.1552932502809352,0.9959922521687057
17945,17945,SMG7,-0.3780049336504234,9.319083293602924,-0.3877055778599977,0.1503156151037547,0.0015491757266815089,0.1141375097293806,0.0049988675847545926
17946,17946,SMG7-AS1,0.022269557686073308,6.9418000092072,0.013981285084947642,0.0001954763326265794,0.9126860658447158,0.20226754529449126,0.9474275852957108
17947,17947,SMG8,-0.33652608430899256,9.462592129938754,-0.5558502937411277,0.30896954905209795,1.859428619504481e-06,0.06391659643671725,1.2610687991033365e-05
17948,17948,SMG9,-0.6278566844124324,10.578081962025939,-0.5634700370902033,0.31749848269843506,1.24961600138861e-06,0.11690838498648658,8.948556385605275e-06
17949,17949,SMIM1,0.00678779458286043,6.9817148873714805,0.007996526621283199,6.39444380048909e-05,0.9499955631472834,0.1077997051449062,0.9699728379440059
17950,17950,SMIM10,0.4125079292168286,5.445005964002585,0.3259905454554564,0.106269835726346,0.008569754734094949,0.15192689414833238,0.02287979765341217
17951,17951,SMIM11,-0.6688882369347636,10.953732907056503,-0.6188880976161577,0.3830224773709468,5.01644644177781e-08,0.1078152649464872,5.562270747398795e-07
17952,17952,SMIM12,0.2780253667173853,5.100409937624804,0.24096241635052865,0.05806288609348551,0.05510183442708027,0.14221657734521514,0.11360851418817702
17953,17953,SMIM13,-0.3468658697098818,8.779508519925928,-0.6054161763295819,0.3665287465615314,1.1599173863514431e-07,0.057912879513802265,1.1339959820063431e-06
17954,17954,SMIM14,0.3432459845041274,4.269175108707522,0.7710705339772708,0.5945497683679934,9.087593291443956e-14,0.03599849047389223,1.726244146721218e-11
17955,17955,SMIM15,-0.1112209510984312,8.205646287682795,-0.08513578384404617,0.007248101690740153,0.5035729415369297,0.16530994599670268,0.6386829125560626
17956,17956,SMIM17,-0.178244736726619,7.542842075886682,-0.16733884103017724,0.028002287717322927,0.1862790498707588,0.1333695649646907,0.3044891927046559
17957,17957,SMIM19,-0.18502651559508132,8.855328193409283,-0.27162649318094306,0.07378095179777691,0.02991729357948445,0.08325740163560809,0.06772517169806981
17958,17958,SMIM2,-0.0068597888254151316,7.039867002048809,-0.004036022133328201,1.6289474660715124e-05,0.9747496388620668,0.2158528688811212,0.9855245653432315
17959,17959,SMIM2-AS1,0.2279339619352697,5.9540665330383264,0.5796167675205627,0.33595559719098606,5.205097100554746e-07,0.0406977888640063,4.156208617718032e-06
17960,17960,SMIM20,-0.11337406179559817,7.991389897884287,-0.1972466333018828,0.03890623434892742,0.11822576155888495,0.0715634290698127,0.21246297647781356
17961,17961,SMIM21,-0.006177777469622785,7.037634572424295,-0.004885066520319149,2.3863874907943038e-05,0.969440119878282,0.16060562499198758,0.9819376182733481
17962,17962,SMIM22,0.4208547536653662,2.9910742738962726,0.4121545996548169,0.16987141401662242,0.000714338606452022,0.1181541352405418,0.002509979315709644
17963,17963,SMIM24,0.1166753479097618,6.203583051933559,0.3781775315474347,0.14301824536731098,0.002062423736514661,0.03627215218471087,0.006457748122357575
17964,17964,SMIM3,-0.08999327970166834,7.627316695950784,-0.22166474718093185,0.04913526014278642,0.07835047596004317,0.05027788223666475,0.15223683776713637
17965,17965,SMIM4,-0.8630496032731411,11.139749679604597,-0.4557648170504072,0.20772156846099116,0.0001540099416522476,0.21406123784453684,0.0006381716966091507
17966,17966,SMIM5,0.24062046836718914,5.540829702092767,0.4417164390276816,0.1951134125072955,0.0002582549259033928,0.062066964497577724,0.001007659535214049
17967,17967,SMIM6,0.2705172140688942,5.22311615476248,0.6930223155764145,0.4802799298868954,2.2132728884412702e-10,0.035738521872102184,6.331363857225324e-09
17968,17968,SMIM7,0.30678445770808355,4.833825041698706,0.1898515749426661,0.03604362050821077,0.1329472097118197,0.2014893034780228,0.23303964920750003
17969,17969,SMIM8,0.03783473145627858,6.812284122330108,0.03850637624218203,0.0014827410113044807,0.762582215476207,0.12469238994023375,0.8463365045170798
17970,17970,SMKR1,-0.3273083787557978,8.11110785992196,-0.3843117683775113,0.1476955353134499,0.0017170763493846578,0.09985618648513156,0.005471349079741726
17971,17971,SMLR1,-0.07469265155117147,7.269402531946862,-0.0345330658451804,0.001192532636667565,0.786467665609024,0.2745287203881764,0.8627396549309909
17972,17972,SMNDC1,-0.2649101131391181,9.207825618736658,-0.528419740652437,0.2792274223111888,7.18939079110408e-06,0.054053371475536176,4.207736691388078e-05
17973,17973,SMO,0.18343425706218405,6.0035528675319085,0.2228123876172139,0.04964536007568357,0.07677915361977151,0.1019267361293168,0.14966716820921347
17974,17974,SMOC1,0.23578043997383075,5.857796191967196,0.2163440062647555,0.04680472904668457,0.08597187852558649,0.13513193661632947,0.16430332975655948
17975,17975,SMOC2,0.08570812222419015,6.509530481823232,0.35889070338684903,0.12880253697750724,0.0035885521162389526,0.028308850044935094,0.010557002591652563
17976,17976,SMOX,-0.30601830610490605,8.745126808240354,-0.317040524117611,0.1005146939327695,0.010693613259878271,0.11626093769711468,0.02772963658755406
17977,17977,SMPD1,0.3477347814127456,4.981175767707248,0.5899527373957906,0.34804423236078663,2.897481751472273e-07,0.06044273848400743,2.4859337293237746e-06
17978,17978,SMPD2,-0.28712290132820306,8.764973392796906,-0.4239008148258249,0.17969190080999825,0.00048209806692291765,0.07791054412391672,0.0017634854120296929
17979,17979,SMPD3,0.3185462172283231,5.01880358902804,0.6245607877822241,0.3900761776351524,3.482691382708545e-08,0.0505870892887238,4.0416764143919364e-07
17980,17980,SMPDL3A,0.3179412951847295,4.8845180959252,0.830280062637133,0.6893649824127216,2.1954509520423448e-17,0.027105142246652933,3.169499357765132e-14
17981,17981,SMPDL3B,0.33188381431464964,4.731755878566005,0.4286594636640349,0.183748935788738,0.00040942610755946763,0.08883614249061299,0.001526273430745442
17982,17982,SMPX,-0.17857285155214278,7.637752467897027,-0.14316106437424508,0.020495090352766743,0.2590917069880417,0.15678264212083587,0.393314470019351
17983,17983,SMR3A,0.13943276043796346,6.565892524715898,0.12330415582042785,0.015203914842588354,0.3316966126979647,0.14251626210669946,0.4737429196659032
17984,17984,SMR3B,-0.0743234710152302,7.263932544073048,-0.0630549615755781,0.003975928179297632,0.6206067311137807,0.14939834647978864,0.7363562962176824
17985,17985,SMS,-0.30188212730739433,9.543850075049518,-0.6823813267437818,0.465644275088604,5.311713543734993e-10,0.0410704684427587,1.2909669673353679e-08
17986,17986,SMTN,-0.3829141797842576,9.376025036910583,-0.5087405243051545,0.2588169210702835,1.768112943087405e-05,0.08229472893434002,9.325008714699892e-05
17987,17987,SMTNL1,-0.013396884355148063,7.083475533527262,-0.014047602421931326,0.00019733513380465082,0.912273538545302,0.12110523073889462,0.9472684477199
17988,17988,SMTNL2,-0.08117246625297247,7.372929804939648,-0.09449338678222667,0.00892900014557549,0.4576559524282235,0.10860851249704458,0.5966819548429414
17989,17989,SMU1,-0.3850689379519813,9.37658998141326,-0.3619811007000343,0.13103031726400838,0.0032911423495707646,0.12593865722142905,0.009781730384292467
17990,17990,SMUG1,0.11655782920157648,6.3264038825246525,0.07568137827113562,0.005727671017018719,0.5522636687354603,0.19503351573941466,0.6807416750037791
17991,17991,SMURF1,-0.37551179085282094,9.211162376702518,-0.4246509768740052,0.18032845216004686,0.00046991365033839276,0.10167531722133424,0.0017237426762477096
17992,17992,SMURF2,-0.1205278301771352,7.707088561035713,-0.14079515798412773,0.019823276511775487,0.26712822561929617,0.10763560753097176,0.4027194183922207
17993,17993,SMYD1,0.1314069317516406,6.4076492594619525,0.1170792657660622,0.013707554472320223,0.3568688723800243,0.14156154483585331,0.499676414805989
17994,17994,SMYD2,-0.5624632491710863,10.769521126664317,-0.5459422425166487,0.2980529321641073,3.072707558657175e-06,0.10962353167288516,1.974465346668283e-05
17995,17995,SMYD3,-0.3133530260322814,9.343509023369064,-0.7102023968067467,0.5043874444300477,4.96118228278479e-11,0.039448188488007185,1.878223817022808e-09
17996,17996,SMYD4,-0.34176990170672183,9.03377760030547,-0.3477049127121412,0.1208987063241577,0.004874165607830603,0.1170433116936149,0.01388816529441733
17997,17997,SMYD5,-0.5450135372539477,10.55563783126783,-0.7056983168823774,0.4980101144506203,7.418571807326984e-11,0.06949280575808031,2.5995011729395766e-09
17998,17998,SNAI1,-0.024032637367141958,7.141421350686714,-0.02861621714260972,0.0008188878835529902,0.8223965501414063,0.10661430346026332,0.8882323593507584
17999,17999,SNAI2,0.12783579729734462,6.191082864434718,0.7015902384647855,0.4922288627090746,1.063827662053946e-10,0.01648948558457855,3.5117664667344816e-09
18000,18000,SNAI3,0.1382435527639893,6.501769054859955,0.1373154010913048,0.018855519376865908,0.2792492040748755,0.12664739882076975,0.4166132631237637
18001,18001,SNAI3-AS1,0.04269217416612855,6.83738495380693,0.043777777333951065,0.001916493788301,0.7312341028059763,0.1237320359622002,0.8243895510341221
18002,18002,SNAP23,0.21352809006594675,5.412020353169259,0.2889985618182754,0.08352016873303153,0.02055386045697317,0.08983073336034209,0.04908942849848395
18003,18003,SNAP25,0.5493784218748199,4.8987663618307415,0.388518161218832,0.15094636159686234,0.0015112306483844005,0.16547484836481752,0.0048924651952106735
18004,18004,SNAP29,0.17984817117669388,5.731650163614924,0.19913811022595534,0.03965598694436475,0.11466868339166401,0.11240075188640143,0.2073438826692121
18005,18005,SNAP91,-0.045142850433478696,7.165452318371135,-0.03200653109866843,0.0010244180329700297,0.8017600160133185,0.1790325355196701,0.8732114825408991
18006,18006,SNAPC1,-0.2729409165113909,8.535022816011427,-0.465655608249715,0.216835145494412,0.00010557339900885834,0.06587711290953069,0.00045678160949786767
18007,18007,SNAPC2,-0.057048795120573925,7.392396770068406,-0.07976248735814066,0.006362054389557549,0.5309720206350372,0.09054532398764956,0.6624595258780823
18008,18008,SNAPC3,-0.02393105837835166,7.149810947161533,-0.028264339813904592,0.0007988729051158723,0.8245455348395145,0.10748643854868382,0.8897996938989502
18009,18009,SNAPC4,-0.4727585666436062,9.772339845987744,-0.4696611985693159,0.2205816414415664,9.030292225618554e-05,0.11286107846152164,0.00039705782364623306
18010,18010,SNAPC5,-0.6220480219239659,11.257116277785508,-0.5558425652578111,0.30896095735238394,1.86016903522e-06,0.11814832258118868,1.261175969245119e-05
18011,18011,SNAPIN,-0.12277523124866138,8.058890918850421,-0.13098272247734433,0.017156473587577003,0.3022304261945312,0.1180165986747874,0.4416183658302448
18012,18012,SNCA,0.6145228877255607,3.9372010146654315,0.5364720171310968,0.2878022251647078,4.8934117170029964e-06,0.12277090308784748,2.987505800160696e-05
18013,18013,SNCAIP,-0.14118591178561796,7.6601118950713,-0.24070870597695754,0.057940681133101385,0.055366212752469036,0.07230075708227414,0.11409928979393956
18014,18014,SNCB,0.3124320633018948,5.346662420176823,0.3282864681841226,0.10777200519280494,0.008088208530767683,0.11416807891265525,0.02172539763505013
18015,18015,SNCG,0.2762502241470702,5.6155104587052165,0.2648805431878167,0.07016170215947283,0.03441111309374409,0.1277204531877323,0.07641229020150003
18016,18016,SND1,-0.3576373097387148,10.076855361577644,-0.5687494052306202,0.3234758859501843,9.432767448763269e-07,0.06568522012722641,7.012240957877398e-06
18017,18017,SND1-IT1,0.1416809580746449,6.343346291893152,0.17689440033307668,0.0312916288691988,0.16201746078442766,0.10011475323470848,0.27322545855360025
18018,18018,SNED1,0.10010839791850648,6.571626913568347,0.07314498470895918,0.005350188788073872,0.5656990919206226,0.17335054655437718,0.692102476584242
18019,18019,SNF8,-0.2674779531098172,9.447237403578095,-0.26400539352411656,0.06969884780982365,0.035033324609412386,0.12410552792273907,0.07759503369303725
18020,18020,SNHG10,0.05328792073629799,6.8181354567610395,0.0955708138451105,0.009133780459016765,0.4525205695897638,0.07048799492603293,0.5917471578784018
18021,18021,SNHG17,-0.15758016687145732,8.073544976637727,-0.6257102115033032,0.3915132687795084,3.23157967937164e-08,0.0249492804471203,3.792946230720481e-07
18022,18022,SNHG18,-0.1370872693708343,8.011935493646803,-0.3863687279539545,0.14928079394075688,0.001613467568129534,0.04156161660964541,0.005180848189182245
18023,18023,SNHG19,-0.14688164342437773,8.191901658833562,-0.3244012800898618,0.10523619052394097,0.008917557430937494,0.05439303900042028,0.02367120693392393
18024,18024,SNHG22,-0.0763949628565264,7.305819524394666,-0.06732170613941639,0.004532212117521935,0.5971113632239721,0.14378956544326202,0.7169022637513779
18025,18025,SNHG4,-0.5027930233752848,8.653950782603657,-0.3445456091186593,0.11871167676294796,0.0053041592639969035,0.17398254783854364,0.01496957759179629
18026,18026,SNIP1,0.04301526535360542,6.754998611538233,0.051964889471648734,0.0027003497378006685,0.6834195245706798,0.10498556433532556,0.786660809258389
18027,18027,SNN,-0.012943150446285736,7.0845521785671535,-0.013239004683064758,0.00017527124499821059,0.9173049658864209,0.12415115257219896,0.9498567841398519
18028,18028,SNORA21,-0.16603332454220734,7.6816372009806875,-0.33511567226439226,0.11230251379721556,0.006792726871453283,0.05928395588678631,0.018626883677513084
18029,18029,SNORA37,0.06921722578687907,6.77533547876868,0.0517417957502528,0.002677213427460879,0.6847071613955749,0.16966595960657055,0.7876824043785153
18030,18030,SNORA43,0.04219655550178666,6.795800128776537,0.04924587487685743,0.002425156192387097,0.6991731706633817,0.10868861218176212,0.7988073763171643
18031,18031,SNORA65,0.0800872839475531,6.6990011788432335,0.08065312997006226,0.006504927373967755,0.5263800548505221,0.12569828529959978,0.6588497825436712
18032,18032,SNORA68,-0.061296185067448224,7.2899295121112955,-0.0721271833756853,0.005202330581709734,0.5711331579426637,0.10764801048042244,0.6963117067474599
18033,18033,SNORA71A,0.06171673158098954,6.739922917201488,0.04262366879950054,0.001816777141929516,0.7380620741697695,0.18372209040699344,0.8294101824673773
18034,18034,SNORA71B,0.3635157439716402,5.115237233867908,0.3451135898428018,0.11910338989418565,0.005224476032210921,0.12555320065523504,0.01477550326205139
18035,18035,SNORA72,-0.4265000705533589,8.359142881687355,-0.4671043261935544,0.2181864515487344,9.979547275176488e-05,0.10253236363858803,0.00043421156569006797
18036,18036,SNORA74A,-0.6977039955650101,9.277603394447233,-0.3743289769008091,0.14012218294760645,0.0023096203007551158,0.21950291431394564,0.007136819008683224
18037,18037,SNORA78,0.030966443187329037,6.832498441812044,0.035329575578055335,0.0012481789105255234,0.7816629488932425,0.11124637089250512,0.8593213096904846
18038,18038,SNORD114-3,0.3929582893039271,5.826486572663049,0.3106346399104437,0.096493879512291,0.012481276856367771,0.15270957744753544,0.031730693862954226
18039,18039,SNORD8,0.2532166093195357,6.036275924428849,0.15253616376577106,0.023267281256378128,0.22886223126241415,0.2083585817068804,0.357473428879658
18040,18040,SNORD89,-0.10590394883584288,7.577667613053277,-0.14427379527199516,0.020814928002185568,0.2553690711291705,0.09224891027884588,0.38872608149178883
18041,18041,SNPH,0.1796445433805279,5.908765193460621,0.23366591992386945,0.05459976213386817,0.06312636866162598,0.09493594194403604,0.12715110346642272
18042,18042,SNRK,0.6699328390650761,3.6454993895362016,0.5645816517307967,0.31875244147107457,1.178243579115845e-06,0.12438303267770605,8.504954901917875e-06
18043,18043,SNRK-AS1,0.14144712568954249,6.467932655703133,0.13556086939910206,0.0183767493122404,0.28549695895091776,0.13129142279024336,0.4235125802220937
18044,18044,SNRNP200,-0.02334406156055084,7.1252527087477695,-0.021098895164179576,0.00044516337714904034,0.8685639885150538,0.14048312950553782,0.9186972432609888
18045,18045,SNRNP25,-0.21659930763444346,8.953733662278056,-0.4040313880982087,0.1632413625685653,0.0009298978706249838,0.06227965752998935,0.003185216448652962
18046,18046,SNRNP27,-0.1065612313328697,7.919626250549526,-0.1009154856431997,0.010183935242602846,0.4275210986933343,0.13342057868657894,0.5687739644599035
18047,18047,SNRNP35,-0.2771754781383952,9.052414597339594,-0.3197390679912376,0.10223307159990523,0.01000976375671802,0.10431459047575398,0.02619420176076172
18048,18048,SNRNP40,-0.15061185524155313,8.16462506823108,-0.36870186793797133,0.13594106742094933,0.0027187492080307045,0.04822360326699943,0.008264249592911974
18049,18049,SNRNP48,-0.09666656358304103,7.593364328542137,-0.17646636832481669,0.03114037914974986,0.16305181790723333,0.06847766064117619,0.2745375721909183
18050,18050,SNRNP70,-0.4309656763800232,9.71142609006201,-0.5448845771713703,0.29689920243922296,3.2389005483994077e-06,0.08422695842153248,2.0598646512654676e-05
18051,18051,SNRPA,-0.31770353542203744,9.867104494987677,-0.7082184327653235,0.501573348508571,5.928670945894961e-11,0.04022162432236786,2.1651289296623733e-09
18052,18052,SNRPA1,-0.3121140090537185,9.278522463594898,-0.5162686251294621,0.26653329329306513,1.2614415929513534e-05,0.0657554701483022,6.906831275691924e-05
18053,18053,SNRPB,-0.28525355240101513,9.93673956646997,-0.7349639116152193,0.540171951376744,4.705268435024828e-12,0.033424654863628916,3.1238026127886096e-10
18054,18054,SNRPB2,-0.7640536061069463,11.791970447936473,-0.6062522909038444,0.3675418402261595,1.1023630349812849e-07,0.12728888796465412,1.0835983441906366e-06
18055,18055,SNRPC,-0.37919889613732777,10.379740393334766,-0.6081956149533226,0.3699019060484503,9.788293855486324e-08,0.06285386928529688,9.799607186341024e-07
18056,18056,SNRPD1,-0.24294973873803125,9.047475861938631,-0.6563324300203619,0.4307722586964333,3.9100161160122506e-09,0.035468249640738934,6.599485502123561e-08
18057,18057,SNRPD2,-0.3957088805761903,11.580008993719256,-0.7433187578642884,0.5525227757929085,2.001611439539717e-12,0.045226223786209996,1.673548097422107e-10
18058,18058,SNRPD3,-0.42294516769787177,11.290544489974055,-0.7119610107007602,0.506888480758048,4.231178469633053e-11,0.05297910113974987,1.6509219776559236e-09
18059,18059,SNRPE,-0.3629270070531245,9.658397461548613,-0.6356761570736568,0.4040841766719324,1.6671944901263084e-08,0.05597317971661528,2.2040962566352386e-07
18060,18060,SNRPF,-0.3063019749747614,9.977091117470339,-0.7108361959625679,0.5052880974905342,4.6852417012260546e-11,0.03849112440555109,1.8021120611021352e-09
18061,18061,SNRPG,-0.3256607597375997,10.56102403057325,-0.6750982448698393,0.4557576402263375,9.471561601052235e-10,0.045195872891016654,2.0435894893018705e-08
18062,18062,SNRPN,0.22500932157992254,6.2840004209932605,0.13809738900880533,0.01907088885104931,0.27649405022811824,0.2049453219593739,0.41367456857016294
18063,18063,SNTA1,0.25996539280429903,5.329121474061384,0.3836849072982632,0.1472141080884768,0.0017498167657016446,0.07946300422570161,0.005560129429386517
18064,18064,SNTB1,-0.2818992015963373,8.396882125654981,-0.6838236836750735,0.467614830354947,4.727529976497188e-10,0.03820030562014702,1.172676536552653e-08
18065,18065,SNTB2,0.0289218951661012,6.861257678407772,0.013508095218074001,0.00018246863642055368,0.9156302054236446,0.27189245954021724,0.9489013861457587
18066,18066,SNTG1,0.18007783151170925,6.439671434687287,0.08999791487129248,0.008099624681180409,0.47942346689571996,0.2530847560539365,0.6167289098596868
18067,18067,SNTG2,0.12165203327444747,6.619255902880722,0.07126800408772946,0.005079128406648622,0.5757391160480475,0.21623361150530146,0.7000466237531578
18068,18068,SNTN,-0.4321091837358607,8.413275430669264,-0.3839084040114879,0.14738566267064782,0.0017380800565962974,0.13199161668315051,0.005529326226765509
18069,18069,SNUPN,-0.5027070639558802,11.00239924746401,-0.5763267624532995,0.3321525371199019,6.245733586581065e-07,0.09052926540463667,4.86800001334806e-06
18070,18070,SNW1,-0.4454482468204287,10.901434751358194,-0.42926730966847176,0.18427042315000766,0.00040090029095215553,0.11902733154580593,0.001497584233322223
18071,18071,SNX1,0.10046813436374016,6.320257112250396,0.08103698748643556,0.006566993340876714,0.5244070880597397,0.15693452515537196,0.6569878791977821
18072,18072,SNX10,-0.08637837801211387,7.606991791209091,-0.19367785607757892,0.03751111193480738,0.12516627827222493,0.05556829775743978,0.22238888710083943
18073,18073,SNX11,0.14532188666900525,5.938815306183734,0.10278527448860814,0.01056481265169852,0.4189642206311992,0.1786067871812735,0.5599722378575867
18074,18074,SNX12,-0.0049231622123586385,7.049891002682215,-0.0030571506547088837,9.346170125586954e-06,0.980872375066994,0.20451700783280147,0.9890017824684898
18075,18075,SNX13,0.2715000320216921,5.2870536149428435,0.4193612723012583,0.1758638767061301,0.0005621675487131491,0.07464233115434524,0.0020269294484487584
18076,18076,SNX14,-0.07246614856606047,7.533907136316308,-0.11843872012639985,0.014027730425179671,0.3512737262106923,0.07715747022443896,0.4939180924026065
18077,18077,SNX15,0.2822129679478012,4.859303309722847,0.2925537268108178,0.08558768307089863,0.01898227562697759,0.11715114027124285,0.04578538412811314
18078,18078,SNX16,-0.08565650959675745,7.505426718042978,-0.18537334105861766,0.03436327557523459,0.14251158780276327,0.057666572376929084,0.24664613045328102
18079,18079,SNX17,0.0829050092065413,6.236867744134673,0.06605152310523267,0.004362803704521088,0.6040644875070436,0.1590569487966036,0.7229077909347902
18080,18080,SNX18,0.1722419591776672,5.95552457351049,0.15490857255419901,0.02399666585077953,0.22161783679159566,0.13950613621947214,0.3484703932415048
18081,18081,SNX19,0.29028745354398444,5.354216855448351,0.2612044616512002,0.06822777078649332,0.03708802652233261,0.13624065135724978,0.08133075588264432
18082,18082,SNX2,0.10941792279898448,6.28993856657794,0.09783237645935428,0.009571173883684815,0.4418452120828087,0.14135841073954927,0.5822526664427202
18083,18083,SNX20,-0.14785443041426738,7.748904231858286,-0.2501523528758136,0.06257619964930555,0.04619627190937713,0.07267782025774047,0.09803805058776577
18084,18084,SNX21,0.4613664793918195,4.267252584956267,0.4077054865841084,0.16622376379078455,0.0008260164491740644,0.1312285691372468,0.0028583231394797644
18085,18085,SNX22,0.2814071125613207,5.549813746145283,0.23963546463224825,0.0574251559095135,0.05649601248184347,0.14479249649833845,0.11595309926019527
18086,18086,SNX24,0.643955366592486,3.9949593486661343,0.6722790954874289,0.4519591822293957,1.1796723342955427e-09,0.09005685325730545,2.439904909185289e-08
18087,18087,SNX25,-0.1871911923216283,7.893426527827692,-0.10285636313551724,0.01057943143746539,0.41864084347199504,0.22990523948627986,0.5596781988755435
18088,18088,SNX27,-0.21010781956327335,8.482378478042962,-0.2009167869084908,0.04036755526163191,0.11139923227473256,0.13010159120870848,0.2026844542857783
18089,18089,SNX29,-0.08560979898759252,7.3563273951463914,-0.0801958479123153,0.006431374022375205,0.5287352305425195,0.13513712763183516,0.6605377533978458
18090,18090,SNX29P2,0.04308902884001114,6.8761341619578715,0.02443267416500844,0.000596955566853471,0.8480261117212966,0.223908299624474,0.9046308103115605
18091,18091,SNX3,0.4797950317511765,2.011029536672825,0.3586435158696765,0.12862517147536287,0.003613339825141607,0.15859862711009376,0.010618384300914847
18092,18092,SNX30,0.2586888120518664,5.064548842616241,0.6400277432222936,0.4096355120942222,1.239435255973526e-08,0.03944056382332987,1.7260431169200452e-07
18093,18093,SNX31,0.020692302929772543,6.956090882186031,0.011606958296718586,0.00013472148090176443,0.9274698755905892,0.2263942031916637,0.9570361267470795
18094,18094,SNX32,0.14178062541507147,6.3472598605381565,0.1867165498755016,0.034863069997410664,0.13959027768704405,0.09473985069394457,0.242502795969576
18095,18095,SNX33,0.5537393905559838,3.312775365445493,0.5726789085369162,0.3279611322830336,7.626817839009993e-07,0.1006689597208445,5.821598177785034e-06
18096,18096,SNX4,0.30967424505630303,4.544557155629398,0.4276110355949627,0.18285119776259648,0.00042452068575231947,0.08314017077504715,0.0015760321361163172
18097,18097,SNX5,-0.6668927653834511,11.797914333890652,-0.6108371565648999,0.3731220318402921,8.317371065599648e-08,0.10978075616295928,8.52402604948227e-07
18098,18098,SNX6,0.3781250577707937,3.4123802949324906,0.3671276210638814,0.1347826901480249,0.0028442144689677642,0.12167046090298135,0.008603361408785716
18099,18099,SNX7,-0.04030468698735412,7.436396795433009,-0.04566816759380205,0.002085581531375591,0.7200950776412719,0.11196770345874893,0.8156959201925901
18100,18100,SNX8,0.17200681501395565,6.107515835730747,0.2798425046560371,0.07831182741216415,0.025118987746930947,0.07494249326783788,0.05827013172574073
18101,18101,SNX9,0.3947984702141669,3.580291726407322,0.6407705046762979,0.4105868396631176,1.1777214721500877e-08,0.06007406472850956,1.655000550253741e-07
18102,18102,SOAT1,0.2572451364464448,5.465246345225578,0.6147385542468765,0.3779034900775399,6.521449367394283e-08,0.04191695813738351,6.919254583582714e-07
18103,18103,SOAT2,0.027168232044967242,6.898145426305809,0.033919423215819214,0.0011505272712938551,0.7901747164783891,0.10166397745416306,0.8652087518501045
18104,18104,SOBP,0.8603907671082291,3.6707798521522808,0.3976776760059552,0.15814753399349749,0.0011377235867795832,0.25210802988509995,0.003805592256983607
18105,18105,SOCS1,-0.1722904911212974,7.817137646370615,-0.2105836906932322,0.0443454907859829,0.09486929196768183,0.10157601904975197,0.1780928643934667
18106,18106,SOCS2,0.2513385423723837,5.511349851896309,0.4522153898730896,0.2044987588380704,0.00017586964082590625,0.06295617586335699,0.0007158753894896617
18107,18107,SOCS2-AS1,-0.0069951130163316685,7.039085994799305,-0.006233986445694117,3.886258700509797e-05,0.9610074269381134,0.14250319384692886,0.9766773248666636
18108,18108,SOCS3,-0.33709355620311593,8.645991713374988,-0.4654191158917913,0.21661495343749665,0.00010654531883320446,0.08141380034869726,0.0004603429527799367
18109,18109,SOCS4,-0.12935832719006862,7.753462262628522,-0.2476992950667776,0.06135494077657856,0.0484489366686507,0.06425759614164561,0.10198908559926421
18110,18110,SOCS5,-0.15170408084450704,8.064239681732706,-0.22461475199575484,0.050451786814114455,0.07436208967942355,0.08358371175000814,0.14563724807885656
18111,18111,SOCS6,0.05969057333108091,6.621642570438785,0.12291985612118635,0.015109291028853153,0.3332174075557608,0.06120429258413005,0.4753840702120564
18112,18112,SOCS7,-0.4718864606402518,9.79112151301774,-0.5750128199388976,0.3306397430940831,6.713591245299162e-07,0.08526957647992844,5.186686350943751e-06
18113,18113,SOD1,-0.3313206626257785,10.925680159740756,-0.4431850206319545,0.19641296251254592,0.00024492437016213444,0.08511068085248663,0.0009613625586117493
18114,18114,SOD2,-0.040855015717446784,7.31277226507076,-0.12018423213198907,0.014444249653155838,0.34416967799356224,0.042859060049768236,0.48658316752305214
18115,18115,SOD3,-0.2068185150062857,8.583948640432288,-0.6075751221001549,0.3691475289950181,1.0167772543382618e-07,0.03433661604256975,1.0112787829285714e-06
18116,18116,SOGA1,0.3899748634170466,5.389218337818823,0.24796208339017226,0.06148519479919474,0.0482033927110456,0.1934978114291956,0.10152153950181798
18117,18117,SOHLH1,-0.09783809762082236,7.512429019635402,-0.11470584926272576,0.013157431855083166,0.3667676205348889,0.10760947871569172,0.5100406384974968
18118,18118,SOHLH2,-0.08062300918767619,7.308292473040045,-0.07290376690115596,0.005314959228378084,0.5669847668532007,0.1400735010358205,0.6932446008811507
18119,18119,SON,0.10666373926420963,6.130737783711276,0.12036125133774694,0.014486830823588294,0.3434542602488585,0.1117288893142468,0.4859524342168593
18120,18120,SORBS1,0.3304573365594087,4.952566659009795,0.6293028771928657,0.396022111243219,2.5525471232627408e-08,0.05182870479525502,3.1106025860582244e-07
18121,18121,SORBS2,0.3399738838937286,5.305110520383224,0.34388051563952865,0.1182538090365081,0.0053988259955830425,0.11790003629564663,0.015181350075879858
18122,18122,SORBS3,0.2404326257090301,5.296850861748183,0.4183744357226395,0.175037168466237,0.0005810975239999495,0.06629024222103742,0.002086151671455389
18123,18123,SORCS1,0.4518989334149946,5.339250374487946,0.5311482769591901,0.2821184921167165,6.317658964117072e-06,0.09154952129661964,3.758486397471297e-05
18124,18124,SORCS2,0.1978863552844032,6.091643404988698,0.2819753965292501,0.07951012424782783,0.02398544156081451,0.08551027377865192,0.05603071596541944
18125,18125,SORCS3,0.14623739787075668,6.559050843007454,0.09758017751243833,0.009521891043358972,0.4430286638030724,0.18941895782855345,0.5834571376668207
18126,18126,SORCS3-AS1,0.27400619682735056,5.582245422893858,0.24940918061006875,0.06220493937258587,0.0468694609563169,0.1351157807055804,0.09918481159083774
18127,18127,SORD,-0.1857483496564934,8.340887047994356,-0.8168442650937112,0.6672345534164852,1.8828506902058974e-16,0.016659385072999366,1.6953697989683498e-13
18128,18128,SORL1,0.18801033356547545,5.4075547097027155,0.351469208325027,0.12353060440062122,0.0044022168410581,0.06360144314233675,0.012671807216949774
18129,18129,SORT1,0.20454222611400524,5.38334334307349,0.3518429902447306,0.1237934897843536,0.004357635464887564,0.06911009155392303,0.0125610765605391
18130,18130,SOS1,0.2977111373541769,5.215505464548131,0.3758390034689676,0.14125495652854664,0.0022096386823965255,0.09322438154666628,0.006857226378231121
18131,18131,SOS2,0.4658547776579065,4.432688215711121,0.4580339852321105,0.2097951316276092,0.00014137282714136122,0.11482246249995424,0.000590781275906248
18132,18132,SOST,0.21220324568999716,6.357286994120936,0.1295466822107938,0.016782342871824396,0.3076077878351638,0.2062788574526359,0.4477246031435994
18133,18133,SOSTDC1,0.13491189058381012,6.009496245423156,0.6584534059381201,0.4335608877915108,3.3477447327550595e-09,0.019584205238907075,5.8042763961417785e-08
18134,18134,SOWAHA,0.17088513775985284,5.695969031668612,0.7821759388965117,0.6117991993886396,2.3293273230176812e-14,0.01728750064457456,5.7978831241319415e-12
18135,18135,SOWAHC,0.2726990653669021,4.702784848474973,0.5842981139729905,0.3414042859923937,4.002150395218773e-07,0.04810195971815232,3.2953067227552295e-06
18136,18136,SOX1,-0.23876853508795015,8.016043951799622,-0.2994468423118235,0.08966841137052209,0.016225597430690582,0.09661872873024888,0.039891611303542754
18137,18137,SOX10,0.3017424379316259,5.389504842789212,0.4760323555447951,0.22660680352552615,7.015051752632828e-05,0.07079527146737767,0.00031727432268852107
18138,18138,SOX11,0.15775244097477886,6.483931366818836,0.07586877499402876,0.005756071019094564,0.5512771135375548,0.26330775201558504,0.6799513523754486
18139,18139,SOX12,-0.3743277802164199,8.727891350066642,-0.311080848283085,0.09677129416852376,0.012348886276630488,0.14523851686398315,0.03143471638890716
18140,18140,SOX13,0.17445855857441295,6.004371332762541,0.18729099378645134,0.035077916353516564,0.13835475215350898,0.11620522717890573,0.24076439712988082
18141,18141,SOX14,-0.00035365508883036746,7.0169705310861055,-0.0004536835495594205,2.058287631408351e-07,0.9971611860351886,0.09899904155003124,0.9980829897662126
18142,18142,SOX15,0.2846852029427756,5.318612147670827,0.34778538401501624,0.12095467333447232,0.004863627109226204,0.09746829250425637,0.013859961185720943
18143,18143,SOX17,0.17231362268286532,6.423630671309925,0.09930734331764887,0.00986194843680938,0.4349593444797771,0.21927558587030715,0.5758418172470241
18144,18144,SOX18,0.24868250311879725,6.21232588417713,0.18012355210606645,0.03244449402330684,0.15436932843361606,0.17247129603266206,0.262721456085347
18145,18145,SOX2,0.2583756435771598,5.961220489755234,0.1650978084318005,0.02725728634898349,0.19232971083534495,0.19602587971313834,0.31258630202186993
18146,18146,SOX2-OT,-0.41287027095042095,8.170848519253429,-0.1937225214245786,0.037528415307096316,0.1250775401713395,0.2655410161148698,0.2222676950935793
18147,18147,SOX21,0.15084081207493852,6.2842606298873225,0.2589265192408897,0.0670429423662028,0.03883199618543727,0.07146235288192533,0.08468347204387151
18148,18148,SOX21-AS1,-0.051705233231927585,7.170542878846204,-0.03614824261215175,0.0013066954439469836,0.7767330336643283,0.18153799620860894,0.8553345458429203
18149,18149,SOX3,0.024929729909424,6.917324671184336,0.019621180895579533,0.0003849907397370552,0.8776960950500523,0.16132919660805936,0.9246999810641523
18150,18150,SOX30,-0.3604902414472963,8.179999264680744,-0.3373763489851075,0.11382280085452105,0.006405941328267653,0.1277448261999713,0.017657925084475053
18151,18151,SOX4,-0.3546884184717088,9.505523666746377,-0.6791060220154198,0.4611849891376079,6.903670364001638e-10,0.04868928809207055,1.5870380226375314e-08
18152,18152,SOX5,0.43661084670467903,5.371492528661872,0.2713716540905039,0.0736425746438161,0.03007763133876364,0.1966633748488868,0.06802413646380435
18153,18153,SOX6,0.7068754099328334,3.896323725757396,0.5299083232828008,0.2808028310843893,6.700804856439485e-06,0.1436713831823577,3.960314660649483e-05
18154,18154,SOX7,0.3910979027872679,5.685134456234744,0.3599519763456311,0.12956542527512574,0.003483834664275972,0.12873989382708362,0.01030071540891537
18155,18155,SOX8,0.13038027313150696,6.422277635148567,0.31567705043520433,0.09965200017147054,0.011054290853066038,0.04977121397027422,0.028538467861605275
18156,18156,SOX9,-0.24517976991099194,9.370847648229487,-0.8004129361655864,0.6406608683812149,2.0777348147572784e-15,0.023319914099747163,1.0463569165946248e-12
18157,18157,SOX9-AS1,-0.13587238624872489,7.540084290123602,-0.10575062201404813,0.011183194056358077,0.4055972085627809,0.162259579813673,0.5476156587958738
18158,18158,SP1,-0.012117389963743092,7.1038739020685755,-0.011867763808049004,0.0001408438178036378,0.9258446770013576,0.12966231148466334,0.9560424624702876
18159,18159,SP100,0.07476336270024103,6.601172505430562,0.07003395010169182,0.00490475416684626,0.5823845096053049,0.1352435884020511,0.7056190673511077
18160,18160,SP110,0.13592983498948358,6.097692970975472,0.19477959918123,0.037939092257200616,0.12299134621676965,0.08693141746777902,0.21924412268061794
18161,18161,SP140L,-0.115962280710705,7.558616273269974,-0.07893688980361084,0.006231032571867401,0.535246261283878,0.18598743640139628,0.6662120811646384
18162,18162,SP2,0.4366380483806173,4.962090467327756,0.23998101415965026,0.05759088715709424,0.0561302276111542,0.22432030490380672,0.11542114508779264
18163,18163,SP3,0.6374092580021227,3.174968144763273,0.4844191314701616,0.2346618949343057,4.992564119523889e-05,0.1461934462747125,0.00023538858264378362
18164,18164,SP3P,0.2548687889040355,6.121470459371588,0.21844957395585754,0.04772021636149567,0.08288885526429635,0.14459453893153754,0.15931986603907475
18165,18165,SP4,0.25213471030884765,5.664554680280711,0.2774133309917937,0.0769581562119625,0.026464772863704064,0.11089709250298066,0.06092862602206161
18166,18166,SP5,-0.17911423763332907,8.223882975344926,-0.7130393551568719,0.5084251220025277,3.835503060299995e-11,0.02236740510252473,1.538107755014748e-09
18167,18167,SP6,-0.2570614665361502,8.497546733995746,-0.4362243712740628,0.19029170209345145,0.00031420111354878464,0.06734347236367838,0.0012014877474658186
18168,18168,SP7,-0.03304105798008715,7.149236664325433,-0.029901901703146057,0.0008941237254646092,0.8145557776770984,0.14027008089722814,0.8826664014009992
18169,18169,SP8,-0.2965825420067921,8.174394809325436,-0.21546637603213387,0.04642575920042091,0.08728331336559637,0.17070548924519213,0.16641311418665164
18170,18170,SPA17,-0.12116619416136852,7.853325503014388,-0.3072261750381078,0.09438792262854603,0.013533639030251062,0.04766488077491561,0.03400684070551018
18171,18171,SPACA1,-0.07419280011834622,7.2712565357107355,-0.054168103497294666,0.0029341834364936263,0.6707518932166094,0.17369375352727565,0.7770774795423538
18172,18172,SPACA3,0.12457893022893746,6.514886367662733,0.1938594767510128,0.03758149672617647,0.12480574481840162,0.08006518257530404,0.22191046816039467
18173,18173,SPACA4,0.07940408990465897,6.595021665921903,0.09781324918506387,0.0095674317161394,0.4419349055166684,0.1026034108774751,0.5823354252746412
18174,18174,SPACA6P,0.08590930073391961,6.695956472273919,0.061887236394611536,0.0038300300285625303,0.6271047053817731,0.17595838718255785,0.7412797375859628
18175,18175,SPACA7,0.1516192553143769,6.496382887484316,0.11365628104956225,0.01291775022201708,0.3711977576550632,0.16832233388546938,0.5143187306942475
18176,18176,SPAG1,-0.006094184787323868,7.0685862043018926,-0.013329672020195448,0.00017768015616598137,0.9167406319105144,0.0580579536285441,0.949630154700894
18177,18177,SPAG11A,-0.02016724334504997,7.109080238178011,-0.027942212738688372,0.0007807672527341188,0.8265139547705024,0.0916263299418735,0.8908989393009074
18178,18178,SPAG16,0.13920447255282165,6.399907092152966,0.1818111992190964,0.03305531216148595,0.15048028704624505,0.0956175317816688,0.2575601182411031
18179,18179,SPAG17,-0.08472284289367757,7.278488632257582,-0.0634376212277951,0.0040243317870412,0.6184836026342149,0.16927084034646342,0.7346882845448972
18180,18180,SPAG4,-0.1351978833167089,7.801543785639512,-0.3223702959762619,0.10392260772782268,0.009379882733310195,0.0504187169638944,0.024740874525420585
18181,18181,SPAG5,-0.18143768995340093,8.388143698028077,-0.5812346596656235,0.3378337295966132,4.7553742976121684e-07,0.032259949754680176,3.845318536773395e-06
18182,18182,SPAG5-AS1,0.3373035457764357,5.232267147267787,0.3277459176994921,0.10741738656868224,0.00819940437071138,0.12348436772110158,0.021991342785206213
18183,18183,SPAG6,0.12737861885307405,6.555190323468838,0.0773235916353568,0.005978937823391421,0.5436470778649929,0.2085866290846692,0.6733400521143
18184,18184,SPAG7,-0.22195379895345296,9.024381932112568,-0.1932694710351222,0.037353088434195936,0.12597985151716395,0.14309912919328668,0.22350431628741482
18185,18185,SPAG8,0.19564322566585585,6.182074856204783,0.18866849590042944,0.035595801345330365,0.13542550225561864,0.1293299557350943,0.23656039778538532
18186,18186,SPAG9,0.09273908854554347,6.42083683770687,0.12134543927324315,0.014724715632416337,0.33949361186306914,0.09634347675354646,0.48182816652869065
18187,18187,SPAM1,-0.14263657362346338,7.497242795336679,-0.07324757942407731,0.005365207891486513,0.5651526832529821,0.2466457287492457,0.6916309281853319
18188,18188,SPANXA2-OT1,0.17804161991301734,6.449147670526738,0.14528266833117626,0.021107053717426563,0.25202538989255746,0.15398537823885686,0.3847722658011373
18189,18189,SPANXB1,0.17296129165551288,6.452126830040712,0.1607154512961288,0.025829456285318343,0.20456649987641004,0.1349003075400886,0.32789693225933825
18190,18190,SPARC,0.1649687498688827,5.673097714450908,0.5326039345325145,0.283666951079515,5.8939694160718824e-06,0.03329346238396071,3.530675178562562e-05
18191,18191,SPARCL1,0.14206621481905404,5.766591636076057,0.7495288822212106,0.5617935452837775,1.0377694065574272e-12,0.01593477652913629,1.0501353504206115e-10
18192,18192,SPAST,-0.16621395434229533,7.977593079883473,-0.3633022164164487,0.13198850045310415,0.003170832075650429,0.05413352764003576,0.00946964123544477
18193,18193,SPATA1,0.3234133849492109,5.980904813787853,0.20155844663954545,0.040625807411746484,0.11023755341173384,0.19959752798692545,0.20092536142842324
18194,18194,SPATA12,-0.34578550450913376,8.483575992023557,-0.4960332647327102,0.24604899972139094,3.071245845034085e-05,0.07687262258470555,0.0001528915604004899
18195,18195,SPATA13,-0.10002038219557093,7.558878649703134,-0.10439826484190733,0.010898997702001024,0.4116621815248371,0.1210095665859965,0.553158574769743
18196,18196,SPATA16,0.17117905483175344,6.090081880471586,0.20728428967063614,0.042966776744260214,0.1002805673799998,0.10260107212815492,0.18640134649046317
18197,18197,SPATA17,-0.4742932524139135,8.73782950362353,-0.4972223265242321,0.2472300419941701,2.9192901457348713e-05,0.10510699490583053,0.00014623462434857422
18198,18198,SPATA18,-0.165070268948091,7.8650664732078965,-0.4613390414216866,0.2128337111398807,0.00012466406207126368,0.04031679947540023,0.0005281941428591694
18199,18199,SPATA19,0.22205751039416705,6.12786658097333,0.18728008197285634,0.03507382910375978,0.13837814465721374,0.14791937858082166,0.24078575512671463
18200,18200,SPATA2,0.3549542523470633,4.54860021584674,0.4812992212439727,0.23164894037005454,5.67179599526023e-05,0.08209963511320821,0.00026345504563998344
18201,18201,SPATA20,-0.10035909161382284,7.850649712005711,-0.3021296498458189,0.09128232531595716,0.015249540798931652,0.0402144392431862,0.03777929367359169
18202,18202,SPATA21,0.13942441379139062,6.284043796750423,0.15061836101640766,0.02268589067526891,0.2348374199957565,0.11622034206209254,0.3649637096316999
18203,18203,SPATA22,0.05507424367922872,6.854718395758129,0.021733158926177925,0.00047233019691050724,0.8646494797293462,0.3217564427104984,0.9162838792921818
18204,18204,SPATA24,0.2496554137521567,5.351964676907158,0.21249333157536826,0.0451534159639994,0.09184325035584004,0.14580305945804448,0.17350306084408237
18205,18205,SPATA25,0.12923317965893932,6.439214259382485,0.21946519358083005,0.0481649711934712,0.08143334342540072,0.07296143622330538,0.15712724332861558
18206,18206,SPATA2L,-0.058223374993580275,7.447472451627023,-0.06866439276159059,0.004714798833317975,0.5898002191263689,0.10743448866407806,0.7113804024273989
18207,18207,SPATA3,0.1144915810063687,6.433057540980178,0.12894769266030115,0.016627507442415482,0.3098688949643942,0.11182094553838268,0.4500778670906135
18208,18208,SPATA3-AS1,0.13681082948075546,6.395008514618523,0.14825775482548093,0.021980361865892414,0.24233905481966386,0.11589934989465075,0.3737520284965331
18209,18209,SPATA31C2,0.04783939778117876,6.855891986359852,0.03890633549349735,0.0015137029415325715,0.7601896370574731,0.15604166882624865,0.8448502227600503
18210,18210,SPATA31E1,0.0038384460396439436,7.00022578594263,0.003824226745122364,1.4624710198109188e-05,0.9760742853791441,0.1274714085604628,0.9860923093018598
18211,18211,SPATA32,0.09576161220250456,6.4487590704628746,0.12496732630484765,0.015616832643782263,0.3251654860720702,0.09655643343574492,0.4667235766481527
18212,18212,SPATA33,-0.4093488302061003,8.929931731364768,-0.5571501587858929,0.3104162994351457,1.7387508506192001e-06,0.07748523314269913,1.1881555591719399e-05
18213,18213,SPATA4,-0.10101776886981713,7.456873802598923,-0.11544478706713016,0.013327498860975022,0.3636680045834372,0.11038602957140324,0.5065370190225046
18214,18214,SPATA41,0.23250663346267245,6.2306629962673865,0.17752277432949434,0.031514335405640574,0.1605077333579054,0.16369372255396006,0.27112285225159455
18215,18215,SPATA42,-0.02791479667934478,7.11080906667021,-0.0224168342387579,0.0005025144572879483,0.8604336444930657,0.15810849208203687,0.9131881283815594
18216,18216,SPATA45,0.23097222671619685,6.224920735676943,0.22159308878577455,0.049103496997620184,0.07844942960675373,0.12908456942274799,0.1523952679418262
18217,18217,SPATA5,-0.5334105063651041,9.065569046345592,-0.7571404760942889,0.5732617005402865,4.5176230579919955e-13,0.05844805561326084,5.583351445539971e-11
18218,18218,SPATA5L1,-0.3224222454151281,8.840381623505063,-0.4410363801348317,0.1945130886024357,0.00026464991629797044,0.08332666155825552,0.0010300132885392793
18219,18219,SPATA6,-0.2818233885936769,8.260892939953155,-0.4593418642970914,0.21099494829592744,0.00013452915069522375,0.0692125819823666,0.0005656754870495282
18220,18220,SPATA6L,-0.5430988504320965,8.969151896903991,-0.3078313336849885,0.09476012999827874,0.013341398019571163,0.2131827458082207,0.033574430460640736
18221,18221,SPATA7,-0.2755479353834294,8.656237395696744,-0.5610530403723784,0.3147805141110896,1.4190317050687185e-06,0.051631203542522416,9.973752539196073e-06
18222,18222,SPATA8,0.16267322276821705,6.195231877203497,0.1518784897297558,0.02306707564259153,0.23089929406410506,0.13444861390115992,0.360060217121278
18223,18223,SPATA9,0.09960853395760336,6.6982465645618126,0.04204066266068306,0.0017674173169493512,0.7415189900797201,0.3006401788781652,0.8319565685807128
18224,18224,SPATC1,0.07251454118644722,6.704794749805782,0.07350053827457081,0.005402329126651649,0.5638065095387981,0.1249575374766476,0.6907235779623598
18225,18225,SPATC1L,-0.19039388693803827,8.167626945869431,-0.5271957707287529,0.2779353806742838,7.615803931319086e-06,0.038973846516875806,4.42026893949919e-05
18226,18226,SPATS1,0.006136765832055447,6.992655762577182,0.0071026706345172705,5.0447930142433974e-05,0.9555790932893412,0.10972638618541676,0.9732874871916035
18227,18227,SPATS2,-0.4799407273071552,9.797801197416359,-0.6445194174388019,0.4154052794556528,9.081755801352e-09,0.07230747550823212,1.3369505226259523e-07
18228,18228,SPATS2L,0.4676531469002585,4.360158111370589,0.552911114997916,0.3057107010882387,2.1618323782479597e-06,0.08950410035088284,1.438232877141615e-05
18229,18229,SPC24,-0.32505444631499675,8.84770177300183,-0.3669547004413105,0.1346557521759719,0.002858305529935166,0.1046507311046265,0.008638744766328822
18230,18230,SPC25,-0.14274750563550892,7.792977860589898,-0.6904727781006015,0.4767526572979625,2.7390667638927906e-10,0.018992390795732988,7.623970536259432e-09
18231,18231,SPCS1,-0.4968487389681933,12.467844229373192,-0.4575414102698741,0.20934414211174526,0.00014403215178444462,0.12262857656729913,0.0005996954906541334
18232,18232,SPCS2,0.30231392166267274,4.480050179623528,0.2349327778659502,0.055193410115811914,0.06166922433593686,0.15885107029371348,0.12480813579389839
18233,18233,SPCS3,-0.12552105826136306,8.034831370551357,-0.1764622668865536,0.031138931634741275,0.16306175264463593,0.08892003928154009,0.2745375721909183
18234,18234,SPDEF,0.20613995414759287,5.474391412111942,0.2820642453285705,0.07956023849277602,0.02393917659571941,0.08904632033772696,0.055957798439818726
18235,18235,SPDL1,-0.1921207098363392,8.248428914680074,-0.6478395241020448,0.4196960489887639,7.192997044967382e-09,0.0286905359542414,1.0977050811047828e-07
18236,18236,SPDYA,0.055409978822734136,6.845137283769282,0.03897517014463764,0.0015190638878034533,0.7597780893202681,0.18041556733078706,0.8444795218513784
18237,18237,SPDYE2,0.12142260087196045,6.303114959707068,0.19448875572429405,0.037825876103184115,0.1235626776776208,0.07777428463221127,0.22008141019155114
18238,18238,SPECC1,0.30984443330239914,5.327751636394044,0.4253048192744533,0.18088418929807532,0.00045952295681445196,0.08373754106195735,0.001690042396368369
18239,18239,SPECC1L,0.2639173520207391,4.9899881550198115,0.6518222561535292,0.4248722536170769,5.417512767587553e-09,0.03899645017941506,8.681614883071067e-08
18240,18240,SPEF1,0.0899079968269374,6.527703501156406,0.1337282125400102,0.017883234829146142,0.29212060605986884,0.08461765770296853,0.4308621780107074
18241,18241,SPEF2,-0.5875722287847901,9.637404588835574,-0.4048340836969008,0.16389063532270925,0.0009062442736639411,0.16854655905956026,0.00311256459099011
18242,18242,SPEM1,0.012070364442788448,6.95698717644122,0.017634044043913666,0.00031095950934268703,0.8900012400809966,0.08691707098091983,0.9324130069643919
18243,18243,SPEN,0.06487179950445815,6.610801971444247,0.09259088189776216,0.008573071410605341,0.4668013571528835,0.0885976566394687,0.6050507804600282
18244,18244,SPERT,-0.04768078237473514,7.227465573753523,-0.06135256624163776,0.003764137384434549,0.6300894397779597,0.09851352992086056,0.7439390882935345
18245,18245,SPESP1,0.035679484670283465,6.886471736914146,0.11372683164016445,0.012933792234910313,0.3708989581599906,0.03958520790694667,0.5139802638583493
18246,18246,SPG11,-0.027536130347179902,7.189535317919608,-0.01906058990502666,0.0003633060875276042,0.881164709018178,0.18343906214253303,0.9271024085991957
18247,18247,SPG20,0.4744741408041381,5.073234548283713,0.5046335082038238,0.2546549776020987,2.118661176821798e-05,0.10309065435662412,0.00010952400998824548
18248,18248,SPG20OS,0.03339625671056323,6.904769033459258,0.035601722405084295,0.0012674826382086813,0.780023152780488,0.11905716352005928,0.8578670072860065
18249,18249,SPG21,-0.6407290569335932,12.115059881295204,-0.5781510200153585,0.3342586019447994,5.646773701892434e-07,0.11483917410850035,4.456300456067079e-06
18250,18250,SPG7,0.3108264491582174,5.900767806324363,0.2362846528206011,0.055830437158552,0.060144374535382863,0.16233479097792708,0.1221903021450151
18251,18251,SPHK1,-0.10409747846421977,7.58789579240378,-0.13109091140610474,0.0171848270532832,0.30182779152566896,0.09997875134415014,0.4413288876089373
18252,18252,SPHK2,0.0653432312465551,6.605295762389201,0.06982658922443481,0.004875752562717956,0.5835045691791171,0.11855574046243612,0.7063047202668408
18253,18253,SPHKAP,-0.11415267895520713,7.403972501230376,-0.08830093364899587,0.0077970548832843704,0.4877813876037493,0.16354046323961807,0.6245805314900184
18254,18254,SPI1,0.2771575183386642,5.8123985867571735,0.4333803802653039,0.18781855399889952,0.00034733108305337395,0.07319612749505852,0.0013146948259702288
18255,18255,SPIB,0.15195752874553753,6.096987805061863,0.7127239801435481,0.5079754718716607,3.9474142574374824e-11,0.0189932105601978,1.5627286242195371e-09
18256,18256,SPIC,-0.17858205444902858,7.559123287413546,-0.10244674568754893,0.010495335701969321,0.42050612950502253,0.22021795521943385,0.5614439999032778
18257,18257,SPICE1,-0.3899380014673831,8.756113601975242,-0.5925921971109795,0.35116551207681795,2.486706785962942e-07,0.06731482966086512,2.17926489073361e-06
18258,18258,SPIDR,-0.665337396475103,10.347393324642317,-0.5383263688624286,0.2897952794126075,4.47221368771772e-06,0.13227939916224085,2.7622871479614155e-05
18259,18259,SPIN1,0.07861136047382544,6.339361542760758,0.09463942327364304,0.00895662043756777,0.4569580290613086,0.1050179931639604,0.5960053819550487
18260,18260,SPIN2A,0.14192591524574175,6.474997472148779,0.11704364709955728,0.013699215326365704,0.3570162015474673,0.15294056918092253,0.4997135912601136
18261,18261,SPIN3,-0.4820429587739554,9.18318871607598,-0.6654414571454385,0.4428123328878444,1.9895864436814747e-09,0.06867217335417312,3.733491719057394e-08
18262,18262,SPIN4,-0.16746726128375236,8.255278148437274,-0.553415034705593,0.30626820063819266,2.1069112755579288e-06,0.03200950224970213,1.4068813959977475e-05
18263,18263,SPINK1,-0.14600314170235662,8.795224344556582,-0.490243127325932,0.24033832389030996,3.92161703908356e-05,0.032965901067747945,0.00019036677198241313
18264,18264,SPINK13,-0.13695031580556472,7.500872116501478,-0.12590498301512076,0.015852064748037843,0.32151962547118745,0.13704224589301234,0.4627480718847909
18265,18265,SPINK2,0.13785952965410586,6.191350242747434,0.6864399496313632,0.4711998044499085,3.8204391532106785e-10,0.01854744963590759,9.947388746591025e-09
18266,18266,SPINK4,-0.06168959889164659,7.678759448161446,-0.4527599190027147,0.2049915442553448,0.00017234103998295904,0.015428865817938446,0.0007030981953336431
18267,18267,SPINK5,0.07306127262072871,6.407973544401523,0.6340191547910425,0.401980288641948,1.8641825397296022e-08,0.011317402419657759,2.4067922092103397e-07
18268,18268,SPINK6,-0.09983059695202023,7.380735885924267,-0.09293242292467684,0.008636435230651001,0.4651523104182966,0.1358366741917357,0.6034912996290344
18269,18269,SPINK7,-0.2456833286736256,7.877447577653621,-0.1514530136069645,0.022938015330631376,0.2322238296500285,0.20363994992699733,0.36175865269199103
18270,18270,SPINT1,0.292437710445292,4.6450227588363715,0.559509356355035,0.3130507198488255,1.5382593122366546e-06,0.05501644362996972,1.0683452664042577e-05
18271,18271,SPINT2,0.6206993522954146,0.11073580676512762,0.5265809825796236,0.2772875312145219,7.838775548614128e-06,0.12726326195268034,4.5350971013956434e-05
18272,18272,SPINT3,0.15774915187581942,6.4814243015055,0.12099327365301933,0.014639372269274422,0.3409075293331387,0.16436432608062293,0.48327014281033476
18273,18273,SPIRE1,-0.198809243672879,8.032846922357798,-0.5950005286707937,0.354025629118524,2.1603461863851615e-07,0.03410601828828888,1.9323542613040343e-06
18274,18274,SPIRE2,0.1754858866324795,6.0151151581568385,0.16983109828483856,0.028842601944634495,0.17971264699321732,0.12932245569535875,0.2962379059631667
18275,18275,SPN,0.20248728086173776,5.955913564258736,0.2371741276797229,0.056251566840637486,0.05915782852756635,0.10533257798220966,0.12053658042571032
18276,18276,SPNS1,-0.4508154673667851,10.26706142161443,-0.4701779509495347,0.2210673055591031,8.848852143175057e-05,0.10747084682708337,0.0003898716035818024
18277,18277,SPNS2,-0.17584618957948478,8.153883380898911,-0.7081428190325206,0.5014662521473253,5.968889234923671e-11,0.02226709403497435,2.172374729113817e-09
18278,18278,SPNS3,-0.27699382106728104,8.463955665943173,-0.4537982193560007,0.2059328238906769,0.0001657921151663566,0.0690780502926063,0.0006803540371285678
18279,18279,SPO11,0.11264848671929327,6.696862378469707,0.07308016175263007,0.005340710041790576,0.5660444597297412,0.1952392761640216,0.692380454646482
18280,18280,SPOCD1,-0.18235715134871056,7.784592546360983,-0.13583261279412834,0.01845049869847961,0.28452331604923,0.1689191951098926,0.42238844072996284
18281,18281,SPOCK1,0.14932497313495682,6.278002747558798,0.40041840516348987,0.16033489919367272,0.0010434219438411926,0.043398590072167585,0.003528310773560435
18282,18282,SPOCK2,0.35038950503939564,4.710476754675202,0.5266497391538723,0.2773599477508417,7.81353999386108e-06,0.07182810117800101,4.5229138884539344e-05
18283,18283,SPOCK3,-0.16601280256898585,7.5288505000036094,-0.07188217752482645,0.005167047445710665,0.5724448600752713,0.2925496567722731,0.69732201411543
18284,18284,SPON1,0.12301905639653547,6.214787594446631,0.7151520776550799,0.5114424941743776,3.160219888545441e-11,0.015269892758222619,1.3085002234503158e-09
18285,18285,SPOP,0.08693631176482214,6.3968123223822415,0.06960771983780674,0.0048452346610185935,0.5846878531147317,0.15823161930131935,0.7073102887081932
18286,18286,SPOPL,0.2658702421231933,4.89216540657108,0.4251363709321303,0.18074093388934184,0.00046217970636912883,0.07188797552468505,0.0016977950027860025
18287,18287,SPP1,-0.08459250328435403,7.3768932066221335,-0.19640602290768205,0.038575325834412914,0.119833437687362,0.053633836344326585,0.21472843137110667
18288,18288,SPP2,-0.16674804536728402,7.818470675229123,-0.157872688183297,0.024923785674220524,0.21279388473346453,0.13245769226452442,0.337883236097901
18289,18289,SPPL2A,0.2484048500222439,4.767693466067731,0.7221625676119884,0.5215187740599397,1.6411422371592025e-11,0.030217720773918093,8.046869062162283e-10
18290,18290,SPPL2B,-0.053803122870158634,7.3409129000335085,-0.05012508512605497,0.002512524158894257,0.6940649051990486,0.13614767892282684,0.7946807046183413
18291,18291,SPPL2C,0.1493361821729908,6.33109240809279,0.2088474772026144,0.043617268733896535,0.09768763877838443,0.08880876462932752,0.18245866980730677
18292,18292,SPPL3,0.679202855868306,2.5873248979153303,0.3597304103730971,0.12940596814719685,0.003505470110113415,0.22373521635413826,0.010350816213464935
18293,18293,SPR,0.13386469611034016,5.837625587040452,0.13262929297476814,0.01759052935498688,0.2961402713425589,0.1270506898401524,0.43486251955808725
18294,18294,SPRED1,-0.03422332838124255,7.2467218026950375,-0.1119941051314162,0.012542679584186707,0.3782795877820741,0.038564739547366965,0.5210651628363379
18295,18295,SPRED2,0.38444902216595656,4.844255600812463,0.3882666070766289,0.1507509581707973,0.0015228872040853937,0.11588584932681875,0.004926194994160058
18296,18296,SPRED3,0.2287280124395388,5.330360076771665,0.3118124984798073,0.09722703420821986,0.0121344302997326,0.08851548735803255,0.030968896657714726
18297,18297,SPRN,0.040677423347456984,6.807221551319375,0.048853272779716336,0.002386642261289373,0.7014585270637654,0.10561973052561688,0.8007846699122696
18298,18298,SPRNP1,0.032703557653476774,6.883222626283045,0.025852116469569756,0.0006683319259561996,0.839311224355835,0.16060456164446138,0.8991878772782669
18299,18299,SPRR1A,-0.0184353747203318,7.105242765329626,-0.021978529642742915,0.000483055765256929,0.8631359798567046,0.10650072650500644,0.9153720124486077
18300,18300,SPRR1B,-0.2113182963286673,7.800033750342032,-0.18669241256433527,0.03485405690909197,0.1396423734659732,0.14122483718284934,0.24253734339153427
18301,18301,SPRR2B,0.04912762276052697,6.739178674498618,0.06516060682059213,0.004245904681227797,0.6089625224453146,0.09554783156812678,0.7271620305240302
18302,18302,SPRR2C,0.03287860950009667,6.9010787827730775,0.023000150988909708,0.0005290069455126444,0.8568397237259971,0.18149806845152844,0.9108022883019079
18303,18303,SPRR2G,-0.2043511750684885,7.932334631849788,-0.1950536861700491,0.038045940488524006,0.12245477534454705,0.13049813298626142,0.21844947360459396
18304,18304,SPRR3,-0.2306245901783599,7.976949797455872,-0.28774011167832353,0.0827943718686541,0.021136070630247705,0.09748610408226707,0.050280304240142154
18305,18305,SPRR4,0.14254672809110455,6.094511427027253,0.17792633314745554,0.03165778002729933,0.1595436305503891,0.10012340571951177,0.2698310933746232
18306,18306,SPRTN,-0.27643893651641005,8.270674553852421,-0.40591046819191656,0.1647633081877809,0.0008753794381912768,0.07904563623139838,0.00301660434978232
18307,18307,SPRY1,-0.15615704312093598,8.093084796881174,-0.17966105620691214,0.032278095117383256,0.15544800334939995,0.10858930898067684,0.264302560703525
18308,18308,SPRY2,-0.3000718983614937,9.721539105458255,-0.6446944854224159,0.4156309795340736,8.971417745408942e-09,0.04518758357183445,1.3234063438476202e-07
18309,18309,SPRY3,0.06485993594131664,6.77020085681226,0.06480728038177816,0.0041999835904824095,0.610909785818619,0.12683611713912452,0.7288843753114157
18310,18310,SPRY4,-0.1885684207397508,8.240191596747913,-0.3908691071050387,0.1527786588890902,0.001406106409016911,0.05639494999002489,0.004587800856902396
18311,18311,SPRY4-IT1,-0.0709406059986974,7.434324396100602,-0.1198170974177657,0.014356136833618357,0.34565639722239594,0.07465179690464707,0.4880796349668091
18312,18312,SPRYD3,-0.2373735022632682,8.764557987690763,-0.2262992005737529,0.05121132818031966,0.07215836243082697,0.12975918776205592,0.1421052508584538
18313,18313,SPRYD4,-0.12464406556346574,7.872064444578159,-0.2336791827713861,0.05460596046070288,0.06311097116637115,0.06586613290659515,0.12714374179995974
18314,18314,SPRYD7,0.2157336302246632,5.7720105912879465,0.2779245529777254,0.07724205714786847,0.026176612465208447,0.094697603191895,0.06036789594612236
18315,18315,SPSB1,0.3649139409283313,4.822839407774626,0.532850353425212,0.2839294991453733,5.824925902457394e-06,0.07359820861947558,3.4912474513621606e-05
18316,18316,SPSB2,-0.09957744593792107,7.624700360991751,-0.2320029923413957,0.053825388455361715,0.0650810730724027,0.0530221332735657,0.13040905314915152
18317,18317,SPSB3,-0.08202996483597368,7.626584439000385,-0.0749413608021817,0.005616207558882775,0.5561677516431084,0.1386219884737408,0.6841909141527871
18318,18318,SPSB4,0.14319254836284107,6.290117052041168,0.15946347810213107,0.02542860084842884,0.2081616422237359,0.11258231430960737,0.3324782683548459
18319,18319,SPTA1,0.0378793596775981,6.8920097518620445,0.035241437115426134,0.001241958889960534,0.7821942226694747,0.13642165642443516,0.8596467790500898
18320,18320,SPTAN1,-0.04607374975400611,7.3045111329741275,-0.04050321210794082,0.0016405101910608438,0.7506595278996178,0.1443483165415269,0.837923514780128
18321,18321,SPTB,0.15755585526456173,6.229577817691887,0.16650910052026727,0.027725280556068467,0.18850309493363654,0.1184936902248338,0.30746866615397767
18322,18322,SPTBN1,0.31949381018759104,5.112087624278331,0.2633056397797535,0.06932985993982532,0.035537549155930034,0.14866349290866626,0.07844705677590876
18323,18323,SPTBN2,-0.12350930295661865,7.741004041097351,-0.1719002892212119,0.029549709434336293,0.17438975181089875,0.08989051441892787,0.28920279334239646
18324,18324,SPTBN4,0.2657145011671321,5.576898264054245,0.2362442311420881,0.05581133674791637,0.06018952173458891,0.13879940044365485,0.12227055282950496
18325,18325,SPTBN5,-0.1584857323953191,7.781354923472872,-0.1897235943728153,0.03599504226174055,0.13321363696939528,0.10416279293980307,0.2333555499573091
18326,18326,SPTLC1,-0.2525940133461576,9.062229763947641,-0.300924653371474,0.09055564700674178,0.0156815188961135,0.101661732099757,0.038725429546737127
18327,18327,SPTLC2,-0.2842436068399676,9.043308613386637,-0.21086751932355635,0.04446511070567041,0.09441466689171488,0.1673433451544555,0.17741666188303418
18328,18328,SPTLC3,0.20206189457884094,6.137779773008914,0.18234147917758256,0.03324841502866877,0.14927347620819478,0.13837592875951765,0.2559801336148605
18329,18329,SPTSSA,0.3387609529883971,3.860830624385261,0.5709686009448487,0.32600514326491786,8.36877663084992e-07,0.06186052001811364,6.325509875778534e-06
18330,18330,SPTSSB,0.3316751477643308,5.344721099565809,0.31796379935022784,0.10110097769723196,0.010455216613467115,0.12560151065397787,0.02721824835076294
18331,18331,SPTY2D1,-0.018234092484035357,7.1254422278885805,-0.027803355121143014,0.0007730265559923895,0.8273628000777075,0.0832574636005728,0.8912372002030918
18332,18332,SPTY2D1-AS1,-0.015574537326784944,7.075577540353004,-0.01169642712641192,0.0001368064075234646,0.9269123207345468,0.16909718609829666,0.956704772342694
18333,18333,SPX,0.380163097427423,5.367820619894643,0.2546390130292924,0.06484102695653213,0.04229884832269541,0.1833546350670392,0.09102470043008737
18334,18334,SPZ1,0.032979408842857015,6.916660298016763,0.021773473620089783,0.0004740841534847457,0.8644007765324057,0.19231640492212446,0.9161412889491604
18335,18335,SQLE,-0.18832614663705585,8.137561430184961,-0.4909137666904188,0.2409963263261749,3.8130120947895365e-05,0.04244548529335816,0.000185594014188958
18336,18336,SQRDL,0.4140493410118615,2.0546586963893825,0.586239280003356,0.3436764934188533,3.584589057468796e-07,0.07266751655956749,2.995919569258463e-06
18337,18337,SQSTM1,-0.4441547992392745,10.161019795595738,-0.40096295957884937,0.16077129495422998,0.0010255476853285482,0.12887670518174402,0.0034738362467995796
18338,18338,SRA1,-0.03992683996118309,7.340261845885048,-0.05011386372678392,0.0025113993376266693,0.6941300174488998,0.10105671510569607,0.7946807046183413
18339,18339,SRBD1,-0.13947356968500554,7.927959081528883,-0.3176987616893525,0.10093250317894796,0.010523174716062645,0.05286603001639637,0.027382762373989015
18340,18340,SRC,-0.1046015065192568,7.565559245392675,-0.09754388748510233,0.009514809985706302,0.44319910128483975,0.1355395464401318,0.5836106134583888
18341,18341,SRCAP,-0.061268622513483424,7.330737815281428,-0.04451557366454128,0.001981636298683201,0.7268799495438506,0.1746222433962513,0.8210305062131374
18342,18342,SRCIN1,0.016142788671791232,6.948232206453869,0.009877806497297564,9.757106119805395e-05,0.9382521676747686,0.207539618496566,0.9636163476877929
18343,18343,SRCRB4D,0.12431987482207987,6.250827621472782,0.2144439496803746,0.045986207554519036,0.08883091921558846,0.07191313941598998,0.16894726467710944
18344,18344,SRD5A1,-0.22090864732875395,8.517433591834513,-0.5661866309952921,0.3205673011177991,1.0819145689633315e-06,0.040844208388789965,7.896481291169848e-06
18345,18345,SRD5A2,0.3242167794591589,5.708572177443151,0.1959251955857674,0.038386682265321215,0.12076050468318004,0.2060865212852831,0.2160678120229913
18346,18346,SRD5A3,-0.18644053804091107,8.126452397760469,-0.6084347088241484,0.3701927949019263,9.645669400439043e-08,0.03088405621602967,9.685430185162523e-07
18347,18347,SRD5A3-AS1,-0.2502864357099118,7.859004298620912,-0.20245678592195154,0.04098875016584692,0.10862688737543354,0.15375207364157184,0.19870883984752602
18348,18348,SREBF1,-0.025725933458845864,7.166570416330532,-0.027996381365366897,0.0007837973695550628,0.8261828721293809,0.1166549388194438,0.8907169587445658
18349,18349,SREBF2,0.4691145682794965,3.635810275198181,0.3967038563647085,0.15737394965463128,0.0011730373070745564,0.13785867302550858,0.003906816807859046
18350,18350,SREK1,-0.2257901116214558,8.150649017511686,-0.19073592908317866,0.03638019464322336,0.13111716635382425,0.14758065146391025,0.23069078951836727
18351,18351,SREK1IP1,-0.09465766810867382,7.660704172117116,-0.11909917197764885,0.014184612765761578,0.3485751682190641,0.10021875675139992,0.49114420377277856
18352,18352,SRF,0.14404494462992776,6.1425187706709234,0.08413697649999853,0.007079030814561303,0.5086102707841618,0.2166569455335461,0.643338517163027
18353,18353,SRFBP1,-0.24999311043622835,8.652684066603243,-0.6420062033807965,0.4121719651794247,1.081453718297511e-08,0.037915616179910704,1.5458006778701386e-07
18354,18354,SRGAP1,0.2990631688131638,5.4594311763122585,0.4916861513656912,0.2417552714448054,3.691383216424315e-05,0.06726417338799243,0.00018005234227173078
18355,18355,SRGAP2,0.2573210004643677,6.052780273453347,0.26767916687980203,0.0716521363814649,0.032482856207138144,0.11763056574044603,0.07268949583192896
18356,18356,SRGAP2C,0.2021302340131691,5.936814506473342,0.4274213384240844,0.18268900054023565,0.0004273053562363935,0.05429663383684687,0.0015852831059275487
18357,18357,SRGAP3,0.004138271723596682,6.999035406816317,0.0022739376994455967,5.170792660959934e-06,0.9857720968409066,0.2311231639287589,0.9915413979789973
18358,18358,SRGN,0.2594934259959328,5.127727933840826,0.5059876879156813,0.2560235403222569,1.996516832257582e-05,0.05617850307444448,0.00010387931764184993
18359,18359,SRI,0.2650940596877161,4.370525598191214,0.7805871812803523,0.6093163475792056,2.8438296682052484e-14,0.026958477150036284,6.7673770840642485e-12
18360,18360,SRL,0.2746679373891248,5.556536166941666,0.31003726253392894,0.09612310415953243,0.012660437705815202,0.10696775240161097,0.03211077284134788
18361,18361,SRM,-0.2279275979951499,8.808659880449882,-0.6071316394887087,0.3686088276682474,1.0447457711142102e-07,0.037885014334238055,1.0363705759724335e-06
18362,18362,SRMS,-0.07671559462943424,7.294954932433036,-0.07513487201508674,0.0056452489927234645,0.5551455845875737,0.12930548169970815,0.6832051394773759
18363,18363,SRP14,-0.037275836878375455,7.447583909585223,-0.028208007497466363,0.0007956916869771183,0.8248896870867704,0.1677591806745206,0.8899898447443582
18364,18364,SRP19,-0.3633361123930752,10.328564379146652,-0.6105673195386521,0.3727924516886145,8.457460581196856e-08,0.05985284565038505,8.651219125451956e-07
18365,18365,SRP54,-0.2708818671749217,9.344889764515546,-0.3897993977492974,0.15194357048571494,0.001453095273630172,0.08127468619759473,0.004723323048703299
18366,18366,SRP68,-0.33576758218917946,10.113504176180708,-0.4809906921511558,0.23135204593604794,5.743408906613636e-05,0.07772665609615671,0.0002663137827732291
18367,18367,SRP72,-0.3910073180054777,10.009547911713282,-0.5900884506276102,0.3482043795640935,2.874889909392592e-07,0.06794032895200215,2.470465912218118e-06
18368,18368,SRP9,-0.6126369618820381,14.317331036680653,-0.5321560299120986,0.28319004017180643,6.021426486200946e-06,0.12378567196133927,3.598068172149048e-05
18369,18369,SRPK1,-0.2469920286199279,9.178383007842296,-0.5778621610561073,0.3339246771804345,5.737871712236715e-07,0.04430211977983396,4.519956781683742e-06
18370,18370,SRPK2,-0.40080858415548826,9.407210741509092,-0.566244617478974,0.3206329668239096,1.078576652733518e-06,0.0740950707445039,7.882746343214422e-06
18371,18371,SRPK3,-0.12177214061370566,7.666570906851317,-0.18660595309154945,0.03482178172920555,0.1398290995296153,0.08141986116025794,0.2428032355315387
18372,18372,SRPR,-0.15433993893698206,8.389184571478259,-0.21023600565564515,0.04419917807404046,0.09542852932253706,0.0911505057135921,0.1789646490412696
18373,18373,SRPRB,-0.3126350148040062,9.427493695165888,-0.5706921066757407,0.325689480621995,8.494907893264839e-07,0.05713074320964051,6.400738706633615e-06
18374,18374,SRPX,0.17421213053473833,5.9173378607865885,0.7909285856352409,0.6255680275749628,7.52389391770537e-15,0.017117161098701848,2.5861892506017423e-12
18375,18375,SRPX2,-0.2386662458184227,8.003387264144223,-0.539608487249133,0.29117731951129777,4.201068897472867e-06,0.04729172852316559,2.6111982484148946e-05
18376,18376,SRR,-0.22320404901738866,8.237646716129591,-0.4488911581679836,0.20150327188139366,0.0001988873229190128,0.05642892062936526,0.000800078094353534
18377,18377,SRRD,-0.35094969771333306,9.355124548558726,-0.5500055997768019,0.3025061597858396,2.505560702615666e-06,0.0676787151163617,1.6402030536620995e-05
18378,18378,SRRM1,-0.2558739562325573,9.277468812718931,-0.2670315212202818,0.0713058333252178,0.03292085967702812,0.11727462916256312,0.07348724276989822
18379,18379,SRRM2,-0.13789764398612248,7.902670355603165,-0.1923378882236859,0.03699386324634708,0.12785075672754856,0.08935331828808994,0.22619347523979283
18380,18380,SRRM2-AS1,0.1249793948074291,6.456097205891961,0.16196861087291795,0.026233830908102718,0.2010122921881604,0.09670280156317863,0.32370420098918745
18381,18381,SRRM3,0.22713292048177924,6.00547160778136,0.20979420936192464,0.04401361028179507,0.09614285225926862,0.1344363145534988,0.18000808107162908
18382,18382,SRRM4,0.05485054569863669,6.801589478028662,0.04098712979194172,0.0016799448085814766,0.7477787616757281,0.16981361163210554,0.8359911762564735
18383,18383,SRRM5,-0.013724852485204936,7.0780358258159515,-0.024606555610776383,0.0006054825790262308,0.8469575427364578,0.07081569077411659,0.9039362044336124
18384,18384,SRRT,-0.5080057657523319,10.272023350554699,-0.5018179200307147,0.25182122486395275,2.39514401869334e-05,0.11120628237504554,0.0001225876712947395
18385,18385,SRSF1,-0.4096366694388746,9.932162490903693,-0.5496204868443637,0.3020826795590354,2.554781093103348e-06,0.07907552017201916,1.669899926687383e-05
18386,18386,SRSF10,-0.2310976383603917,8.806534859309199,-0.4186481055694709,0.17526623629690685,0.0005757906884783134,0.06366597868470739,0.002069845179116513
18387,18387,SRSF11,-0.0888050917271266,7.580085765085569,-0.13340296230471074,0.017796350351672076,0.2933065736138578,0.08378713118371918,0.4320403185944327
18388,18388,SRSF12,-0.1556602348677461,7.529742071109464,-0.0826986005358119,0.006839058530581789,0.5159095077139302,0.2382283770692749,0.6495738350802465
18389,18389,SRSF3,-0.3438606406704021,9.72764305403687,-0.43711254817550815,0.19106737977248595,0.00030446206741646274,0.08985650523023021,0.0011675449034714892
18390,18390,SRSF4,0.27985553553975384,5.461092293149747,0.3677938485182365,0.1352723150078555,0.0027905010934219164,0.08986142007390004,0.008458608787521221
18391,18391,SRSF5,0.2663349079770342,4.95289580287506,0.38165703001085205,0.14566208855670434,0.0018596009159554988,0.08191695878693117,0.005875351303620708
18392,18392,SRSF6,-0.10217157336016827,7.829799004890878,-0.26669520884160275,0.0711263344190661,0.033150246824995955,0.046891847938365636,0.07392324116932214
18393,18393,SRSF7,-0.1616885565196507,8.288795241096434,-0.2580401438736993,0.06658471585035945,0.03952871401524692,0.07688358356628147,0.08595183271414521
18394,18394,SRSF8,-0.08381461289667615,7.664792413676495,-0.1020243243845172,0.010408962766117193,0.4224346982067986,0.10378821621259296,0.5633936927799608
18395,18395,SRXN1,-0.2236527109987741,8.810514747810894,-0.5116849642614106,0.2618215026512011,1.5508414094331868e-05,0.047693188919090544,8.300412931605452e-05
18396,18396,SRY,0.12129936376013467,6.5601324935147725,0.13616080418404167,0.01853976459604494,0.28335034825276884,0.11208485250968953,0.4209864358251888
18397,18397,SS18,-0.27471816818630873,8.872602459825751,-0.3458816735506376,0.11963413209818985,0.00511839856534835,0.0946445441454539,0.014509611327741659
18398,18398,SS18L1,0.006152715208425604,6.971000811263102,0.0126693737553189,0.00016051303135196333,0.9208513962885824,0.06167099600578532,0.9526579871311509
18399,18399,SS18L2,-0.36585081958970495,10.285672988855751,-0.4543989627606361,0.20647841735794192,0.00016210808807816252,0.09108570579735063,0.0006668789223656172
18400,18400,SSB,-0.32188732815622595,9.896450281214847,-0.7461888596344421,0.5567978142425493,1.4809992974519225e-12,0.036472053912571134,1.3532084298025898e-10
18401,18401,SSBP1,-0.6902635237149964,11.304369177454415,-0.7799186422586898,0.6082730885426382,3.091439159060502e-14,0.07034957567484032,7.121820743559062e-12
18402,18402,SSBP2,0.4022367283958563,5.2517822966482095,0.6380547111722074,0.4071138144490489,1.4185874477799323e-08,0.061647238186894736,1.9332606155868112e-07
18403,18403,SSBP3,-0.042405693541075984,7.312210415504882,-0.06898858972676701,0.004759425512488182,0.5880409661189874,0.07787805476426703,0.7100098757349691
18404,18404,SSBP3-AS1,0.10234542701066672,6.516784384707284,0.14181948996869584,0.020112767734981017,0.26362847879629103,0.09072453018048332,0.3986365971883027
18405,18405,SSBP4,-0.1980546986539488,8.363049635794372,-0.2072738819803668,0.042962462151211016,0.10029800868426612,0.11871598773793375,0.18641776483201297
18406,18406,SSC5D,0.239001764907367,5.610941058439356,0.38945982677166185,0.15167895666901285,0.0014683039778846494,0.07178318385170622,0.004768464703223167
18407,18407,SSFA2,0.18464739956272613,5.598380436957287,0.3780086145205572,0.14289051265175118,0.0020727555570385497,0.05743330453793233,0.006483536268621954
18408,18408,SSH1,0.4673921037701252,4.536002216341728,0.2778212911777073,0.0771846698316484,0.026234603848663468,0.20524727564764225,0.060495191815867044
18409,18409,SSH2,0.3635924187374677,5.426437320113272,0.1694388561415516,0.02870952597055742,0.1807348119837652,0.26858424166081685,0.2976056842451856
18410,18410,SSH3,-0.0031916326346974624,7.0395193896163555,-0.003404057862805157,1.1587609933325615e-05,0.9787023637048872,0.11907418082365863,0.9875561299477613
18411,18411,SSMEM1,0.25691018792057985,6.211702534282199,0.1376365112416183,0.01894380922676412,0.2781156508581539,0.23480036496445605,0.41535133926436707
18412,18412,SSNA1,-0.4080119299264847,10.103855346327133,-0.4360494917050254,0.19013915921621102,0.00031615189859233165,0.10694153964245286,0.0012076660961291216
18413,18413,SSPN,0.2560879202573588,5.708410055043481,0.6437359674907408,0.4143959958412401,9.59147843270088e-09,0.03866228269711061,1.3986765350851015e-07
18414,18414,SSPO,0.051802460581916884,6.724744937700253,0.0679130925806992,0.004612188143874621,0.5938862127402966,0.09664896241793984,0.7145972071395856
18415,18415,SSR1,-0.15251402670714756,8.390366145883927,-0.18670987387172025,0.034860577001193674,0.13960468510680366,0.10191583922849412,0.242502795969576
18416,18416,SSR2,-0.25447261421914685,9.697870637059387,-0.21211540888611974,0.04499294668692578,0.09243602721934363,0.1488936847250538,0.1743946828223459
18417,18417,SSR3,-0.2409993713439517,8.715397367423595,-0.3263498878427897,0.10650424929500144,0.008492774652914334,0.08865083751557519,0.02269105923613324
18418,18418,SSR4,0.2282090390064695,4.361652900842748,0.2483841564394416,0.061694689170133016,0.04781115148982812,0.11302777915428155,0.100813094986585
18419,18419,SSR4P1,0.18128257891546454,6.223887619721764,0.19138200737828415,0.03662707274814162,0.1297922930362517,0.11807456094140245,0.22895504282339774
18420,18420,SSRP1,-0.34002007589435523,9.895938074588102,-0.6857781292722678,0.4702916425881712,4.0328146190667015e-10,0.04582932884273115,1.0335013042396302e-08
18421,18421,SSSCA1,-0.2819242730482733,9.053950101897456,-0.6261272744239315,0.3920353637775412,3.144775376390025e-08,0.0445875040013824,3.6990826059601304e-07
18422,18422,SSSCA1-AS1,0.06222338282122882,6.753755518989316,0.0641355800581784,0.004113372629399012,0.6146190854412588,0.12295995536324628,0.7319401971140055
18423,18423,SST,0.05343503203400685,6.620890062493897,0.7211750975522054,0.520093521329433,1.801980561499189e-11,0.006518802355762446,8.568057014845365e-10
18424,18424,SSTR1,0.33954449076468296,5.352520286008371,0.565508244100209,0.3197995741453015,1.1216919352952556e-06,0.06288982014617568,8.148352518892572e-06
18425,18425,SSTR2,0.42580238848681984,5.2591820864905205,0.4628720850282656,0.2142505670984139,0.00011754765769783745,0.1035602992095844,0.0005015920396236046
18426,18426,SSTR3,0.13020629161122352,6.253055315232693,0.14934589816732785,0.02230419729940586,0.23886092867696165,0.1094824989186418,0.3696514979275069
18427,18427,SSTR4,0.1425357307172084,6.323805052317503,0.19079031158742205,0.03640094299562559,0.13100525471147728,0.09313646873350033,0.23055008458163678
18428,18428,SSTR5,0.04726544087912535,6.803547132119593,0.06493904437924584,0.004217079484889662,0.6101832891416994,0.09224106563644252,0.7282181937924221
18429,18429,SSTR5-AS1,0.3014014987076175,5.70944778288595,0.4063984731941861,0.16515971901456555,0.0008617018978381335,0.08605957417796521,0.0029727823160243393
18430,18430,SSU72,-0.054641198216380735,7.465166246203372,-0.049455418431559636,0.0024458384122406484,0.6979544931189319,0.14014536250893542,0.7979202063399043
18431,18431,SSUH2,0.19891122973913566,5.97252625472736,0.32977757495813265,0.1087532489452668,0.007788273586768623,0.07231715250026005,0.0210122694176909
18432,18432,SSX1,-0.4852600510660538,8.747281473974411,-0.32395242556140363,0.10494517402711677,0.00901798742981701,0.17997918384265507,0.023914342124992327
18433,18433,SSX2B,-0.13296736417936447,7.52319953160656,-0.12749592939214147,0.016255212011565923,0.31539342379048624,0.1313693702847899,0.45611356966628686
18434,18434,SSX2IP,-0.21641162903575986,8.315613159356971,-0.6146967215116342,0.3778520594371516,6.538595756401358e-08,0.035267176112966744,6.93065546279351e-07
18435,18435,SSX3,-0.05227859167420957,7.243731869697008,-0.036086305504153794,0.0013022214449391206,0.7771057076334034,0.18386651956906952,0.8556144040472519
18436,18436,ST13,-0.47649264704087396,11.658394122371067,-0.5578015016010828,0.31114251518842273,1.6810794386680462e-06,0.09004204920516783,1.1523828820625687e-05
18437,18437,ST14,0.3658132071990152,4.15811225930192,0.4255600141282586,0.18110132562484368,0.00045552451984350566,0.0987910964848178,0.001677045813874722
18438,18438,ST18,0.2591285254090361,6.133919321079376,0.09661136673382664,0.009333756182177943,0.4475912400707897,0.3390430415360364,0.5873583992081537
18439,18439,ST20,-0.2770161439330527,8.427085702681902,-0.21120789659594671,0.04460877558448412,0.09387171299166976,0.1628132356490612,0.17658025928028218
18440,18440,ST3GAL1,0.27574087561934063,5.688113516833592,0.3577991513305756,0.12802023269288015,0.003699161344362932,0.09139431949429287,0.010848502019525908
18441,18441,ST3GAL2,0.04949978154107604,6.750103653398672,0.035816304002565864,0.0012828076324042153,0.7787308832147722,0.17540740877299102,0.856880959147149
18442,18442,ST3GAL3,0.29734427706514666,5.558751006242858,0.2555136884615912,0.06528724499124709,0.041571585020518574,0.14288566245292206,0.08971822539558798
18443,18443,ST3GAL4,-0.12991701509766654,7.727396613509016,-0.2628889728384717,0.0691106120400667,0.03584064717688794,0.06055456090695072,0.07897926270637105
18444,18444,ST3GAL4-AS1,-0.2341303671661148,7.903151977712692,-0.3955669613778586,0.15647322093371224,0.00121551242994961,0.06903849691468035,0.004032157118651777
18445,18445,ST3GAL5,-0.14679205714192128,7.884695332914121,-0.3843964511437008,0.1477606316518715,0.001712695833254443,0.04477216942680638,0.0054589973902156265
18446,18446,ST3GAL6,0.5834741453715039,4.825406888136234,0.5604539222563563,0.31410859897253385,1.46423717765251e-06,0.10949985347543953,1.0251553857764341e-05
18447,18447,ST5,-0.22174956828226008,8.649418706589618,-0.26992720091419714,0.07286069379337334,0.03100011614896717,0.1004599097766682,0.06987345985676574
18448,18448,ST6GAL1,0.1767317297729686,5.876942216902484,0.4618320898746269,0.2132888792379655,0.00012233324860605414,0.04310644639217737,0.0005194365683459024
18449,18449,ST6GAL2,0.09849864711425442,6.651767593458878,0.3629055381490564,0.13170042961925624,0.0032065389210330203,0.03212000601670598,0.009563090529537261
18450,18450,ST6GALNAC1,0.12995656321544805,5.5093896321336295,0.27580367641570197,0.07606766792441727,0.02738960527380256,0.057520467146380524,0.06277750870069798
18451,18451,ST6GALNAC2,0.008075320134139405,6.96054590355642,0.013981552972339831,0.00019548382351834484,0.9126843994037136,0.07334424429704445,0.9474275852957108
18452,18452,ST6GALNAC3,0.1649989395573111,6.1915592804547765,0.4763945582524421,0.2269517751325394,6.914023153453634e-05,0.038674241951488365,0.000313293934689346
18453,18453,ST6GALNAC4,0.07405042136024792,6.579452292934238,0.10526308655330734,0.011080317390729072,0.4077776509319262,0.08884563574672273,0.5495978434309644
18454,18454,ST6GALNAC5,0.5540681589565413,4.826109285837744,0.2968118233994522,0.08809725850970762,0.01723591696756996,0.22639165376337395,0.04207934407358822
18455,18455,ST6GALNAC6,0.1279313012938295,6.047361697864933,0.6182631419860156,0.3822493127384201,5.21991686716842e-08,0.020654478531607852,5.740848134003663e-07
18456,18456,ST7-AS1,-0.13860595541273546,7.556256221992795,-0.11705701234202212,0.013702344138440322,0.35696091463581714,0.14934566159880105,0.4997083590690167
18457,18457,ST7-AS2,0.1830129219232355,6.442677258839312,0.09655697293576644,0.009323249022518331,0.4478481756398085,0.23958976058877904,0.587588745439567
18458,18458,ST7-OT4,-0.4061526690688013,8.19722721886546,-0.22412861317994706,0.05023363524596633,0.07500797236651263,0.22428723427033645,0.1467429434995782
18459,18459,ST7L,-0.4031629943708987,8.994765801415175,-0.4613654974273595,0.21285812221639488,0.00012453796596766236,0.09846144686666897,0.0005277631414930976
18460,18460,ST8SIA1,0.5832463886735311,5.181621293762792,0.2968484685205455,0.0881190132629933,0.01722150573268408,0.2382815855297332,0.042063129555749354
18461,18461,ST8SIA2,0.2622397543664987,6.059202999509449,0.23179522103304856,0.05372902449375984,0.0653286857051818,0.13976742582531868,0.13086080408828552
18462,18462,ST8SIA3,0.2166071210114239,6.24367158058945,0.1131219139274768,0.012796567410615469,0.37346566548173854,0.2416203278538477,0.5163048382282335
18463,18463,ST8SIA4,0.23254696702758185,6.123949030790462,0.4932603620199379,0.2433057847400402,3.454532481593916e-05,0.05208333971514331,0.00016990211421511755
18464,18464,ST8SIA5,0.2162879118251984,6.056902079079921,0.14387227184905496,0.020699230607008373,0.2567081602253485,0.18893714535619768,0.39043511797161967
18465,18465,ST8SIA6-AS1,0.061768510563956665,6.7561253109930215,0.10232109435061428,0.010469606349107312,0.4210792642187168,0.07626419267103941,0.5620706075729712
18466,18466,STAB1,0.3671873096352746,5.009532619373808,0.5490185487016535,0.3014213668184698,2.633529628788716e-06,0.07099249671414924,1.7172262605064634e-05
18467,18467,STAB2,0.1430237558451459,6.318124378236361,0.14263152803013127,0.02034375278821012,0.26087608369711873,0.12604733127944165,0.3955241610628794
18468,18468,STAC,0.2395776094795529,5.7339050824383895,0.26572847284842405,0.07061162128235564,0.03381706667492125,0.11038521544927317,0.07527843121355055
18469,18469,STAC2,0.2584360362550093,5.464708456932447,0.3314883469934841,0.10988452419247254,0.007456167549998725,0.09341403605430823,0.020228427498775042
18470,18470,STAC3,0.1090247793763908,6.409195217688255,0.12741933252519766,0.01623568630116689,0.31568664707375543,0.10778034717881624,0.4564156991842819
18471,18471,STAG1,0.4742448819044688,3.888192588013384,0.5708060060576858,0.3258194965515269,8.442734545115436e-07,0.08663759105129405,6.37029326043466e-06
18472,18472,STAG2,0.09927516431299503,6.120495573245061,0.10774126110690736,0.011608179344906787,0.3967651088084798,0.11633952506892806,0.5388855228338701
18473,18473,STAG3,0.26280491246576937,5.4398740125672616,0.4135020721958577,0.17098396371026833,0.0006833240747671713,0.07349222732389826,0.002415899239033975
18474,18474,STAG3L3,-0.07372891825907299,7.396352725902362,-0.09705065986568014,0.009418830580363935,0.4455191851931699,0.09602593812130196,0.5856158575288931
18475,18475,STAG3L4,-0.043866653195553794,7.220902983563156,-0.06818810255472905,0.004649617330014247,0.5923890878673783,0.08151134223496259,0.7135094108553356
18476,18476,STAM,-0.20139160510478865,8.588344602268815,-0.5645518263528816,0.3187187646383742,1.1801075605700456e-06,0.037394257599266525,8.515571217642232e-06
18477,18477,STAM-AS1,-0.1167589765915682,7.3861764974458,-0.07192006960621296,0.005172496412162517,0.5722419038173341,0.20564503456639915,0.6971532167181079
18478,18478,STAM2,0.1642713311613472,5.918653823912653,0.1663043562874038,0.027657138920167745,0.1890548203675836,0.12370066122484108,0.30816576101317444
18479,18479,STAMBP,0.12373386327077593,6.268492661584027,0.09602971880928236,0.009221706894589841,0.4503429564094292,0.16288283229795097,0.589884850465815
18480,18480,STAMBPL1,-0.2908434653410529,8.92950037935044,-0.7029812688275879,0.4941826643224456,9.422332363432264e-11,0.03736943807177241,3.1779085439855406e-09
18481,18481,STAP1,0.17905469574240412,6.270455226899924,0.5805274428884198,0.33701211194656755,4.947265665753773e-07,0.03189480217083309,3.978204158629705e-06
18482,18482,STAP2,0.2629583880101485,4.588607115266201,0.73213112319289,0.5360159815476826,6.241721299158957e-12,0.03107089946112862,3.8182055009403167e-10
18483,18483,STAR,0.13803068026391896,6.537146071472338,0.13443794782077226,0.018073561814260685,0.2895436077817767,0.12921037471182256,0.4280512896813167
18484,18484,STARD10,0.2630224281837533,4.845644737405717,0.4531001751738932,0.2052997687426127,0.00017016923891352199,0.06572103248865156,0.000695810964628459
18485,18485,STARD13,0.4017410611502029,5.037754110451262,0.361728281038506,0.1308473493030724,0.0033146228217322783,0.1314970295780142,0.009846112099398147
18486,18486,STARD13-AS,0.3586031627153554,5.704082729403889,0.2163386455258036,0.0468024095479393,0.08597984161655818,0.20553019410220674,0.16430404784738503
18487,18487,STARD3,0.04327072940251034,6.736539081591996,0.04970903212010449,0.00247098787431758,0.6964805255064715,0.11041442927590184,0.7966557035623623
18488,18488,STARD3NL,-0.18428132835802455,8.647818460041544,-0.2166701508765915,0.046945954280884925,0.08548850066954808,0.10544965623215337,0.16353829346281482
18489,18489,STARD4,-0.1342184316208588,7.965341406002428,-0.2980469815056889,0.08883200318465248,0.016755822223503112,0.05459222760726733,0.04105072182938793
18490,18490,STARD5,-0.011530485640272758,7.09941174094759,-0.018527015726985376,0.0003432503117479634,0.8844682264827084,0.0790263158095683,0.9289533147969276
18491,18491,STARD6,-0.563085058131362,8.806727136004028,-0.3663643032994611,0.13422280273209955,0.0029068858171003307,0.1816218430484017,0.008770880920901164
18492,18492,STARD7,0.0876291996431501,6.09058131869917,0.06877115117184124,0.004729471233500241,0.589220633929901,0.161442278513945,0.7108001129603925
18493,18493,STARD7-AS1,0.25775604465856994,5.682461719753847,0.23451479184535776,0.05499718759427149,0.06214696028644199,0.13569358724698666,0.12554033815325571
18494,18494,STARD8,0.20893361696504015,5.775732376668729,0.24156520180094576,0.05835374672113165,0.05447781885293045,0.10659135823902342,0.11247184357519392
18495,18495,STARD9,0.3992736797213157,5.454738261860032,0.4048659842389361,0.16391646519376246,0.0009053155762109937,0.11452185734715407,0.0031103615425748165
18496,18496,STAT1,-0.042013293965373816,7.334417937776326,-0.10060186962002332,0.010120736171044174,0.4289659867358553,0.05276864586176628,0.569928120913243
18497,18497,STAT2,0.26402241567843576,5.346132563943367,0.25638208386973965,0.06573177292939021,0.04085979118211585,0.1264133883368685,0.0884464992051898
18498,18498,STAT3,-0.1520334925919812,8.206031828662175,-0.17552565312712803,0.030809254905704863,0.16534215119334186,0.10829476399349117,0.277578438955874
18499,18499,STAT4,0.19913622249722387,5.953316169847501,0.5247584427919936,0.275371423281478,8.536057828307527e-06,0.04102538956511267,4.890167520423267e-05
18500,18500,STAT5A,-0.23099980992660565,8.441320978537318,-0.27795923567988345,0.077261336699745,0.026157159071026014,0.1013850753064328,0.06032945784248252
18501,18501,STAT5B,-0.17381664966146845,8.054419954012115,-0.10212504415173428,0.010429524642993678,0.4219744026578054,0.21502385175646527,0.5629878436051245
18502,18502,STAT6,-0.4433225155108444,10.640271994125515,-0.4578599409429071,0.2096357255202424,0.00014230726493937525,0.10932134011518464,0.0005936551381741805
18503,18503,STATH,0.001372638631126136,7.011484777321602,0.001249738339108472,1.5618459162376022e-06,0.9921801737244502,0.13948931459370822,0.9953055849355154
18504,18504,STAU1,-0.7412558309239511,14.171500643349862,-0.5852563731134717,0.34252502226993514,3.790610092198453e-07,0.1304264701762155,3.136632080495128e-06
18505,18505,STAU2,-0.10603741147151234,7.594299799221394,-0.0865684174361577,0.007494090897400852,0.4963928018883902,0.15497810456254255,0.6323912298442811
18506,18506,STAU2-AS1,0.2310453100786264,5.803505274104513,0.3264704604496492,0.10658296154620596,0.008467080491542333,0.08495413771796348,0.022633579563553788
18507,18507,STBD1,0.24369519840976955,6.174529059790691,0.21644555021284773,0.04684867620694239,0.08582115018551807,0.13959934911297456,0.16404422343255307
18508,18508,STC1,-0.09208550475427038,7.415171046088406,-0.24751754805542936,0.061264936595371786,0.048619356010436564,0.04577843629825448,0.10230382708082063
18509,18509,STC2,-0.2269082998581023,8.054158692113681,-0.5791149067243297,0.33537407519032914,5.352531277785106e-07,0.04056751746742666,4.25666782300538e-06
18510,18510,STEAP1,-0.1724089370086981,8.465528773886962,-0.5132429174118697,0.2634182922734473,1.4461857807773824e-05,0.03661435847356118,7.788399175014727e-05
18511,18511,STEAP1B,-0.024309967191457414,7.125560304080713,-0.0264835226615981,0.0007013769725673802,0.8354407107117561,0.11653608417111068,0.8969493599634645
18512,18512,STEAP2,-0.01909445820143109,7.168951030454828,-0.04451539043475654,0.0019816199855588142,0.726881029825369,0.054421508798707365,0.8210305062131374
18513,18513,STEAP3,-0.17937514291910595,8.117404607905275,-0.40854929046158894,0.16691252273666776,0.0008036940011690724,0.050894078804828505,0.0027877612678706173
18514,18514,STEAP4,0.2748538547602433,5.948712804565724,0.3719711088207221,0.1383625057973175,0.0024738345868041372,0.08710820663533826,0.007594398635844003
18515,18515,STGC3,0.12877829946698094,6.496472440014179,0.14660109654890185,0.021491881509340442,0.2477008260607225,0.11035495525500068,0.379883951015931
18516,18516,STH,0.03592484514044233,6.8393240525587276,0.0350400918511302,0.0012278080369356411,0.7834082466652046,0.13012688842062914,0.8603696140121254
18517,18517,STIL,-0.15737900408717828,8.04835106441551,-0.6079895975634351,0.3696513507453476,9.912781558486613e-08,0.026100282769264828,9.90591991919832e-07
18518,18518,STIM1,0.5545367583849732,4.214611349160292,0.5798597309177471,0.33623730754000203,5.135100273460404e-07,0.0989504934524667,4.107890521676581e-06
18519,18519,STIM2,-0.2106205723434149,8.235552320792163,-0.2914478336373966,0.08494183973193163,0.019459773035231318,0.08779473281472844,0.0467963781319194
18520,18520,STIP1,-0.31755421172814313,9.728331394808393,-0.5774077930258457,0.3333997594469778,5.88396698517068e-07,0.05702589687535836,4.6165690240533e-06
18521,18521,STK10,-0.15349553049115447,7.975617679492844,-0.1726880988339763,0.02982117947889316,0.1723936390174105,0.11118939723011903,0.28663884005850926
18522,18522,STK11,-0.17801183303738696,8.283160388704042,-0.14435836505090094,0.020839337560169174,0.25508763416534824,0.15496658103897948,0.38840688495644893
18523,18523,STK11IP,-0.25433359250945275,8.52619891975817,-0.3855870724886146,0.14867739047034015,0.0016521591543450804,0.07729163599297803,0.005289993924337862
18524,18524,STK16,-0.5639084915227913,10.311512810336636,-0.4942962646122325,0.2443287972096061,3.306438338039491e-05,0.1259481803363013,0.00016350975613209676
18525,18525,STK17A,0.222094032709332,5.731689842768866,0.3950551300811737,0.15606855580345305,0.0012350831565522125,0.06558989319661117,0.004090811525717063
18526,18526,STK17B,0.3065616169801154,5.341361589401415,0.5074994021070033,0.2575556431389658,1.8679048136997157e-05,0.0661025713718395,9.784586052411066e-05
18527,18527,STK19,-0.7991906317957428,11.943792800329096,-0.4958026986975789,0.24582031603580226,3.101546438970583e-05,0.177780067977881,0.00015429356337217544
18528,18528,STK24,0.5289885723578406,3.373963551465417,0.2903484204071927,0.08430220523295193,0.019944581397413803,0.22141501151848367,0.04780826988720344
18529,18529,STK24-AS1,-0.09615432403659813,7.332136281102801,-0.06692153137669707,0.004478491361802253,0.5992981315489131,0.18206749951771894,0.7188644590182888
18530,18530,STK25,-0.2877564547181014,8.909467037908064,-0.5450203650361237,0.2970471983041095,3.217103236816875e-06,0.0562185425208068,2.0498875648585236e-05
18531,18531,STK3,-0.5387362991686767,9.735314494778878,-0.600706292884397,0.36084805031091494,1.5408250304466382e-07,0.09105845374002784,1.4456917692513842e-06
18532,18532,STK31,-0.3090825131674328,8.185400236758023,-0.4618968229590392,0.213348675059654,0.00012203022621272072,0.07537455380752565,0.0005183531872570552
18533,18533,STK32A,-0.014470454803208313,7.06818988335505,-0.0067735958672263934,4.5881600972506484e-05,0.9576352303790072,0.2713045587380166,0.9744192704566018
18534,18534,STK32B,0.16730938716794433,6.241365200470852,0.15492457854399655,0.02400162503703496,0.22156951163510535,0.1354966904675679,0.34844500903835923
18535,18535,STK32C,-0.14126250120245246,7.720591167027327,-0.2181333133082368,0.047582142374829405,0.0833462719037522,0.0802643726673805,0.16004819704493695
18536,18536,STK33,-0.13460628996198268,7.544843533281911,-0.11347499407052253,0.01287657427930512,0.37196622164133786,0.14967700003978315,0.5150051602062257
18537,18537,STK35,0.3611596724894741,4.889004746809908,0.1997883209512376,0.03991537318851472,0.11346507174504562,0.22495107171720047,0.205751643664291
18538,18538,STK36,-0.5148043926247401,10.188276735114554,-0.5684900010928708,0.3231808813425723,9.565111279404457e-07,0.09461497473037694,7.093578245051491e-06
18539,18539,STK38,-0.187921513039218,8.166073570388454,-0.14824283164050492,0.021975937132795085,0.242386995373688,0.15921417242439645,0.3737896360968985
18540,18540,STK38L,-0.1787520793389204,8.479035227220388,-0.24390374714154814,0.059489037869688274,0.0521111191415876,0.09026486066442338,0.10824498669743822
18541,18541,STK39,0.01677671068832585,6.864136397791269,0.026437509426520032,0.0006989419046773353,0.8357226412441744,0.08056355177880963,0.8970951497001419
18542,18542,STK4,0.5756285170501282,4.058774605779269,0.4609130331102299,0.2124408240908719,0.00012671075614562329,0.14075669648157388,0.000536236354178908
18543,18543,STK4-AS1,-0.3736044057341068,8.911054441488648,-0.3052044659684819,0.09314976604710623,0.014193287107788416,0.14804476151405974,0.03546683963987516
18544,18544,STK40,0.1980317031297588,5.663705575472827,0.18931152863228448,0.03583885487309227,0.13407420565695674,0.13044776073422865,0.23458866864182962
18545,18545,STKLD1,0.2531903341469688,5.945655148276672,0.2000214928514946,0.0400085976025405,0.11303581791185205,0.15751005555102707,0.20516777662981422
18546,18546,STL,-0.08777722020472553,7.277714037868386,-0.051488617923946066,0.0026510777757180995,0.6861695189751026,0.21622121591468385,0.7889433519907731
18547,18547,STMN1,-0.3805915704593105,9.143193529897758,-0.5161095903087094,0.2663691092086239,1.2705774267254392e-05,0.08021585114787977,6.944561881812062e-05
18548,18548,STMN2,0.12517655215047724,6.192308051533897,0.6889396136106051,0.4746377912019298,3.110391429811148e-10,0.01672535705585625,8.451132548627405e-09
18549,18549,STMN3,0.028980884069528007,6.883246707043939,0.051485934380689775,0.002650801439052693,0.6861850253000432,0.0713922069492879,0.7889433519907731
18550,18550,STMN4,0.1537579576319851,6.303358355907713,0.16403610710563288,0.026907844434370658,0.19524493047357205,0.11743006156638935,0.316232533238983
18551,18551,STOM,0.03310120689294475,6.7983088504179525,0.07015408709524032,0.004921595936166565,0.5817360381328386,0.059775560473383976,0.705070459829105
18552,18552,STOML1,-0.5821408033127596,10.473569172328236,-0.4849212930108676,0.2351486604153317,4.8905426637462467e-05,0.1333366247839652,0.00023133399166322621
18553,18553,STOML2,-0.31184533657476216,9.960304585505355,-0.5922445634805374,0.3507536229722523,2.5374836521447425e-07,0.05388242011769162,2.2174821826954965e-06
18554,18554,STOML3,-0.009740166970999643,7.047680761452256,-0.007108959928174022,5.053731126038399e-05,0.955539799058581,0.17400171010024024,0.9732874871916035
18555,18555,STON1,0.3703785689368636,5.5754712644018385,0.4060400528824706,0.1648685245447995,0.0008717284951148713,0.10586649992783018,0.003004979395369713
18556,18556,STON2,0.18003677638020496,6.186913798284537,0.13980568343955033,0.01954562912199976,0.2705383448356065,0.1619400428965663,0.4070939104887683
18557,18557,STOX1,-0.1562084313626683,7.676176118843349,-0.3334898000686357,0.11121544674981862,0.007083414134310127,0.05608210680929257,0.019326109749084767
18558,18558,STOX2,0.8506338100281897,3.7867420439097375,0.5870105774996274,0.34458141809644605,3.4303507004169445e-07,0.14899107161772687,2.8870897019918193e-06
18559,18559,STPG1,0.4916525234619154,4.512838629798638,0.5244266595584185,0.27502332125560136,8.669053028269682e-06,0.1013770582496359,4.951326293143542e-05
18560,18560,STPG2,0.12085585274354715,6.533280923262881,0.1114787328708637,0.012427507882493386,0.3804917472429481,0.1368246389904938,0.5234118146706924
18561,18561,STRA13,-0.16814400117413464,8.67492298347106,-0.218417867949712,0.047706365039697836,0.0829346228530624,0.09540756464208104,0.15937077450377726
18562,18562,STRA6,-0.3056515003234222,8.397173063935599,-0.2476253370289672,0.061318307538709586,0.048518226005839736,0.15187796917656746,0.10212501790012242
18563,18563,STRADA,-0.04269818098171952,7.2747130308570025,-0.028257032484556563,0.0007984598848332845,0.8245901758099345,0.19182867429581424,0.8897996938989502
18564,18564,STRADB,0.2603640662438448,4.881844084596193,0.7854369868470814,0.6169112603074224,1.5383077383522287e-14,0.026056947951318136,4.216715705571837e-12
18565,18565,STRAP,-0.4247312129015589,10.056621919174603,-0.4261029110291428,0.1815636907875096,0.0004471234552332618,0.1145239387484228,0.0016503252809061334
18566,18566,STRBP,-0.08292948822206234,7.544054572560184,-0.0906764102040613,0.00822221136749519,0.4761032273442105,0.1156714050474435,0.6136183423484632
18567,18567,STRIP1,-0.17247470386199135,8.160571389642946,-0.2493348426824963,0.06216786377550518,0.046937239316114376,0.08507640817857963,0.09929552384461376
18568,18568,STRIP2,-0.3265830365891739,8.203299995295053,-0.4649733854776514,0.21620024920254866,0.00010839956955352128,0.07897183755318822,0.0004676081033230087
18569,18569,STRN,0.2148820202262996,5.823522826565206,0.255526657327032,0.06529387260472644,0.04156088004541536,0.10325368610749977,0.08970406233264921
18570,18570,STRN3,0.06968433270835493,6.626786948171651,0.09345461039866844,0.008733764204766906,0.46263717707523705,0.09428307239173599,0.6012006762820606
18571,18571,STRN4,-0.2278232881484652,8.421069628914742,-0.3751371809672951,0.1407279045440891,0.0022556160545965835,0.07149530359476852,0.006984894274601605
18572,18572,STS,0.03467266254054844,6.7887880822291775,0.0734413882006065,0.0053936375008321845,0.5641211540500304,0.0597965444034318,0.6909917750412019
18573,18573,STT3A,-0.09589222754894312,7.861752344705246,-0.227903776991458,0.05194013156697222,0.07010795502655805,0.052030011445975584,0.1386093094220866
18574,18574,STT3B,-0.3391470471234676,10.435783381925695,-0.5541809018617143,0.30711647198826303,2.0259376343282345e-06,0.0646950061889734,1.3595190415673356e-05
18575,18575,STUB1,-0.6064982314223779,12.745303772786093,-0.5407711612606138,0.29243344885115274,3.968541007544632e-06,0.11981296564366027,2.484497123977421e-05
18576,18576,STX10,-0.5442163682841646,11.258581978654854,-0.6303678273002953,0.3973635976952949,2.378787028333396e-08,0.08511564536439763,2.928518084056833e-07
18577,18577,STX11,0.6156504814031006,4.500087739064556,0.5179722491612206,0.26829525090113365,1.1673367823224656e-05,0.1291218747115632,6.46678895400179e-05
18578,18578,STX12,0.4341999223625109,3.20929126998696,0.7567632961124416,0.572690686342967,4.711053547618906e-13,0.0476326798581585,5.69932204322276e-11
18579,18579,STX16,-0.2529629462963618,8.755672489991992,-0.3944584847108276,0.15559749616036225,0.0012582548412682238,0.07484012777413089,0.0041554839999486635
18580,18580,STX17,-0.14299776961683772,7.916163174947942,-0.1353802563660706,0.018327813813743,0.2861453004749761,0.1329111237366631,0.42429995082070715
18581,18581,STX18,-0.17924748990683578,8.486974150269956,-0.30943347195341325,0.09574907356514377,0.012843774103954712,0.0699575237995053,0.03251103778154755
18582,18582,STX18-AS1,-0.110355547629402,7.397004710121718,-0.08771820622072693,0.007694483702581976,0.4906690069666744,0.15915903095202866,0.6273506137960285
18583,18583,STX19,0.0758402500973015,6.452899513166113,0.20928340741416876,0.04379954461888494,0.09697394336640902,0.04500321983420443,0.1813602853095766
18584,18584,STX1A,-0.43012735520351997,9.468156605048954,-0.4783125470326443,0.2287828926488556,6.401058399824183e-05,0.10029465131793766,0.0002931787640613212
18585,18585,STX1B,0.3537215178661359,5.48224244496358,0.3727266426533313,0.1389251501436241,0.0024201153334816173,0.11183961158290102,0.007449551890056066
18586,18586,STX2,0.07769549528553495,6.589800906947862,0.05931312414580089,0.0035180466959351888,0.6415282390318885,0.16606721936257374,0.753419058313116
18587,18587,STX3,0.4291410228137538,3.845611555351165,0.5473725432448364,0.29961670109832034,2.8606239622374658e-06,0.08332763751548204,1.8552504313343013e-05
18588,18588,STX4,-0.015310527583990144,7.12775351855165,-0.012881684020604413,0.0001659377832066951,0.9195294035317568,0.15093349672755074,0.9516085655187667
18589,18589,STX5,-0.13671998864555296,7.892221846495068,-0.1333830093717735,0.017791027189070618,0.2933794309269225,0.12901422735814833,0.43204783821851583
18590,18590,STX6,-0.5255730042919303,10.11271219708925,-0.4747779687188304,0.2254141195807787,7.375556338935303e-05,0.12373182970380962,0.0003322606043678885
18591,18591,STX7,0.3808432844202669,4.524994517701014,0.3568392870842604,0.1273342768068032,0.003798913556424965,0.12661983786651096,0.01110495046765424
18592,18592,STX8,-0.29650892902388004,8.834731107890775,-0.1739319180249748,0.03025231210784655,0.16927613459149016,0.21320236685899344,0.2827143833548295
18593,18593,STXBP1,-0.13971690544264465,7.925049592689319,-0.4776169637689333,0.2281179640798545,6.582886921310493e-05,0.03263990128471188,0.0003008704438180218
18594,18594,STXBP2,-0.20192781526073672,8.433815983639125,-0.220837211907755,0.04876907416319068,0.07949928016100148,0.11325855774241897,0.15412326874543306
18595,18595,STXBP3,0.09496415930324058,6.43802116111173,0.10880728950877083,0.011839026250245473,0.3920822655018776,0.11018430594005957,0.5345549618383717
18596,18596,STXBP4,-0.4740529648653915,8.56121398191555,-0.2444214924448088,0.0597418659689477,0.05159865055186488,0.23884446444502586,0.10733609776182844
18597,18597,STXBP5,0.1427322498261007,6.128973385197645,0.2597659571461466,0.06747835249205368,0.038181585830250137,0.06738659193162715,0.08346681214961303
18598,18598,STXBP5-AS1,0.4342448456369035,5.536778037760338,0.2511412582726133,0.06307193160675148,0.04531282582795074,0.2125562534188119,0.09649697388078697
18599,18599,STXBP5L,0.05117997208743442,6.854517910457762,0.018350526239009447,0.00033674181324857416,0.8855613599744742,0.3541461640042572,0.9297124014188768
18600,18600,STXBP6,-0.2685874415203048,8.658856947142441,-0.7361147969419382,0.5418649942768708,4.190640334888902e-12,0.03136469353158402,2.871549112517516e-10
18601,18601,STYK1,0.2089168775123552,5.6166387432024605,0.7084150409966364,0.5018518703102661,5.82530237873814e-11,0.026434381899747648,2.1344657023955062e-09
18602,18602,STYX,-0.19229606800850976,7.976682462765229,-0.27317654875653336,0.07462542679053065,0.028957404150832308,0.08599831190512977,0.06581366361106986
18603,18603,STYXL1,-0.23558531955734066,8.783483080253356,-0.29278181050927743,0.08572118856509044,0.01888504784691427,0.09771193521717904,0.0455813320469158
18604,18604,SUB1,-0.2738075057452372,9.460275724033083,-0.2967571642157616,0.0880648145133805,0.017257431671487897,0.1119000493940955,0.0421056705985884
18605,18605,SUCLA2,0.011931947681873221,6.9115893604240135,0.021483573175465138,0.0004615439163855652,0.8661894759412844,0.07051942039109378,0.9172290025187537
18606,18606,SUCLG1,0.9415835660335232,0.2588958750209045,0.7348554965149673,0.5400126007582591,4.756743584699675e-12,0.11036568056880046,3.140465924593642e-10
18607,18607,SUCLG2,0.4113050064111747,2.6759806105453627,0.5902642083021603,0.3484118356025761,2.8458783994877905e-07,0.07143454695789844,2.4494235588596227e-06
18608,18608,SUCLG2-AS1,0.17652238538654952,6.361072882878475,0.1243738807631796,0.015468862216093619,0.3274864658649148,0.1788502227094488,0.46906008454955556
18609,18609,SUCNR1,0.118833801417821,6.454771504099896,0.21566324145653848,0.04651063371554122,0.08698777767250425,0.06833228505842323,0.16592269228380863
18610,18610,SUCO,-0.2358670651897991,8.854571364250463,-0.4390095994854093,0.19272942844033944,0.00028457736624576505,0.06130656767326334,0.0011012371097305293
18611,18611,SUDS3,0.004254764402456018,6.984811950231892,0.007104812681651233,5.047836324135218e-05,0.9555657102016071,0.07605295246664984,0.9732874871916035
18612,18612,SUFU,0.40331641296140097,5.107677902878503,0.26499838882505355,0.07022414607987428,0.034328035518358065,0.18637855894522204,0.07625908998256503
18613,18613,SUGCT,0.16703870240106128,6.0635300726365795,0.684812086698603,0.468967594088495,4.363078351240893e-10,0.022574095510720364,1.0986332755362969e-08
18614,18614,SUGP1,-0.5113885610494712,10.246521243348482,-0.44557276741432206,0.1985350910612575,0.00022458809205523102,0.13049046565975647,0.0008912323865596533
18615,18615,SUGP2,-0.2770485847461019,8.702773101098614,-0.3886513678698489,0.1510498857471046,0.0015050906184918935,0.08341438962327145,0.0048755029683533214
18616,18616,SUGT1,-0.3270328809323984,9.354226874659393,-0.4572210078985515,0.2090510500637673,0.0001457865266055009,0.08078739894742216,0.0006058352012362544
18617,18617,SUGT1P1,0.247276629488154,6.1542772219450015,0.10531164822908384,0.011090543252726298,0.4075601597123364,0.29654395997573996,0.5495305767367792
18618,18618,SUGT1P3,-0.7698583584911421,9.358821473779267,-0.4769671002992314,0.2274976147678571,6.757059892208203e-05,0.1801675095432945,0.00030772688110571744
18619,18619,SULF1,-0.03401149397197839,7.225435898448797,-0.08120984203961208,0.006595038444098743,0.5235198516661093,0.053013241599057084,0.6563319856324666
18620,18620,SULF2,0.20311704372632067,5.438691944523648,0.5887281579005438,0.3466008439049676,3.109031365696761e-07,0.035418078724373026,2.639885184696132e-06
18621,18621,SULT1A1,0.3322910133276317,4.2608193626641855,0.7492955164968267,0.5614437710422463,1.0640717234245488e-12,0.037297717854770616,1.0667811653128983e-10
18622,18622,SULT1A2,0.2375280183310385,4.870279928032256,0.7998161792775862,0.6397059206341958,2.2575106560557303e-15,0.022639007241040846,1.0749752213155295e-12
18623,18623,SULT1B1,0.21061962082492652,5.066130985234215,0.4572655319303989,0.20909176669159066,0.00014554156524446298,0.05202326006801409,0.0006049333196485308
18624,18624,SULT1C2,-0.1167441747810871,7.639182068417312,-0.5087818791606198,0.2588590005622115,1.7648747228410645e-05,0.025087544699079787,9.31019783754525e-05
18625,18625,SULT1C4,-0.1325970658761575,7.478416644293864,-0.3156588535641209,0.09964051183341514,0.011059174865515513,0.0506206907686454,0.028540868992103258
18626,18626,SULT1E1,-0.09813340320997592,7.340832345039573,-0.29103570240752313,0.08470178007584038,0.01964032060992577,0.040969065284905605,0.047178163373038554
18627,18627,SULT2A1,0.16392531197362958,6.460786234790487,0.13921074088888533,0.01937963037883237,0.27260270545392473,0.1480907335714877,0.40929151955936627
18628,18628,SULT2B1,-0.2615458784568053,8.620487196658832,-0.665468036503525,0.4428477076078569,1.9856002296951813e-09,0.037257335816951814,3.729243102692901e-08
18629,18629,SULT4A1,0.2149258853760448,5.925615334974883,0.2022899751578984,0.04092123404938314,0.10892458726858764,0.13214345467889932,0.19898447252414928
18630,18630,SUMF1,0.05353768079650384,6.530990951386618,0.0626126693283785,0.0039203463604248695,0.6230645685605666,0.108379844763887,0.7382208914033523
18631,18631,SUMF2,-0.1925539740450357,8.618329815830206,-0.3485820002519314,0.12150941089963753,0.0047603823104489466,0.06575370677236084,0.01359795263590185
18632,18632,SUMO1,-0.3512771860734189,9.875948474901623,-0.3841664631120221,0.14758387138000065,0.001724616201487608,0.10721621720436804,0.00549214174164914
18633,18633,SUMO3,-0.3773245879724633,10.48825583345782,-0.3110945614138024,0.09677982614124606,0.012344836865944031,0.14639412813727767,0.031428102790032685
18634,18634,SUMO4,-0.2267059954515119,9.032454031084717,-0.2420283038341113,0.05857769985681691,0.05400232279169975,0.11542323557417593,0.11159655501996928
18635,18635,SUN1,0.07510616017284721,6.65167428186509,0.05886969993558625,0.003465641570505963,0.6440264573771372,0.16174617924919402,0.7553289067646178
18636,18636,SUN2,0.43308557531232494,3.4223962135666848,0.6093767945722762,0.3713400777631821,9.102560363578726e-08,0.07156486386890026,9.219641939817461e-07
18637,18637,SUN3,0.24918963616025586,6.245668077202897,0.1908982524701743,0.036442142796166414,0.13078334144288056,0.16273129369205205,0.23025311048338037
18638,18638,SUN5,0.1935890998253248,6.088451253230317,0.14252369072332127,0.02031300241739693,0.2612404764381636,0.1707425124100366,0.3959103168359181
18639,18639,SUOX,-0.3453662342222969,9.331914722138533,-0.4647117033549306,0.215956967235041,0.0001095019614852085,0.0835738425260395,0.00047161196817068217
18640,18640,SUPT16H,-0.1837015422656316,8.513986386758301,-0.4840129662271006,0.2342685514759564,5.076517833868349e-05,0.042179186905038364,0.00023867128461228635
18641,18641,SUPT20H,-0.00959229826731063,7.0742239248486145,-0.01017515141883338,0.00010353370639618696,0.9363972041832362,0.11971910616570974,0.9626243273955842
18642,18642,SUPT3H,-0.5762023909255696,9.815807886535378,-0.6501900219078562,0.42274706458853856,6.087969366895523e-09,0.0855110001346122,9.5671245747549e-08
18643,18643,SUPT4H1,0.1407305137950708,5.858185308433209,0.2668296211478899,0.07119804672192645,0.033058409224020334,0.06455352301766991,0.07373363392173864
18644,18644,SUPT5H,-0.23775104683407586,8.863334521691039,-0.24940234624879914,0.0622015303144059,0.04687568889943895,0.11724135205167716,0.09918829813536746
18645,18645,SUPT6H,-0.13835528707136815,7.8539471487886825,-0.14035472833261595,0.019699449765322424,0.2686425416587424,0.12395170080867775,0.40455175518915626
18646,18646,SUPT7L,-0.1762104402022282,8.091781713408466,-0.2300353730541031,0.05291627285614038,0.06745652226526852,0.09467500900335628,0.13425645642068204
18647,18647,SUPV3L1,-0.31774644425998866,9.346125823649533,-0.485680095531139,0.2358851551951363,4.7400323199664616e-05,0.07262963602417552,0.0002246561608423588
18648,18648,SURF1,0.5342730321737617,3.1967685090367857,0.4425526519160775,0.1958528497179528,0.00025058534771983616,0.13748971912373228,0.0009812704710439515
18649,18649,SURF2,-0.3665540442898888,9.208677534753978,-0.5222725033515174,0.2727685677570608,9.580630387087006e-06,0.07601185477636202,5.4183481596335625e-05
18650,18650,SURF4,0.09324840616584047,6.122405986666049,0.09203507463320344,0.008470454962739325,0.4694916863945366,0.12812829104967713,0.6075910131804293
18651,18651,SURF6,-0.40588883832986294,9.992669286975392,-0.5099308922109529,0.2600295148310586,1.6770765310476776e-05,0.08695751891275723,8.903430321117298e-05
18652,18652,SUSD1,-0.2650348250380038,8.77324996149652,-0.6068023083259221,0.3682090413896674,1.0659832831270557e-07,0.04409065771725252,1.0521361894310114e-06
18653,18653,SUSD2,0.2631241089945326,5.684144657593484,0.21304733543690127,0.045389167136763525,0.09097967806034833,0.15325048940585276,0.1721269376548002
18654,18654,SUSD3,0.30100793275421983,5.449965550731719,0.3970177655274143,0.1576231061443809,0.001161547559972345,0.08837417621114269,0.0038745089974123736
18655,18655,SUSD4,0.07135335506954556,6.708476081433438,0.04266461268973756,0.0018202691759653157,0.7378194918771914,0.21220475924263768,0.8292666786007464
18656,18656,SUSD5,0.30144307222787753,6.130046147409949,0.13096124912665694,0.01715084877281431,0.3023103826143528,0.2898078114959122,0.44167345735786695
18657,18657,SUV39H1,-0.2873610525910673,8.633668874547235,-0.5444374764944391,0.2964121658116329,3.311651344301155e-06,0.056226779535286944,2.101811543400982e-05
18658,18658,SUV39H2,-0.30041339206627765,8.619791973945738,-0.6253704907289899,0.3910882506746176,3.3039562128072384e-08,0.0476061693282999,3.8653253262204615e-07
18659,18659,SUV420H1,0.35599076594403994,4.177267309662952,0.4790014223621365,0.22944236262494985,6.225562798567502e-05,0.08285307851179152,0.00028610900340190847
18660,18660,SUV420H2,0.0463340978778813,6.763233318906623,0.04575116395875278,0.00209316900358068,0.7196073321319445,0.12848360610621565,0.8153566752468219
18661,18661,SUZ12,-0.2765861230033067,8.51812562606797,-0.16438978783783714,0.02702400234536911,0.19427030401347695,0.21077095843872454,0.31503482030698826
18662,18662,SV2A,0.2850864025396772,5.514162269837941,0.3725351398122705,0.13878243039494792,0.002433631930729845,0.09019238165866998,0.007485837991470852
18663,18663,SV2B,0.3735978803070662,5.447689344378506,0.3221918282581501,0.1038075741963293,0.009421487843008466,0.139410239113618,0.024844412961562142
18664,18664,SV2C,-0.19302261993439326,7.6690820356609555,-0.2084210585651056,0.04343933765339916,0.09838971720390756,0.11503421216488575,0.1835958057777353
18665,18665,SVEP1,0.7127417581658518,4.165201830128441,0.3738810498132555,0.13978703940946202,0.002340045691843564,0.2245462965556813,0.0072215604185367505
18666,18666,SVIL,0.18232613903988407,5.8352034742458665,0.18428791874170766,0.03396203699415025,0.14490550267896465,0.12349612252794025,0.24991467509660556
18667,18667,SVIP,-0.26668078801877754,9.022199148597863,-0.3939702780183371,0.15521257996184584,0.0012775055623198807,0.07901438152979211,0.0042138677462662906
18668,18668,SVOP,0.09901344717133492,6.614798365983307,0.0999517167436147,0.009990345679995788,0.4319701695531541,0.1251779379309321,0.5728650879829477
18669,18669,SVOPL,0.1151598463076776,6.576649588428652,0.3459698733871297,0.11969515329150655,0.0051063399617544535,0.03966281147765016,0.014479821200191858
18670,18670,SWAP70,-0.2705004666112402,8.839861229205802,-0.4393155184731706,0.19299812477135075,0.00028148423479372925,0.07024782805853244,0.001090631795394204
18671,18671,SWI5,-0.33792266791159914,9.419150686237332,-0.6469417645460952,0.4185336467140153,7.663236596955406e-09,0.0505846310146816,1.1540152191034027e-07
18672,18672,SWSAP1,-0.2255648912254777,8.368560634316477,-0.317232810730346,0.10063665620387552,0.0106435783537751,0.0856377307702972,0.02763629367517983
18673,18673,SWT1,0.09485259276410296,6.456335831387607,0.10447950240697013,0.010915966423208074,0.4112963768845049,0.11466710869103618,0.5528286910454939
18674,18674,SYAP1,-0.2260511274015606,9.068995341899749,-0.2423442988976437,0.058730759208190486,0.05367981440830751,0.11493041067742167,0.11103604747462978
18675,18675,SYBU,-0.2287109626912519,8.89214635172794,-0.588970068731961,0.3468857418621309,3.066121256475192e-07,0.039855888480932584,2.6099393006670707e-06
18676,18676,SYCE1,0.2798260042311152,6.129585474048509,0.1493467615668242,0.02230445519049784,0.2388581826336073,0.2352871637287941,0.3696514979275069
18677,18677,SYCE1L,0.286630790652518,5.827971745894162,0.2885554273849791,0.08326423467332793,0.020757296743255976,0.12078690054660784,0.049515230334347675
18678,18678,SYCE2,-0.07483212191028367,7.323540603153878,-0.08616123136354173,0.007423757790081764,0.4984281224282578,0.10989103310855912,0.6343124700977858
18679,18679,SYCE3,-0.211323354637307,7.938203945748566,-0.24186083792148505,0.05849666492008285,0.05417387905293066,0.10767057435074466,0.11192971576101646
18680,18680,SYCN,-0.07341167487203132,7.320155430221216,-0.07027120773773576,0.004938042636920014,0.5811041653736461,0.13234786246858282,0.7044229008713785
18681,18681,SYCP1,-0.3081856265244869,7.988907793076858,-0.16675117952934626,0.027805955874428263,0.18785225914717504,0.23143236770902664,0.30675972187859707
18682,18682,SYCP2,0.1707093862775666,6.503855852150486,0.06954980012740937,0.004837174697762592,0.5850011692462678,0.31096588179270723,0.7074440341781386
18683,18683,SYCP2L,-0.09661956109343382,7.320050687594717,-0.06144919200331709,0.0037760031978605287,0.6295495994802986,0.19931112394604125,0.7434638477802186
18684,18684,SYCP3,0.3977687940399399,5.819153986838978,0.3081697418800683,0.09496858981042793,0.013234925691836048,0.15594688180759728,0.033329726230574445
18685,18685,SYDE1,0.497668247831474,4.024161264790721,0.4413853455047759,0.1948210232263704,0.0002613505258278468,0.12849090605167665,0.0010186367236864693
18686,18686,SYDE2,-0.507199672366768,8.519092938499469,-0.3853690673989652,0.14850931810794815,0.0016630977919744436,0.15423971619445545,0.005318130934023416
18687,18687,SYF2,0.3582971384919497,4.66627085033892,0.3159276460038543,0.09981027750953668,0.010987221257791174,0.13665542858880758,0.02837706238454911
18688,18688,SYK,-0.40822994219253006,9.869524836282354,-0.4554213694886869,0.20740862378695116,0.00015601052155691974,0.10134918884859216,0.0006453501135272392
18689,18689,SYMPK,-0.6335528288564832,10.41236798146026,-0.5354041718753992,0.2866576272615821,5.1524839712639835e-06,0.1269270685129894,3.128035895646806e-05
18690,18690,SYN1,0.04158246307983896,6.811309417654844,0.06484705513213704,0.004205140559310421,0.6106904435163499,0.08126603060248741,0.728743128580292
18691,18691,SYN2,0.01928418681080569,6.942323326536343,0.010374933017954866,0.00010763923512705006,0.9351510705281668,0.2360460888731104,0.96180436926745
18692,18692,SYN3,-0.059956736453197476,7.247057119617209,-0.06191300219532296,0.0038332198408380655,0.6269610205422504,0.12275135772361136,0.7412153136344616
18693,18693,SYNC,0.1751304465495902,6.1861809498883495,0.6738156587687477,0.4540275420019614,1.0469489110502076e-09,0.02438990330041726,2.222713594979632e-08
18694,18694,SYNCRIP,-0.27190678867943835,9.142290115596355,-0.5395487399400428,0.29111284277088795,4.21335527926124e-06,0.05388676069415446,2.6180834597532896e-05
18695,18695,SYNDIG1,0.3141109970533456,5.7395185221904095,0.3771709168363209,0.142257900507151,0.002124680828567801,0.09795519249491404,0.006619186209557723
18696,18696,SYNDIG1L,0.12263107534948753,6.422541381763402,0.11027894405035887,0.012161445500862187,0.3856716115617286,0.14036378768179067,0.5286232513683924
18697,18697,SYNE1,0.779795881764537,4.139030794537792,0.6406856185010001,0.4104780617540091,1.1846241781657258e-08,0.11868343372683995,1.6618774462767842e-07
18698,18698,SYNE2,0.2197945819694612,5.801650754868018,0.21405446380428728,0.045819313474540935,0.08942611043279661,0.12738320156648675,0.1697810294075233
18699,18699,SYNE3,0.26334695456879875,6.074481012085662,0.2321623288990357,0.05389934695982402,0.0648916949172186,0.14012298329264022,0.13005364677763712
18700,18700,SYNE4,-0.10180838506030232,7.612973397563556,-0.3385247166962791,0.11459898381429602,0.006216972071267541,0.035939110867283006,0.017204923987641993
18701,18701,SYNGAP1,0.25374529940176976,5.758339012663008,0.26977692234647604,0.07277958783073657,0.0310974360561606,0.11502410349161185,0.0700544582916545
18702,18702,SYNGR1,0.531490837486662,3.969956816619789,0.4532438932738889,0.2054300267900724,0.00016925947415075414,0.1327498534724002,0.0006930069791519344
18703,18703,SYNGR2,-0.567320168200303,11.125588007458402,-0.6728344157581105,0.4527061510285579,1.129960023395724e-09,0.07921993178499523,2.3687593714070092e-08
18704,18704,SYNGR3,-0.015215808168067285,7.079784987981203,-0.026879075474549662,0.0007224846983665371,0.8330179490835122,0.07186673430342087,0.8951518864971146
18705,18705,SYNGR4,-0.20905701362564347,7.984328373875921,-0.2782100924388366,0.07740085553482601,0.02601681708017766,0.09166478849450424,0.060076154176929755
18706,18706,SYNJ1,0.3022737461062521,5.772736294102561,0.33289674865297225,0.11082024526372017,0.007192124859907514,0.1087401212731418,0.019580772421586276
18707,18707,SYNJ2,0.4208230241844566,4.635196723077074,0.2496871489612185,0.0623436723563817,0.04661673191460181,0.20726658995185307,0.09872717160006868
18708,18708,SYNM,0.1367160684297374,6.1559924292597294,0.6543384048157851,0.4281587480168663,4.519438100213843e-09,0.020065918592138063,7.438734441893247e-08
18709,18709,SYNPO,0.5294130938933207,3.8066010375919137,0.6103695419752704,0.37255097777110135,8.56155090854519e-08,0.08725598055464813,8.741177978526453e-07
18710,18710,SYNPO2,0.1647095508306114,6.066906219632057,0.7086851812525071,0.5022346861268987,5.6860727390448304e-11,0.02082485093873573,2.1084230336304077e-09
18711,18711,SYNPO2L,-0.02360239051273241,7.1127942913543425,-0.016709546135059605,0.00027920893203968537,0.8957351046303781,0.17936382435998888,0.9358394215646663
18712,18712,SYNPR,0.25178806107781737,6.131083844297322,0.288286547187263,0.08310913328915401,0.020881568262970367,0.10621203636103696,0.04976233748592751
18713,18713,SYNPR-AS1,-0.3187674009588951,8.383147952094092,-0.442109455390371,0.19546077054557048,0.00025462391280912624,0.08213379049194537,0.0009951057267427593
18714,18714,SYNRG,0.4530220358338332,4.298666276306071,0.5088007609543939,0.25887821434777025,1.763398049834353e-05,0.09734654009773104,9.309211304037766e-05
18715,18715,SYP,0.2389569142882329,5.868429361822658,0.3015537390905667,0.0909346575595016,0.015454706358705553,0.09595256512251288,0.03823944997689314
18716,18716,SYPL1,-0.3592703040076132,10.571610822415195,-0.6379529462540897,0.4069839616342735,1.4284627480569798e-08,0.055076971121413784,1.9430503020837873e-07
18717,18717,SYPL2,0.10099897998743224,6.530252546768625,0.14566159464523568,0.02121730015459295,0.2507772526190713,0.08712027249635658,0.38316386124786483
18718,18718,SYS1,0.5464707465866029,3.4654062257717486,0.394943489317288,0.15598035975411476,0.001239389450153427,0.16144046181888713,0.004101937726283427
18719,18719,SYT1,0.023237715091492802,6.927444650517543,0.0459471868111413,0.0021111439758579173,0.7184558051701673,0.06416227260267085,0.8143501942402498
18720,18720,SYT11,0.5613396101316407,4.678098994185854,0.3954659073003012,0.15639328383685044,0.0012193541203787404,0.1655734922114869,0.004043042945460361
18721,18721,SYT12,0.17907578471207458,6.205681000056442,0.16506675939697454,0.027247035057818683,0.19241451968007312,0.13588849054367946,0.3127006696939575
18722,18722,SYT13,0.22494752781013336,5.439246121803252,0.4668295292862199,0.2179298094135936,0.00010086855396073988,0.054119020367088135,0.0004382641524919386
18723,18723,SYT14,-0.13726010136149236,7.41561213466089,-0.0813586807270257,0.0066192349296421045,0.5227564875291493,0.2135514113886118,0.6557546044976961
18724,18724,SYT15,0.1919351310748739,6.00743773462687,0.1969641915107372,0.03879489273747835,0.11876408291884805,0.1213331257754005,0.2131827101796796
18725,18725,SYT16,-0.5125154100929199,8.557979140503969,-0.22366819988111455,0.05002746363805823,0.0756237891027559,0.2836366621217272,0.14776081864298285
18726,18726,SYT17,0.09727958076617632,6.506806092683616,0.1961332367869816,0.0384682465725382,0.12035871768938672,0.06176699389928661,0.21549136267578914
18727,18727,SYT2,0.20434976119184048,5.668765685804077,0.2261776254800941,0.051156318267813736,0.07231564909833905,0.11177018877828536,0.1423502755408174
18728,18728,SYT3,-0.15797567983115834,7.648801353055775,-0.1559767791842001,0.02432875564467672,0.21840885897885726,0.12705337111454218,0.3449021980009592
18729,18729,SYT4,0.2937757552575581,5.911892004877039,0.2946416839160609,0.08681372190089193,0.018107957139607663,0.12100563841184465,0.043950662615804076
18730,18730,SYT5,0.28195726604175503,5.809758731463948,0.29583278104989896,0.08751703434371749,0.017624778415885337,0.11562547576084728,0.04293672815794768
18731,18731,SYT6,-0.058863142327985625,7.2209201094508755,-0.04107421847379192,0.0016870914232327892,0.7472606853269921,0.18184929949116416,0.8355845368561403
18732,18732,SYT7,0.04951028873359551,6.778842800397012,0.040348169519424014,0.0016279747835681766,0.7515832177420659,0.15571196281200936,0.8384264671442633
18733,18733,SYT8,-0.18441723591324632,7.906216390777362,-0.22554252792488794,0.050869431902748855,0.07314175781902671,0.1011673094929477,0.14370640877486784
18734,18734,SYT9,0.2533331297706896,5.996942069668775,0.16871525464246126,0.028464837149070537,0.18263152367577806,0.18796243126860265,0.29997615634094155
18735,18735,SYTL1,-0.15614136703701365,8.117509136387014,-0.7124567408322433,0.5075946075573023,4.044675354157827e-11,0.019531024864698383,1.5953997230289206e-09
18736,18736,SYTL2,0.16386626553419525,5.553658812492503,0.4501760986708649,0.20265851981452027,0.0001896813179440331,0.04127940773073365,0.0007663337574772457
18737,18737,SYTL3,0.15862556214980264,6.424210558772594,0.07976064557357025,0.006361760582312692,0.5309815369892401,0.2517693260283838,0.6624595258780823
18738,18738,SYTL4,0.4184132324282891,4.848340671481175,0.5021960297883675,0.2522008523351989,2.3561621358651096e-05,0.0915016180566194,0.00012073518942773058
18739,18739,SYTL5,-0.03440688468932241,7.2365327250683835,-0.10333736423403883,0.01067861084683841,0.41645657236235,0.042059182441182716,0.5576092719412491
18740,18740,SZRD1,0.2399317645797281,5.157887718122055,0.2365909310065183,0.055975268634531096,0.059803180048373275,0.12513692996352102,0.1216112183254318
18741,18741,SZT2,-0.27977252750443704,8.262435880767452,-0.18409639542868705,0.0338914828098355,0.14533101112091906,0.1897041762710637,0.2504416291700844
18742,18742,T,-0.03843836797748741,7.202025521053232,-0.048363294561146006,0.002339008260808175,0.7043144128920105,0.1008195404095089,0.8027753361322432
18743,18743,T-18,0.05564855548044273,6.825310613798575,0.03781253171039126,0.001429787554349345,0.7667380744437298,0.1867719262704339,0.8488171873666464
18744,18744,TAAR1,-0.2583019535751374,7.810567620538971,-0.15994890994276895,0.025583653791880018,0.20676241785476016,0.20245235908684386,0.3308620918412865
18745,18745,TAAR2,-0.026574411936212964,7.108415768461382,-0.020442031471143846,0.0004178766506672357,0.8726212928523001,0.165064243481022,0.9212351401931413
18746,18746,TAAR3,0.012261442270667916,6.975704205853303,0.012119182344022672,0.00014687458068767087,0.9242782586113496,0.12848147014253067,0.9548347338149401
18747,18747,TAAR5,-0.020136047332166642,7.10534212186842,-0.021044066102162085,0.00044285271811216726,0.8689025280752136,0.1214933579862602,0.9188438443924578
18748,18748,TAAR8,0.11048286294073256,6.5490919838825095,0.09678244390341001,0.009366841447916704,0.44678366980704254,0.14429753780231466,0.586627797784355
18749,18749,TAAR9,-0.17453134824446248,7.609319058626162,-0.12724320427860422,0.016190833035086602,0.3163615523917546,0.17278197510234802,0.45702531134379226
18750,18750,TAB1,-0.11341661423513648,7.540108221916292,-0.11546851857610227,0.013332978782159673,0.363568723912592,0.1239089126375508,0.5065370190225046
18751,18751,TAB2,0.3740660674914891,3.774402137947933,0.6330100981288206,0.4007017843330591,1.994727624332258e-08,0.05809828643506933,2.543277762068891e-07
18752,18752,TAB3,0.1215391703995238,6.4242691534394964,0.1284452038969013,0.016498170404116552,0.3117739627215019,0.11917635995057095,0.4520708460022096
18753,18753,TAC1,-0.037644149631504316,7.141983861178306,-0.18268051969051366,0.033372172274396136,0.14850567333975254,0.025729956660150308,0.25496633284486964
18754,18754,TAC3,0.15655043462472154,6.072376847741753,0.18683461767758813,0.034907174362730525,0.13933566112194168,0.10454075417134376,0.24212114761640566
18755,18755,TACC1,0.17249906175089608,6.048930756179003,0.13220923024132306,0.017479280561003164,0.2976862853793426,0.16424795636114334,0.4366294032707711
18756,18756,TACC2,-0.3147772355127107,8.984298655617055,-0.20770909076297006,0.04314306638557976,0.09957069257990134,0.18826755028444025,0.1853363716535812
18757,18757,TACC3,-0.1838024048546628,8.273354348231738,-0.6609936494657027,0.4369126046339883,2.7751699506520545e-09,0.026500005283572485,4.950272263704303e-08
18758,18758,TACO1,0.03571192842810895,6.8087281387191005,0.022623511367736673,0.0005118232666061106,0.8591599425436213,0.20042240821677645,0.9125071634598125
18759,18759,TACR1,0.4858266317300809,5.1464488164838835,0.3411389652767576,0.1163757936300968,0.0058049382548187424,0.17001527713065026,0.016184619274893765
18760,18760,TACR2,0.0038601481134233908,6.994971088637402,0.00506218736236502,2.5625740891688118e-05,0.9683326494688808,0.09684213248922388,0.9813845427176774
18761,18761,TACR3,-0.027862792409618826,7.1137724454881255,-0.03845387760627037,0.001478700702958022,0.7628964301451514,0.0919533003644287,0.8463815869047212
18762,18762,TACSTD2,-0.27417949655871066,8.323762608807415,-0.7443654439645784,0.5540799141685838,1.7941978524602782e-12,0.031237872209097142,1.547942410160451e-10
18763,18763,TADA1,-0.4467469495678927,9.5517197751826,-0.4152460281658043,0.17242926390747595,0.0006449973221295303,0.12429762384572028,0.0022938769930555066
18764,18764,TADA2A,-0.4685936184955532,9.612119226959113,-0.4497975635587307,0.2023178481833704,0.00019235191285516017,0.11816758608698005,0.0007761589564223277
18765,18765,TADA2B,0.5869927494949414,2.484540244701245,0.6472166041980035,0.4188893327495952,7.516268684723952e-09,0.08780447803582014,1.1390118850083777e-07
18766,18766,TADA3,-0.2448967639871217,8.521276509097051,-0.17513984187180254,0.030673964210880002,0.1662882737656353,0.17483854652256822,0.27877777877176063
18767,18767,TAF1,-0.5571945878002137,10.034546048343843,-0.4029305724247159,0.1623530461945092,0.0009632436108558977,0.16073532419909525,0.00328799501782542
18768,18768,TAF10,-0.2259834424663055,8.400078650425751,-0.17042121033259194,0.02904338893122555,0.1781827489566495,0.16594227566979106,0.2940888571678464
18769,18769,TAF11,-0.14978812968838812,7.980113344761873,-0.15286614991596106,0.023368059790129084,0.2278448568097789,0.12298033945951292,0.35619263458098194
18770,18770,TAF12,-0.18458575676184294,8.405390443030615,-0.3583767219456454,0.12843387483250646,0.0036402639771107117,0.061067862652162776,0.010691701671549227
18771,18771,TAF13,0.0577076851851136,6.6865833380938335,0.06880327194324408,0.004733890230095996,0.5890463023093799,0.10626697681293112,0.7106870219711455
18772,18772,TAF15,-0.049786572420130536,7.300483495730639,-0.10620440413083244,0.011279375456785177,0.4035738433565513,0.059198493320148475,0.5456663073105718
18773,18773,TAF1A,-0.2408339231301991,8.015802627041595,-0.6484424468011731,0.4204776068134922,6.892689954270853e-09,0.03590752658792422,1.0640598730278887e-07
18774,18774,TAF1A-AS1,-0.3167618549045673,8.35050826264673,-0.5020767125029946,0.2520810252378147,2.3683993174635503e-05,0.06929377637687703,0.00012130484205220714
18775,18775,TAF1B,-0.4009554844648927,8.70041730320956,-0.6463945553707963,0.4178259212130094,7.964001249491321e-09,0.0601075541324354,1.1910251868628077e-07
18776,18776,TAF1C,-0.20760996437839802,8.241918643132378,-0.21235684870807844,0.04509543119322572,0.09205698089876263,0.12132940361140633,0.17380069061575457
18777,18777,TAF1D,-0.11864170588912128,7.672240048465588,-0.3850105985163091,0.14823316096988653,0.0016812257058295553,0.03611845935079866,0.005368172022963583
18778,18778,TAF1L,-0.04763728105424297,7.23658226274972,-0.044086842605088813,0.0019436496908858735,0.7294090966335613,0.13709438109575964,0.8229468473947432
18779,18779,TAF2,-0.4633743037780362,10.415414488303009,-0.4345866938681202,0.18886559448722326,0.0003329077335851125,0.12195681904191415,0.001266534956216727
18780,18780,TAF3,-0.04286273175853041,7.212042760338738,-0.040300880860727833,0.0016241609981505788,0.751865016310669,0.1349635503085945,0.838697621604468
18781,18781,TAF4,-0.16409721588953852,7.95701833952071,-0.13161822139434778,0.01732335620301155,0.2998703488635185,0.156962051836782,0.4392972807901159
18782,18782,TAF4B,-0.27563396514921445,8.297541250119652,-0.4386334289907564,0.1923992850281889,0.0002884233729983785,0.07171888159448585,0.0011147257080635171
18783,18783,TAF5,-0.045328691956217734,7.304997417197039,-0.07742263816937864,0.005994264901106525,0.5431294814547208,0.07413167642047719,0.6727759364433119
18784,18784,TAF5L,-0.39520086979376295,9.388278965614447,-0.4645280712440962,0.2157863289737601,0.00011028169997143524,0.09568134864323204,0.00047447666999052957
18785,18785,TAF6,-0.32940123585878245,9.530443601133813,-0.4042019119289642,0.16337918560703013,0.0009248267556014881,0.0946662881112104,0.0031698517557059553
18786,18786,TAF6L,-0.6763911000932737,10.19101799062933,-0.458135275895704,0.2098879310200328,0.00014083159892570027,0.16666816519149574,0.0005890879418072319
18787,18787,TAF7,-0.3004606466506861,9.967678858208783,-0.344705310351339,0.11882175098441294,0.005281646948682143,0.10391438295830424,0.014915762216185683
18788,18788,TAF7L,-0.29071669011855783,7.987890320788718,-0.1581534193344971,0.025012504047193282,0.21197118785698607,0.2305128061920457,0.33699699530453225
18789,18789,TAF8,-0.8603139575816522,11.189715325631214,-0.6139003231891977,0.37687360681180143,6.873258571306733e-08,0.14049191602445846,7.256968033234875e-07
18790,18790,TAF9B,-0.0420711646906975,7.248077800628649,-0.05754477252004225,0.003311400844383409,0.6515143159487196,0.0926963338367022,0.76134033163826
18791,18791,TAGAP,0.3396367154759494,5.523704584637837,0.502536073505229,0.2525425051740529,2.321608359785456e-05,0.07420698656446181,0.00011910549403258481
18792,18792,TAGLN,0.20855482292352068,5.350118695109527,0.6724318460524799,0.452164587585546,1.1657947054702178e-09,0.029154202803425063,2.4158166839193846e-08
18793,18793,TAGLN2,-0.33151366522106396,10.462664989728511,-0.5989514957624524,0.3587428942760791,1.7107881126155273e-07,0.056289842270605184,1.5771441710808533e-06
18794,18794,TAGLN3,0.20273437173709224,5.9289845108376475,0.2634377787439049,0.06939946326952262,0.035441873375803526,0.09428337804373396,0.07828373806130409
18795,18795,TAL1,0.3076961399937382,5.506112406020414,0.23519338698568595,0.05531592928179862,0.06137286579793835,0.16148953840522706,0.12428966696477649
18796,18796,TAL2,0.1508792917849484,6.296137775615589,0.17203310230370872,0.029595388288238312,0.1740520620271407,0.10972313225743513,0.28868699473021847
18797,18797,TALDO1,-0.2894985868340894,10.186102658158207,-0.5788331147810465,0.33504777476712816,5.437026787725114e-07,0.05179555085701485,4.314357460175425e-06
18798,18798,TAMM41,-0.7673365182191835,10.723065156315263,-0.6490462375387239,0.4212610184631737,6.6038889076194395e-09,0.11422357627250275,1.0273506774030099e-07
18799,18799,TANC1,0.00675271081535838,6.976881326528982,0.0049392500828620255,2.439619138105253e-05,0.9691013241176248,0.17362649302379002,0.9817500549105148
18800,18800,TANC2,-0.12945102108747494,7.551560439905215,-0.11873264609562148,0.014097441248868097,0.35007117537032306,0.13748536971791694,0.4927070910336894
18801,18801,TANGO2,0.2231566947935188,5.57259576727917,0.2292116677450451,0.052537988630464966,0.06847139992554298,0.1203533705751776,0.13595710300638483
18802,18802,TANGO6,-0.4009335416105145,9.240898130540344,-0.6246143829107355,0.3901431273389589,3.4705836420074324e-08,0.06366174318682358,4.0319468222999437e-07
18803,18803,TANK,0.02336115201656482,6.8675621596334135,0.03030998068623005,0.0009186949291996386,0.8120708452579926,0.0978392618143331,0.8809876335885891
18804,18804,TAOK1,0.06601730319924247,6.5696306306424335,0.07178497373700515,0.0051530824544225185,0.5729656520959255,0.1164947941268978,0.6977994036408114
18805,18805,TAOK2,-0.2002262540719204,8.14318716821847,-0.14466535919873524,0.02092806615209909,0.25406776696802263,0.17392736946846193,0.38709895825600016
18806,18806,TAOK3,0.3775667030926497,4.193165473827596,0.3398402096650135,0.11549136810516035,0.006006532886369197,0.13270097619637616,0.016688666878922884
18807,18807,TAP1,-0.07433032350530233,7.624062617871298,-0.15358431355211588,0.023588141369274646,0.22564157642459284,0.060735112450575175,0.3534626980233332
18808,18808,TAP2,-0.05700664297901475,7.318170183418803,-0.10187032721406034,0.01037756356669972,0.4231390293593229,0.07069955617879171,0.5640204161501993
18809,18809,TAPBP,0.15825300152895402,5.859060451476539,0.14254549902151334,0.02031921929129226,0.26116675639889986,0.13955483786770512,0.3958262954799956
18810,18810,TAPBPL,0.25839753096496937,4.948886409729068,0.4150139472944479,0.1722365764489188,0.0006499826713350173,0.07194207150439595,0.0023104686060012804
18811,18811,TAPT1,0.7017137713493361,3.5571715143564804,0.4530341106525977,0.20523990541479006,0.00017058894385286842,0.1753683753084187,0.0006968691905553416
18812,18812,TAPT1-AS1,0.08962263452654977,6.602184691713327,0.1826083866043884,0.03334582285825778,0.1486687815104466,0.061282533041205414,0.25516544849082357
18813,18813,TARBP1,-0.29679544012583065,9.228261477458926,-0.6624563939101601,0.4388484738324532,2.4890113230369034e-09,0.04262301408305511,4.517983252335637e-08
18814,18814,TARBP2,-0.3945095357363788,9.787853195607248,-0.7850152688512667,0.6162489723296266,1.6237541520206142e-14,0.03953742053390856,4.391688118976176e-12
18815,18815,TARDBP,-0.08682838745663131,7.67787847721566,-0.1432295305492224,0.02051469842135064,0.25886160043644857,0.07619601944141978,0.39310294231776255
18816,18816,TARP,0.8296879313394059,3.4037558518203115,0.4938688084340458,0.2439063999440643,3.366820527788824e-05,0.1855218691018231,0.00016600295657847672
18817,18817,TARS,-0.6481749689261095,11.21831387847835,-0.6408905238480002,0.4107406635581641,1.1680268436960028e-08,0.09859747582193436,1.6477929185822113e-07
18818,18818,TARSL2,0.3057814518397458,5.283783127085319,0.29962912247067786,0.08977761103254847,0.016157625215338724,0.12365310553970332,0.03973803225873482
18819,18819,TAS1R1,-0.11787437863833655,7.4554901728711265,-0.07247473711082322,0.0052525875192829365,0.5692748369958233,0.2060123859841524,0.6950635202494674
18820,18820,TAS1R2,-0.014161489823479144,7.069892853368821,-0.013844339047628858,0.0001916657236657011,0.9135380118220976,0.1298970384350354,0.9477634094767174
18821,18821,TAS2R1,-0.008804784694644359,7.051287210916062,-0.0094352073851985,8.902313840170433e-05,0.9410138908886608,0.11850921282856434,0.9652971524747176
18822,18822,TAS2R10,0.26221186067733243,6.143281019379081,0.22759974132737235,0.0518016422522868,0.07049284299671035,0.14247357530052893,0.1392939606801499
18823,18823,TAS2R13,-0.19611440784600934,7.709558901181954,-0.1505078736069529,0.02265262001768651,0.2351849117142309,0.16359834755341973,0.3653726424543848
18824,18824,TAS2R14,-0.4401289876495193,8.438518447992317,-0.28267612518077045,0.07990579174721461,0.023622606926071803,0.1896754604733614,0.055362289283991874
18825,18825,TAS2R16,-0.045129669666570685,7.1614998699617525,-0.039406051352621936,0.0015528368832054774,0.7572034538828442,0.1453335676051754,0.8426584341077961
18826,18826,TAS2R19,0.54066437675365,5.468332713864919,0.3005582912642075,0.09033528644766016,0.015814919830051063,0.21789329795131815,0.03900149059557633
18827,18827,TAS2R3,0.13683495729798928,6.497286936335148,0.16084970777472873,0.025872628491215632,0.20418360353018733,0.10663230895810896,0.3273801224971277
18828,18828,TAS2R38,-0.253113123414251,8.02363000812424,-0.2029921397129484,0.04120580878524115,0.10767570530336894,0.1550608977227817,0.19735229778624244
18829,18829,TAS2R39,0.18423141413109234,6.353570814781149,0.17382110732972947,0.030213777353333325,0.1695521847311878,0.13255720358075027,0.28295719484847964
18830,18830,TAS2R4,-0.23296133091578355,7.890313154447903,-0.22425901796347816,0.05029210713794362,0.07483427992807531,0.1285680632326501,0.14645606252530238
18831,18831,TAS2R40,0.08769440542978049,6.739280220430339,0.05298515149777305,0.002807426279241962,0.6775423374407368,0.20989948862445265,0.7822193338402017
18832,18832,TAS2R41,0.21398277424001452,6.1941969335767375,0.1588192131531484,0.025223542466585185,0.21002901661004192,0.16893998248341605,0.3347448557216794
18833,18833,TAS2R45,-0.1612298024766003,7.525527212513878,-0.10770874567623384,0.01160117389514762,0.3969084578403702,0.18900122511810907,0.5390099494878475
18834,18834,TAS2R5,-0.20261092989493154,7.855875093397405,-0.1892395659486864,0.03581161332044723,0.13422492361496846,0.1335168353078075,0.23480416195832796
18835,18835,TAS2R50,0.06849369757659089,6.798143653365452,0.04004349776047287,0.0016034817128929954,0.7533993569123867,0.21705724697521545,0.8397323018734045
18836,18836,TAS2R7,-0.3633259887982331,8.271968180832491,-0.2614112789120083,0.06833585674241181,0.036932963206901766,0.1703750468268518,0.08103995523816575
18837,18837,TAS2R8,-0.23853598696491365,7.782373858604092,-0.19598962242835116,0.03841193209960764,0.12063596874700636,0.1515721881917442,0.21586282459233375
18838,18838,TAS2R9,-0.4452128108542804,8.43782264532131,-0.2544834221175061,0.0647618121326368,0.04242931042055098,0.2148688341492386,0.0912691682881724
18839,18839,TASP1,-0.3178720980866946,8.692310111931054,-0.4751851535818944,0.2258009301846485,7.25670213732795e-05,0.07475151912458723,0.00032765614008306245
18840,18840,TAT,0.3803856009732123,5.508001465616016,0.17801269743822562,0.03168852044923326,0.1593378623486065,0.26704520438382,0.2696298588511188
18841,18841,TATDN1,-0.30129325538967644,9.573155757649383,-0.639823890802791,0.40937461124202185,1.2569010875639688e-08,0.04596096816704449,1.745875115535455e-07
18842,18842,TATDN2,-0.24968196929628786,8.534097365408801,-0.12686016128671473,0.016093500521691274,0.31783252039141113,0.24793794186635676,0.45867577816841903
18843,18843,TATDN3,-0.1946844458701256,8.09913281247553,-0.304049257968114,0.09244595127096074,0.014582493219864531,0.07746895756028371,0.036342949784344165
18844,18844,TAX1BP1,-0.2070013018243081,8.903852571739376,-0.24481011841169426,0.05993199407674775,0.05121669463666975,0.10411840443736388,0.10670555343054489
18845,18845,TAZ,-0.3066448017823056,8.924848058800631,-0.2366475715789439,0.05600207313421138,0.0597402542639643,0.1598907097274796,0.12154032375856322
18846,18846,TBATA,-0.030858660303344675,7.1739390488791095,-0.03380800028593968,0.0011429808833340975,0.7908483286941344,0.11585463210863475,0.8654649564317505
18847,18847,TBC1D1,0.3652653931622481,5.271976990316551,0.3320194167617726,0.11023689310682763,0.0073556247496711575,0.13179119539888035,0.01998068915631321
18848,18848,TBC1D10A,0.2223634431918204,5.708149443060044,0.20115283607292456,0.040462463460180856,0.11097079136574547,0.13752206018082852,0.20202374838379303
18849,18849,TBC1D10B,-0.2966014323501857,9.014414506669528,-0.3983043778293865,0.15864637739805468,0.001115507312395306,0.08674642864622623,0.00373878824484141
18850,18850,TBC1D10C,0.1544410965644387,6.127568456652943,0.34706222058366204,0.12045218495646247,0.004959058019922177,0.053001653391008825,0.014104071634018223
18851,18851,TBC1D12,-0.1592252170229067,7.92176562399894,-0.2063668353957382,0.0425872707512517,0.10182712833227896,0.09587948641401926,0.18869300565082156
18852,18852,TBC1D13,0.14915852953051714,6.044625800585642,0.0995451134761931,0.009909229616988162,0.4338550020676418,0.1893519615733356,0.5748645544340963
18853,18853,TBC1D14,-0.14544524870614062,8.206825582851925,-0.172856703108517,0.029879439809545986,0.17196861254749854,0.105251991709941,0.2861738495901084
18854,18854,TBC1D15,-0.10779857015545373,7.676046256937286,-0.14162084574579406,0.020056463949753998,0.26430474572658524,0.09569527576685656,0.3994639355603855
18855,18855,TBC1D16,-0.4620116989956016,9.713381941726084,-0.6724406261328459,0.4521763956739339,1.165001755226429e-09,0.06458379407071678,2.4158166839193846e-08
18856,18856,TBC1D17,-0.24479783203378144,8.56727121286575,-0.3001972894272222,0.0901184125794514,0.015947320103372287,0.09878645351941898,0.03926986773237741
18857,18857,TBC1D19,-0.199373712771114,8.033818768297156,-0.5061894106386229,0.2562277194426764,1.9788918459890517e-05,0.04313988573815748,0.00010303655427961749
18858,18858,TBC1D2,-0.2634093398999674,8.778317402585657,-0.5419302462383043,0.2936883917879092,3.748748181456903e-06,0.05187882206653848,2.3584875615760965e-05
18859,18859,TBC1D20,-0.059510608027378425,7.390526438654497,-0.061030523362142076,0.0037247247818569702,0.6318900578642399,0.1236064474952092,0.7456178728776218
18860,18860,TBC1D21,0.19567902467039974,6.170982802408108,0.2508065491327384,0.06290392508787274,0.045610272224624784,0.09591833179939037,0.0970512375969588
18861,18861,TBC1D22A,0.2554676385242013,5.20518980478144,0.2081770297333453,0.04333767570859812,0.09879326416570652,0.15243566032167835,0.18414082154025865
18862,18862,TBC1D22B,0.7056449565113222,3.63531015375633,0.4014456098739539,0.1611585776870708,0.0010099369038179414,0.20445776927135906,0.003426317351116641
18863,18863,TBC1D23,0.2655414420791324,4.6956661747116675,0.3089078637051732,0.09542406825889388,0.013005232164663335,0.1038317119848622,0.032858278208585286
18864,18864,TBC1D24,-0.4239827856873338,9.053036463310477,-0.5959987088537757,0.3552144609553677,2.037286818264012e-07,0.07254620598757193,1.835168304887986e-06
18865,18865,TBC1D25,0.1139842063334298,6.259740460973895,0.09927569506368276,0.009855663630377327,0.4351064565924867,0.14509590387869692,0.5759661542582248
18866,18866,TBC1D27,0.1275391603580093,6.37991691532902,0.1932979259851806,0.03736408819017236,0.125923034445892,0.08221509144746504,0.22342181982185919
18867,18867,TBC1D28,-0.02828251110525648,7.107257947723973,-0.024042591483128112,0.0005780462052245844,0.8504243100698852,0.14935345957529408,0.906430006130992
18868,18868,TBC1D29,0.08057212896315402,6.654745129990041,0.08159080652413837,0.006657059709259381,0.5215670745141727,0.1249963619914272,0.6546864272049487
18869,18869,TBC1D2B,0.26245758857532797,5.519794114812096,0.1738414305809875,0.030220842986444292,0.1695015310724986,0.18881931822811476,0.28289446284200054
18870,18870,TBC1D30,-0.20675033779071972,7.948370750373548,-0.28995788137176776,0.08407557296960415,0.02011925521666694,0.08666530822642991,0.048178975087572996
18871,18871,TBC1D31,-0.3319642405988955,8.534576742590383,-0.5354725701350411,0.2867308733670265,5.135513192655525e-06,0.06649438036650986,3.1194821370814984e-05
18872,18872,TBC1D32,-0.2798646919116846,7.918619329054733,-0.2857006885694815,0.08162488344907587,0.02210933866821881,0.1192205258151876,0.05222839847935839
18873,18873,TBC1D4,-0.03787620706396788,7.305016081657939,-0.060722401390042736,0.003687210030573465,0.6336148372980471,0.07907142249882915,0.7470613364323619
18874,18874,TBC1D5,-0.34924995822115185,9.62900017345554,-0.3882137831698007,0.15070994144300906,0.001525345204492173,0.1052925364463538,0.004930052298996717
18875,18875,TBC1D7,-0.3518252087496185,8.879456944175903,-0.5282169642737178,0.27901316134654197,7.258460511567505e-06,0.07182612430298385,4.244719480907219e-05
18876,18876,TBC1D8,-0.0576258212434724,7.318570650064455,-0.04461075090570715,0.001990119096371052,0.7263188776280805,0.16388876024734758,0.8206795445303211
18877,18877,TBC1D8B,-0.19065925426300712,8.059270608794076,-0.303480296622002,0.09210029043777833,0.014777534476638522,0.07602395933777663,0.03676556859967914
18878,18878,TBC1D9,0.17248490040392395,6.022606302685293,0.7300802400805401,0.5330171569560589,7.641712427419039e-12,0.02050383534946373,4.4128342030869143e-10
18879,18879,TBC1D9B,-0.42846253203107104,10.363193124472527,-0.31546607745022104,0.09951884602182884,0.01111103062824207,0.16368227531719842,0.028654206056279864
18880,18880,TBCA,-0.4221554332721522,11.471465373701026,-0.6879381122412153,0.4732588462740069,3.378308903567483e-10,0.05656213491897879,8.98738075021546e-09
18881,18881,TBCB,-0.32091473581630503,9.928228637268658,-0.5405243362249263,0.29216655805139724,4.016874951456383e-06,0.06343721395314171,2.5111266476266736e-05
18882,18882,TBCC,0.2253047988344169,5.209915213738461,0.2629326240024869,0.06913356476483315,0.035808793292820114,0.10499625456230244,0.078925131680002
18883,18883,TBCCD1,-0.10512972543737968,7.579350754164042,-0.2500820954353789,0.06254105445734996,0.046259571463904026,0.05169198559216273,0.0981531471733139
18884,18884,TBCD,-0.4820824345248324,9.753964364618287,-0.5054099944448536,0.2554392624847469,2.047801059046898e-05,0.10452777415865644,0.00010616502737290059
18885,18885,TBCE,-0.26775599731788885,8.833707246466737,-0.5748561314044773,0.3304595718133217,6.771530683069679e-07,0.04840303538048743,5.223993478513498e-06
18886,18886,TBCEL,0.3223145946541787,5.454212904911278,0.4111546310802133,0.16904813065870633,0.0007381732909544201,0.09075422963601604,0.002585337637977999
18887,18887,TBCK,-0.16633350518628087,8.360883359069518,-0.29212988541610185,0.0853398699532248,0.01916408535016772,0.06915726040771211,0.046162210039808894
18888,18888,TBK1,-0.3353601776072361,9.652125864118746,-0.3867550551204084,0.14957947266119012,0.0015946465917256695,0.10155387854194348,0.005125654369678306
18889,18889,TBKBP1,0.29829505547489554,5.293327255900368,0.3565937980881797,0.12715913683495347,0.003824805371418925,0.09925307238739547,0.011170082308574083
18890,18890,TBL1X,-0.013986314404035662,7.087874794464463,-0.011071695607093543,0.0001225824436161345,0.93080626011692,0.16042301883099225,0.9589709102636615
18891,18891,TBL1XR1,-0.18039072550097565,8.341846002299686,-0.1940760646342944,0.03766551886393482,0.1243768316714084,0.1158002259593708,0.22125854677107934
18892,18892,TBL1Y,-0.2561742252513832,8.067484961193923,-0.24584333120886434,0.060438943499871375,0.05021243434784712,0.1282754829564188,0.10503769955589543
18893,18893,TBL2,-0.531537903237874,10.416098825830788,-0.4235288071386744,0.17937665047630846,0.00048824633339509133,0.14438676100547848,0.0017838660957770717
18894,18894,TBL3,-0.6925374472705307,10.58370364126326,-0.5995557260219709,0.3594670686057327,1.6503632763632182e-07,0.11740554081406138,1.5292518934379757e-06
18895,18895,TBP,-0.2575950265373516,8.769157195021974,-0.3562865385912557,0.12694009758133834,0.003857432445454788,0.08579544602189436,0.01125625921120111
18896,18896,TBPL1,-0.08190762948226687,7.705624399719305,-0.1220049187316531,0.014885200194717278,0.33685573831872306,0.08462420352494084,0.47902620260651085
18897,18897,TBR1,0.038682263974647815,6.8846258973703485,0.02792443424230217,0.0007797740277526577,0.8266226248132793,0.1758580547021619,0.8909717256648033
18898,18898,TBRG1,-0.005022492753683322,7.0450655545543865,-0.005665297188593627,3.2095592235086855e-05,0.9645620885373968,0.11258844153398144,0.9790293896075617
18899,18899,TBRG4,-0.3154701370551774,8.420651407282335,-0.4743058776740135,0.22496606559611626,7.515602564005728e-05,0.07436426028832513,0.00033814746213077924
18900,18900,TBX1,0.04728735168724983,6.812784382621686,0.0413504700487224,0.0017098613732502881,0.7456180477653156,0.1451099148365043,0.8345234041946408
18901,18901,TBX10,0.2316291648415036,5.711084938704918,0.601244252438366,0.3614946510901696,1.4919954415590774e-07,0.039095676159912746,1.4065808135377371e-06
18902,18902,TBX15,-0.008764851013887272,7.0530185108179575,-0.009570223927291838,9.158918601850921e-05,0.9401713418676272,0.11630722786906472,0.9647876501057067
18903,18903,TBX18,-0.11674062811399928,7.398901521156086,-0.08794202048408388,0.007733798966823026,0.4895588695167352,0.16793601395396032,0.6261900365850503
18904,18904,TBX19,0.232626991425278,5.754181435274912,0.20696332156339856,0.04283381647255472,0.10081953498531422,0.13965759109970502,0.18717824332192895
18905,18905,TBX2,0.3479380903318887,5.300035145754865,0.2896770463449338,0.08391279117912492,0.020245665881173762,0.14600255529474354,0.048417437289543654
18906,18906,TBX20,0.08437031216025412,6.731715593584564,0.06546596277378497,0.004285792281898601,0.6072818096865835,0.16332234390401684,0.725715335178134
18907,18907,TBX21,0.1862465225092932,6.1512264212443855,0.22677171896426845,0.051425412522009134,0.07154963965445353,0.10158724405274423,0.14112464220030888
18908,18908,TBX22,-0.0720263471534097,7.225187238066622,-0.044431904328525486,0.0019741941222592425,0.7273733001708306,0.20567026297114926,0.8214160144738725
18909,18909,TBX3,-0.2933218022935,8.545999340505471,-0.7406244936403006,0.5485246405799517,2.6462384099412054e-12,0.033796167626393064,2.0687470313096318e-10
18910,18910,TBX4,-0.07644812918551329,7.3334832199837106,-0.10220515754485482,0.010445894228768592,0.421608484420512,0.0944969905515782,0.5625617386609769
18911,18911,TBX5,0.10088621711108094,6.624074611069894,0.07406445186826109,0.005485543030545964,0.5608109617432627,0.1725169336495271,0.6882743018221035
18912,18912,TBX5-AS1,0.014529789681793132,6.967592442261711,0.009236810810967996,8.531867395761527e-05,0.9422520694052948,0.19976661342497573,0.9658337673953526
18913,18913,TBX6,-0.04939769669094773,7.244258728000807,-0.038188400672419534,0.0014583539459172526,0.7644859446143208,0.16415815986236035,0.8474937611663315
18914,18914,TBXA2R,0.4680165892183567,4.344668685712216,0.34614245383492304,0.11981459834686185,0.005082817347144216,0.16110076957657002,0.01442007201001022
18915,18915,TBXAS1,-0.3111219066204776,8.649117306845044,-0.7382005048779023,0.54493998540199,3.391949182269904e-12,0.03610727778643956,2.505306188722739e-10
18916,18916,TC2N,-0.3107936073612249,9.087275817566963,-0.515216816500076,0.26544836800447297,1.3230164975329303e-05,0.06565946908521708,7.206182627326339e-05
18917,18917,TCAIM,-0.2634322016272416,8.618364982307915,-0.5487124216681076,0.3010853216928792,2.674444640537074e-06,0.05097301303446042,1.7402373404696615e-05
18918,18918,TCAM1P,-0.2299509016511913,7.724857882809499,-0.1472681956508629,0.02168792145026084,0.245532100654254,0.19614128399597072,0.3773864461401001
18919,18919,TCAP,0.07780835945752491,6.557107139396436,0.08377759296841113,0.007018685083580768,0.5104290488038057,0.11753658645852065,0.6448480865670855
18920,18920,TCEA1,-0.4039800365751289,9.560804786417913,-0.199798654903399,0.03991950250120753,0.11344602114348172,0.2516085084360935,0.2057343260917927
18921,18921,TCEA2,0.36668778428406457,5.2704580767807325,0.4191139921325558,0.17565653840128806,0.0005668576536962806,0.1008840564111549,0.0020421398254521638
18922,18922,TCEA3,0.33438637237162944,4.460479911529991,0.4775974272121239,0.22809930247964,6.58806201642519e-05,0.078121660029087,0.00030104343314135365
18923,18923,TCEAL1,-0.35560716189000274,9.734937844918905,-0.528893392199232,0.2797282203120107,7.030436358673535e-06,0.0724694078757154,4.129213434962717e-05
18924,18924,TCEAL2,0.5009899080475061,5.340108055308791,0.4707344651768542,0.221590936705339,8.65721175574618e-05,0.1192507387292372,0.0003828565564918349
18925,18925,TCEAL3,0.2260176775461787,5.359172633056762,0.5795372432734408,0.3358634163409793,5.228201920028869e-07,0.04036397370102463,4.171581156161576e-06
18926,18926,TCEAL4,-0.0945004252175723,7.786555145504012,-0.15720148530316613,0.02471230698152156,0.21476998976417647,0.07539588525342036,0.34011138229839666
18927,18927,TCEAL7,0.224370638109528,6.188359702532947,0.5601270271917362,0.313742286590652,1.4894683485197985e-06,0.042143176697792654,1.0408014548950062e-05
18928,18928,TCEAL8,-0.026013199079685863,7.242518971425681,-0.037877700129693256,0.0014347201671149645,0.7663474602530329,0.08715705539082533,0.8486884653666477
18929,18929,TCEANC,0.3921208444732181,5.391334023795849,0.2191255060800824,0.04801598741485223,0.08191788955152134,0.22174098883175508,0.15780908266508267
18930,18930,TCEANC2,-0.4745805339480279,9.331458317551636,-0.2968364297896716,0.08811186605027865,0.017226239003746733,0.193895468172304,0.0420699453734223
18931,18931,TCEB1,-0.3891211448096514,9.884316657795294,-0.68360736553655,0.4673190302158223,4.811067239979852e-10,0.05276134324934169,1.1895226002588228e-08
18932,18932,TCEB2,-0.3530169113961281,10.279110551911694,-0.3272770335835343,0.10711025671123782,0.008296936288575812,0.12944433632514735,0.022217157824794016
18933,18933,TCEB3,0.2780158875528712,5.337598395589506,0.16524402490197926,0.027305587765805942,0.19193068842112104,0.21073477894131906,0.3120080367659617
18934,18934,TCEB3-AS1,-0.2040892338917011,8.25246509752978,-0.2715322713798678,0.07372977440071017,0.029976491636971074,0.0918695629319746,0.06783843395481429
18935,18935,TCEB3B,0.203354649149195,6.360204854861128,0.17709287839593668,0.03136188757855802,0.16153947324806056,0.1435284321147475,0.2724830419992796
18936,18936,TCERG1,-0.28760172028467823,8.517916365729375,-0.3866464196476923,0.14949545382637938,0.001599919039204926,0.08712042019544551,0.005141155482116438
18937,18937,TCERG1L,0.10403590392005772,6.663320777172449,0.0919238591851408,0.008449995887489596,0.4700310158613729,0.14312531704108142,0.6079996206008023
18938,18938,TCF12,-0.3238976483683217,9.071301917894226,-0.6482060679952042,0.4201711065858033,7.008981868538186e-09,0.048322432079077486,1.0756874724535396e-07
18939,18939,TCF15,0.1705847460222702,5.978913295902553,0.2983204991154644,0.08899512019249978,0.016651071209854183,0.06931410232603387,0.04084029301726043
18940,18940,TCF19,-0.25744153482799154,8.616557277395838,-0.6014696573122925,0.3617657486673666,1.4719728121842116e-07,0.04342692730386078,1.390125217961147e-06
18941,18941,TCF20,-0.8237569099638283,12.072396532705776,-0.5769579620544472,0.3328804899780209,6.032042059419261e-07,0.14810198377715078,4.720775959404557e-06
18942,18942,TCF21,0.17819004223838295,5.995376006293961,0.7466198418772285,0.5574411882847777,1.415009768168875e-12,0.020163854493260226,1.3094887405853415e-10
18943,18943,TCF24,-1.0380233350459966,9.879289060344991,-0.470812751173779,0.2216646466678228,8.630562279838691e-05,0.24702814327006556,0.0003819636749844816
18944,18944,TCF25,-0.4058840558448527,10.108082919906208,-0.2697602209666059,0.07277057681595205,0.03110826759030948,0.1840017019989294,0.0700550680811306
18945,18945,TCF3,-0.7409673923288087,11.723296383157544,-0.6749965064695331,0.4556202837460745,9.547294570475345e-10,0.10286146230184344,2.0553694116166024e-08
18946,18946,TCF4,0.1962119242067334,5.749183935292406,0.6458667267850107,0.4171438287679836,8.264689538938014e-09,0.029455563818548195,1.2314096895781757e-07
18947,18947,TCF7,-0.3541189757260496,9.430493187609882,-0.4556821556860627,0.20764622701069715,0.00015448927979718892,0.08785184721727604,0.0006397906586360922
18948,18948,TCF7L1,0.27823915860232906,5.648285959611149,0.4887007573366618,0.2388284302214269,4.18234660710363e-05,0.06308421074689932,0.00020153252286788853
18949,18949,TCF7L2,0.14523199735205908,5.770099626966855,0.2117027142253645,0.04481803921038634,0.0930867634400806,0.0851496947254369,0.17539318387670283
18950,18950,TCFL5,-0.2341657804069951,8.395642571674093,-0.4940770256399548,0.2441121072652245,3.337281439458313e-05,0.05233131164548525,0.00016473405418616314
18951,18951,TCHH,-0.07131565743017029,7.2592633731271015,-0.06235738431441774,0.0038884433785359904,0.6244850677578281,0.1449623247246503,0.7391183431720073
18952,18952,TCHP,-0.32180225798353235,8.977811737143274,-0.3995824298377196,0.15966611823501614,0.0010714092263215964,0.09375896316527324,0.0036088609108717016
18953,18953,TCIRG1,-0.20310377875627808,8.482543770685098,-0.3852426488294634,0.14841189847714126,0.0016694707080936806,0.06178777990998181,0.005335358350615209
18954,18954,TCL1A,0.08465086717848733,6.5581036761868265,0.3182933260517413,0.10131064140908007,0.010371254333558537,0.03201937377401468,0.0270388882277102
18955,18955,TCL1B,0.18301947058460635,6.08596330163192,0.1779789889234002,0.03167652049819581,0.15941815162888248,0.12851178207926658,0.26968206183293886
18956,18956,TCL6,0.27725962794805115,5.837305579068277,0.1746528218651242,0.030503608185450812,0.16748825316359334,0.1985126939193484,0.2802687676576473
18957,18957,TCN1,-0.05268380879314969,7.3941184055952505,-0.7700979349290338,0.5930508293819623,1.0201185104685643e-13,0.005542496725265124,1.8720903681522678e-11
18958,18958,TCN2,0.2773055537528853,5.047395952378754,0.5831496541598581,0.3400635191467621,4.270309371712099e-07,0.04906070318520439,3.485621916487957e-06
18959,18959,TCOF1,-0.3830862919826905,9.26258843654849,-0.3534222132378691,0.12490726080995382,0.004173655351025493,0.12877571357598525,0.012097511260401157
18960,18960,TCP10,0.007257292176423645,6.987762087498862,0.008503574421129928,7.231077793569518e-05,0.946829302937866,0.10838309377281116,0.9684294613224773
18961,18961,TCP10L,0.07743427528388555,6.6616368563291015,0.0720698556397294,0.0051940640919314355,0.5714399516876167,0.13609837042403555,0.696532557765922
18962,18962,TCP11,-0.12445933619997893,7.511642756895688,-0.2234002133837888,0.04990765533992235,0.07598407824978712,0.06896535266831573,0.14837107434618033
18963,18963,TCP11L1,0.4837210853609379,4.7230010335034835,0.3561425197565876,0.12683749437857136,0.0038728101387133225,0.16118435513989374,0.011296565672661234
18964,18964,TCP11L2,0.3102562374777685,5.8021548893075385,0.2306101860662638,0.05318105791751681,0.06675548163661403,0.16625689271111474,0.13308690433077489
18965,18965,TCRBV12S3,0.1304310289657467,6.483572804378588,0.12622659460178834,0.015933153184764227,0.3202751348651353,0.13018067235229114,0.4613555541478418
18966,18966,TCRBV15S1,0.19357618593515089,6.100602637781451,0.262804001875936,0.06906594340200697,0.035902721266416415,0.09025755588285002,0.07907440478358768
18967,18967,TCTA,0.4725272763427556,3.2433058631131133,0.5621261393606812,0.315985796552544,1.3413167782720814e-06,0.08829372047794543,9.507762629617652e-06
18968,18968,TCTE1,0.05705846777806331,6.7598213614911975,0.05812458982567537,0.003378467942403005,0.6482331883081025,0.12445991273824497,0.7587422135458602
18969,18969,TCTE3,0.17194512475126975,6.246995642654411,0.15774494681883436,0.024883468246876882,0.21316898091234135,0.13669946833929816,0.33829499908843175
18970,18970,TCTEX1D1,-0.02620605134583555,7.107391937694149,-0.01794891351864325,0.00032216349649973443,0.8880496415105192,0.18539482597165527,0.9310219809279533
18971,18971,TCTEX1D2,-0.16466883973019597,7.904452485078147,-0.4196071582842685,0.1760701672833992,0.0005575388651530495,0.045239501034693035,0.002011245064949073
18972,18972,TCTN1,-0.4314950989995984,9.675533889594146,-0.4578924386284701,0.2096654853531273,0.00014213235640507524,0.10639519743996666,0.0005930397260022937
18973,18973,TCTN2,-0.3701862074771552,9.123072357644089,-0.3211750545024708,0.1031534156346651,0.009661598971978068,0.13862503270620385,0.025391010405119548
18974,18974,TCTN3,-0.3614553080843798,10.050524139113877,-0.26753582328707154,0.07157541674189118,0.032579377660434394,0.16532941732531542,0.07286783962370448
18975,18975,TDG,-0.10192895849080676,7.852232576590141,-0.20233486680573728,0.04093939832529545,0.10884440926335416,0.06265475545910489,0.19890512089434045
18976,18976,TDH,-0.036295195936322584,7.1371731054852665,-0.0215360647284448,0.00046380208398776436,0.8658655507397779,0.21398642142699414,0.9170205165192884
18977,18977,TDO2,0.0967669141659062,6.654887592635389,0.16671725298160864,0.02779464244173369,0.1879433739546484,0.07268244133139072,0.3068622304899277
18978,18978,TDP1,-0.39697715831285213,9.265440577613553,-0.5379400936106274,0.28937954431381063,4.557054921547167e-06,0.07900500629678925,2.808281853332496e-05
18979,18979,TDP2,0.28371898895079056,3.6359102930912233,0.7202312916379283,0.5187331134544385,1.9696869534788392e-11,0.034706719297215784,9.094578033600057e-10
18980,18980,TDRD1,0.2026419667688155,6.362620962835735,0.160683152597537,0.025819075528683358,0.20465869098687908,0.15808221549595491,0.32802042434467227
18981,18981,TDRD10,0.17190005018802576,6.068014197353867,0.1475675907164529,0.02177619382985856,0.2445630099656269,0.14632154756614013,0.37632430759650753
18982,18982,TDRD12,0.031241510003125562,6.897844479719838,0.03368777318627237,0.0011348660622497314,0.7915753378755661,0.11771106646789806,0.865779278837082
18983,18983,TDRD3,-0.1570862902804668,8.000362404091115,-0.13740972372465735,0.01888143217408667,0.2789159176357383,0.1438088852693919,0.4163168042736361
18984,18984,TDRD5,-0.3830168527543854,8.633059146050185,-0.5199996374571617,0.2703996229555796,1.0638721570626787e-05,0.0799027124730456,5.9545493825774896e-05
18985,18985,TDRD6,-0.5507096237889291,8.859612469244574,-0.4020452966762399,0.16164042057948574,0.0009908397371566112,0.1592821102720304,0.0033699755784712447
18986,18986,TDRD7,0.3757132791074963,4.0356568419673176,0.4816338287261018,0.231971144973364,5.595062976052693e-05,0.08682253971096021,0.00026022570607049195
18987,18987,TDRD9,-0.09662587667968517,7.3101154728348945,-0.06871601861376199,0.004721891214126884,0.5895199133731048,0.17816067103444985,0.7110819207984507
18988,18988,TDRG1,-0.042569098914698816,7.249741733504572,-0.06645758171907336,0.004416610167947314,0.6018378205481505,0.08116950541698435,0.7208804692720946
18989,18989,TDRKH,-0.5911788305635239,9.341991118688934,-0.5530720520434107,0.3058886947515092,2.144148159250651e-06,0.11309824743081608,1.4296445385488752e-05
18990,18990,TDRP,0.2829771080475747,5.781027834293653,0.4126516409526878,0.17028137678094596,0.0007027528267879474,0.07932997212782329,0.002474892253064401
18991,18991,TEAD1,-0.4199935066761453,9.381884395978224,-0.6018340825810662,0.3622042629561936,1.4401361355472096e-07,0.07078003264924895,1.36303094472355e-06
18992,18992,TEAD2,-0.333652569978743,8.975085710065123,-0.5022669795023406,0.2522721186984046,2.34891337575752e-05,0.07295176266165597,0.00012044925207679162
18993,18993,TEAD3,-0.0072406443351313065,7.0567639078562285,-0.009566498818213757,9.151789963888516e-05,0.9401945869397704,0.09611882972124457,0.9647876501057067
18994,18994,TEAD4,-0.21713681478647512,8.312654701209564,-0.7816538519864389,0.6109827443252377,2.4876653349142217e-14,0.02200430107242961,6.121635548587212e-12
18995,18995,TEC,0.0070779582845488815,6.984554495135558,0.007703704780657614,5.9347067347526976e-05,0.9518244433146408,0.11668086364290015,0.9706502623017916
18996,18996,TECPR1,0.05160572820623016,6.666285239686962,0.06343674657794293,0.004024220816394152,0.6184884519627558,0.10310638322775437,0.7346882845448972
18997,18997,TECPR2,-0.4617409770742308,9.61888383364752,-0.41065870751318895,0.16864057405640293,0.0007502590735145009,0.13020148857908406,0.002623423258026242
18998,18998,TECR,-0.7732955444699307,12.050491386261248,-0.565073647964625,0.3193082276240489,1.1478913341735384e-06,0.14339032833293386,8.30524117658803e-06
18999,18999,TECRL,-0.05575605457519472,7.166856321209253,-0.023773801938749582,0.0005651936586228933,0.8520775947999049,0.2977657789860262,0.9074328865639786
19000,19000,TECTA,0.10020859518824182,6.612805740436647,0.0744783419968904,0.005547023426605767,0.5586171437471494,0.17040065315169162,0.6861906091011697
19001,19001,TECTB,0.40847653878339296,4.716907374121128,0.4224075119545186,0.17842810615560675,0.0005072122096138323,0.11131723914630197,0.0018450664201558103
19002,19002,TEDDM1,-0.1902734233947536,7.641813106644753,-0.14118352972017273,0.019932789064246892,0.2657976589728169,0.16944399477146166,0.4011882836172266
19003,19003,TEF,0.4388969275537674,4.9335627847169805,0.6294741918274948,0.3962377581768777,2.523807146119608e-08,0.0688052760717691,3.091235506177608e-07
19004,19004,TEFM,-0.014633155516543062,7.107341985672778,-0.018096052547424087,0.0003274671177991338,0.8871378824769396,0.1026803107871033,0.9304935990040748
19005,19005,TEK,0.3587334991224251,5.082374958960198,0.3839330334300029,0.14740457415876373,0.0017367909957761204,0.10957011258337908,0.0055260371750708035
19006,19006,TEKT1,0.05075336927297197,6.7732224537424885,0.04088494260848755,0.0016715785320993212,0.7483867982619954,0.1575224140109675,0.8361529313983856
19007,19007,TEKT2,0.14295374561059526,6.3828193958870045,0.19122122441071085,0.036565556665131435,0.13012104931488525,0.09319115274458398,0.22937681859565234
19008,19008,TEKT3,-0.0632536873470382,7.227315845212908,-0.05457910169372537,0.002978878341694015,0.6683987524741906,0.14696563614200822,0.7749732282930126
19009,19009,TEKT5,-0.009455594811601895,7.055944575592156,-0.008082389782624254,6.532502459826894e-05,0.9494593350791862,0.14857270565140832,0.969516758671183
19010,19010,TELO2,-0.4353395871109234,9.763761638470033,-0.6783779541893891,0.4601966487301807,7.314579738778287e-10,0.059879529420319634,1.6568747305778642e-08
19011,19011,TENC1,0.2762623891712158,5.301009774693334,0.4555646838062942,0.2075391811315288,0.00015517283407421245,0.06855904645445808,0.0006422530049459232
19012,19012,TENM1,0.379314828828305,5.777149943586572,0.17424693458295248,0.030361994211555717,0.1684931659677373,0.27223480258018296,0.2816674007280648
19013,19013,TENM2,0.5204083871610127,5.069985931060829,0.4434319811566936,0.19663192191255024,0.00024274552588033263,0.1335914660724531,0.0009540207555242474
19014,19014,TENM3,0.21857647886285397,6.1275508934483565,0.19287107851275867,0.03719925292667472,0.12677738400063293,0.1412240561868299,0.22464317572487574
19015,19015,TENM4,0.12622149499311272,6.370493968816249,0.11777315795058077,0.013870516733652449,0.3540061905728814,0.13516309457440867,0.49656717559630437
19016,19016,TEP1,0.24379871166957404,5.689873266657215,0.4068728950027003,0.16554555268787838,0.0008485906455190358,0.06951493472774566,0.002930818250193735
19017,19017,TEPP,-0.05496784561529845,7.214426017315304,-0.07341332801714417,0.005389516730552806,0.5642704469951474,0.09483408864784404,0.6910120378245562
19018,19018,TERF1,-0.29973437650385404,9.326633359414341,-0.4978796228181232,0.24788411881751665,2.8383123561902723e-05,0.06630690210382599,0.0001427064176301378
19019,19019,TERF2,-0.429024201514172,9.258856686534617,-0.2401818343970161,0.05768731357431569,0.05591853277149063,0.22021318006806634,0.11507325165510116
19020,19020,TERF2IP,0.123563402552882,6.013005608166988,0.16009864938341267,0.025631577534392904,0.2063321513709558,0.0967537811739096,0.33028701492741336
19021,19021,TERT,0.1083698964259151,6.494503573946898,0.10063509554009736,0.010127422454364522,0.42881277761826503,0.1360670586811308,0.5698294489030148
19022,19022,TES,-0.08150409363605862,7.656105737951442,-0.0757163037341561,0.00573295865116298,0.5520797385895079,0.13631564235956595,0.6806311835556955
19023,19023,TESC,-0.2753059470276588,8.452341269314429,-0.6472334070605422,0.4189110832151976,7.507370740228579e-09,0.04117940989770396,1.1384601777286405e-07
19024,19024,TESK1,0.28236099370579404,4.985695984359491,0.21721613535531206,0.04718284945869728,0.08468409843198625,0.1611467522510981,0.16220008416280401
19025,19025,TESK2,0.2300770766701921,5.58779751373974,0.5563213561175653,0.3094934512724869,1.8148169258580296e-06,0.043645118279403525,1.2358446707375985e-05
19026,19026,TESPA1,0.4600552388149724,5.037113516154267,0.5644463647551757,0.3185996986853329,1.1867207495775786e-06,0.08544617298683163,8.557588355678477e-06
19027,19027,TET1,-0.3133646242615122,8.195393806264759,-0.31763995487221924,0.10089514093122548,0.010538305176275664,0.11880211418743387,0.02741554524174069
19028,19028,TET2,0.033414318309955164,6.850229816531924,0.028620835439801543,0.0008191522212722,0.8223683538868585,0.1482096577983585,0.8882323593507584
19029,19029,TET3,0.4411810498485539,4.222597051829902,0.3070462575879193,0.09427740429874687,0.013591251904459598,0.1736659986130354,0.034131805635054226
19030,19030,TEX10,-0.33117801957722753,8.909014810064521,-0.5805437895056171,0.33703109153354216,4.942749248652256e-07,0.058989845314943425,3.976048847680706e-06
19031,19031,TEX101,-0.009898282232479036,7.059884803240237,-0.009521807419106064,9.066481652654328e-05,0.9404734698370762,0.13201549426322193,0.965028098432614
19032,19032,TEX11,0.2165637960848717,5.8457113963914535,0.7812373144333952,0.6103317414631035,2.621339332636792e-14,0.02197629861100952,6.378101488567385e-12
19033,19033,TEX12,0.04487725190322715,6.881965090555152,0.020364021878504727,0.0004146933870682192,0.8731033604933776,0.27981873361648,0.9215294197067724
19034,19034,TEX13A,0.18808943774219844,6.227919068450238,0.17287925636249604,0.029887237280449633,0.1719118171801035,0.13609331308785078,0.28610132193630045
19035,19035,TEX13B,-0.05700722627405368,7.290108887820022,-0.07030441259097954,0.004942710429762682,0.5809250802589174,0.10272485211310364,0.7043635281638778
19036,19036,TEX14,-0.15408301191339666,7.529546775325022,-0.1302130761316721,0.016955445195672634,0.3051047903795441,0.14900159475306687,0.4446493193128089
19037,19037,TEX15,-0.021079339162386683,7.084911350833679,-0.011048615583531748,0.00012207190631266057,0.930950148974909,0.2422851376649492,0.9590376263627394
19038,19038,TEX19,-0.2768775722327779,7.9648475824633325,-0.23209368070396594,0.05386747662271449,0.06497323171602874,0.14736847975646342,0.13020500951421454
19039,19039,TEX2,-0.039173403897640166,7.307931328238347,-0.04199679380204986,0.0017637306896518933,0.7417793160117216,0.11835755970101802,0.8320762024467149
19040,19040,TEX22,-0.0013540107079865772,7.021752509753537,-0.0015412037004382704,2.375308846244618e-06,0.9903565036142048,0.11157469164938637,0.9942130678116733
19041,19041,TEX26,-0.0998174824826056,7.339508934394296,-0.07100145731246567,0.005041206940493885,0.577171511554673,0.1780926728695634,0.7011078186299682
19042,19042,TEX26-AS1,0.04086456144120817,6.8581633218261375,0.028842172430910445,0.0008318709105343705,0.8210172802799768,0.17986319971083425,0.8873149276070718
19043,19043,TEX261,-0.191819288114332,8.524705576051087,-0.1421695939907496,0.020212193455494583,0.2624394173862514,0.16961166684386328,0.3973102337457546
19044,19044,TEX264,-0.3573032766565297,9.653557581758918,-0.3833451293115343,0.14695348816687695,0.0017677960634959633,0.10932954993955722,0.005612602825527204
19045,19045,TEX28,0.15987576441307705,6.316812951536784,0.21428525515181168,0.045918170575477035,0.08907305058994439,0.09255232073606867,0.1692932954880536
19046,19046,TEX29,-0.1294933204291318,7.491427631470146,-0.11165381659201372,0.01246657475956304,0.379739358153344,0.14637059947681386,0.5226756372472295
19047,19047,TEX30,-0.211181645968432,8.279162785760091,-0.5861945168124174,0.3436240115409435,3.5937378886767847e-07,0.0370676383010395,3.0012492857422204e-06
19048,19048,TEX33,0.12563544826812556,6.586239434703926,0.1318432586300358,0.01738264484618651,0.2990375016839955,0.1199639164411834,0.43831441038086655
19049,19049,TEX35,0.18488425181485865,6.1698880261800335,0.214346279272328,0.04594432743789082,0.08897988050579206,0.10699783376072834,0.16920085285852887
19050,19050,TEX36,0.4128757769327853,5.648951328009701,0.26346052870343617,0.06941145018469412,0.035425422823780126,0.19199364441883954,0.07826336780748404
19051,19051,TEX36-AS1,-0.011372139573709738,7.050550845859503,-0.007183029953995762,5.159591932000037e-05,0.9550770325216048,0.20106082250123716,0.9730507240298919
19052,19052,TEX37,0.1455982465827223,6.28867418908993,0.1819512527778708,0.03310625838743663,0.15016085038997046,0.0999297094221096,0.25711498499207797
19053,19053,TEX38,0.2594332122560869,6.000131839318378,0.3090761095163873,0.09552804147378584,0.012953360357434955,0.10138223118805913,0.03275014810744355
19054,19054,TEX40,0.0889667044241447,6.5434618976824925,0.133053757495115,0.017703302383568868,0.2945833911824574,0.08416390101277534,0.4332520603135096
19055,19055,TEX41,0.04027793992592192,6.8925475688063695,0.027980588238214026,0.0007829133181564812,0.8262793977761949,0.18274457386918747,0.8907347848886649
19056,19056,TEX43,0.3780223147205681,5.746403336643037,0.2931365504175233,0.0859290371906852,0.018734673220571516,0.1565819062669871,0.0452738922655369
19057,19057,TEX9,-0.6102731987246868,9.077040923422313,-0.5036335044863786,0.2536467068412311,2.213273607493752e-05,0.13294930317666406,0.00011400675540027878
19058,19058,TF,0.4798394701034649,5.080694489695769,0.2446277415568611,0.059842731939210414,0.051395652773893775,0.2415431201917568,0.10698575995565411
19059,19059,TFAM,-0.24649357686137124,8.731301089867557,-0.4057457438681233,0.1646296086670967,0.0008800403693096799,0.0705172436311083,0.003031701272255984
19060,19060,TFAP2A,-0.2744038072118916,8.10798038141055,-0.3990951524274456,0.15927694069108608,0.0010880333176989043,0.08006529625234138,0.003659164698675225
19061,19061,TFAP2A-AS1,-0.27392570563593543,8.292427659168796,-0.2915336924709377,0.08499189384573927,0.019422338327571526,0.1141459907009927,0.04671154336778781
19062,19062,TFAP2B,0.16190780369274574,6.487050897895546,0.13428033574642642,0.018031208568173,0.2901145917971096,0.1517428934723041,0.4286593535320966
19063,19063,TFAP2C,-0.4064636698503876,8.79307527666133,-0.5749337892487006,0.3305488620198693,6.742756314551887e-07,0.07346280352820443,5.203648894925913e-06
19064,19064,TFAP2D,0.1305166952896076,6.522027415105578,0.13593082196437853,0.018477188359911568,0.2841719773940809,0.1208098874657645,0.4219517396097656
19065,19065,TFAP2E,0.05413904120608146,6.734425643087144,0.04122602212948153,0.0016995849006205008,0.7463578965439404,0.16663794809576488,0.8351049137408586
19066,19066,TFAP4,-0.06523965622836066,7.417810329201235,-0.08983492337599917,0.008070313457971642,0.4802229033564778,0.09185674703449163,0.6173494842380801
19067,19067,TFB1M,-0.5091793001437821,10.012927531997553,-0.5358100534442753,0.2870924133719572,5.052539227125286e-06,0.10190151837329656,3.0759836087545146e-05
19068,19068,TFB2M,-0.4216575263324621,9.08911063131935,-0.257591826600013,0.06635354913113117,0.03988502743433253,0.20087373669134626,0.08660486003113115
19069,19069,TFCP2,-0.37853074435876205,9.720540660338932,-0.4881895205018079,0.2383290079277851,4.272247658755849e-05,0.08594103297513829,0.00020545308250135
19070,19070,TFCP2L1,0.2354363785997914,5.1509131478512105,0.6602939205060674,0.4359880614572728,2.922851018777682e-09,0.03400827266932213,5.1795694608535764e-08
19071,19071,TFDP1,-0.3252939750523736,9.261242898443117,-0.6075696786141577,0.3691409143713109,1.0171162268383415e-07,0.054007026170213406,1.0112787829285714e-06
19072,19072,TFDP2,-0.23026334978218416,8.448078116953159,-0.24611160375426225,0.060570921502494976,0.04995432922086163,0.115167219728747,0.10456848712206464
19073,19073,TFDP3,-0.025308816785447448,7.116907205459138,-0.02416346480214164,0.0005838730312443379,0.8496810447865191,0.13298111368677246,0.905904894768517
19074,19074,TFE3,-0.06437809950960295,7.3650171874811505,-0.04283028049324571,0.0018344329271301038,0.7368382118984957,0.1907184377718891,0.8286368653231162
19075,19075,TFEB,0.2464086530901842,5.349389162081126,0.3294900516304025,0.10856369412340527,0.007845340322363378,0.08967326084689095,0.021149115483726996
19076,19076,TFEC,0.2790383361338996,6.0487874724971125,0.3606589705211413,0.1300748930173695,0.003415588568356563,0.09164572744309983,0.010119656649030152
19077,19077,TFF1,-0.09256665712525022,8.089057219562548,-0.378968549275666,0.1436171613401029,0.0020146516664084815,0.028707114675113974,0.006320046622638804
19078,19078,TFF2,-0.046466712469901236,7.307449059677016,-0.13611894153208634,0.018528366243815538,0.2834997888001091,0.04295032111692985,0.42112689850914825
19079,19079,TFF3,0.07232337594607183,6.129084598717473,0.13236133738352404,0.017519523633955078,0.2971258582130038,0.06878340377060563,0.43595504164256366
19080,19080,TFG,0.18995933281467636,5.869624777674774,0.14920353714235626,0.02226169549579048,0.2393140053320409,0.15988104811960865,0.3701674846760961
19081,19081,TFIP11,-0.22409721447655026,8.398743083599289,-0.19361361419795625,0.03748623160279504,0.12529399364600616,0.14421425701283608,0.22256102308295164
19082,19082,TFPI,0.18969929644594336,6.182930749950667,0.3630362280882596,0.13179530290455085,0.0031947356342476715,0.06183451727198209,0.009534454266763137
19083,19083,TFPI2,0.032030414484705866,6.898914240336268,0.0903113374751458,0.008156137676549675,0.4778881930475669,0.044858639191436886,0.6153329064362624
19084,19084,TFPT,-0.23899887654245186,8.596994800061637,-0.5167433801656666,0.2670237209450386,1.2345313453544975e-05,0.05028865878546962,6.786944981886683e-05
19085,19085,TFR2,-0.3053170470089908,8.389097915182607,-0.32066414323902503,0.10282549275921796,0.009784246690771195,0.11453633211275036,0.025677019477881327
19086,19086,TFRC,-0.11075738654686627,7.889571702506812,-0.16341380943331368,0.026704073113507358,0.19696825773904172,0.08492011106644191,0.3185234576461018
19087,19087,TG,-0.08901322304412221,7.5240238106609265,-0.17233967792510255,0.029700964587328082,0.17327438441014212,0.06461393710495106,0.28770562754191287
19088,19088,TGDS,-0.461472408218837,9.47537347003776,-0.5826186299973004,0.3394444680199312,4.399933943486477e-07,0.08175610522547999,3.5819762987293106e-06
19089,19089,TGFA,0.4288430158477056,4.423248638722981,0.5850932073792999,0.3423340613213965,3.825870228736531e-07,0.07548838175116061,3.164599686909457e-06
19090,19090,TGFB1,0.3317281130359106,5.165278210694037,0.4792238093201682,0.2296554594193329,6.169863765861056e-05,0.0771597036756759,0.00028379014411580535
19091,19091,TGFB1I1,0.1525871391838688,5.940207812645161,0.4541332414732438,0.2062370010109956,0.00016372824415049475,0.03801755813829474,0.0006730324842594843
19092,19092,TGFB2,-0.41677511871441897,8.491314860250982,-0.20069239057651744,0.040277435635317424,0.11180770234927072,0.2583734509419333,0.2033251422886679
19093,19093,TGFB3,0.2994342053693779,5.667748828851456,0.27220984983760216,0.07409820234860992,0.029552958219946576,0.1344262837668763,0.06705571054229795
19094,19094,TGFBI,-0.12600320310270308,8.351333605779121,-0.7640105345934876,0.5837120969698266,2.07675597905038e-13,0.013513980537833072,3.258728956277816e-11
19095,19095,TGFBR1,0.05591680431046514,6.682552539812992,0.09137969971785592,0.008350249520525516,0.4726746766073328,0.0773884102570076,0.6105804176766757
19096,19096,TGFBR2,-0.3128498618868466,9.459005782294195,-0.6042338979416589,0.3650986034217711,1.246154771647817e-07,0.052394798946361835,1.2074040975406478e-06
19097,19097,TGFBR3,0.059149237987782224,6.635739960625309,0.19151659159960208,0.036678604857928766,0.12951758985762266,0.03849749827893576,0.2285263104674341
19098,19098,TGFBRAP1,-0.5436559330197321,10.623164046610716,-0.6209714672401573,0.3856055631263937,4.3909549371915444e-08,0.08715258620608693,4.942106505451294e-07
19099,19099,TGIF1,-0.31759131841561583,9.030354802558012,-0.6762033920881528,0.4572510274715241,8.684857843778215e-10,0.043943529632152506,1.897786040434079e-08
19100,19100,TGIF2,-0.4012296392335339,9.005318864846746,-0.6159679511780777,0.3794165168785187,6.036099552197361e-08,0.06516871422231367,6.496607147258144e-07
19101,19101,TGIF2LY,0.05549558012359994,6.7886830479500215,0.06784840539450956,0.0046034061145777145,0.5942386080344264,0.10363846713878,0.714897741561922
19102,19102,TGM1,0.14309809066959708,6.361600548259263,0.1733162253174498,0.03003851395828903,0.1708141091194602,0.1032704376573761,0.28469018186576706
19103,19103,TGM2,0.02369310292351998,6.8836550072819565,0.026491277370847898,0.0007017877767391981,0.8353931983842937,0.11354571558345275,0.8969428187323061
19104,19104,TGM3,0.08213439176033692,6.582863866847934,0.13688255910458205,0.0187368349870194,0.2807820262283907,0.07548728971813264,0.41829490767582556
19105,19105,TGM4,0.32322164490898525,5.877767301986058,0.20131821257821128,0.04052902271568587,0.1106713816297854,0.19972730721686516,0.20162355866537268
19106,19106,TGM5,0.2369633786914231,5.657636952122941,0.2845988123967734,0.08099648401765383,0.022650825373097563,0.1013703373429357,0.053402680833361756
19107,19107,TGM6,0.2461224280535416,5.609474490226481,0.3182166522836149,0.1012618377905911,0.010390738121854329,0.09312130104612977,0.027076073954707482
19108,19108,TGM7,0.06739574767209916,6.750771101779198,0.07998727548977516,0.006397964240277186,0.5298111925185317,0.10666501113092154,0.6615003098471405
19109,19109,TGOLN2,0.15938576551018666,5.715950376592325,0.1820685449243096,0.033148955050855335,0.14989371674168053,0.10931973039965352,0.2566981760412093
19110,19110,TGS1,-0.40541884957282,9.424575249953623,-0.7411475867884509,0.5492997454023444,2.5072929788821117e-12,0.04663879220163748,1.9926292887310442e-10
19111,19111,TH,-0.1923711113584268,7.796692186541878,-0.2692557840297179,0.07249867723345807,0.031436907190921536,0.08738486842933725,0.07069223522527579
19112,19112,THADA,-0.8172517037309951,10.639282532269727,-0.6160137392352102,0.3794729269265456,6.01869946746323e-08,0.13272415175086885,6.481100794028654e-07
19113,19113,THAP1,-0.04502209295651511,7.302465601599277,-0.07853636978898895,0.006167961379632817,0.5373258899679337,0.07257975691043539,0.667917579200712
19114,19114,THAP10,-0.20750110004567585,8.470320580549332,-0.55707070947435,0.31032777535425565,1.7459109836699753e-06,0.03928580010809145,1.1911689461680314e-05
19115,19115,THAP11,-0.3757847205356815,10.039014585739034,-0.3816873424755135,0.14568522740601988,0.0018579154500099212,0.11556982957858375,0.005870882689328009
19116,19116,THAP2,-0.4808130439693372,8.985232345670292,-0.43688673925989424,0.1908700229411428,0.00030691161935623507,0.12572472062421175,0.001176105311831405
19117,19117,THAP3,0.3011697802385573,5.313085183394319,0.2163308050921841,0.04679901723183255,0.08599148920821152,0.17261932795629714,0.16431180612404664
19118,19118,THAP4,-0.11288152948330255,8.005626643605508,-0.13926703875134147,0.019395308082567647,0.2724069112330368,0.1019355528553387,0.40913137437773384
19119,19119,THAP5,-0.20356946074261792,7.957859418655362,-0.2310871760713665,0.053401282944638764,0.06617819929106879,0.10884886170896924,0.13226813420888853
19120,19120,THAP6,-0.10400279817361192,7.547667972542821,-0.0700026631138717,0.004900372843034214,0.5825534434917559,0.18822092303206686,0.7056628604620201
19121,19121,THAP7,-0.4096449642593957,9.797954688883712,-0.4789598716591794,0.2294025586597776,6.236020918094556e-05,0.0953512582379494,0.00028642292347405676
19122,19122,THAP7-AS1,0.5370049381576768,4.8405207045318885,0.3915341081622721,0.15329895785442582,0.0013775883779088215,0.16027946368039678,0.004511747780341127
19123,19123,THAP8,-0.137833273076189,7.828393450788393,-0.17267991422738938,0.029818352777578556,0.17241429069185232,0.09984881791549448,0.2866511681329798
19124,19124,THAP9,-0.12709740151198756,7.536249215254352,-0.174610185166466,0.030488716763867545,0.16759360796828246,0.09102227537790708,0.2803584071497224
19125,19125,THAP9-AS1,-0.04378437912696904,7.3268783785737535,-0.13890016338142264,0.019293255387385903,0.2736845284980757,0.03964516004427537,0.4104888810517959
19126,19126,THBD,0.02705762061637075,6.889793059350677,0.031259262318603626,0.0009771414807032725,0.8062975235501013,0.10987597606264456,0.8768218827124916
19127,19127,THBS1,0.30846485712704746,5.273210946897995,0.7237063963033236,0.5237509480503432,1.4168264147531954e-11,0.03735635544368912,7.185333960534062e-10
19128,19128,THBS2,-0.05568659020830879,7.243334514589352,-0.09317772998026554,0.008682089364275275,0.4639698582094136,0.07556994948192737,0.6022819373890932
19129,19129,THBS3,-0.08840796481519125,7.5529054542926435,-0.12209262305205425,0.014906608603731003,0.3365058982523256,0.0912735257237389,0.4786230033927166
19130,19130,THBS4,0.15370446700161933,6.225438799408193,0.2356946606557639,0.055551973061635694,0.06080606403753017,0.08048777687584281,0.12332439574485454
19131,19131,THEG,0.12006995059281753,6.425281260956582,0.1532322871804458,0.023480133834550613,0.226719709590542,0.0983396695576392,0.3548564314011771
19132,19132,THEG5,0.02950910620661725,6.914373313140229,0.01998967563332404,0.0003995871319255089,0.875417305007922,0.18744233130227053,0.9229682300114523
19133,19133,THEM4,-0.34682451104737305,9.058663894662178,-0.6370909538696917,0.4058848835025937,1.514761820553004e-08,0.05329025528245032,2.0386679443179183e-07
19134,19134,THEM5,-0.06404015879284773,7.218849010834706,-0.044870624241856616,0.00201337291985389,0.724787648730707,0.18107429575162395,0.819382747755858
19135,19135,THEM6,-0.2501173266224981,8.68134096793934,-0.6294389112659099,0.396193343015614,2.529700711128864e-08,0.0392141941492038,3.09495304516924e-07
19136,19136,THEMIS,0.20896576027916766,6.243900095867388,0.4694236702604324,0.2203585822007752,9.11483660788308e-05,0.049918526027141516,0.000400125251862372
19137,19137,THEMIS2,0.15711139004804658,6.201872744027359,0.32420448387620143,0.10510854736543417,0.008961469462404953,0.05822077595333001,0.02377768815863488
19138,19138,THG1L,-0.29439199105860075,9.216461196688183,-0.6207511523402963,0.3853319931318058,4.4534363055210594e-08,0.04722075385752302,5.007225503429831e-07
19139,19139,THNSL1,-0.2399332619880165,8.332076230809827,-0.5043480209760705,0.2543669262624788,2.1452814247040233e-05,0.05217072529551906,0.00011076792859314646
19140,19140,THNSL2,-0.2194394299924572,8.102357164951798,-0.32815328707940483,0.10768457982101827,0.008115482055903315,0.08022343652958347,0.021787845762532395
19141,19141,THOC1,-0.3279892127772297,9.599667287335038,-0.4332522971791281,0.18770755301099148,0.0003488955238440735,0.08665209139644071,0.0013194782690959502
19142,19142,THOC2,-0.2177152332909297,8.489534740001965,-0.3269877919377227,0.10692101607630744,0.008357604635214025,0.07991096379054202,0.02237407941347011
19143,19143,THOC5,-0.6611691304453535,10.390940666613645,-0.6144428124206066,0.3775399697353448,6.643584974213855e-08,0.10781793014422043,7.035052939687093e-07
19144,19144,THOC6,-0.30027878065879154,8.967025305832237,-0.6657267688931804,0.443192130820954,1.9471913367073265e-09,0.04274501371917285,3.676236128718148e-08
19145,19145,THOC7,-0.3646606655026948,10.518415235978287,-0.5848491014555487,0.3420484714733627,3.879198233410505e-07,0.06423122407196549,3.2059822585618866e-06
19146,19146,THOP1,-0.11210627050826018,7.767500934770664,-0.2395058594732637,0.05736305672202676,0.056633705435846615,0.057715192104523874,0.11621367300419391
19147,19147,THPO,0.6753550569772065,4.6732486041005625,0.3128694075603458,0.09788726618716176,0.011830324440825123,0.2603775991336693,0.03027841576244747
19148,19148,THRA,-0.5233524841601849,9.876976291903047,-0.4208290263384215,0.17709706940894387,0.00053504714791204,0.14327389326757067,0.0019355907096617485
19149,19149,THRAP3,-0.36226042720959534,9.183037516319605,-0.2478767144869622,0.06144286558485097,0.048283047556536784,0.17981241616441998,0.10167941212066557
19150,19150,THRB,0.15123114048685554,6.2153399230673045,0.5542269339464614,0.3071674943116953,2.021164837763161e-06,0.028845088963512323,1.3575783052655476e-05
19151,19151,THRSP,0.1828482178418345,6.247589655664616,0.14730924324634742,0.021700013145811558,0.2453990814116537,0.15591967196163534,0.37726625235131767
19152,19152,THSD4,0.2720638329807651,5.743909777691499,0.21776966537968045,0.04742362715957799,0.08387468883080486,0.15485580367380514,0.16097725663662849
19153,19153,THSD7A,0.5861143236530253,4.976118352774918,0.4748971130395605,0.22552726797330905,7.340594508166671e-05,0.13793993801637086,0.0003309610120223803
19154,19154,THSD7B,0.13071724597603646,6.592688771332942,0.08328996300936946,0.006937217938102132,0.5129021537351008,0.1986244594226257,0.6468027101754955
19155,19155,THTPA,-0.18180535029493888,8.340186926210333,-0.19221244751189298,0.03694562497851223,0.12810428204277707,0.11788395840689428,0.2265458438646377
19156,19156,THUMPD1,-0.1109251792913934,7.909618488697808,-0.17266149838269013,0.029811993023755708,0.17246076477064662,0.08036496132153081,0.2866687447666626
19157,19157,THUMPD2,-0.2970839747902954,8.759687240987606,-0.7379397199844008,0.5445550303306558,3.4832025208419523e-12,0.03450487423986043,2.54826860097407e-10
19158,19158,THUMPD3,-0.416072169532918,9.953585404742606,-0.5778533127464625,0.33391445105206097,5.740683907311682e-07,0.0746311650049123,4.520527636830344e-06
19159,19159,THUMPD3-AS1,-0.15363437296463786,7.785622371606188,-0.30883297354842937,0.09537780555076487,0.013028379105259504,0.0600900414901713,0.03290524253841784
19160,19160,THY1,0.011041431957398021,6.94530349241886,0.015657855188559104,0.00024516842910588725,0.9022642883619938,0.08954555640548041,0.939986316404303
19161,19161,THYN1,-0.2793233350365501,9.416853299576168,-0.4748657949995596,0.2254975232605637,7.349769665795499e-05,0.06574335927254697,0.0003312367577789834
19162,19162,TIA1,-0.21954512026379916,8.44473940896329,-0.4471069634824455,0.19990463679449288,0.00021234991199447364,0.055781140145860095,0.0008474820022558655
19163,19163,TIAF1,0.11645709800347084,6.469152091208546,0.1450194157225472,0.02103063093650897,0.2528949953862235,0.1009086787163722,0.3856317066685754
19164,19164,TIAL1,-0.5093272146929412,10.386710086926707,-0.3169537617318869,0.10045968707599373,0.010716256414165869,0.19355992383600615,0.027781699107956647
19165,19165,TIAM1,0.25862989241296996,5.734368849681584,0.614940708379651,0.3781520748224669,6.439187293514205e-08,0.04212032615181239,6.848752497104622e-07
19166,19166,TIAM2,-0.42482703181652093,8.978307731717672,-0.4296297326371151,0.18458170716583894,0.0003958941476314272,0.11339977536705716,0.0014801601807594193
19167,19167,TICAM1,0.3274425964463914,4.885308932259108,0.4938141388587362,0.24385240373679515,3.374616363183435e-05,0.07322832462330521,0.00016634945901374297
19168,19168,TICRR,-0.39829830811120187,9.073158621017372,-0.39073712073634187,0.1526754975213266,0.0014118292800661518,0.1191661278034088,0.00460439202708321
19169,19169,TIE1,0.23619254096601855,6.151769378804114,0.16348264870391332,0.02672657642724713,0.1967770886669273,0.181015640138268,0.31828561809697575
19170,19170,TIFA,-0.3405497176180451,8.763676475654545,-0.4527645820728276,0.20499576677958226,0.00017231110530596485,0.0851720212789129,0.0007030981953336431
19171,19171,TIFAB,0.4301245806195955,4.703384800650234,0.5303395432646916,0.28126003115020165,6.565164868487633e-06,0.08732333333971555,3.8918326095565206e-05
19172,19172,TIGD1,-0.2496479264640075,8.452061389033357,-0.5030650328868532,0.2530744273134507,2.2687913048346437e-05,0.054468655018450135,0.00011661684240729696
19173,19173,TIGD2,-0.1541880046673416,8.015084243411803,-0.523274389955289,0.2738160871830798,9.146088707755673e-06,0.03188956354769818,5.19702311641168e-05
19174,19174,TIGD3,0.04667298264446498,6.799879819595533,0.05314604474519675,0.002824502072058455,0.6766172512718311,0.11137419068505894,0.7817219710235793
19175,19175,TIGD4,-0.6843930787851141,9.346994303617203,-0.3193941973185947,0.1020126532807894,0.01009498535914075,0.2578801125244383,0.026385866982763177
19176,19176,TIGD5,0.022971523089619684,6.843059279157952,0.026498947052976868,0.0007021941949164715,0.8353462075859284,0.11005576478886014,0.8969428187323061
19177,19177,TIGD6,-0.5130712920379501,8.716276408491778,-0.40452687070194104,0.16364198911990488,0.000915232123111491,0.1473094493300748,0.003139497422771258
19178,19178,TIGD7,0.5420138420234011,4.95892557796118,0.4850480873998938,0.2352716470902951,4.8650890948447224e-05,0.12410330080908408,0.0002302808838226502
19179,19179,TIGIT,0.2957861438476386,5.858364387919707,0.4210803959629464,0.17730869986431172,0.0005305235748153693,0.0809161872051848,0.0019198676491689209
19180,19180,TIMD4,-0.012350303440457127,7.0608625054660035,-0.020333957234061437,0.0004134698167966393,0.8732891600831718,0.0771205423614645,0.9215924347758814
19181,19181,TIMELESS,-0.3584814793542839,8.978195711254154,-0.5993898051419687,0.3592681385081272,1.66675234810287e-07,0.06079945506462505,1.5417993207248036e-06
19182,19182,TIMM10,-0.1793667984438103,8.570072718942699,-0.41768799585744576,0.17446326188340966,0.0005946045189867039,0.0495521405816532,0.0021307563889884284
19183,19183,TIMM10B,-0.1302553579588957,8.03349636332884,-0.20080107523313107,0.04032107181478156,0.1116097192734586,0.08070430418858845,0.2030162512277821
19184,19184,TIMM13,-0.5661544064856856,10.48666588596923,-0.5121554384274654,0.2623031931108293,1.5185179348760984e-05,0.12058025839686845,8.141496875400324e-05
19185,19185,TIMM17A,-0.3271432535257949,9.1766576777841,-0.3643556154142956,0.1327550144839301,0.0030777206075190307,0.10619096202696628,0.009229752078081235
19186,19186,TIMM17B,-0.5001029827993598,10.125654743365633,-0.3890406984167981,0.15135266502463002,0.0014872731001066568,0.15039458157460436,0.004825726548218408
19187,19187,TIMM21,0.0010355526126915402,7.007839601327247,0.0019554067347420205,3.823615498274452e-06,0.9877649627524578,0.06725713865986055,0.9925537274679681
19188,19188,TIMM22,-0.1214651561436525,7.755487105572896,-0.13749172762699072,0.0189039751658546,0.27862637368052634,0.11113095770425463,0.4159132916558763
19189,19189,TIMM23,-0.07630014440756061,7.275253072993438,-0.05401874618593085,0.002918024939500019,0.6716078103528398,0.1791226262474166,0.7776946223833349
19190,19190,TIMM23B,-0.2094303603127118,8.400725310778164,-0.5294416981369185,0.28030851172610405,6.850523824176713e-06,0.04261856627195672,4.033390250477072e-05
19191,19191,TIMM44,-0.41469441749062186,9.989215601326473,-0.5200210666872815,0.2704219097985781,1.0628256458715693e-05,0.08650621258667636,5.951768647879191e-05
19192,19192,TIMM50,-0.4588778369762527,10.040719695615053,-0.6416232166962467,0.4116803522036387,1.1104629254843602e-08,0.06966711781932358,1.5746949911825403e-07
19193,19193,TIMM8A,-0.30734770133081946,8.332368301756107,-0.27730432822790474,0.07689769045392952,0.026526558967174388,0.1352391383834388,0.06105789056485559
19194,19194,TIMM8B,-0.2660145058093926,9.418747810358148,-0.3918866787325829,0.1535751689680547,0.0013626806873912574,0.07931277979337062,0.004470536944929488
19195,19195,TIMM9,-0.3146522409425532,9.412265441887993,-0.6882472156097393,0.473684229794559,3.293360587899983e-10,0.04212245867349687,8.814100435588383e-09
19196,19196,TIMMDC1,-0.2434499663175784,9.379460276465831,-0.21968004234435864,0.0482593210044192,0.08112804633679872,0.13730380937684705,0.1566358633580043
19197,19197,TIMP1,-0.1783902807295938,8.854535127686756,-0.7245055755912719,0.5249083290628405,1.3125207529965561e-11,0.02155372415715517,6.79169805236706e-10
19198,19198,TIMP2,0.2183175905060898,5.2403452651449784,0.6892398302268632,0.4750515435711552,3.034102229927216e-10,0.029146126770430568,8.274997958321645e-09
19199,19199,TIMP3,0.2037682396670452,5.74134087847991,0.5549738112705512,0.3079959311961614,1.945182222973459e-06,0.03879024148492476,1.3114234445358113e-05
19200,19200,TIMP4,-0.1005465805749015,7.593571215395969,-0.2193287167499143,0.048105085991164136,0.08162774697109527,0.05680289446625076,0.1573682502806589
19201,19201,TINAG,0.2013977137180436,5.845398837180699,0.7574665549281313,0.5737555818346918,4.356545088807985e-13,0.02204573496131485,5.5160893627546903e-11
19202,19202,TINAGL1,-0.25110863879683304,8.874413269859676,-0.28752020189634603,0.08266786649851555,0.0212392349584068,0.10623331841555626,0.050492880440946394
19203,19203,TINCR,0.4253095696931788,4.964399311153925,0.5728034229848368,0.32810376138314584,7.575288521087841e-07,0.07729560668691654,5.790429683168274e-06
19204,19204,TINF2,-0.41232471571378937,10.3810822363755,-0.2924570432795981,0.08553112216384473,0.019023618660726955,0.171224498675121,0.04587544506779023
19205,19205,TIPARP,-0.2039786015072775,8.712971244003239,-0.36996822345621216,0.13687648636734573,0.002621427540839493,0.06505202421989985,0.007996480264386424
19206,19206,TIPARP-AS1,0.0025240456723612226,7.005848151106149,0.0022516781552820078,5.070054514974185e-06,0.9859113593927668,0.1423619568266164,0.9916354151254233
19207,19207,TIPIN,-0.15178084347363224,7.89255905719066,-0.6934982303749733,0.4809397955332194,2.1264265890100798e-10,0.02002555802110062,6.164359810577414e-09
19208,19208,TIPRL,0.2727918613313784,4.965639537141452,0.3205705919095764,0.10276550439725617,0.009806850319493854,0.10236815275421844,0.02571967344902984
19209,19209,TIRAP,-0.22813465587852916,8.185954633931196,-0.1439903175975918,0.020733211561855352,0.2563139825542021,0.19911897241772897,0.38989036893869394
19210,19210,TJAP1,-0.372660291247784,9.352243260968953,-0.3552223174558076,0.12618289481867453,0.003972353952453159,0.1245452882073062,0.011557345806848472
19211,19211,TJP1,0.06792949358462884,6.462737361385233,0.11163830697707404,0.01246311158470742,0.3798059717345561,0.07679376387941426,0.5227340992698495
19212,19212,TJP2,-0.3124395145014009,8.843390166427886,-0.26785441480352484,0.07174598752973875,0.03236517649755205,0.1427265336218161,0.07247858294255322
19213,19213,TJP3,0.22667130841744276,5.229261210814258,0.46253885239672105,0.21394218997647568,0.00011906196406606621,0.0551797504139233,0.0005070377250443784
19214,19214,TK1,-0.1833015505335593,8.448714280897567,-0.6776840991402533,0.4592557382275367,7.727741965463823e-10,0.025260326400318684,1.7377953797342573e-08
19215,19215,TK2,-0.5775893151332602,10.168675810575373,-0.4808618710964678,0.23122813907439604,5.7735560700947974e-05,0.13375243683069502,0.0002675505172221332
19216,19216,TKT,-0.24167820277222,8.955441604941717,-0.7305617459538495,0.5337204646511369,7.288337182099034e-12,0.02868850305742903,4.2772070915543247e-10
19217,19217,TKTL1,0.18809046396353368,6.256058996110013,0.17840100483113103,0.031826918524757226,0.15841511584345866,0.13174985278006207,0.2682996506796572
19218,19218,TKTL2,-0.2701674431094437,7.917019729150697,-0.20253387168250012,0.04101996917870343,0.10848952810622407,0.16589919737158215,0.19857499206662857
19219,19219,TLCD1,-0.22424342647619055,8.562087758396569,-0.4856430087349797,0.2358491319331636,4.747287870504975e-05,0.051262087841424935,0.00022495080708049287
19220,19220,TLCD2,0.2105298889861424,5.837192748371138,0.5631384970215705,0.3171249668277133,1.271675681226893e-06,0.03923496925398524,9.085495505433312e-06
19221,19221,TLDC1,-0.048102870582267185,7.23846107366428,-0.034296406621334444,0.0011762435071359133,0.7878967833643202,0.17802088731710766,0.8637224961164586
19222,19222,TLDC2,0.37372515559988,4.988466174928231,0.5845681102833555,0.3417198755602533,3.9414500032996585e-07,0.06587592677681596,3.2515085646268233e-06
19223,19223,TLE1,-0.3954546974085715,9.628565271602673,-0.5899826200475882,0.3480794919582168,2.892492957054493e-07,0.0687320025194871,2.482637137733454e-06
19224,19224,TLE2,-0.006831387510808926,7.063228736473506,-0.015609903952292432,0.00024366910139979488,0.9025621398179752,0.055572499074263836,0.9401219446231058
19225,19225,TLE3,0.27813013258180946,5.3525534444446015,0.4266906681503809,0.18206492628661844,0.0004381873983097807,0.0748683856924824,0.001620103826258887
19226,19226,TLE4,0.336364815111566,5.332221463456492,0.375693795248598,0.14114582778829549,0.0022190821485609307,0.10537568442128024,0.006881601593453667
19227,19227,TLE6,0.05255241533464771,6.7696071611701,0.05303529518720188,0.0028127425355936393,0.6772539758432033,0.1256666986923071,0.7819949096641378
19228,19228,TLK1,0.13433053091331598,6.370289896911688,0.1252006575812155,0.015675204658768774,0.324255788589895,0.1351890415934941,0.4657574357862945
19229,19229,TLK2,0.6816757778736039,3.154303569491673,0.4250067753495093,0.18063075909298829,0.00046423317957726906,0.18438517184322767,0.0017050491017207873
19230,19230,TLL1,-0.1370096349854832,7.420727101165855,-0.05558019302660763,0.003089157856874964,0.6626803981283531,0.31258157382100715,0.7703787812170365
19231,19231,TLL2,-0.001353836200244048,7.020857122537817,-0.0008397295613447819,7.051457361962996e-07,0.9947456236733784,0.20475319276915646,0.9965873629108797
19232,19232,TLN1,-0.09932552359063393,7.526196221487128,-0.09011238613958407,0.008120242135769505,0.4788624349973956,0.13941517307681828,0.6162575640261843
19233,19233,TLN2,0.22011614298539225,5.734496824733622,0.2024385818774314,0.04098137943254551,0.10865934478130963,0.1352310072908496,0.1987318028284079
19234,19234,TLR1,0.10533949587020776,6.5243109258445235,0.2664045051080457,0.07097136034186274,0.03334959964236926,0.04840256504388737,0.07434481987394548
19235,19235,TLR10,0.1717856041851924,6.238475957609317,0.4249147147506296,0.18055251481160892,0.0004656969417530124,0.0464782443032565,0.0017095553947552948
19236,19236,TLR2,0.102538944490881,6.430479697585414,0.16001100178929462,0.025603520693613643,0.2065839239503741,0.08033614847486327,0.3306167225737455
19237,19237,TLR3,0.24649274343190725,5.543071921385104,0.5918527686942068,0.3502896998109982,2.5958808656864774e-07,0.04263384344549021,2.2634573279033826e-06
19238,19238,TLR4,-0.14159860622834167,7.82838355533777,-0.6170577383779898,0.3807602524921597,5.6345881900075314e-08,0.022933310081373483,6.143857364280619e-07
19239,19239,TLR5,-0.05485730840583615,7.3122333066909855,-0.08623989030628612,0.0074373186800402655,0.4980346084246797,0.08048397657747043,0.6338862710345095
19240,19240,TLR6,0.4948368563590338,5.013514255290677,0.4195084637414068,0.17598735115067524,0.0005593925663497423,0.13598543858562628,0.0020172599540888713
19241,19241,TLR7,0.2824630103518386,5.7286886382887054,0.6516354084695616,0.4246287055712924,5.490553215086941e-09,0.041757564354908516,8.77475497215555e-08
19242,19242,TLR8,0.2583896352590445,5.934268981488905,0.4665973596617612,0.21771309604332686,0.00010178344329508847,0.06220424126793855,0.00044179604420828644
19243,19243,TLR8-AS1,0.006070025733804469,6.9954702562292885,0.005112337014976727,2.6135989754701154e-05,0.9680190931716124,0.15078895673819795,0.9812190835351859
19244,19244,TLR9,0.21547794552761107,5.984723744903753,0.2603549852339374,0.06778471833616377,0.037730612782717436,0.10148437758032466,0.08258100058719892
19245,19245,TLX1,-0.019535211013048955,7.117577636949592,-0.019451615537336396,0.00037836534701234657,0.8787450291890022,0.12752179237343414,0.9253271879048465
19246,19246,TLX2,0.20110682512335296,6.25430238846482,0.18348611654012292,0.03366715496297558,0.14669309764220395,0.13683308757014132,0.25231445825591153
19247,19247,TLX3,-0.03124053464772625,7.1323077719401855,-0.044131668795268905,0.0019476041906553113,0.7291445253616241,0.08981501227272308,0.8228477094536437
19248,19248,TM2D1,-0.18930826396573905,8.140891710854397,-0.2099541286157334,0.044080736122791925,0.09588380468010088,0.11195923330266297,0.17958517474032043
19249,19249,TM2D2,-0.3237837890396449,9.84454703240576,-0.5350088896557221,0.2862345120106485,5.251590477087303e-06,0.06493457921117837,3.1781746677275734e-05
19250,19250,TM2D3,-0.3189433420084478,9.81376685792641,-0.5203706587260035,0.2707856224629348,1.0458878808343332e-05,0.06647104501701817,5.867539393644426e-05
19251,19251,TM4SF1,-0.217447142695174,8.404818021328571,-0.6845940491109429,0.4686690120781162,4.441099868551749e-10,0.029404060897005518,1.1156846595532264e-08
19252,19252,TM4SF18,0.1620603038946175,6.306106630368973,0.17942291618550796,0.032192582852511815,0.1560055872336401,0.1128489093845158,0.2649796870069257
19253,19253,TM4SF20,0.0015972238199478234,7.007118512900715,0.010245912012262107,0.00010497871296301698,0.9359558188841304,0.0197968692408684,0.9623533193075279
19254,19254,TM4SF4,-0.1601438372873766,7.829726491592634,-0.4722735863854094,0.22304234039733675,8.146937938227899e-05,0.0379594057862437,0.000362784168316523
19255,19255,TM4SF5,0.09327280221185946,6.312212912074219,0.17774180760309838,0.03159215017001684,0.1599839308463445,0.06558412637375957,0.27040680787368016
19256,19256,TM6SF1,0.19367448517444602,6.2318748353001725,0.3767048941479277,0.1419065772750014,0.002154068475492298,0.06048429033539835,0.006703988622705622
19257,19257,TM6SF2,0.390731053142886,5.002224366791226,0.6768934733408233,0.4581847742514039,8.225562903220796e-10,0.05396191569709116,1.821314567170208e-08
19258,19258,TM7SF2,-0.1876073096424208,8.260262012311031,-0.3798673087055631,0.14429917222320754,0.001961576673113513,0.058020700383349076,0.006175017132762483
19259,19259,TM7SF3,-0.32042366823389906,9.060273938781172,-0.4538227214973332,0.205955062547246,0.00016564036690229318,0.07990336106587621,0.0006798601488379755
19260,19260,TM9SF1,-0.4351332006994664,9.739487413981829,-0.42067736016971546,0.17696944135936052,0.0005377934134872042,0.11917501543388236,0.0019448758131371754
19261,19261,TM9SF2,0.04439804260676268,6.511069516392731,0.03875650022407609,0.00150206630961881,0.7610856991245549,0.14537743816758064,0.8454989388263601
19262,19262,TM9SF3,-0.012045232806605716,7.117390454870093,-0.009108476742211123,8.296434856340096e-05,0.9430530656539892,0.16794055482256798,0.9663112226409996
19263,19263,TM9SF4,-0.2736203356994362,9.205184796450707,-0.3479511632028279,0.12107001197420095,0.004841980072936161,0.09362921346998318,0.013807358240641634
19264,19264,TMA16,-0.26183910916006425,8.043778266026285,-0.6557601849864364,0.4300214202134453,4.076421411335107e-09,0.03828449235656696,6.832423038890228e-08
19265,19265,TMA7,-0.3794167967882704,11.607438601130145,-0.4509809393818695,0.2033838076857534,0.00018411570244224285,0.09536457693334983,0.0007460751377969253
19266,19266,TMBIM4,0.7938480466847457,-0.4130678541915636,0.6502951068205473,0.4228837259547469,6.042536698481279e-09,0.11777760267963,9.502623980073501e-08
19267,19267,TMBIM6,0.33710744817475724,3.115378278317405,0.33525616667695746,0.11239669729492788,0.0067681060473734995,0.12031095749215145,0.01856877441478185
19268,19268,TMC1,-0.004227326096778395,7.02976230287846,-0.002992525112677563,8.955206550005862e-06,0.9812766434515854,0.17940318862727986,0.9891330686563368
19269,19269,TMC2,-0.025118982518407343,7.147114499368652,-0.027244440322033037,0.0007422595284608195,0.8307814619668998,0.11704882780610472,0.8934531465481336
19270,19270,TMC4,0.25671038538263424,4.572483207653602,0.38469727506097545,0.1479919934393398,0.0016972155932470914,0.07822585558093549,0.00541364025213813
19271,19271,TMC5,-0.21594704203899487,8.823740683134863,-0.5723999061789299,0.3276416525936477,7.7434785801835e-07,0.03928730708628258,5.9064821646309855e-06
19272,19272,TMC6,-0.31014567359619466,9.077929427384136,-0.5316442434467813,0.28264560159010044,6.1702088130960446e-06,0.06275027732790023,3.6768264129772935e-05
19273,19273,TMC7,-0.15368733940744125,7.63435193928197,-0.12632422011405714,0.015957808587424762,0.3198979771858709,0.15327187899209113,0.4609042379214926
19274,19274,TMC8,-0.23341771283179066,8.21043655808065,-0.3391308849157136,0.11500975710371494,0.006119212321739714,0.08223181247889272,0.016971252923574986
19275,19275,TMCC1,-0.6461215584797364,10.671759267376276,-0.5777645225561135,0.33381184352449383,5.76897527905344e-07,0.11592202800949418,4.539504348397611e-06
19276,19276,TMCC1-AS1,-0.09422736829483948,7.310400555582265,-0.045198641258836346,0.0020429171716449834,0.7228564355412452,0.2644915306695549,0.817859890903341
19277,19277,TMCC2,0.4016918822533079,5.114043074317363,0.31002928852849376,0.09611815974548404,0.012662844148496085,0.15644090417952752,0.032113115123045176
19278,19278,TMCC3,0.14749965705784546,5.863723210664404,0.7623991063606337,0.5812523973794929,2.4978740544117443e-13,0.01589970088099795,3.7048947019374195e-11
19279,19279,TMCO1,0.3605666061002438,3.5575168104241963,0.7414640666025937,0.5497689620628554,2.426644040231209e-12,0.04143976310249187,1.9462583959706236e-10
19280,19280,TMCO2,-0.025824222581315046,7.124148891373342,-0.018610480377994062,0.000346349979899702,0.8839513410732995,0.17619703915468415,0.9286022323421401
19281,19281,TMCO3,0.06640953647766908,6.613359749330076,0.06773899280175749,0.004588571145796553,0.5948348653645321,0.12422161772551547,0.7151823335444418
19282,19282,TMCO4,-0.3477228771012021,9.280957834205015,-0.4996215231455888,0.2496216663903181,2.6336747426503657e-05,0.07656608187608464,0.00013356493337726857
19283,19283,TMCO5A,-0.09475825278067372,7.333892733953907,-0.03675352702426828,0.001350821748723619,0.7730937037780121,0.327211570166536,0.8528882854609432
19284,19284,TMCO5B,0.11496365598902206,6.6270317095106615,0.1336712684379708,0.01786800800581605,0.29232801539313896,0.10824593136161838,0.43098421733855835
19285,19285,TMCO6,-0.29596908735499666,8.771448459026875,-0.6347088520380003,0.40285532685539616,1.7796530619173593e-08,0.04576313146116822,2.3271972859794936e-07
19286,19286,TMED1,-0.26337498374396057,8.871971514061267,-0.3250211981743623,0.1056387792626981,0.008780455332891788,0.09732478883653893,0.023350210025024153
19287,19287,TMED10,0.13958521584318884,5.805245224774229,0.09068774018547862,0.008224266219948874,0.4760478882775632,0.19467121377167435,0.6135835379233755
19288,19288,TMED2,-0.09177564182541807,8.009550257118907,-0.12461167796847275,0.01552807028611836,0.3265551786637121,0.09280566998409834,0.4681597083060367
19289,19289,TMED3,-0.6682577009933244,10.528152562371329,-0.4424269827650716,0.19574163507860493,0.0002517244967856144,0.17203004974791736,0.0009851968150899114
19290,19290,TMED4,-0.04603415960286245,7.3217297247832525,-0.032633323325389776,0.0010649337912594283,0.7979590739267716,0.17905716324760354,0.8703184043535095
19291,19291,TMED5,0.6523281410651318,2.8674663972672585,0.48386081849426893,0.2341212916739439,5.1083010754483254e-05,0.14984070638036567,0.0002400092423276925
19292,19292,TMED6,0.035773754315595443,6.785895834246907,0.20193433240081715,0.040777474602163716,0.1095613888125845,0.02203526088710489,0.19994016441909246
19293,19293,TMED8,-0.23512467994810876,8.5283523389936,-0.20831022966032908,0.04339315178113905,0.0985728338995826,0.14020339099802628,0.18387336700676393
19294,19294,TMED9,-0.19495542123583404,8.926901745128477,-0.249730939420816,0.062365542104003274,0.04657701979834356,0.0960028001265684,0.09867201758297102
19295,19295,TMEFF2,0.3264065868217241,5.891307788430629,0.1901071871467824,0.03614074260486175,0.13241628642429235,0.21407765794733405,0.23238906239288556
19296,19296,TMEM100,0.16788878063005805,6.186066024079347,0.6871595144217882,0.4721881982603878,3.6016236007766264e-10,0.022542797734514352,9.487323267437118e-09
19297,19297,TMEM101,-0.2355029589102713,8.71614154796616,-0.2666802225013624,0.07111834107337618,0.03316049947084563,0.10809109299375967,0.07393849011955952
19298,19298,TMEM102,-0.181418814766357,7.967285674409838,-0.2474262264016455,0.06121973751135834,0.04870517106274768,0.09022413437322677,0.10241896284363963
19299,19299,TMEM104,0.06970201120730693,6.618549680462373,0.06880015276024884,0.004733461019833576,0.5890632302816092,0.12836001640628986,0.7106870219711455
19300,19300,TMEM105,0.07547198134121648,6.537991112560727,0.09226099674209716,0.008512091519845265,0.4683971255767092,0.10344642242482498,0.606556168842807
19301,19301,TMEM106A,0.41209469344067895,5.285663877686629,0.19403052754968375,0.0376478456212086,0.12446691638010875,0.2646050474918305,0.2213824290933269
19302,19302,TMEM106B,-0.07195092425669175,7.607577487674142,-0.1037462547044158,0.01076328536519352,0.4146049319358544,0.08760284652869249,0.5556864454879534
19303,19303,TMEM106C,-0.051855426189465405,7.419857063819402,-0.03796766090424601,0.001441543274539811,0.7658083379076163,0.17332901465201306,0.8483730011823273
19304,19304,TMEM107,-0.2644641398488103,8.409906687056713,-0.5611022180585818,0.3148356991102603,1.4153798000000684e-06,0.04954802238860544,9.954546790841663e-06
19305,19305,TMEM108,0.3370561496849945,5.670916626587602,0.19054965832966625,0.036309172289552535,0.13150103379957606,0.22052970623953685,0.23123466398130893
19306,19306,TMEM108-AS1,0.1346002630917782,6.510240273291634,0.1165876456260487,0.013592679112625114,0.3589056571138094,0.14562155865644638,0.5014259357935189
19307,19307,TMEM109,-0.4827335676482798,10.817037349159195,-0.5911159124485004,0.34941802194982313,2.7091541027432853e-07,0.08365463686966422,2.3438566558092626e-06
19308,19308,TMEM11,-0.08657594985915204,7.691512014752716,-0.0937400455875027,0.008787196146747084,0.4612655034416411,0.11677764467925568,0.6001024017439914
19309,19309,TMEM110,-0.17773137977771014,8.053488213978742,-0.17871908564205513,0.031940511572732234,0.15766219646425986,0.1242648662956183,0.2673334843237381
19310,19310,TMEM114,0.10766633789315448,6.466980469090371,0.1667346279053065,0.02780043614272101,0.18789670703008415,0.0808604218969631,0.3068091683559397
19311,19311,TMEM115,-0.07030843160690364,7.494231217295478,-0.08174967859858127,0.006683009950971338,0.5207537974403013,0.10886027908531183,0.6539621597987546
19312,19312,TMEM116,-0.2399876017612812,8.110949290203436,-0.22979251272320106,0.05280459890364251,0.0677544844049095,0.12908532643062195,0.13473125434236136
19313,19313,TMEM117,-0.2249368626418582,8.606939545709809,-0.4349184633694664,0.18915406977965787,0.000329037909599318,0.059146100156133474,0.0012524724788843791
19314,19314,TMEM119,0.20034675347032535,5.8786026789114585,0.5048976996588538,0.2549216871208021,2.0943001741324413e-05,0.04349947683384052,0.00010834226056100817
19315,19315,TMEM120A,0.3019741628253147,4.671411570564196,0.7247095542956128,0.5252039380873458,1.2870967216426053e-11,0.03646393287160369,6.6839519201848e-10
19316,19316,TMEM120B,-0.18852433954005104,8.02937750042372,-0.18463578329056604,0.034090372471320865,0.14413503243593764,0.1274453391889391,0.2488633493382419
19317,19317,TMEM121,0.0677698019426521,6.732034652547719,0.05850283572874865,0.00342258178830495,0.6460963139221867,0.14686522506602878,0.7569775295127931
19318,19318,TMEM123,-0.3272038841507296,10.459839245714331,-0.6530983223366144,0.4265374186389002,4.942777749447354e-09,0.04818330436276951,8.035724636958141e-08
19319,19319,TMEM125,0.1511748108184413,5.666851048867474,0.1837643491159633,0.033769336006013624,0.14607093132281831,0.10269817744746174,0.25132417112630145
19320,19320,TMEM126A,-0.2677265180451194,9.542269207005472,-0.42019922550857053,0.1765673891180026,0.0005465351984174197,0.07342675384406579,0.001973720443263565
19321,19321,TMEM126B,-0.2495542755617055,8.72107238388216,-0.2462222403847977,0.06062539166010913,0.04984820217900518,0.12475595928532678,0.1044111946889043
19322,19322,TMEM127,0.48849019002644894,3.4168156963480314,0.7639480838133165,0.583616674762038,2.091726275329561e-13,0.05240139159482467,3.258728956277816e-11
19323,19323,TMEM128,0.1109228016956826,6.15459184569306,0.19988139749671124,0.039952573065238285,0.11329357410367324,0.06905560786570196,0.2055094946569814
19324,19324,TMEM129,-0.051250252164002384,7.356718248103028,-0.06209859387610624,0.0038562353613895797,0.6259264633114412,0.104611494332482,0.7403964365002054
19325,19325,TMEM130,0.1942136168738928,6.249570120264126,0.21723055406202105,0.047189113618092624,0.08466293650319355,0.11083228240627488,0.16217389561934156
19326,19326,TMEM131,0.5014134608641612,3.7461243328104135,0.5922547488411668,0.35076568752491355,2.5359821491533755e-07,0.08663478951830474,2.217064733141556e-06
19327,19327,TMEM132A,-0.08111595743496873,7.481545032849063,-0.08245270975026041,0.006798449345160688,0.5171625984431072,0.1245157289407651,0.6505086006787574
19328,19328,TMEM132B,0.08887502627563952,6.688940901904003,0.03471629483935368,0.001205221127372935,0.7853616793565379,0.3249291399367314,0.8619871853251814
19329,19329,TMEM132C,0.2942985147597165,5.2801100281321665,0.2821156529715652,0.0795892416515726,0.023912442323015436,0.1271030246298705,0.055908436461336565
19330,19330,TMEM132D,-0.0023951737360091803,7.023782773909218,-0.0017813276645144169,3.1731282483643865e-06,0.9888541080962172,0.17076413963988926,0.9933034470184425
19331,19331,TMEM132E,0.23377376960937565,5.9803566517739775,0.2740241363807235,0.07508922731920134,0.028443554042456562,0.1041983966633748,0.06482268604392726
19332,19332,TMEM133,0.17727745143048534,5.9333494264274975,0.6286154813113282,0.3951574233442728,2.671009349507834e-08,0.027854396913579015,3.2328127294268883e-07
19333,19333,TMEM134,-0.5370533987065874,9.810455144292613,-0.4028729614632738,0.1623066230781885,0.0009650181329398703,0.15495159266397793,0.003293014129973667
19334,19334,TMEM135,0.21522364397300334,5.799304795740706,0.2050370675298069,0.0420401990612226,0.10410153197821873,0.13047743067628978,0.19205304779249674
19335,19335,TMEM136,-0.8033725525237978,10.381689818746393,-0.4431354250886809,0.19636900496852594,0.00024536408540741934,0.2064015786486658,0.0009627394943826175
19336,19336,TMEM138,-0.07126306051135038,7.5573249413768115,-0.08163922647463348,0.006664963299376496,0.5213191419356842,0.11048863825970233,0.6545961972989238
19337,19337,TMEM139,-0.13913462344939545,7.937323460315663,-0.4218753504324965,0.1779788113025417,0.0005164456381296027,0.0379749077405154,0.0018729911729520258
19338,19338,TMEM140,0.15050415659357452,6.018063075316527,0.7343680236428064,0.5392963941490415,4.994916082171201e-12,0.017666466615600545,3.238470292198124e-10
19339,19339,TMEM141,-0.17945313676495314,8.717033757021504,-0.3393799269622712,0.11517873482491656,0.006079441114872138,0.06316795731892758,0.016867430793408862
19340,19340,TMEM143,-0.5399617879144009,10.011131095443359,-0.4323431424155345,0.18692059279373915,0.0003601862471415428,0.14302273807225255,0.0013588559550261514
19341,19341,TMEM144,0.26087887070365856,5.680575945665294,0.2668652833594564,0.07121707946252298,0.033034078603460394,0.11964872952284494,0.07369454745626196
19342,19342,TMEM145,0.037808558744618144,6.8584357006998005,0.0566100828706036,0.003204701482616607,0.6568174963638602,0.08468441222260446,0.7654799463839078
19343,19343,TMEM147,-0.3313841740772044,10.226348703319527,-0.7505692767742159,0.5633542392373695,9.278866278486445e-13,0.03705183828719659,9.924762885736259e-11
19344,19344,TMEM14A,-0.3397488562364982,10.215815648766576,-0.6322648859113564,0.39975888595650055,2.0966432012283e-08,0.05287202756428862,2.64739408295037e-07
19345,19345,TMEM14B,-0.4849227137448624,11.723859894221208,-0.5865300627480251,0.3440175145072021,3.525689579706128e-07,0.08504181632331642,2.95467522633654e-06
19346,19346,TMEM14C,-0.22658683642647146,9.247430154380696,-0.2672295294479816,0.07141162140898964,0.03278642609368308,0.10376861165905804,0.07325952356236308
19347,19347,TMEM150A,-0.17225615067222294,7.988619308402691,-0.2307910480541516,0.0532645078619337,0.06653611718412268,0.09223043633324213,0.13280229519484169
19348,19348,TMEM150B,-0.3638474656645823,8.42320915125059,-0.35134295288989537,0.12344187054539126,0.004417366304955728,0.12313531434004392,0.012707710512985582
19349,19349,TMEM150C,0.07995703552672415,6.628205532522467,0.16266294046651072,0.026459232201211613,0.1990620666106564,0.06159554350660895,0.32123772654100635
19350,19350,TMEM151A,0.09806991143642872,6.4716367197627465,0.17126299572862275,0.029331013705942263,0.17601677143749814,0.0716493044602614,0.2912541595078339
19351,19351,TMEM151B,0.2775344368632776,5.683510515396741,0.20757607947983814,0.04308782877222008,0.09979254270450648,0.1661038765108724,0.18568547106599825
19352,19352,TMEM154,-0.14313906903905899,7.695610592066887,-0.2341490787087692,0.054825791060165385,0.06256739705206618,0.07547894503855533,0.12623655857285876
19353,19353,TMEM155,0.17996890665796672,6.464207188545345,0.10718986214414428,0.011489666546480657,0.3992001538724725,0.21200130189086575,0.5414267979454037
19354,19354,TMEM156,0.4299343161058107,5.571276929594247,0.4099198496075148,0.16803428310224752,0.0007685978438890175,0.1214954551709216,0.00267932812450365
19355,19355,TMEM158,-0.1427295020056913,7.849423461573014,-0.6066143348134327,0.3679809512011435,1.078287031862907e-07,0.02375583613400949,1.0623432973153436e-06
19356,19356,TMEM159,-0.27165165547249426,8.874006953642844,-0.5913198969013689,0.34965922047144554,2.6773392712165683e-07,0.047050529184940286,2.321102460286645e-06
19357,19357,TMEM160,-0.2652236906123582,8.737509070685856,-0.5487886462107416,0.3011689782098185,2.6642016931301715e-06,0.051309459439571915,1.7346147824634355e-05
19358,19358,TMEM161A,-0.4493913912609586,10.56247075456211,-0.7615023729297303,0.5798858639776101,2.766427750036501e-13,0.048578185659800883,3.9154897337934925e-11
19359,19359,TMEM161B,0.1975183413665006,5.84943114189057,0.20092421525991627,0.04037054027781317,0.11138573007095652,0.12230130479840025,0.2026844542857783
19360,19360,TMEM161B-AS1,-0.15804777294844138,7.676010601770171,-0.1363418254293666,0.01858909336141188,0.28270474116664435,0.14584410227135464,0.42058059700217665
19361,19361,TMEM163,-0.12736480519982554,7.531979245380374,-0.20917941972522675,0.04375602963658258,0.0971438192075253,0.07561692139795771,0.1816152469083105
19362,19362,TMEM165,-0.6258539736364087,10.913869205722426,-0.5421796919143864,0.293958818324379,3.702959391180134e-06,0.12318247885541656,2.331034465581564e-05
19363,19363,TMEM167A,0.18212485116394692,5.3174046866675635,0.19943271415981945,0.03977340747715224,0.11412213045946346,0.11364853189593785,0.2066316668143546
19364,19364,TMEM167B,0.32594824504608033,4.052793819522048,0.32451779276271114,0.10531179781958194,0.008891647877773825,0.12065633914613925,0.023619803090430835
19365,19365,TMEM168,0.17736176052188138,5.503121548763424,0.2705150439878747,0.07317838902376178,0.030621877216695424,0.08016241637908739,0.06911786023843437
19366,19366,TMEM169,0.028432859913022763,6.905376010313767,0.024684379852586983,0.0006093186087068023,0.8464793713547454,0.14624132978720855,0.9036040021042597
19367,19367,TMEM17,-0.28562669817488145,8.242484671864933,-0.6867285574386932,0.4715961116018286,3.731197592843856e-10,0.038397314357519134,9.770143152724752e-09
19368,19368,TMEM170A,0.3884340025776235,4.52602138654851,0.5999412094799477,0.3599294548322625,1.6128711838645075e-07,0.06578496107694272,1.5009336264110832e-06
19369,19369,TMEM170B,0.27402163464814266,6.106787342238473,0.3633278391974609,0.13200711873589602,0.0031685378522660927,0.0892377093223277,0.009464094784940999
19370,19370,TMEM171,0.19000406337358164,5.6580607787370605,0.7579793865199068,0.5745327503890943,4.1142797013768775e-13,0.0207655155020624,5.4204362822964384e-11
19371,19371,TMEM173,-0.1922513954626324,8.460938654920916,-0.4441941655217836,0.19730845668359367,0.0002361323875192005,0.04924647503825567,0.0009317505196297898
19372,19372,TMEM174,-0.08767395793841742,7.438880123490528,-0.0659342599325247,0.004347326632849733,0.6047081839801459,0.16850685156036113,0.7234382478365868
19373,19373,TMEM175,0.2489293865241816,5.560530542036274,0.27574425518633155,0.07603489426826474,0.0274242600010059,0.11020508551898713,0.062830337528754
19374,19374,TMEM176A,0.04388576623551319,6.54927399571791,0.0931341846363946,0.008673976347886041,0.4641796403075319,0.059583632656747834,0.6024525459742985
19375,19375,TMEM176B,0.27668201042961,4.858550898903894,0.3590013497399038,0.12888196911507271,0.0035775055792519788,0.09135398529537957,0.010527365582103763
19376,19376,TMEM177,-0.37567227649000745,9.310435383756664,-0.3577272359261665,0.1279687753233752,0.003706553710254575,0.12454529135359615,0.010868709627022724
19377,19377,TMEM178A,0.0491076588202078,6.847178921826528,0.06897419539602033,0.0047574396305283895,0.5881190266441993,0.09020512487034674,0.7100249496560259
19378,19378,TMEM178B,-0.12714649886584595,7.577214898269283,-0.13213043384331774,0.017458451547623374,0.2979768754762037,0.12113821286357768,0.43699642682088524
19379,19379,TMEM179,0.03428125033872097,6.8595023443304814,0.060381486496357974,0.0036459239115098603,0.6355254478114074,0.07197204772359653,0.7486046501989887
19380,19380,TMEM18,-0.31031968324625725,9.193570019346401,-0.4044292852361024,0.16356304675658467,0.0009181039059838887,0.08912252623995194,0.003148304051319257
19381,19381,TMEM180,-0.2995979172973018,8.784885399935245,-0.5552103539758386,0.30825853716197604,1.9216813566519323e-06,0.0569976949453825,1.2967905820597568e-05
19382,19382,TMEM181,0.20673377450817876,5.066213667329113,0.3429106152593297,0.11758769005753207,0.005539544561608172,0.07192343798184886,0.015532673505324997
19383,19383,TMEM182,-0.3351800240890916,8.451290197216826,-0.6596051265164673,0.4350789229268048,3.0754888411616105e-09,0.04850563003373767,5.419016953563856e-08
19384,19384,TMEM184A,0.17846818647487706,5.879096513389052,0.22479381292728887,0.050532258330388935,0.0741253100388926,0.0982473214738915,0.14523919552046863
19385,19385,TMEM184B,-0.3375194745312809,9.731992995659938,-0.6084317657389844,0.3701892135602584,9.647413026735424e-08,0.05591085820185375,9.685430185162523e-07
19386,19386,TMEM184C,0.19044509532958026,5.415213181220717,0.2355810960893774,0.05549845283467248,0.060934102009585024,0.09977801193630632,0.12353974150524892
19387,19387,TMEM185A,0.2883632764261527,5.205809134971396,0.3989709008912962,0.1591777797580125,0.0010923093791375019,0.08416954419687643,0.00367012561756751
19388,19388,TMEM185B,-0.3418809789572255,9.160787775929274,-0.7579450386184053,0.574480681566256,4.130094604381955e-13,0.03736810034346392,5.4204362822964384e-11
19389,19389,TMEM186,-0.31359125335581217,9.25788545273669,-0.4768816757899096,0.22741613270419245,6.780268520076242e-05,0.07340578354989218,0.00030858914418295714
19390,19390,TMEM187,-0.2376483335449745,8.557926181973173,-0.2990310627710541,0.08941957650198608,0.01638155930795956,0.09631230544327064,0.04022618918785949
19391,19391,TMEM19,0.1571097662215475,5.9806486093595215,0.20896258241376195,0.043665360849028265,0.0974987944096072,0.09337782505062424,0.18218451919406714
19392,19392,TMEM190,0.10947808425306033,6.477510145855304,0.15912689701458602,0.025321369353490664,0.20913573778212666,0.08626179132467181,0.333689537405832
19393,19393,TMEM191A,-0.21543619980355136,8.392812655058405,-0.3623937826567155,0.13132925370824275,0.003253132156724276,0.07036710678433229,0.009682047396078093
19394,19394,TMEM192,0.15221663658036658,5.9155441552283525,0.2629895260238715,0.06916349079826058,0.035767305129234636,0.07091931443807256,0.07886579702408879
19395,19395,TMEM194A,-0.2260304838567862,8.366264985274752,-0.5522351452546884,0.3049636556544668,2.237612163167737e-06,0.04333620579755527,1.481366291452074e-05
19396,19396,TMEM194B,0.10225898372833954,6.5731711492599425,0.10672801283480797,0.011390868723666936,0.4012464722365695,0.1209872242151935,0.5434016482978682
19397,19397,TMEM196,-0.07346481570893333,7.261261345524132,-0.034227641847757284,0.0011715314664583454,0.7883121651537943,0.2724281779821319,0.8638053718647889
19398,19398,TMEM198,-0.0218351583823116,7.14093782683539,-0.0182399699356922,0.00033269650325495534,0.8862462275410551,0.1520071888292115,0.9300538918052603
19399,19399,TMEM198B,-0.00203239077682535,7.028761207675754,-0.002287695144727078,5.233549075207847e-06,0.9856860262447902,0.11282675138732165,0.9915413979789973
19400,19400,TMEM2,-0.3713943051851379,10.109746544676351,-0.6271252784810074,0.3932861149098811,2.9459242197987784e-08,0.058583734863672826,3.505164229656184e-07
19401,19401,TMEM200A,0.08485981365844747,6.43123587965983,0.718446413267866,0.5161652487374613,2.3283983388321788e-11,0.010434229317115858,1.0290095107634863e-09
19402,19402,TMEM200B,0.3119744188486687,5.563778772656484,0.5767642579521327,0.3326570092510743,6.096878156206813e-07,0.05611763396004208,4.768071378571995e-06
19403,19403,TMEM200C,0.07207986882982431,6.745338141215153,0.045932427935262116,0.002109787936028047,0.7185424838139458,0.19908572543621966,0.8144058142463623
19404,19404,TMEM201,-0.3918116519276572,9.190075434535594,-0.443755142481766,0.1969186264790124,0.00023992117576584552,0.1004888508924438,0.0009444633814232657
19405,19405,TMEM203,-0.2330794367836646,8.989206256287432,-0.2288475093121272,0.05237118251836415,0.06892396077882634,0.12591603937951326,0.13674286492583457
19406,19406,TMEM204,0.4512356515752297,4.3294014950530615,0.4253786340660709,0.18094698231991627,0.0004583631433049318,0.12192363318763963,0.0016863496208406898
19407,19407,TMEM205,-0.3676566891283005,10.31759988240377,-0.4690307033397798,0.2199898006754085,9.25630938045814e-05,0.08792158218863752,0.00040567775679785676
19408,19408,TMEM206,-0.34519388046386235,8.679969449906753,-0.6569924946657985,0.4316391380471892,3.726080173647465e-09,0.05030589929328762,6.358413409009916e-08
19409,19409,TMEM207,-0.09151499785880794,7.366877302444098,-0.0749622451944616,0.0056193382045945815,0.5560573927741332,0.1546073649727084,0.6841328811160647
19410,19410,TMEM208,-0.2867491766378376,9.492446573099576,-0.34107197406869205,0.11633009149511454,0.005815189290022728,0.10037032562539357,0.016209026139199664
19411,19411,TMEM209,-0.21961953203225806,8.452395987062634,-0.3068540031569098,0.0941593792534208,0.013653048770800395,0.08651057919091293,0.034267408768761456
19412,19412,TMEM212,0.2601524587919471,5.852726026969563,0.2439413067147544,0.059507361121701866,0.05207380320110274,0.13134829650770727,0.10817902996161549
19413,19413,TMEM213,0.4982147180270931,5.120861757570955,0.3153447173885681,0.09944229078487586,0.011143783801988674,0.19041051268878825,0.02872419340737927
19414,19414,TMEM214,-0.2292306549979993,8.929446310754278,-0.28970649753459343,0.0839298547137614,0.020232377536660774,0.09617960293047473,0.04839894620781173
19415,19415,TMEM216,-0.4437178658712004,10.459665813510103,-0.5845243524363493,0.34166871859113346,3.951228438543785e-07,0.07822232262309298,3.2583340379537577e-06
19416,19416,TMEM217,-0.03062180124357743,7.129006793516378,-0.02414311921533551,0.0005828902054459028,0.8498061432614941,0.16103300592549502,0.905904894768517
19417,19417,TMEM218,0.10532355638316836,6.515733754519203,0.07893791993744424,0.0062311952040503575,0.5352409176055747,0.16892217786997374,0.6662120811646384
19418,19418,TMEM219,-0.2954095331502817,9.119791034580633,-0.2545477789349427,0.06479457176071245,0.042375307388405996,0.14253215750452128,0.091180175029405
19419,19419,TMEM220,0.10680254336568627,6.248301826329353,0.497238149103785,0.247245776924158,2.9173159314911066e-05,0.02366725605253272,0.00014616954302739454
19420,19420,TMEM221,0.08855666934662647,6.590974874592145,0.0764537316763704,0.005845173087242443,0.5482030418768593,0.14667420879024384,0.6773557498484188
19421,19421,TMEM222,-0.2732522465823081,9.206950342397604,-0.26295391751105224,0.06914476273440928,0.03579326317365026,0.1273295852415655,0.07890696467732834
19422,19422,TMEM223,-0.025541845614076675,7.157839934582008,-0.019745339798572955,0.00038987844376110905,0.8769281787325596,0.16425066678815453,0.9241267074044274
19423,19423,TMEM225,-0.04933786866008314,7.198033677825457,-0.04987461706560622,0.002487477427440859,0.6955187713130501,0.1254770049334081,0.7959402386333063
19424,19424,TMEM229B,-0.14642479407586145,7.779393317424373,-0.13889050211940673,0.019290571578980925,0.27371822705825183,0.13259172003230868,0.41051099154695225
19425,19425,TMEM230,-0.203189432118576,9.174743374140252,-0.2718586758226281,0.07390713962003279,0.029771835229608426,0.0913459596350066,0.06745935878384121
19426,19426,TMEM231,-0.14626230260423795,7.7920500048497505,-0.4627551060102351,0.21414228813854388,0.0001180772151308532,0.035584207803074065,0.0005035372378217066
19427,19427,TMEM232,-0.019261425855528008,7.076785570948053,-0.008095973859372966,6.554479273165038e-05,0.9493745025620992,0.3021407187177973,0.9695004167366341
19428,19428,TMEM234,-0.17718782688714454,7.9654284241006055,-0.13640563391788132,0.018606496964539056,0.2824774020615314,0.1634283206800269,0.4203290140618747
19429,19429,TMEM235,-0.33942785344880616,8.296074326089137,-0.3040141449306037,0.0924246003178861,0.014594465625429685,0.1350825343654948,0.03636860220007823
19430,19430,TMEM237,-0.3011528354535482,8.338766654012357,-0.7052729770274503,0.4974099721251624,7.702873185894819e-11,0.03844508288522685,2.6817639684976255e-09
19431,19431,TMEM238,0.020890835352720082,6.929333791020174,0.032488352542143266,0.0010554930509025864,0.7988377820762576,0.08162119593710321,0.8709073237104847
19432,19432,TMEM239,0.01314966251491541,6.961460561653014,0.01254659882655386,0.00015741714211448273,0.9216159768000032,0.13309402678034207,0.9530392043170847
19433,19433,TMEM241,-0.0810990648176045,7.6373309755647805,-0.0904336656515448,0.008178247883175392,0.4772896913008764,0.11342444971008507,0.6146719158561093
19434,19434,TMEM242,0.09423413088787086,6.4975286726361565,0.05716975612675487,0.0032683810155926265,0.6536400125382553,0.2089946470922598,0.7628131964303324
19435,19435,TMEM243,-0.2546367473815148,9.207713031791807,-0.484206108536341,0.2344555555439068,5.03643423083518e-05,0.058435958769523816,0.00023709561580159962
19436,19436,TMEM245,-0.3607420638024096,9.749031728354938,-0.27937385000464665,0.0780497480664188,0.0253740300230876,0.15745952307390335,0.058767276091541434
19437,19437,TMEM246,0.24708953254124855,5.107598876861566,0.3902680018948439,0.15230911330299388,0.001432339989089957,0.07403111922258063,0.004663557730227487
19438,19438,TMEM248,-0.0039609504409982895,7.0517670704441695,-0.00391931510128006,1.5361030863121924e-05,0.9754795595330435,0.12834827831356144,0.9858134152365158
19439,19439,TMEM25,0.2778260188416725,5.765473092122247,0.24448513335024544,0.05977298042928731,0.05153594318396098,0.13993971302434866,0.10722625380944226
19440,19440,TMEM251,0.20617964231714386,5.204673116755483,0.28016331688814605,0.07849148412976774,0.024945652402079257,0.08971980958148437,0.057917669429294126
19441,19441,TMEM252,0.03705863205410682,6.84412311593623,0.06831560693590882,0.0046670221510215935,0.5916955412417841,0.06873181383430611,0.712989055822506
19442,19442,TMEM253,0.2197286045417005,5.888744076945658,0.2456928075802103,0.060364955696646225,0.05035773007181064,0.11009761536867856,0.1052806183341436
19443,19443,TMEM254,0.08756406313903274,6.385236596501214,0.1291531464839874,0.01668053524671431,0.3090921301498387,0.0853831922018226,0.4493414392048038
19444,19444,TMEM254-AS1,0.18969227088031126,6.097464280650378,0.1762347883543731,0.031058700626310682,0.16361346159887433,0.1345584213424026,0.2752738334957364
19445,19445,TMEM255A,0.14687675480778764,6.5150990051524245,0.4672691591359892,0.2183404670796544,9.915685369809543e-05,0.03529384064766694,0.0004317799450698284
19446,19446,TMEM255B,0.0805574924365775,6.611155050607545,0.0984542223348887,0.009693233895567695,0.4389347366544388,0.1034095436219016,0.5794752010151724
19447,19447,TMEM256,-0.16502066712518185,8.429109365321311,-0.3130674240096993,0.09801121197606884,0.011774088266173236,0.0635777542835142,0.03016054248845289
19448,19448,TMEM257,-0.0345037798579042,7.129575256674608,-0.023796535086308246,0.0005662750821138994,0.8519377419175588,0.18409165569955227,0.9073285693810424
19449,19449,TMEM258,-0.37445293976506894,11.118751521515405,-0.5355059259464771,0.2867665967237938,5.12725599150813e-06,0.07499856536120361,3.115340305726952e-05
19450,19450,TMEM259,-0.20220278136794514,8.206611929591288,-0.20152926479781733,0.04061404456994879,0.11029018158780897,0.12481013074036335,0.2010043664605288
19451,19451,TMEM26,-0.02886955102175495,7.102549084669407,-0.01706038785703625,0.00029105683383251,0.8935584936319122,0.2148780594772981,0.9344748203722036
19452,19452,TMEM260,-0.2664040449645688,9.065916501410099,-0.42795221945320977,0.1831431021349282,0.0004195538164063802,0.07145336354072067,0.001559464108184031
19453,19453,TMEM261,-0.2957156682635313,9.373098765004396,-0.3626294983190636,0.13150015305113572,0.0032315969926631264,0.0965162045392574,0.009621921198421559
19454,19454,TMEM262,0.0453500910382785,6.789003836421969,0.0645475801804412,0.004166390107150485,0.6123427683031906,0.08904217149802889,0.7299907870963717
19455,19455,TMEM263,-0.12037302672732407,8.069443607696348,-0.23505161954831785,0.055249263852287164,0.06153393736587126,0.06321624677110206,0.12457970167723846
19456,19456,TMEM27,-0.0691503202862536,7.236570169360286,-0.06911141150130735,0.004776387199703039,0.5873750931683202,0.12676779145754008,0.7094828002320377
19457,19457,TMEM30A,0.07271389938350199,6.363419770172987,0.11055723465586152,0.012222902134751223,0.38446641620065136,0.08301640055513065,0.5274387230171116
19458,19458,TMEM30B,0.4904361803573346,3.3654684764941334,0.6121119826769781,0.37468107933674105,7.684642072202661e-08,0.08046491560500314,7.98126178676068e-07
19459,19459,TMEM31,-0.013311424856790384,7.065970525724473,-0.01834101252527126,0.00033639274045215735,0.8856202916863815,0.09215784986249023,0.9297124014188768
19460,19460,TMEM33,-0.07744092954692114,7.597953233242693,-0.12111583400660215,0.01466904524711481,0.34041504227266706,0.08060553257334083,0.48282821170283124
19461,19461,TMEM35,0.1948393028461938,6.2275739984478085,0.4230604453370635,0.17898014040879448,0.0004960884605811213,0.05299746920370405,0.0018082470314566878
19462,19462,TMEM37,0.2181367180523103,5.423531356928255,0.7233860428630449,0.523287367009055,1.460820356498115e-11,0.02644180726463119,7.356759260457367e-10
19463,19463,TMEM38A,0.176939750257947,5.968738451607004,0.2352151269002551,0.05532615592270312,0.061348195756494826,0.09285499318512866,0.12425132614168495
19464,19464,TMEM38B,0.07866072665606635,6.4551868903741205,0.2004694009125345,0.0401879807022305,0.1122147527056967,0.04882104923762322,0.20391125869278023
19465,19465,TMEM39A,-0.2540227126179009,8.497025447585386,-0.2068726652126911,0.042796299612202174,0.10097217162837537,0.15257233029102846,0.18739735829726334
19466,19466,TMEM39B,-0.2644333860846395,8.635344755991419,-0.4740386324426748,0.22471262504812128,7.595964107097541e-05,0.0623789500913604,0.0003411252649091606
19467,19467,TMEM40,-0.03913156888157666,7.179168363674086,-0.027302948200713426,0.0007454509804508406,0.8304234446931296,0.1819533003048852,0.893289935662894
19468,19468,TMEM41A,-0.4301506826621232,10.009703169098435,-0.7217493158171349,0.5209220748825023,1.706710432628826e-11,0.05238916431297933,8.268191145095576e-10
19469,19469,TMEM41B,0.3521217227337688,3.7748092039915977,0.44980476696223776,0.20232432838195305,0.00019230077225022572,0.08879450546848784,0.0007761589564223277
19470,19470,TMEM42,-0.33986871041571604,9.412743867112344,-0.5927143825979099,0.3513103393384215,2.469088288657007e-07,0.05865274752974551,2.1655774358391044e-06
19471,19471,TMEM43,-0.6156270530489338,10.762276155240043,-0.5505371176057573,0.30309111786165543,2.4390852376843588e-06,0.11855592040649025,1.60298606440227e-05
19472,19472,TMEM44,0.2813363478567114,5.413797677864647,0.27206883365024426,0.07402145024380427,0.02964068692813286,0.126372235759289,0.06720438440254603
19473,19473,TMEM44-AS1,0.22154070396384345,5.879429658843204,0.2408031436754843,0.05798615400399593,0.055267683929789084,0.11340290436540106,0.11390708056529766
19474,19474,TMEM45A,0.06703410685170018,6.673785576501183,0.2394369096834181,0.0573300337187453,0.056707068874275735,0.03452142537402665,0.11632012659585499
19475,19475,TMEM45B,0.26314213335890474,4.349386263379769,0.7615999548185616,0.580034491179635,2.735915796009921e-13,0.028436389149122027,3.9154897337934925e-11
19476,19476,TMEM47,0.1294770729907232,6.216968014853932,0.6550820444216187,0.4291324849236076,4.28232145345555e-09,0.01896570529019749,7.107702488221592e-08
19477,19477,TMEM5,-0.31308337384116386,9.201381960659592,-0.6550952846016505,0.4291498319073174,4.278208624418903e-09,0.04585859593826429,7.107702488221592e-08
19478,19478,TMEM50A,0.5027942092939149,1.8812688427133253,0.7068439727694185,0.4996284018404544,6.701702418061008e-11,0.06390240283101008,2.379104358411658e-09
19479,19479,TMEM50B,-0.12365951679477093,7.885240135996049,-0.1082350606149662,0.01171482834632541,0.3945918696813073,0.14424636417821474,0.5368749390983977
19480,19480,TMEM51,0.2548542442257141,5.244363516950036,0.3291300182960369,0.1083265689435496,0.007917313588776691,0.09286059135188347,0.021324555443402893
19481,19481,TMEM51-AS1,-0.4817325702428883,8.961795693364794,-0.3713500463058328,0.13790085689134415,0.0025187870097479388,0.15296965591016984,0.007713807480708755
19482,19482,TMEM52,-0.08426780869439221,7.389945346162602,-0.15668398781430226,0.02454987203739242,0.2163023516082535,0.06745960198945034,0.3421495561779934
19483,19483,TMEM52B,0.212194924582243,6.387144899825661,0.11643083021389525,0.013556138224296905,0.359556840842012,0.22988325632399964,0.5020118238835442
19484,19484,TMEM53,-0.043577990492217375,7.325751818021871,-0.05145898573698785,0.002648027213079519,0.6863407498627571,0.10740743828920048,0.788947845713941
19485,19485,TMEM54,0.3269082750891588,3.5384897416245686,0.5198443080921386,0.2702381046557943,1.0714865059764018e-05,0.06822560061918778,5.992490138785756e-05
19486,19486,TMEM55A,-0.02568090014908397,7.106608782654438,-0.03102743552985513,0.0009627017555593168,0.8077065055783457,0.10506531499059783,0.877571841769057
19487,19487,TMEM55B,-0.13892951465876802,8.002447904959277,-0.15669722392301502,0.024554019985179504,0.21626306273985452,0.11120875606117828,0.3421123985412777
19488,19488,TMEM56,0.17699309962492973,5.787006050175918,0.4645707041231259,0.215825939129457,0.00011010021831769004,0.04284645612634827,0.00047381165096772214
19489,19489,TMEM57,0.2733941612388988,5.134669019709554,0.4167380770485632,0.1736706248621342,0.0006137661999550762,0.07573677409203858,0.0021939760746165693
19490,19490,TMEM59,0.4332892924329964,3.647321343610682,0.5149164141604842,0.2651389135718913,1.3411092704031054e-05,0.0916110795814299,7.284103649505705e-05
19491,19491,TMEM59L,0.13370750907696527,6.176315562411985,0.17524570080994334,0.030711055652368174,0.16602828209446224,0.09539798695005207,0.2784928310422603
19492,19492,TMEM60,-0.01879570859832639,7.1732730861612355,-0.02499281102776213,0.0006246406030694285,0.8445848379477693,0.09547992554566953,0.902337790012282
19493,19493,TMEM61,0.15483157460591684,5.941047042635328,0.3905813986119011,0.15255382894162878,0.001418608252082541,0.04634556600305485,0.004623714885437602
19494,19494,TMEM62,-0.4209497413523406,9.345738468898826,-0.4800400088779417,0.23043841012353436,5.969357995450852e-05,0.09769642204324264,0.0002757390089408878
19495,19495,TMEM63A,-0.4415911662209673,9.785542716427189,-0.5593443745499495,0.3128661293406741,1.5515428154860818e-06,0.0831124215260413,1.0751571094192352e-05
19496,19496,TMEM63B,0.36516298633927147,4.288047750446341,0.4190619135192271,0.17561288736239614,0.0005678499357493227,0.1004796955812397,0.002045374311152958
19497,19497,TMEM63C,0.235447506497536,5.776792309142275,0.4397050555070847,0.19334053583848845,0.00027759012002982986,0.06107759227337513,0.0010776647632208616
19498,19498,TMEM64,-0.10441795572938617,7.6482885793362305,-0.2660222653839181,0.07076784567999175,0.033613245993393014,0.04805332779534782,0.07487089508197138
19499,19499,TMEM65,0.2801351136470454,5.38126663580348,0.5095797000544702,0.25967147070760377,1.7034712643693324e-05,0.060071963618868976,9.02364731651612e-05
19500,19500,TMEM67,-1.3994462308273796,11.457698798735962,-0.668068737195267,0.4463158376176788,1.6301988970891054e-09,0.1979567310501117,3.177493889870799e-08
19501,19501,TMEM68,-0.1984429131525732,8.195671415357651,-0.5501846485647555,0.3027031475163235,2.4829804452615408e-06,0.03825076569311827,1.6265676772585775e-05
19502,19502,TMEM69,-0.2407622641081971,9.011381446659833,-0.4755472480420637,0.22614518512038,7.152496193030647e-05,0.05656250640807284,0.00032328805063677453
19503,19503,TMEM70,-0.27047581197970993,8.962817164423834,-0.3511940095655025,0.12333723235469428,0.0044352973417426545,0.09158023849847688,0.012750081499460665
19504,19504,TMEM71,-0.08503820298605384,7.471180113425699,-0.4469012127069647,0.19972069391895567,0.00021395492078341488,0.02161859620073404,0.0008523194296726683
19505,19505,TMEM72,0.20033595203401908,5.815958080939046,0.72076286698049,0.5194991104179355,1.8734819558179267e-11,0.024469085777051328,8.800488449726074e-10
19506,19506,TMEM72-AS1,-0.10233342251296916,7.529291909952949,-0.09392656538560258,0.008822199685135876,0.4603703718675048,0.1377555153866559,0.599333918647999
19507,19507,TMEM74,0.2097823322461792,6.328719445463491,0.1142414624709924,0.013051111747511165,0.3687237760775132,0.23168431951535104,0.5119062297062795
19508,19508,TMEM74B,-0.05406351148756942,7.266012134806132,-0.07080595031734169,0.005013482600341859,0.5782231865489972,0.09672689511808144,0.701952186608282
19509,19509,TMEM75,-0.4083983392777309,8.298021189432347,-0.30269909335434336,0.09162674111754147,0.015048983508984459,0.16330864404619946,0.03736364800356093
19510,19510,TMEM79,-0.4421568226710385,9.331257763481243,-0.5088692443711471,0.2589479078668622,1.758051850542253e-05,0.09499454164477772,9.285515322803046e-05
19511,19511,TMEM80,0.11709771329741668,6.250481754491879,0.1174543150518578,0.01379551612430107,0.35531982829799524,0.12573815376563954,0.49795825018075895
19512,19512,TMEM86A,0.4744015579430576,4.63833996913833,0.4252338831167622,0.18082385535056014,0.0004606400557696279,0.1282363203830016,0.0016935756210002192
19513,19513,TMEM86B,0.11741772301406525,6.504426944573559,0.11657374146146746,0.01358943719832505,0.3589633656037535,0.12704744368797516,0.5014742069640206
19514,19514,TMEM87A,-0.022125944881309992,7.152259216989753,-0.01605920339653896,0.00025789801373140843,0.8997718244531727,0.17495484494200414,0.9385120537633328
19515,19515,TMEM87B,0.3225699566331245,4.220818847983644,0.4942791674850978,0.24431189540976134,3.308834078793538e-05,0.07204885070971981,0.0001635535311031136
19516,19516,TMEM88,0.32472697106417503,5.365995975848207,0.4618006955454174,0.2132598824062313,0.00012248045775905815,0.07921065095386859,0.0005198577641655046
19517,19517,TMEM8A,0.1296210639651939,5.9980957077296075,0.15855840667416926,0.025140768327051238,0.2107883063887806,0.10250886348568512,0.335559859946265
19518,19518,TMEM8B,-0.4161341999461065,9.375165966421287,-0.3518413256143126,0.12379231841003673,0.004357833118883978,0.14060288915327984,0.0125610765605391
19519,19519,TMEM9,-0.2596523450434103,9.166063286489424,-0.6744611498130422,0.4548978426071309,9.95538577464723e-10,0.03609760733055901,2.1281725463967005e-08
19520,19520,TMEM91,0.2415588171698398,5.868745028808826,0.2607614883869989,0.06799655382580297,0.037421970062326934,0.1135775137088198,0.08202983720009006
19521,19521,TMEM92,-0.3919936250504536,9.21309233501757,-0.6157578681351651,0.3791577521703632,6.116544930171661e-08,0.06370357727407724,6.557117844696402e-07
19522,19522,TMEM95,0.12933115715265087,6.235482750079608,0.1713806155440074,0.029371315384242876,0.17571565845462578,0.0944217795137331,0.2908494108073708
19523,19523,TMEM97,-0.24560082884364354,9.05837178161008,-0.6931100546133399,0.4804015478061071,2.197012208658535e-10,0.0324388693620222,6.301496606423918e-09
19524,19524,TMEM98,0.27849831752946913,4.309843441967898,0.6304402912074021,0.397454960777674,2.367379800543066e-08,0.043548933902390494,2.9188384305121675e-07
19525,19525,TMEM99,0.3022292537828182,5.036272138147381,0.524537347645899,0.2751394290753947,8.624470585927526e-06,0.06230049203228673,4.932987600059709e-05
19526,19526,TMEM9B,0.4237744679325168,2.9661157364069557,0.7278418694085402,0.5297537868641186,9.510567437378297e-12,0.05070660817267621,5.188763480434134e-10
19527,19527,TMF1,0.1235562741745708,6.237589449749838,0.15307330802589067,0.02343143762998921,0.2272077799256849,0.10130266274315083,0.3553762711658148
19528,19528,TMIE,0.031211948284710845,6.8851868421785305,0.025184634474550043,0.0006342658136166945,0.8434070070505769,0.15734451539393346,0.9019199539193807
19529,19529,TMIGD2,0.08453790287575452,6.421380246025041,0.0875846926956837,0.007671078394597348,0.4913318732470226,0.12211112697852615,0.6279244546605344
19530,19530,TMLHE,-0.17527089058843134,7.951901988116926,-0.21570361994628925,0.0465280516579332,0.08692725870765347,0.1007651777548772,0.16585108258275208
19531,19531,TMOD1,0.4245152310924392,4.833558731966573,0.387084223496373,0.14983419607979004,0.0015787660526645818,0.1284232857461369,0.0050807220791278815
19532,19532,TMOD2,0.5249441947223584,5.159413551509061,0.5916965545134824,0.3501048126231264,2.6195157146157395e-07,0.09083221662802124,2.275395619735413e-06
19533,19533,TMOD3,0.028504883996214207,6.834615500525312,0.038469978640454,0.0014799392565969876,0.7628000582316677,0.09403291194632302,0.8463668974597134
19534,19534,TMPO,-0.2614112643990286,8.846740772411426,-0.4992013471259589,0.2492019849723722,2.681744620851716e-05,0.05762544102404645,0.0001357484332972041
19535,19535,TMPO-AS1,-0.3602909731884921,8.416716224028184,-0.38385763742532186,0.14734668580974986,0.0017407397987397714,0.11007117254218696,0.005536161013615766
19536,19536,TMPRSS11B,-0.1057141415658847,7.33217779259708,-0.07170268819214047,0.005141275493979321,0.5734066874801114,0.18675941771083532,0.6981794668193315
19537,19537,TMPRSS11D,0.01194134194968963,6.963618395219887,0.011818767927253455,0.0001396832753182749,0.9261499699479552,0.12830830009751248,0.9561487929015516
19538,19538,TMPRSS11E,0.08713190012196534,6.683763662663082,0.09274157271532604,0.008600999309712108,0.4660733938925034,0.11880401617288695,0.6043966312199629
19539,19539,TMPRSS12,-0.19491265288755572,7.611510434315576,-0.13065460241967844,0.017070625133444244,0.3034536850800437,0.18783677889321407,0.44283910980580543
19540,19540,TMPRSS13,-0.14451201878047204,7.7873725517671595,-0.1510749806354917,0.022823649774014198,0.23340507737841815,0.12008867409745973,0.36327472897548235
19541,19541,TMPRSS15,-0.5396199349227802,9.032316154766237,-0.3166650740734357,0.10027676913793453,0.010791897439855152,0.20527990646473146,0.027954370700964515
19542,19542,TMPRSS2,0.4171212849464614,3.6690925141255755,0.6611266700032732,0.4370884737896169,2.7479087822870045e-09,0.06011763683558796,4.9056854641735435e-08
19543,19543,TMPRSS3,-0.2743548107195275,8.22580447498272,-0.6671959045326622,0.4451503750251573,1.7421314844335556e-09,0.0389001263261358,3.34745850003626e-08
19544,19544,TMPRSS4,0.1534092611765982,5.517467648181944,0.30251879769998746,0.09151762296184594,0.015112236796352596,0.061384909725372624,0.037486575946553156
19545,19545,TMPRSS5,-0.09790063064497084,7.47432653423791,-0.11644305821210164,0.013558985805786895,0.35950603746310705,0.10605022691801944,0.5020056255651008
19546,19546,TMPRSS6,0.2205146895034007,5.9584525591975925,0.21789187508396005,0.04747686922760405,0.08369681149454955,0.1254406828588504,0.16065010219061077
19547,19547,TMSB10,-0.10737129927843496,8.449520409010674,-0.061676626644547886,0.003804006274250953,0.6282797028272423,0.22067043282374327,0.7422880116058668
19548,19548,TMSB15B,-0.0260869879865672,7.096973473681835,-0.014485560253731275,0.00020983145586447933,0.9095498039455768,0.2286900278587664,0.9455737400115923
19549,19549,TMSB4X,0.37779674285240394,2.0648221861027363,0.1998822909648713,0.039952930241365474,0.11329192881506367,0.2351983709252274,0.2055094946569814
19550,19550,TMSB4Y,0.0064353899159491045,6.973777424081518,0.009669727391737087,9.350362783051056e-05,0.9395504482571057,0.08451708022161111,0.9643372012475133
19551,19551,TMTC1,0.29146793100147944,5.703209529448902,0.3799170936611345,0.1443369980559232,0.0019586736295749935,0.09012753143933888,0.00616677485438303
19552,19552,TMTC2,-0.2529918372706718,8.557361145476833,-0.5949542466093812,0.3539705555585364,2.1662185322314425e-07,0.043406348381325344,1.936007524369455e-06
19553,19553,TMTC3,-0.17689649768292146,8.057872181249621,-0.2717229052862957,0.07383333725722524,0.029856820897385276,0.07956859923790513,0.06762071111677982
19554,19554,TMTC4,-0.2443074056172663,8.631547130699722,-0.4727191485288364,0.22346339338582807,8.00447954881324e-05,0.05783870480393804,0.00035710136924093684
19555,19555,TMUB1,-0.13717146334363234,7.9317333215745265,-0.1912953757963957,0.03659392080108425,0.12996935218714264,0.0893857207293118,0.22919030797804002
19556,19556,TMUB2,-0.055978170188966364,7.389854079988057,-0.07961562699280438,0.006338648061457361,0.5317311013462025,0.08901101082902467,0.6631327458910398
19557,19557,TMX1,-0.09170075985879513,7.901404772379882,-0.13531409550799953,0.018309904443148017,0.2863830388956977,0.08527490718879749,0.42453619299605244
19558,19558,TMX2,-0.05008540147955489,7.521483908178525,-0.048057761716733184,0.002309548461222306,0.706097304864552,0.13220554864409334,0.804426406609947
19559,19559,TMX3,-0.299379665669933,8.563323726799526,-0.3234249206405061,0.1046036792913177,0.009137273209408795,0.11123990947997817,0.024178781220420748
19560,19560,TMX4,0.11597105501667147,6.296152872902093,0.095597732084171,0.00913892637963694,0.4523926761424808,0.1533601616247484,0.5916156411537787
19561,19561,TNAP,0.175225708648958,6.407784747688128,0.12267967682290518,0.015050303105372457,0.33417009825846544,0.18002647690675042,0.4763331673108918
19562,19562,TNC,0.21402685571819954,6.198355184897804,0.2900181957562777,0.0841105538697266,0.02009219407151006,0.08969509773826358,0.04813013967019362
19563,19563,TNF,0.1149874106023199,6.442624456436525,0.14660244314058782,0.021492276334789284,0.2476964351855289,0.0985361003195474,0.379883951015931
19564,19564,TNFAIP1,-0.4674801758916614,10.27740475415849,-0.5729124653671357,0.32822869297304946,7.530430959222877e-07,0.08493560945443154,5.7622431951226645e-06
19565,19565,TNFAIP2,-0.06600854832321086,7.380703547975661,-0.10025253274244296,0.0100505703212746,0.4305787036115942,0.08319849850679285,0.5716342057935232
19566,19566,TNFAIP3,0.14944552364239744,5.880031456125783,0.28149643648577155,0.07924024375418802,0.02423614846543877,0.06469747472274932,0.05653708876646306
19567,19567,TNFAIP6,0.07170040130105446,6.746887401555541,0.11549874638259107,0.013339960415950092,0.3634422899624044,0.0783127078236996,0.506522254417291
19568,19568,TNFAIP8,-0.2018085016203329,8.390798422014411,-0.3701469109861685,0.13700873571260258,0.002607948166257657,0.06432394671836221,0.007959847433447437
19569,19569,TNFAIP8L1,-0.1778984254749217,8.175001487248576,-0.4388950974207481,0.19262890653996792,0.00028574305652058246,0.046254301608613886,0.0011053529633714208
19570,19570,TNFAIP8L2,0.3462203013346548,5.154551676493245,0.5790714923498006,0.3353237932522252,5.365468159403737e-07,0.06190554715313601,4.263824329977539e-06
19571,19571,TNFAIP8L3,0.3615620747841717,5.6996210396479965,0.4827054424764445,0.2330045441963801,5.35572438488841e-05,0.08331078470071829,0.0002504928975264763
19572,19572,TNFRSF10A,-0.2868539927012229,8.776190499811225,-0.6160353423909452,0.37949954307472905,6.010506436019598e-08,0.046583324402964886,6.475498351841015e-07
19573,19573,TNFRSF10B,-0.21801293255757825,8.510093338865452,-0.722748407003285,0.5223652598257862,1.5522975368179487e-11,0.026475686044917325,7.78125073143349e-10
19574,19574,TNFRSF10C,-0.2794688111375283,8.421847567702889,-0.4409310332445864,0.19442017607813852,0.00026565340572783075,0.0722472177365946,0.0010337330639777493
19575,19575,TNFRSF10D,-0.05361102342113323,7.334136628938467,-0.08481098354369201,0.007192902929648396,0.5052081965523705,0.07999053287533765,0.6399323523831062
19576,19576,TNFRSF11A,-0.053323236723600335,7.467273521666648,-0.1120225163025314,0.012549044158750914,0.3781578621726613,0.060072139797496926,0.5210287271966011
19577,19577,TNFRSF11B,-0.14376075340191388,7.688528023186405,-0.555426712467146,0.3084988329220617,1.9004189772118298e-06,0.027334692416757254,1.2864511707259198e-05
19578,19578,TNFRSF12A,-0.20423124621553568,8.521664430852248,-0.5214857228656868,0.2719473591527479,9.935275267615687e-06,0.04243901647125698,5.6002069948153454e-05
19579,19579,TNFRSF13B,0.29911471787003996,5.288511555959303,0.5727458079511504,0.32803776052561606,7.599091262201434e-07,0.05436913873819987,5.804933887470819e-06
19580,19580,TNFRSF13C,0.1142737771862162,6.317691891955992,0.1995558224737693,0.03982252628318253,0.11389433194389975,0.07126267010197619,0.2063227169353479
19581,19581,TNFRSF14,0.303648048514134,4.672572896277999,0.3902987028044631,0.15233307741084662,0.0014309895428011494,0.0909683170192262,0.0046605622724257625
19582,19582,TNFRSF17,0.08523302973295169,6.405695087050692,0.6305112260593602,0.3975444061868776,2.3562634250402844e-08,0.013325446768192232,2.9123792505278174e-07
19583,19583,TNFRSF18,0.2042617248042644,6.079694163777704,0.22415134766417494,0.05024382665966582,0.07497766811510903,0.11278617238759213,0.14669691028484697
19584,19584,TNFRSF19,0.32042550387724056,5.824524307888208,0.233107568242724,0.05433913837203621,0.0637773394402567,0.1697628137467921,0.128199970813957
19585,19585,TNFRSF1A,0.4200786326491439,3.3859785146308425,0.6053859876076144,0.3664921939916467,1.1620475492512455e-07,0.07014203597066701,1.1355658699925866e-06
19586,19586,TNFRSF1B,-0.004354216417441046,7.045436679656173,-0.00701231503029924,4.917256208416065e-05,0.956143628352803,0.07885733022186359,0.9736335122721691
19587,19587,TNFRSF21,0.017843122178327103,6.855300602459384,0.030820186894317838,0.0009498839202006813,0.8089666236163713,0.07349086749195649,0.8783476843651197
19588,19588,TNFRSF25,0.2404510801013036,5.745040321968397,0.3840031833146493,0.14745844479578418,0.0017331241709248226,0.07342667144372456,0.005517613043425027
19589,19589,TNFRSF4,0.32522582493150626,5.620794069830573,0.245685699346572,0.060361462863414164,0.050364599915818764,0.1629632626692883,0.10528481621556669
19590,19590,TNFRSF8,-0.03307181777075742,7.167283359791182,-0.029701679746088155,0.0008821897797391832,0.8157756652217192,0.14134796517993056,0.8835771193065382
19591,19591,TNFRSF9,-0.06511752129572791,7.2836383511586105,-0.055286950019762665,0.003056646842487734,0.6643534703421946,0.14935323191804573,0.7718345568408593
19592,19592,TNFSF10,0.242622425170165,4.750875722521712,0.6515106067944804,0.424466070765712,5.539858502195051e-09,0.035879722041582865,8.840503748344423e-08
19593,19593,TNFSF11,-0.17653813073078314,7.786523047843023,-0.3006196741889514,0.0903721885094713,0.015792501224739373,0.07113071011097254,0.03895063941021995
19594,19594,TNFSF13,-0.1854536402793877,8.572201757849742,-0.31892181775595785,0.1017111258407644,0.010212738353749641,0.06999440037223803,0.02667111059460305
19595,19595,TNFSF13B,0.15248087722090528,6.002378946565187,0.5854325334410995,0.34273125121126397,3.75288520916695e-07,0.02681724597555477,3.1089796941281676e-06
19596,19596,TNFSF14,0.3617245590948804,5.383568245930842,0.2911208912965862,0.08475137334931876,0.019602884270857945,0.1509657128064062,0.047098686218287895
19597,19597,TNFSF15,-0.21237842949896846,8.165151493624856,-0.7682730897863157,0.5902435404898123,1.2652724373034226e-13,0.022473040944051517,2.2069525342750906e-11
19598,19598,TNFSF18,-0.2558220616918865,7.987620482472838,-0.2487234984954125,0.061863378703797475,0.04749769499788276,0.12651976508042576,0.10023022658148034
19599,19599,TNFSF4,0.15291376392458134,6.4353964739105285,0.17897013959984964,0.03203031086838967,0.1570698044165584,0.10675814915516754,0.2664588025570366
19600,19600,TNFSF8,0.5683515208735389,4.570746193140273,0.5258467365441651,0.2765147903341486,8.113044050188019e-06,0.11675536001733025,4.667586846621189e-05
19601,19601,TNFSF9,-0.22612848153593104,7.99996089876067,-0.4032555307026336,0.16261502304226266,0.0009532893950285467,0.06516909226390499,0.003256583349005076
19602,19602,TNIK,-0.0654326470580203,7.437221494103293,-0.1142004865555117,0.013041751129515607,0.3688966840886547,0.07229030906454262,0.5120806214063987
19603,19603,TNIP1,0.3425472848564342,4.6370270636555855,0.4172880060734973,0.17412928001279507,0.00060260588375048,0.0947424949294807,0.00215728722311401
19604,19604,TNIP2,-0.030029183601297662,7.240557456753392,-0.026939311395984617,0.0007257264984898269,0.8326491390805274,0.14151534791008,0.8949253019555532
19605,19605,TNIP3,-0.07825652382168831,7.2958481634092065,-0.24813763885782106,0.06157228781793441,0.048039926250286816,0.03880006690321194,0.10120679083081632
19606,19606,TNK1,-0.11882826985813992,7.867099518204994,-0.12729171077148066,0.016203179631130285,0.3161755883953796,0.1175916577909858,0.4568480927938844
19607,19607,TNK2,-0.20077424709265612,8.011630171263228,-0.2120988316437534,0.04498591438464525,0.09246209730311188,0.11748401324577908,0.1744163500500089
19608,19608,TNK2-AS1,-0.06704039426786454,7.261407184416555,-0.06259687465935343,0.003918368717118804,0.6231524162477275,0.13574865347220488,0.7382441913586378
19609,19609,TNKS,-0.4051286911107532,8.87941417995181,-0.2443936484828058,0.05972825541873724,0.05162610565655371,0.20414273741994213,0.10738289482207959
19610,19610,TNKS1BP1,-0.2587921781993521,8.5593324478125,-0.4186652780746824,0.1752806150653511,0.0005754591620799643,0.07129210832702829,0.0020689968711342563
19611,19611,TNKS2,-0.2634307071327615,8.568182262406154,-0.2904532336485876,0.08436308093692102,0.019897922657624682,0.11021887774889803,0.0477175542802727
19612,19612,TNMD,-0.0681906987605528,7.358773010681389,-0.20272507932487344,0.041097457787276234,0.10814939355931412,0.04183204075960361,0.19803611682115232
19613,19613,TNN,0.4227923034292862,5.6307762616699515,0.2998590501070512,0.08991544993110302,0.016072233581008157,0.1708263800542942,0.0395639670565797
19614,19614,TNNC1,0.03343113091563491,6.8568176785464985,0.10366525633991404,0.01074648537202009,0.4149713513610509,0.04073575767760541,0.5560297265416307
19615,19615,TNNC2,0.24407599209527744,5.7229712305411615,0.2599718015396027,0.06758533759574657,0.038023481263989335,0.11513504151786227,0.08314164095457491
19616,19616,TNNI1,0.10387983701510456,6.572832132450701,0.13291094190572014,0.017665318478265715,0.2951066214992849,0.0983794562032916,0.43378590066297956
19617,19617,TNNI2,0.1549450319741671,6.26166258036888,0.2190628102498731,0.0479885148345719,0.08200757069096982,0.08764643387391717,0.1579537439573914
19618,19618,TNNI3,-0.006585127830256242,7.041243885431122,-0.006910408605285111,4.775374709199851e-05,0.95678035782129,0.1210191972381307,0.9739192748770678
19619,19619,TNNI3K,-0.05506742695739352,7.216210419021486,-0.09361986059193476,0.008764678297253298,0.4618427883136755,0.07437369085225473,0.6006037553112067
19620,19620,TNNT1,-0.06895007783133911,7.303429064680783,-0.09360208208495356,0.008761349770638385,0.4619282172573607,0.09314134832216336,0.6006037553112067
19621,19621,TNNT2,0.07442958607340401,6.694745861339519,0.055284608506348455,0.003056387937700216,0.664366836223554,0.17071859109855694,0.7718345568408593
19622,19622,TNNT3,0.1521423850794892,6.13038407010322,0.14727045127874852,0.021688585819846243,0.2455247897635616,0.12977090046274148,0.3773864461401001
19623,19623,TNP1,-0.012519938699485028,7.082643190321822,-0.013961056801560793,0.00019491110701640684,0.912811900548155,0.11387954810952633,0.9474640131510471
19624,19624,TNP2,0.33421765594362834,5.873950888080211,0.26504924677675473,0.07025110321692503,0.034292233895946364,0.1544151137384721,0.07620300923722098
19625,19625,TNPO1,-0.5508640806139989,11.412215016482016,-0.5238326203822197,0.2744006141765027,8.912009171399914e-06,0.11376391359601708,5.07867259491224e-05
19626,19626,TNPO2,-0.4649517734184774,10.026843198153836,-0.37739424601998656,0.14242641692899413,0.002110725088091355,0.1448946955375964,0.006581389745517393
19627,19627,TNPO3,-0.42528335621220814,10.21660678353067,-0.5244855182554051,0.2750850588596409,8.645319523039144e-06,0.0876783899340202,4.943606925572027e-05
19628,19628,TNR,0.17179131916756046,6.317509096007233,0.12462844032134965,0.015532248136932209,0.32648959551602186,0.1736956559635285,0.468096675774593
19629,19629,TNRC18,-0.5141182935124735,9.7098459268916,-0.2802042966542929,0.07851444786352696,0.024923583916293127,0.22368491006896007,0.05789125921992145
19630,19630,TNRC6A,0.2499551528111004,5.567824203610445,0.2456535385954856,0.060345661024483736,0.05039569166377815,0.12526429159595487,0.10531931123133717
19631,19631,TNRC6B,0.2763739685769569,5.223075237426639,0.4183465637901088,0.1750138474349916,0.000581640483587967,0.07620586786988646,0.002087408795508357
19632,19632,TNRC6C,0.418606374061483,5.084221835588687,0.3190723272699271,0.10180715002944747,0.010175091107438809,0.15790855122233016,0.026575997820719743
19633,19633,TNRC6C-AS1,-0.2602633211454835,8.280400875880064,-0.25118804093453195,0.0630954319085281,0.045271378758162485,0.127369616762321,0.09644384722164374
19634,19634,TNS1,0.31144474236017605,5.229255024508617,0.7501207321687802,0.5626811128294268,9.738217512916369e-13,0.034870093131734385,1.0041957154390665e-10
19635,19635,TNS3,0.4944470234934422,3.735427469326741,0.6173885337294512,0.3811686015806017,5.517794434645214e-08,0.08001133802306562,6.041183550711157e-07
19636,19636,TNS4,-0.2733910445115126,8.699688197540384,-0.639927238627077,0.409506870736876,1.2480174373611077e-08,0.04169320369306599,1.7357622097658822e-07
19637,19637,TNXB,0.34419444300221624,5.502833159451216,0.26439037845235525,0.06990227221817963,0.03475846442552453,0.1594507824897773,0.07711244207916541
19638,19638,TOB1,0.0600147183792075,6.4109348128430135,0.06791692334144005,0.004612708476167043,0.5938653468952726,0.11196440320954427,0.7145972071395856
19639,19639,TOB1-AS1,0.22322709044453096,6.137268891836365,0.1891247732366345,0.035768179851808427,0.13446560888363995,0.14719510350241946,0.2351492175058728
19640,19640,TOB2,-0.1764678344031187,8.13325407252072,-0.2110735672180656,0.04455205077815926,0.094085696402948,0.10378614422614414,0.17695203713790508
19641,19641,TOE1,-0.06865711894834628,7.532459376370751,-0.05253594673102175,0.002760025698924755,0.6801276338666229,0.16574216479705042,0.7842927133810967
19642,19642,TOLLIP,0.5227597986024455,3.8451732324455534,0.4183905116724628,0.17505062025754525,0.0005807845655538572,0.14412461508379334,0.0020853738628865493
19643,19643,TOLLIP-AS1,-0.10981087195931834,7.474305614274571,-0.18516072200151576,0.034284492972122604,0.1429781740032798,0.07401593545433847,0.2472799583133156
19644,19644,TOM1,0.14906696678594208,6.025170502122723,0.1904275167558579,0.03626263913780254,0.13175320454012746,0.09759671800892496,0.23156526615668047
19645,19645,TOM1L1,-0.2856796222493669,9.096276380113816,-0.33232015785623525,0.11043668731759312,0.007299215862437836,0.10297105548516057,0.019844886315265705
19646,19646,TOM1L2,0.5781251491305414,3.199205627650888,0.3945578134695665,0.1556758681698852,0.0012543702914437828,0.17098970783379688,0.004144551214710882
19647,19647,TOMM20,-0.3932795825619487,11.151080408862963,-0.7086631875421481,0.5022035133773978,5.697288538209417e-11,0.04972692401688037,2.1089706546141014e-09
19648,19648,TOMM22,-0.2776194454320436,9.131311856125217,-0.33830941053824554,0.11445325725873515,0.00625202420184595,0.09807215176988322,0.017288671190266128
19649,19649,TOMM34,-0.2504613242757065,8.939282692104257,-0.6514509204128759,0.4243883017067832,5.563586905957117e-09,0.03704485775890092,8.865303491427622e-08
19650,19650,TOMM40,-0.325250909781263,9.612214583256582,-0.5248615308733444,0.2754796265907107,8.495123792951952e-06,0.06698895971588185,4.8705826247385366e-05
19651,19651,TOMM40L,0.29745041040551395,5.078733208733112,0.5831237020905939,0.3400332519398397,4.2765599426799003e-07,0.05262826593203893,3.489408649537801e-06
19652,19652,TOMM5,-0.28992398760888693,9.895913313781703,-0.7054860999884596,0.4977106372769268,7.559145915791656e-11,0.03698936141039779,2.6359630403618083e-09
19653,19653,TOMM70A,-0.3981930822952753,10.640009993877227,-0.5600380615538706,0.31364263038901696,1.4964053307790478e-06,0.07480927967017614,1.0445759249678757e-05
19654,19654,TONSL,-0.13421856493890866,7.7050640583529,-0.16949150506170074,0.028727370288080537,0.18059736713293315,0.09911500001982476,0.2974472151858585
19655,19655,TOP1,0.2163759928034997,5.080611401496523,0.24919951646020386,0.0621003990039994,0.04706083087441678,0.10679334974733473,0.09951199029250028
19656,19656,TOP1MT,-0.5266121001183574,9.858771703280887,-0.77357881557641,0.5984241839086013,6.727268091032328e-14,0.05478658067987836,1.3488795417713431e-11
19657,19657,TOP1P2,0.1966365981585808,6.3697282384581255,0.12081365328668467,0.014595938820475256,0.3416301057295906,0.20519164077605384,0.4838456468001494
19658,19658,TOP2A,-0.2250106480520827,8.521446500684865,-0.6399493354935295,0.40953515199861,1.246125751675874e-08,0.03431299739274001,1.7342450612172913e-07
19659,19659,TOP2B,0.001435600344082803,7.003199591339658,0.00198067340313555,3.923067129888562e-06,0.9876068807926264,0.09205004121399224,0.9925109988659887
19660,19660,TOP3A,-0.2730327325933604,8.45580790341775,-0.19262597422670885,0.0371047659467887,0.1272699538660137,0.17664182426863478,0.22537640346313365
19661,19661,TOP3B,-0.5260127394441276,9.576112344829511,-0.5561555853338758,0.30930903509806595,1.8304005247337968e-06,0.09982653617521693,1.244499948606291e-05
19662,19662,TOPBP1,-0.2892633039793021,9.238585686511747,-0.6425091909361198,0.4128180604373872,1.044444600141015e-08,0.04381315194721499,1.5018225641469906e-07
19663,19663,TOPORS,-0.034216885310381716,7.272332392718919,-0.050339070449700624,0.002534022013739923,0.6928236758507761,0.08621612180449717,0.7938146402406644
19664,19664,TOPORS-AS1,-0.22805755558873714,8.608126995994537,-0.20551982399272006,0.04223839805399862,0.10327132809022736,0.1379188450864353,0.1908466128856352
19665,19665,TOR1A,-0.09337336127153027,7.631322424854857,-0.058321086339976874,0.0034013491118750363,0.6471227405006585,0.20298394588571106,0.757752237119805
19666,19666,TOR1AIP1,-0.0976293795523148,7.609084347259706,-0.09181086628550557,0.008429235168094986,0.4705793067125211,0.1344783761234299,0.6084907677112106
19667,19667,TOR1AIP2,-0.1582812060614011,7.808223985831398,-0.09591153306755383,0.009199022175368471,0.4509032215010124,0.20861997375846106,0.5904522743910277
19668,19668,TOR1B,0.1483146736422318,5.733780508655013,0.2830152983527065,0.08009765910167148,0.023448659651254228,0.06383358353309193,0.055032049934746974
19669,19669,TOR2A,0.44075861668536215,4.6602439029943445,0.4021136138469692,0.16169535844106947,0.0009886849827268718,0.1274550727812134,0.0033631751965049342
19670,19670,TOR3A,-0.43262583606926336,10.079319457360556,-0.5449563167400171,0.29697738715484584,3.227367421750988e-06,0.08453558513249286,2.0543398447389076e-05
19671,19671,TOR4A,-0.27947509571576723,8.712690954526257,-0.284192225950671,0.08076522129079725,0.02285345058646639,0.11974249382757132,0.05381594959220636
19672,19672,TOX,0.1424635944290472,6.204785837227544,0.22385855230358376,0.05011265143945635,0.0753687006926307,0.07877173545719628,0.14736877774256596
19673,19673,TOX2,0.22165532497003884,6.169806352920925,0.4260573894342633,0.1815248990915395,0.0004478224239104131,0.05977463851502685,0.001652417509896114
19674,19674,TOX3,0.3799640966142016,3.7647449475039614,0.5324779581780436,0.2835327759454583,5.929560747037613e-06,0.07670845675445642,3.5480695765984946e-05
19675,19675,TOX4,0.24816277024499656,5.237040580989951,0.18441684573170286,0.03400957298963068,0.1446195896420226,0.16796802104303965,0.24958058763930502
19676,19676,TP53,-0.2570180513420599,8.909689220247701,-0.6802003442489554,0.4626725083163974,6.327104638832611e-10,0.03517632498983883,1.4748487723780428e-08
19677,19677,TP53AIP1,0.0008375701766439173,7.012475680816491,0.0005166230424724342,2.668993680134747e-07,0.9967673595102121,0.20589771625561726,0.9978271620836558
19678,19678,TP53BP1,-0.6010362093993328,10.304771432747154,-0.4737562482043383,0.22444498271265054,7.681738448821947e-05,0.1418914239884616,0.00034426334045786273
19679,19679,TP53BP2,0.029019028037689763,6.812709832857815,0.032390474758568766,0.0010491428550854804,0.7994311871387537,0.11372128689593618,0.8714205589568625
19680,19680,TP53I11,-0.18892383017413536,8.11283545655454,-0.16950829162697034,0.028733060930294024,0.1805535601858032,0.13949840856687287,0.2973976835645827
19681,19681,TP53I13,-0.2448463165994343,8.614964232044963,-0.2906365254294039,0.08446958991367652,0.019816551752700026,0.1023726450565341,0.047548745507448094
19682,19682,TP53I3,0.2704004853299397,4.592921246797962,0.5002886349872733,0.2502887182974292,2.55899317048726e-05,0.059434417127644114,0.00013014325295185913
19683,19683,TP53INP1,0.4576584480234822,4.4372668253613785,0.5654347487706686,0.3197164551173491,1.126082777165382e-06,0.08478287262242264,8.172024979730679e-06
19684,19684,TP53INP2,0.12475588022246448,5.989048639967859,0.7880185310858718,0.6209732053347351,1.1019788818251548e-14,0.012378377008558185,3.139914827095227e-12
19685,19685,TP53RK,-0.2255665050092532,8.51902884633359,-0.4220802342802311,0.1781517241700548,0.0005128728002942661,0.061528960083613436,0.001861904524789997
19686,19686,TP53TG1,0.09738136843135473,6.300669944469996,0.21147883755715952,0.04472329873452746,0.09344126926724423,0.05715808982659248,0.17590808362880758
19687,19687,TP53TG5,0.3584033714984781,5.344994903362491,0.2800067344280153,0.0784037713250411,0.025030127508972943,0.15605515143195625,0.058101341109101624
19688,19688,TP63,-0.062140353029223626,7.243330913962573,-0.030189560393165855,0.0009114095567326088,0.8128039347335446,0.26129017640947755,0.8813107478406305
19689,19689,TP73,0.013096324599479186,6.954467667262136,0.015343110871423074,0.0002354110512127809,0.904219581325489,0.10838995545599077,0.9414334839945894
19690,19690,TP73-AS1,0.4913683365727556,4.806116713938481,0.5095362548009054,0.25962719495653314,1.7067632001582237e-05,0.10538079270189006,9.037338935325844e-05
19691,19691,TPBG,0.053698635495987,6.6930314760582945,0.06775080921315302,0.0045901721490370605,0.5947704575438788,0.10042778423985388,0.7151446006725539
19692,19692,TPBGL,0.2118117997577135,6.110419337133992,0.1924690072908557,0.037044318767527465,0.12758616208380805,0.13715026441183342,0.2258545197355402
19693,19693,TPCN1,0.3738147195455062,4.455781744463309,0.3193824069981289,0.10200512189991846,0.010097909993362759,0.14085961397074107,0.026390325960206434
19694,19694,TPCN2,-0.029997640778867917,7.163659722280711,-0.014095406700822353,0.00019868049006158765,0.9119761861065976,0.27025298338164394,0.9471005944778522
19695,19695,TPD52,0.336303719927436,3.7857121669602254,0.4473885525893032,0.20015651698795173,0.00021017117882779786,0.08537947189227077,0.0008395603906135331
19696,19696,TPD52L1,-0.1340283874792108,8.010882713288789,-0.6359499285918314,0.4044323116759555,1.6366086833486832e-08,0.02065587461805556,2.175614551130493e-07
19697,19697,TPD52L2,-0.4715281767026973,10.92511951046766,-0.6080862772932073,0.3697689206323114,9.854177121051012e-08,0.07818015195464549,9.85190238025668e-07
19698,19698,TPD52L3,0.18941465375069086,6.157494607427667,0.2075906726194516,0.04309388735859634,0.0997681839743894,0.11335601187639904,0.18565609899161317
19699,19699,TPGS1,-0.31157251946767234,8.589757060550074,-0.4000408419830253,0.16003267525448778,0.0010559794810297257,0.09065466653831177,0.003562429609237998
19700,19700,TPGS2,-0.4139573242464141,9.465839419345663,-0.5904491742586847,0.3486302273827626,2.815644756318352e-07,0.07186062782462409,2.4253296419281585e-06
19701,19701,TPH1,0.09841109908996093,6.537615090930733,0.6676536162180076,0.4457613512489825,1.6825542605759062e-09,0.013936234178148462,3.261925918779879e-08
19702,19702,TPH2,0.02039475211238849,6.9522069903763954,0.012057976860192963,0.00014539480596094894,0.9246595623244444,0.21479124030729216,0.9550919543112731
19703,19703,TPI1,-0.4139082099309452,10.746048822083287,-0.3702536078860416,0.13708773415263065,0.002599928941279712,0.13188403260285428,0.007936490163999459
19704,19704,TPK1,0.1285493022981945,6.163371337237295,0.3988032205864601,0.15904400875013272,0.0010981040543517617,0.03754065594404152,0.003687307070396558
19705,19705,TPM1,0.13552163839198347,5.912457840909929,0.16083790366987102,0.02586883125691871,0.20421724815145287,0.10561682661594482,0.32738920564510804
19706,19706,TPM2,0.2826328558674471,5.563659611991082,0.28436752091331025,0.08086488695038194,0.022765903523971898,0.12101424315211222,0.05363312019273406
19707,19707,TPM3,-0.05339786634184826,7.3164201193866205,-0.032541589220610775,0.0010589550290029713,0.7985150708535393,0.20828559229811916,0.8706431629491664
19708,19708,TPM4,-0.38066871490771104,9.657119986919456,-0.6924998119380872,0.4795559895342861,2.312507108374524e-10,0.05036382298587992,6.580465365551947e-09
19709,19709,TPMT,0.25167703789981105,5.408603941860085,0.2275682568563775,0.05178731152865019,0.0705327965694794,0.13676940183570258,0.13936019249197779
19710,19710,TPO,0.06405420660777013,6.763544074110687,0.10420026877854477,0.010857696013520974,0.4125545264141327,0.07764479729335994,0.5539815165455009
19711,19711,TPP1,0.5291654433383292,2.8361467989249776,0.6528572175040269,0.4262225464471005,5.0293392198232424e-09,0.07797388265567379,8.163334838904237e-08
19712,19712,TPP2,-0.1552529328948071,7.9279733357678435,-0.194438787700616,0.0378064421624852,0.12366103772949165,0.0994700385484777,0.22022037598948535
19713,19713,TPPP,-0.09900203528901776,7.479905943125424,-0.08163230293879901,0.006663832883091855,0.5213545900204146,0.15350918067539412,0.6546027510229071
19714,19714,TPPP2,0.22729272904511216,6.165795348527273,0.17157945253984494,0.02943950853387291,0.17520747781490767,0.16574320204948562,0.2902254977496998
19715,19715,TPPP3,-0.03201381902221675,7.19988184130772,-0.08129040993637315,0.006608130747623595,0.523106565636248,0.04984970902087457,0.6559657582287887
19716,19716,TPR,-0.3183597249619237,9.04299192699552,-0.4704434916915227,0.2213170788749118,8.756928616227156e-05,0.07583944324521025,0.0003865293297684449
19717,19717,TPRA1,-0.39730211466591603,9.517837889770012,-0.6432445787863948,0.41376358813808656,9.924892180213332e-09,0.06005999503002625,1.4405063013573706e-07
19718,19718,TPRG1,-0.16140967874695672,7.645668772806853,-0.3519560549552854,0.12387306461968788,0.0043442289879550905,0.054516605124826215,0.012529871967790021
19719,19719,TPRG1L,0.4127289053849462,3.3238641441845562,0.7297829743450933,0.5325831896439711,7.867980788731613e-12,0.049105199239462376,4.5074371423275947e-10
19720,19720,TPRKB,-0.17440454938044578,8.645491109526825,-0.3450552903514133,0.11906315339949812,0.005232606121543379,0.06024841998555275,0.014796563797600141
19721,19721,TPRN,0.2811107919031396,4.9978666633702655,0.33689214254460315,0.1134963157082932,0.0064871187093276704,0.09977714302230173,0.017856686875618494
19722,19722,TPRXL,-0.023774843296426214,7.1351533504959255,-0.025701172901309813,0.0006605502885030219,0.8402370723437312,0.11744252799119258,0.899617001479469
19723,19723,TPSAB1,0.13864260518916868,5.998994872448965,0.5530706488409505,0.30588714260935,2.1443017599661725e-06,0.026523772790519703,1.4296445385488752e-05
19724,19724,TPSB2,0.09928836943420134,6.198383612017395,0.5293534467725155,0.2802150716099424,6.879188251219684e-06,0.020209620712756345,4.046966084763984e-05
19725,19725,TPSD1,0.1705357347970231,6.068936829205186,0.2298695377091597,0.05284000436662281,0.06765986932193366,0.0916958758424272,0.13459254732376202
19726,19726,TPSG1,0.2165828308431124,5.232165519286847,0.547139696615322,0.2993618476123066,2.8941900464134917e-06,0.04208010813048548,1.8742130817907943e-05
19727,19727,TPST1,-0.15089992122494902,7.821005391988397,-0.22032252885217085,0.048542016719815666,0.08022048710005182,0.08484554970917316,0.15525736421053019
19728,19728,TPST2,-0.16913382843178246,8.275730270716188,-0.4226643156199577,0.17864512369848726,0.0005028103762235738,0.04605793595430669,0.0018312073153584749
19729,19729,TPT1-AS1,-0.2494095866374108,8.229827242739976,-0.1729110415138888,0.029898228277417782,0.1718317965766401,0.1804277028993686,0.28601211028955736
19730,19730,TPT1P8,-0.17254557453289895,7.736752273191675,-0.23143780575173145,0.05356345793117618,0.0657564101086287,0.09211268189081613,0.131579658187244
19731,19731,TPTE,0.13188781791035714,6.6147446998292985,0.07125234241628782,0.0050768962998079285,0.5758232349836876,0.2344792680953429,0.7000983748005027
19732,19732,TPTE2P5,0.045043837335864666,6.830510287498572,0.040197622519955255,0.0016158488562568135,0.7524804568077011,0.142196205761536,0.8391474046637639
19733,19733,TPTE2P6,-0.18711405682968624,7.60435778678009,-0.2604994813144096,0.06785997976507642,0.037620661169225314,0.08807330307632287,0.08237365193322288
19734,19734,TPTEP1,-0.0062753966553838044,7.041368432671112,-0.00503215496909415,2.532258363297895e-05,0.9685204266590536,0.15837470950184368,0.9814210291187078
19735,19735,TPX2,-0.14742965342329153,8.238322922298254,-0.6747709218468064,0.45531579696998903,9.717275674260299e-10,0.02047882480955184,2.085506488861316e-08
19736,19736,TRA2A,0.05398043002547323,6.683067281283329,0.08380022286259016,0.007022477351819778,0.5103144250223766,0.08152016133215559,0.644740891123662
19737,19737,TRA2B,-0.23727764736898554,8.78415460125383,-0.339007021642646,0.11492576072301745,0.006139077857710161,0.08362615702046143,0.017019809372514856
19738,19738,TRABD,-0.5782473013950911,10.925918239080056,-0.6327538177495659,0.4003773938766508,2.0292356579020544e-08,0.08987150087058103,2.5757970792420273e-07
19739,19739,TRABD2A,0.4251146569478803,4.353596629890752,0.5401292586727173,0.2917396160743392,4.0953866476738665e-06,0.08412188690804709,2.5521035354065492e-05
19740,19740,TRABD2B,0.32435121358743274,5.539778239390196,0.2042673175341732,0.04172513701260674,0.10543597006420012,0.19740849829006102,0.19411800133822935
19741,19741,TRAC,0.15144261228159134,5.872262636927769,0.5565922971352445,0.3097949852302883,1.7896139525383538e-06,0.028708077571047288,1.2194490290188184e-05
19742,19742,TRADD,0.21088815726585647,5.6259808028798926,0.12839028271652653,0.01648406469602961,0.3119826390869072,0.2068782779580284,0.45223803798292894
19743,19743,TRAF1,-0.1474458003626625,7.646947402163304,-0.11808111800495358,0.013943150429299772,0.35274023649599684,0.15747335603104867,0.4954011168896045
19744,19744,TRAF2,-0.17440403622604386,8.084039690430252,-0.18210576769414008,0.03316251062747212,0.14980901559666351,0.11959519374573085,0.256602570104965
19745,19745,TRAF3,0.3346185593565016,4.693771853288972,0.2996312216074994,0.0897788689620024,0.01615684387193314,0.13531332695936496,0.03973803225873482
19746,19746,TRAF3IP1,-0.3010125306309287,8.649834904859103,-0.3103977614590085,0.09634677031876357,0.012552055869858298,0.11707685623338117,0.03187321410199125
19747,19747,TRAF3IP2,0.4417578523791499,4.249854205606491,0.3936886520832133,0.15499075477909738,0.0012887307166861944,0.13099848314046506,0.004246418695958543
19748,19748,TRAF3IP2-AS1,0.3664271773808459,5.682389559021972,0.13085722732671431,0.017123613943635388,0.3026979040383292,0.3525685495737858,0.44197445296676013
19749,19749,TRAF3IP3,0.3228428367763113,5.616736874208075,0.5802349468181924,0.3366725935091106,5.02873847662503e-07,0.05755133448243738,4.034728851845685e-06
19750,19750,TRAF4,0.02572009584536095,6.871035041289751,0.02693303000918953,0.0007253881054759037,0.8326875968183995,0.12123665621055207,0.8949253019555532
19751,19751,TRAF5,-0.3339676532160739,8.79040386017121,-0.6699586753080216,0.448844626620479,1.4107908343992852e-09,0.04699996860060409,2.809792041992173e-08
19752,19752,TRAF6,0.18878175811574335,5.769232477936826,0.15903497075002768,0.02529212192146216,0.2094023396900541,0.14883627301301092,0.33404108036744906
19753,19753,TRAF7,-0.4063554328223249,9.606651877288328,-0.3288210215346763,0.10812326420310804,0.007979543586819134,0.1482187237349953,0.021473470407924484
19754,19754,TRAFD1,-0.0265434047510616,7.170762549006928,-0.017887765219476208,0.0003199721445471028,0.8884285945313786,0.18842356070342395,0.9312610104350163
19755,19755,TRAIP,-0.32882684893242875,8.638226470894248,-0.6224568079763441,0.3874524777960993,3.990842484679484e-08,0.05250880061649977,4.555703426765114e-07
19756,19756,TRAK1,0.04340155284408622,6.697773550886617,0.047609134753936584,0.002266629712018493,0.7087180533411144,0.11564487305335835,0.8067578030222452
19757,19757,TRAK2,0.2964057768544948,4.403538348854785,0.5707069716366525,0.3257064474746789,8.488081635149339e-07,0.054162929335473314,6.39787196941119e-06
19758,19758,TRAM1,-0.0546736212248542,7.545882839499719,-0.06345950311693767,0.004027108535848623,0.6183622879678392,0.10919659256461813,0.7346882845448972
19759,19759,TRAM1L1,0.24580109010294546,5.967322911522372,0.2257121456811627,0.05094597270799442,0.07292039241697285,0.13473440188357336,0.1433322227275617
19760,19760,TRAM2,-0.015947900468388444,7.120544756407233,-0.016388470620158597,0.0002685819692678015,0.8977277186464395,0.12356939354168438,0.9372429730637666
19761,19761,TRAM2-AS1,-0.16212232986403702,7.994827369234527,-0.2579050341919719,0.06651500666156221,0.03963581787787817,0.07713311001023443,0.08615011905504887
19762,19762,TRANK1,0.20161844479497631,5.603444105087927,0.7355942669198715,0.5410989255253832,4.416359599495848e-12,0.023580641581919595,2.9793229634605164e-10
19763,19763,TRAP1,-0.449113908242676,9.772368305858912,-0.7483861201411409,0.5600817848199103,1.1727812327772461e-12,0.05054997066069964,1.1439899817923992e-10
19764,19764,TRAPPC1,-0.12162959219805655,8.10688067345433,-0.18686505645044646,0.03491854932222853,0.13927007563132804,0.08120771557082622,0.2420654537118877
19765,19765,TRAPPC10,0.14447971366809262,6.28208017422744,0.2448971832389512,0.05997463035837242,0.05113144151437923,0.07264354421086136,0.1065792055052346
19766,19766,TRAPPC11,-0.15605749279000494,7.909488166313682,-0.1830476093056612,0.03350642727251798,0.14767767114084654,0.10644473975966877,0.25372579883806984
19767,19767,TRAPPC12,-0.4002002926817215,10.092001542051038,-0.5652189574662005,0.3194724698791786,1.1390681998935916e-06,0.07418014654137935,8.249672865784524e-06
19768,19768,TRAPPC13,-0.2089718907143729,7.880766234357384,-0.28367954548837226,0.08047408452848948,0.02311113623939199,0.08971106073541699,0.05432233314490758
19769,19769,TRAPPC2,-0.018456779450642426,7.111234681096499,-0.020433936045115928,0.00041754574229588797,0.8726713171588011,0.11468783652763545,0.9212351401931413
19770,19770,TRAPPC2L,-0.4489139857507734,10.169242529412026,-0.3590298285212981,0.12890241776803274,0.0035746672460347326,0.14820749389533472,0.010523303318771361
19771,19771,TRAPPC3,-0.19748455326242947,8.676989375467397,-0.19562117471399348,0.03826764399648276,0.12134949631232285,0.1257327858635188,0.21688868790387514
19772,19772,TRAPPC3L,0.11420816380803032,6.666261875042792,0.07925520180637345,0.006281387013368982,0.5335963108183147,0.18243377319473747,0.6648462664424974
19773,19773,TRAPPC5,-0.23712563520056446,9.065976364760145,-0.42165869258804856,0.17779605303506246,0.0005202483965553791,0.06476067746988769,0.001884573273236322
19774,19774,TRAPPC6A,-0.2635623532559718,9.177508805313627,-0.357531434436936,0.12782872661053307,0.003726747068105046,0.08743276032035596,0.010922006734309753
19775,19775,TRAPPC6B,-0.10900548633863932,7.727893920352598,-0.25489041566184145,0.06496912399626631,0.04208874832356827,0.05251845998870277,0.09067169169785823
19776,19776,TRAPPC8,0.5424841754439593,1.9606246798135196,0.5820439728894469,0.3387751863769312,4.544374659083753e-07,0.0962520536249208,3.6912390563562893e-06
19777,19777,TRAPPC9,-0.19493914617847224,8.221098324153106,-0.1393389047394782,0.019415330373997376,0.27215711021338185,0.17594355870611064,0.408849269626832
19778,19778,TRAT1,0.14985939462666828,6.423468836199008,0.4920930529530417,0.2421555727646451,3.6287620123539446e-05,0.03366905490428286,0.0001773433567536102
19779,19779,TRAV12-2,0.1137986712683864,6.623040115444759,0.1044117593746614,0.01090181549571219,0.41160140395276296,0.13766122661452046,0.553158574769743
19780,19780,TRAV8-3,0.23121969750517665,6.079564532724246,0.21602369077477296,0.046666234975954735,0.08644871135408888,0.1327241918785683,0.16503983464452038
19781,19781,TRBC1,0.12331733480789765,6.01323605909114,0.5509184569080673,0.303511146161966,2.3924133158683924e-06,0.02372455352674706,1.5742239548808886e-05
19782,19782,TRBV27,0.20730335801747954,6.211501981769753,0.20790753657841965,0.043225543766106905,0.09924041760865847,0.12386398430510324,0.18478514559892512
19783,19783,TRDMT1,0.2762509347438338,5.862327160959508,0.1610425480388296,0.02593470227883873,0.2036345180823469,0.21501131420832426,0.326886989553241
19784,19784,TRDN,-0.031924643563687766,7.107946942809916,-0.00878131564321458,7.711150442576509e-05,0.945095291853736,0.4616936262163429,0.9673257781815148
19785,19785,TRDV3,0.30295836706474416,5.83127059562317,0.6005877970638185,0.3607057019819704,1.5517813066173616e-07,0.05122252913808906,1.4540815315793583e-06
19786,19786,TREH,0.23188250337734026,5.985967024859179,0.31952061751827604,0.10209342501926046,0.01006367255369763,0.08733510054500304,0.026313550972026346
19787,19787,TREM1,-0.23296969860181735,8.075657912974862,-0.2967760164314281,0.08807600392890727,0.017250008552159322,0.0952037628528649,0.042104253290916376
19788,19788,TREM2,0.24012006664174335,5.549718530207831,0.462178078679767,0.2136085764121209,0.00012072163506494764,0.05851169131531784,0.0005132980575950208
19789,19789,TREML1,-0.01735324761423051,7.102662799762078,-0.022107260182694027,0.0004887309527853285,0.8623421375149888,0.09966526916551648,0.9147653075285138
19790,19790,TREML2,0.001707697251117542,7.007976070021861,0.0020745526580307327,4.303768730942378e-06,0.9870195255430034,0.10454171902259393,0.9922885782493511
19791,19791,TREML3P,0.16394660256682356,6.447303455923294,0.14127567465139956,0.0199588162482081,0.2654826237851846,0.14590203512932884,0.40090838340782237
19792,19792,TREML4,-0.049490579147417404,7.193215159275075,-0.02801224478894811,0.0007846858581159506,0.8260859194193036,0.22428917794885897,0.8907169587445658
19793,19793,TREML5P,0.13972614439694184,6.440555505756628,0.1348824431621176,0.01819327347338188,0.28793730632313463,0.1303585161460437,0.42648990208122306
19794,19794,TRERF1,0.4797791899730586,4.9156249546300685,0.4344528146829477,0.18874924818593566,0.0003344810544082677,0.1263224392093071,0.0012709575773312927
19795,19795,TRG-AS1,0.22146933766360688,5.955658844635242,0.5848439029052669,0.3420423907654652,3.8803414914295563e-07,0.0390100720418695,3.2059822585618866e-06
19796,19796,TRH,-0.15873751467755834,7.890849820855688,-0.1543488138977991,0.023823556351657414,0.22331249151499005,0.12904601468944069,0.3506258703420178
19797,19797,TRHDE,0.09385744477367322,6.5183081128228535,0.3744169825939189,0.14018807685473497,0.0023036842335169712,0.029520184973393305,0.007119492233025548
19798,19798,TRHDE-AS1,0.247635611622704,6.145849527542052,0.13979507939562824,0.01954266422323,0.2705750475024171,0.22276128760278766,0.4070939104887683
19799,19799,TRHR,-0.03267041779183385,7.142476328461012,-0.04190112230853644,0.0017557040507149302,0.7423471483299175,0.09893537554399573,0.8324111537348335
19800,19800,TRIAP1,-0.2651352012344007,9.44725783292323,-0.6005369163306892,0.3606445878759731,1.5565083106559216e-07,0.04483353778845479,1.4578800807635805e-06
19801,19801,TRIB1,-0.2488616346575921,8.486263144958508,-0.30650905761670394,0.09394780240107993,0.013764532557456306,0.09815115192084402,0.034514931974492395
19802,19802,TRIB2,-0.11814614032576624,7.714836068993008,-0.3529972406953849,0.12460705193855552,0.00422247616546251,0.039769845598033364,0.012219393473618957
19803,19803,TRIB3,-0.1960467390917762,8.172554995199873,-0.6429688686283187,0.4134089660251802,1.0116744628870531e-08,0.029657978277645637,1.4634475947774975e-07
19804,19804,TRIL,0.022708491161373853,6.901743891040812,0.08391917249765632,0.007042427512691398,0.5097121434217269,0.03424495403201488,0.6442806715968653
19805,19805,TRIM10,0.5670901861647293,4.3389908980609615,0.4071553995101469,0.1657755193502673,0.0008408692613364194,0.16156137974328585,0.0029060044452984615
19806,19806,TRIM11,-0.38123223241597903,8.983725499075968,-0.3400902896919382,0.11566140514274645,0.005967243574855995,0.1338778795273331,0.016590147594493076
19807,19807,TRIM13,0.2146570988720908,5.548577340300919,0.3528281011689322,0.12448766897447425,0.004242047027852628,0.0722965173252572,0.012267832316793358
19808,19808,TRIM14,0.5788297650743277,3.696959164697269,0.4105087682891331,0.1685174488422612,0.0007539482545661678,0.1632898322868544,0.002635342993531227
19809,19809,TRIM15,-0.009378102171559556,7.083012333872602,-0.015917134580705018,0.00025335517326027557,0.9006539952098067,0.07481681301699672,0.939075654401674
19810,19810,TRIM16,-0.14351474574060594,8.012253728211624,-0.6997613631315548,0.4896659653317317,1.2465794200983756e-10,0.018607069854118013,3.987248787884421e-09
19811,19811,TRIM17,0.2617647497949305,5.639551283385725,0.3440599682206407,0.1183772617319883,0.0053731379804653106,0.09072407818264998,0.015124828151173313
19812,19812,TRIM2,-0.28057587939839,8.832083064950627,-0.4550834700164121,0.20710096468217853,0.00015800203718907842,0.06972240702612442,0.0006523420620265955
19813,19813,TRIM21,-0.3720617756158704,9.786706938771232,-0.4860377469695584,0.23623269147924444,4.670586795050634e-05,0.08496298132307316,0.0002218989843063218
19814,19814,TRIM22,-0.006450891890655656,7.071593540962922,-0.026253428750827132,0.0006892425211747565,0.8368507389531334,0.031195228351363177,0.8977065810685146
19815,19815,TRIM23,0.07177823873049495,6.68377232519036,0.09678095719858086,0.00936655367627354,0.4467906843157408,0.09374832848560294,0.586627797784355
19816,19816,TRIM24,-0.1791799289990131,8.084808969043353,-0.3642830745197416,0.13270215838155566,0.003084053742203505,0.05817530312585986,0.009244903625057711
19817,19817,TRIM25,0.3642271494306525,4.153624345469917,0.3692030606250835,0.1363108999749291,0.0026798531687225874,0.1164367022998008,0.008157467018370486
19818,19818,TRIM26,-0.3722401276237765,9.754707420170623,-0.3115952019794777,0.09709156989663152,0.01219778397720903,0.1441645351453351,0.03111591612986942
19819,19819,TRIM27,-0.3906875255379902,10.065605229992649,-0.7622717338164801,0.5810581961755826,2.5344381568067996e-13,0.0421308996741768,3.713239329831776e-11
19820,19820,TRIM28,-0.3102371648875074,9.887218103656238,-0.7919079718357044,0.6271182358569387,6.6080860563940635e-15,0.030381473663486945,2.4731650889978497e-12
19821,19821,TRIM29,-0.21907843016382725,8.368053229468924,-0.6784494500944305,0.4602936563334351,7.273221405088423e-10,0.030127635065003506,1.65012187285704e-08
19822,19822,TRIM3,-0.04296005120858337,7.230661346790951,-0.039589478770822716,0.0015673268293454222,0.756108219158635,0.13770463359920931,0.8418696840907112
19823,19823,TRIM31,-0.009116405620849949,7.087335452339183,-0.034534306518437016,0.001192618326709362,0.7864601753803864,0.033505640758661644,0.8627396549309909
19824,19824,TRIM32,-0.3992226112534067,9.333444158677263,-0.5825751939576421,0.33939385661478433,4.410698948992822e-07,0.07073569123771913,3.589390670441171e-06
19825,19825,TRIM33,-0.2708182598536164,8.725772458562691,-0.24423059228069835,0.05964858220578071,0.05178712418131544,0.13656113813098622,0.10767644494924493
19826,19826,TRIM35,-0.4248782586819514,9.883505357693588,-0.4012853377457756,0.16102992228974122,0.001015096769177913,0.12316536776566155,0.003442204907069794
19827,19827,TRIM36,0.5177944200303525,4.398043398583226,0.635263503447309,0.4035597188121491,1.7143207288953878e-08,0.07994496173784299,2.2526465645770402e-07
19828,19828,TRIM37,-0.308340728810847,8.813662321098581,-0.3909580141440815,0.15284816882348382,0.0014022632071969089,0.0921903697398506,0.00457703734118993
19829,19829,TRIM38,0.2646060894694278,5.057800434317264,0.2990177282089917,0.08941160178326643,0.01638658238549253,0.10724279112746823,0.04023258974578693
19830,19830,TRIM4,-0.3960007699053361,9.413591298661721,-0.4005630393878941,0.1604507485236676,0.00103864730556673,0.11504093456897413,0.0035138114985232838
19831,19831,TRIM40,0.0910507088227586,6.640967551165664,0.1727093749028121,0.029828528179320107,0.17233996297031698,0.06594711847017909,0.28657159626216805
19832,19832,TRIM41,-0.2449683327581529,8.651824782460029,-0.3413940730972737,0.11654991314594665,0.005766046840450478,0.08565429274859154,0.016098987149297975
19833,19833,TRIM42,0.14872833120598053,6.506113096145227,0.0871322940014611,0.007592036657957053,0.4935814200849489,0.21595528273707448,0.6299584871774366
19834,19834,TRIM44,-0.3760680850517811,9.594762586009411,-0.33035688380775685,0.10913567067917176,0.00767439503928558,0.13645613245937108,0.02074769345514722
19835,19835,TRIM45,-0.4158546983453345,8.976321688516492,-0.3878454976557164,0.15042413005181027,0.0015425815378470125,0.12551282306918735,0.004978331326688086
19836,19836,TRIM46,-0.05899356375701058,7.266066742965827,-0.040855469015768836,0.001669169348498448,0.7485622011148072,0.1832296823704633,0.8363057558242352
19837,19837,TRIM47,-0.25464182123467216,8.895468197031681,-0.509819011410496,0.2599154243955755,1.6854436716716533e-05,0.05457057589544971,8.939084670597515e-05
19838,19838,TRIM5,-0.4270427476588109,8.861026364940324,-0.5596295805743876,0.313185267453865,1.5286466960760668e-06,0.08031462670317549,1.0636402733506284e-05
19839,19839,TRIM50,-0.050797556175869805,7.234249041365034,-0.03775466585109211,0.001425414793527621,0.7670849661689833,0.17075231403131907,0.8491042826421865
19840,19840,TRIM51,0.0647121603642201,6.784724977910957,0.049150128485509925,0.002415735130142134,0.6997302709962818,0.16700912150081007,0.7992330301400118
19841,19841,TRIM52,0.1021801506110562,6.469733184025428,0.21520859019773173,0.046314737294895235,0.0876714976647728,0.05888621319905464,0.16700666735378097
19842,19842,TRIM52-AS1,-0.15332032361426226,7.801412344095015,-0.12894076931785362,0.016625721992279942,0.3098950921182164,0.1497521435481865,0.45008572902883814
19843,19843,TRIM54,-0.1118835375113896,7.526529850315737,-0.13631029963504762,0.018580497786596463,0.2828171070043992,0.1032687723123434,0.42069378202352514
19844,19844,TRIM55,0.2133967014121968,6.357008150597745,0.09601943901510296,0.009219732668775078,0.4503916729776866,0.2809450387222754,0.5898894204869847
19845,19845,TRIM56,-0.09841845500843902,7.7263113669641825,-0.12003770515351225,0.01440905065852154,0.34476256373043257,0.10337401100344153,0.48700804419977284
19846,19846,TRIM58,-0.03283768388582975,7.130186064867112,-0.04161193798557363,0.0017315533829152256,0.7440643545507397,0.10013419308918728,0.8334394763843969
19847,19847,TRIM59,-0.2073141324438707,8.177173850767225,-0.6088929535968731,0.3707506289399239,9.377781621280921e-08,0.034300741671519835,9.457589296025743e-07
19848,19848,TRIM6,-0.1245162062946914,7.469327252128361,-0.18524459009626573,0.03431555815993352,0.14279399157213238,0.08388844017529933,0.2470008696776521
19849,19849,TRIM61,0.6237959707098651,4.05331834683709,0.5206992065231472,0.27112766367383506,1.0301991485751436e-05,0.1298929374503447,5.7885216819913686e-05
19850,19850,TRIM62,0.3247245425009693,5.177387395361299,0.2461576596300788,0.060593593394557714,0.04991012816901276,0.16238005102335726,0.10449616412065854
19851,19851,TRIM63,0.1587445569181896,6.461980545616638,0.16839123270021036,0.028355607250296382,0.1834855037868634,0.11801499611855006,0.30099072680134287
19852,19852,TRIM65,-0.3715422662138288,9.17798761432443,-0.28068336809548405,0.078783153125425,0.024666814600186902,0.16135284877570866,0.057399513235229675
19853,19853,TRIM66,0.12531409234848487,6.4398297393252015,0.10112720772563996,0.010226712142384731,0.4265472208458433,0.1565683290413783,0.5677246507324362
19854,19854,TRIM67,0.05405615599149019,6.705745579830276,0.05444803496658556,0.002964588511722524,0.6691488218305188,0.1258990332968713,0.7756352497987306
19855,19855,TRIM68,-0.3549352890148216,9.590814571927906,-0.5927261970947681,0.351324344722426,2.4673909493826315e-07,0.0612509759685878,2.1649656000356924e-06
19856,19856,TRIM69,-0.26926743925451063,8.493071240104548,-0.2668783053352377,0.07122402985860837,0.03302519805997015,0.12348955041597623,0.07368991900965004
19857,19857,TRIM7,-0.24299900260563675,8.149376559232088,-0.5252635217987855,0.27590176733246324,8.337243190190027e-06,0.04999541167343071,4.782596060491789e-05
19858,19858,TRIM71,-0.05741092501342799,7.2202002371926595,-0.05208345156715497,0.002712685927148177,0.6827355812453864,0.13980061751478856,0.7862078708784281
19859,19859,TRIM72,-0.04089255360579671,7.177709822061253,-0.0638318938666243,0.004074510674599989,0.6162992866548671,0.08119402682096649,0.7330528975343924
19860,19860,TRIM78P,-0.021419022659233226,7.121638817907865,-0.02910826248490784,0.0008472909448902933,0.8193937131937038,0.09341216937457336,0.8863122307297531
19861,19861,TRIM8,-0.7705105729197645,11.820123068807485,-0.5665413562926375,0.3209691083899012,1.061646000021279e-06,0.1423298219270808,7.77402791027347e-06
19862,19862,TRIM9,0.45057034687043707,5.50072393036916,0.4027732388514721,0.162226281934905,0.0009680967511235024,0.13003777209020256,0.003300918775874578
19863,19863,TRIML1,0.13923513299728146,6.479881289181822,0.11985075862460197,0.014364204342892609,0.3455199194808034,0.14647733696174692,0.4879505579990086
19864,19864,TRIML2,0.13342121928624984,6.417522736474277,0.14893919249558876,0.022182883061238043,0.2401568733204757,0.11249905730516803,0.3710854627919606
19865,19865,TRIO,-0.2600968646000214,8.35419335089452,-0.1710085840182921,0.029243935807941268,0.17666936256741214,0.19031648907271145,0.29204389667155034
19866,19866,TRIOBP,-0.6376495154425758,11.734837247451825,-0.5842390393580563,0.3413352551100245,4.0155482625781113e-07,0.1124936025108874,3.303825897649278e-06
19867,19867,TRIP10,-0.02254720952841173,7.177079840012895,-0.03757515174505822,0.0014118920286641517,0.7681613989740097,0.07615341925051987,0.8494375271808293
19868,19868,TRIP11,-0.2258155813335629,8.183627309153902,-0.194305931109019,0.037754794864142835,0.12392285060411858,0.1447821030328927,0.22057778479633303
19869,19869,TRIP12,0.1492619141985808,5.9253881543429685,0.13891047780640084,0.019296120844402583,0.2736485547536481,0.1351409923250805,0.4104633547960275
19870,19870,TRIP13,-0.13047087445364122,7.903696382337714,-0.7072723190038716,0.5002341332291143,6.451036863916397e-11,0.01656206035143576,2.3148459697639203e-09
19871,19871,TRIP4,-0.19363068643669196,8.62019154130897,-0.2746435866837913,0.07542909970653723,0.02807287725877701,0.08609520975700556,0.06407907210275283
19872,19872,TRIP6,-0.16796796659215796,8.38211018839825,-0.7912301333404009,0.6260451239058686,7.229687947067413e-15,0.016486839175953626,2.5665392212089315e-12
19873,19873,TRIQK,0.04131213751432242,6.754696052023465,0.04382470747303844,0.0019206049850973915,0.7309568881612121,0.11960389980410832,0.8242057491867247
19874,19874,TRIT1,-0.25724347916617096,8.884057208174307,-0.671929970392085,0.4514898851111082,1.2119827293084807e-09,0.036009478988416534,2.4877237917701562e-08
19875,19875,TRMT1,-0.4119083303863574,9.421651019980915,-0.7899043861845791,0.6239489393136367,8.611307935314919e-15,0.0406119286043244,2.8254223233218876e-12
19876,19876,TRMT10A,-0.24033960884025315,7.968944850020361,-0.30038851118579724,0.09023325765241984,0.015877070081256276,0.09691951119996284,0.03913693256796866
19877,19877,TRMT10B,-0.29716432368750273,8.257827277658105,-0.20414218170429788,0.04167403035099057,0.1056541510289086,0.18097754835061874,0.19439647225567747
19878,19878,TRMT10C,-0.2966070630396109,9.455180328748897,-0.6129867176687108,0.37575271603825977,7.277084913919784e-08,0.04855264683292769,7.598132777769186e-07
19879,19879,TRMT11,-0.1899211125572364,8.36966709181063,-0.5225506633809671,0.2730591957998888,9.458096035923552e-06,0.039354873530234105,5.3574436217087245e-05
19880,19880,TRMT112,-0.3030052918325432,10.037596261441331,-0.6830832560951903,0.4666027347576073,5.019328630062896e-10,0.04114396302007669,1.2365592887828442e-08
19881,19881,TRMT12,-0.2706986942964017,8.943729267913364,-0.4785865479218976,0.2290450838517988,6.330714970184434e-05,0.06307312079335826,0.00029026388456350607
19882,19882,TRMT13,-0.08386795942910713,7.521323817344247,-0.19743433033385133,0.03898031479437632,0.11786905340243957,0.052886363114510886,0.21199786972008547
19883,19883,TRMT1L,-0.05917073406318745,7.385782816728338,-0.08132137471678076,0.006613165985827069,0.5229477702744285,0.0921012661296036,0.6558088403977915
19884,19884,TRMT2A,-0.4247362388732768,9.679807688697394,-0.5491624487655875,0.3015793951342165,2.614499932411261e-06,0.0820882809589407,1.7058450146539877e-05
19885,19885,TRMT2B,-0.2222856744221932,8.143194801242425,-0.4071220087476211,0.16574833000669809,0.0008417785701006192,0.06333438994625741,0.0029086827725433076
19886,19886,TRMT44,-0.6110932778837388,9.751465467971416,-0.34132537679583275,0.1165030128448172,0.0057764970396776425,0.21372022355472745,0.01612608526417679
19887,19887,TRMT5,-0.3627732432173987,10.245870992770195,-0.6100791416522866,0.3721965590791908,8.716582355122004e-08,0.05983634697136375,8.878532027289134e-07
19888,19888,TRMT6,-0.2587904179203198,8.689160477396745,-0.6523326117759255,0.4255378363864004,5.222677209052917e-09,0.03818686197051493,8.433786350636907e-08
19889,19889,TRMT61A,-0.5633561035785557,10.565324111741882,-0.4843404001525067,0.2345856232198903,5.0087367917908945e-05,0.1292363758342647,0.0002359969434861441
19890,19890,TRMT61B,-0.21729276802202094,8.628121276505482,-0.5634866306240947,0.3175171828920949,1.2485214054368998e-06,0.0404586765117126,8.946635021421596e-06
19891,19891,TRMU,-0.246992257263254,8.50028797072145,-0.3419614605990894,0.11693764053506255,0.0056803687919888025,0.08619975227083161,0.01588845081251841
19892,19892,TRNAU1AP,-0.25479571960144604,8.316896515698122,-0.15782936389043833,0.0249101081060604,0.21292104883862764,0.20245607090240866,0.3380355801026746
19893,19893,TRNP1,-0.32173606243706515,8.471339548921044,-0.4748479514443963,0.2254805769909397,7.35500197082251e-05,0.07572956907160619,0.0003314035948359581
19894,19894,TRNT1,-0.23127036301165,8.418090629866287,-0.4956126481746989,0.24563189703073784,3.12673058575606e-05,0.0514722810091683,0.00015547497321365667
19895,19895,TRO,0.24592087857236875,6.028150272903777,0.17799885316561614,0.031683591728274584,0.15937083398582544,0.172659706498245,0.2696298588511188
19896,19896,TROAP,-0.3256991943823005,9.12324923390735,-0.6749823591609514,0.4556011851784836,9.557871149840308e-10,0.04521546510530467,2.0553694116166024e-08
19897,19897,TROVE2,0.33709309819290945,4.860840176462191,0.20123400314510687,0.040495124021804906,0.11082376269447514,0.20838969654327247,0.20182394930189718
19898,19898,TRPA1,-0.014038907884506084,7.097516827538483,-0.02396582073463929,0.0005743605634848665,0.8508964504663608,0.07437387621195446,0.9066654841730571
19899,19899,TRPC1,0.5596057534034604,5.137111483647471,0.5784055188378969,0.3345529442221367,5.567640223769201e-07,0.1002329822023814,4.403478781801389e-06
19900,19900,TRPC2,-0.017323780312551613,7.081212889639675,-0.016370298106721498,0.00026798666010292946,0.8978405172941678,0.13437919480814914,0.9372851169423617
19901,19901,TRPC3,-0.12972496437101275,7.409990242721736,-0.07050016214557363,0.0049702728625521725,0.5798698486432733,0.2331071675607977,0.703359747514148
19902,19902,TRPC4,0.4239114295930124,5.3077810781794605,0.21616572444008791,0.04672762042270802,0.08623701860611148,0.24316493778966225,0.16467432903726886
19903,19903,TRPC4AP,-0.18594702408106625,8.269370197385047,-0.18093881759049246,0.032738855711045525,0.1524814178835456,0.12836112378529235,0.26020371192026637
19904,19904,TRPC5,-0.0573674143961786,7.192320455641712,-0.03229948276074058,0.0010432565866113784,0.7999829470150311,0.2254484248298453,0.8718485514650478
19905,19905,TRPC5OS,-0.03900583903270528,7.137570659176539,-0.02073548420465159,0.0004299603052013556,0.8708082886584364,0.2388505322732575,0.9200542430942947
19906,19906,TRPC6,0.4323655150256788,5.443872859712961,0.3757815419804985,0.14121176729324114,0.0022133713270300133,0.1354137613155384,0.0068658581989449845
19907,19907,TRPC7,-0.05157152444264733,7.192522862155645,-0.04559938980227831,0.0020793043503401234,0.7204993489665363,0.14348387869213433,0.8159437572528593
19908,19908,TRPM1,0.22342659197426484,6.339251746236013,0.09744782469505996,0.00949607853779914,0.4436504402200786,0.2897977218353074,0.5839918717990276
19909,19909,TRPM2,-0.13814781226692938,7.847064572605832,-0.3220631328268481,0.10372466152624396,0.009451589392467902,0.051573651017319415,0.024917228451953346
19910,19910,TRPM2-AS,-0.02320673122619005,7.14373234414324,-0.034289273152465,0.0011757542533243571,0.7879398711974436,0.08590221976560004,0.8637224961164586
19911,19911,TRPM3,0.051058469237855314,6.831438830561991,0.025358397428598044,0.0006430483201467277,0.8423403656478091,0.25562919971725856,0.9012374358277069
19912,19912,TRPM4,-0.029129748328729683,7.265971335094272,-0.05040747941845696,0.0025409139813221612,0.6924270366968419,0.0732982239546552,0.7935124074742353
19913,19913,TRPM5,0.1378951530402015,6.383524446166655,0.14762309804342788,0.021792579075939518,0.2443836304559554,0.11733141756692148,0.37607500835159996
19914,19914,TRPM6,0.09964469372220396,6.3852003425466775,0.7286134235551032,0.5308775209846882,8.82187288327415e-12,0.011896091213543724,4.93637357331529e-10
19915,19915,TRPM7,0.15023252533172732,6.181352744622327,0.10572413482002033,0.011177592683441831,0.4057154944207857,0.17945399564986594,0.5477230205519682
19916,19916,TRPM8,0.2313275901661984,6.083568827846874,0.15473345295903507,0.02394244146462592,0.2221470377408739,0.18757937574573727,0.34915039209454385
19917,19917,TRPS1,0.5671277024571322,4.493518234577617,0.6626305064708745,0.4390791881058477,2.4568788990853173e-09,0.08140749060219295,4.467146310637493e-08
19918,19918,TRPT1,-0.15180140373581033,8.21907680040328,-0.2365380414784153,0.05595024506644451,0.05986198695607335,0.07919110230471929,0.12171937347734915
19919,19919,TRPV2,0.3176399430303063,5.348049034864591,0.31972159915729165,0.10222190096769587,0.010014065434343515,0.1195506086611714,0.026199660140233033
19920,19920,TRPV3,0.1928583863379134,6.200714649152057,0.17132748551832316,0.029353107294031226,0.17585162770006682,0.14084657064704634,0.29102537239930815
19921,19921,TRPV4,0.08266479379758138,6.5735958845818345,0.11868752305388745,0.014086728128667063,0.3502556232932035,0.08782922124806868,0.4928470932154793
19922,19922,TRPV5,-0.013914492033977223,7.0781809970251786,-0.00975414977968722,9.514343792457226e-05,0.9390236874445604,0.1811596322975973,0.9640886569131404
19923,19923,TRPV6,0.2904383297172629,5.589028306850773,0.23594038147523425,0.05566786361067905,0.0605297711884009,0.15192113388587175,0.12284650375677804
19924,19924,TRRAP,-0.18516271488697986,8.229758059091887,-0.35680758326155315,0.12731165147295018,0.003802248610450207,0.06156773943598998,0.011113199306154573
19925,19925,TRUB1,-0.5255719235697021,9.603114182378787,-0.4799069609482903,0.2303106911666238,6.0016262893736514e-05,0.12202167712348673,0.0002770522645414334
19926,19926,TRUB2,-0.2920686904518432,9.15982334957826,-0.6309880350442071,0.39814590036894937,2.2828135023026717e-08,0.04560512454769671,2.8443225772361537e-07
19927,19927,TRY2P,-0.07704066578386909,7.38885493692692,-0.11465323790669472,0.01314536496248914,0.3669889199163042,0.0847743465898874,0.5101845708921852
19928,19928,TSACC,0.15386261819649466,6.227396166680246,0.17858114567879388,0.0318912255919506,0.15798838449766114,0.10766232316804528,0.26770254039881475
19929,19929,TSC1,0.04847798383292402,6.671540749934629,0.08055204154823065,0.0064886313975878775,0.5269002479854723,0.07618308819080412,0.6591052027706786
19930,19930,TSC2,-0.4983525977178509,9.72400045462618,-0.4793231272648568,0.2297506603309621,6.145137532276029e-05,0.11588525076049715,0.00028289318295373597
19931,19931,TSC22D1,-0.12412811739183716,7.7755765676227275,-0.09316913522096927,0.00868048775782326,0.4640112598569866,0.16846476740977828,0.6022995763473623
19932,19932,TSC22D1-AS1,-0.12245710295210994,7.492028903607276,-0.0991675732447946,0.0098342075832617,0.435609255776694,0.1560531033634872,0.5763498768158067
19933,19933,TSC22D2,0.5287750480904401,4.688057348453377,0.31260687427252576,0.09772305784243872,0.011905241375033786,0.20405465858141494,0.030452161820972906
19934,19934,TSC22D3,0.3386358034451566,5.053349848660835,0.5424068494159958,0.2942051902933868,3.6617172167610483e-06,0.06661178840232143,2.3077557138812718e-05
19935,19935,TSC22D4,0.24207221623164515,5.719578548049686,0.2315597821872315,0.05361993272659808,0.06561018663418043,0.12915724165320422,0.13132346719319504
19936,19936,TSEN15,-0.29033585460564953,9.09806581075873,-0.6696729126017716,0.4484618098725401,1.44206196429079e-09,0.0408912031561316,2.8596933916407563e-08
19937,19937,TSEN2,-0.3002989762979932,8.539555481898635,-0.6263673644850806,0.3923360752919858,3.0958098957462224e-08,0.04746359312742062,3.6601446217892864e-07
19938,19938,TSEN34,-0.4033631578987123,10.439818834168618,-0.3999072073500186,0.15992577449049078,0.0010604566649156095,0.11740861973206908,0.00357530578837732
19939,19939,TSEN54,-0.4804073871333732,10.295279548772813,-0.4741171792299516,0.224787099640966,7.572262983001227e-05,0.11330227647423652,0.00034027257708423237
19940,19940,TSFM,-0.2757756378198509,8.701242192489106,-0.3967700069826998,0.15742643844105167,0.001170607569241257,0.0810261365640352,0.003900637386109532
19941,19941,TSG101,-0.1348176193574659,8.334797951312991,-0.1103498519871614,0.01217708983358843,0.3853643164449836,0.15421215332898475,0.5284696518660073
19942,19942,TSGA10,-0.7221700185943486,9.729252364300883,-0.57718681735724,0.3331446221309799,5.95627539542686e-07,0.12976065680960885,4.664851489619119e-06
19943,19943,TSGA10IP,0.06469146950729836,6.674851822187399,0.08289742975899209,0.0068719838606470275,0.5148973735342158,0.0987671957219663,0.6485757619934752
19944,19944,TSGA13,0.1669758044726401,6.3021655689030265,0.19937952307778348,0.039752194222724385,0.11422066294169265,0.10422425721650333,0.20674916790879735
19945,19945,TSHB,-0.12180902313218092,7.457168986151099,-0.08877634120042975,0.007881238756935121,0.4854322194626605,0.17356741865020714,0.6223453148104857
19946,19946,TSHR,0.21252804385524726,6.328084461078388,0.09040021656733928,0.008172199155421845,0.4774533042307357,0.2973507703409017,0.6148431560771307
19947,19947,TSHZ1,0.24457018321469845,5.0738855634944535,0.5504409982530376,0.3029852925578005,2.450982997231101e-06,0.0471105160337657,1.6088522826626098e-05
19948,19948,TSHZ2,0.7446985048507412,4.021011238822636,0.41150692640138303,0.16933795047631328,0.000729695207535736,0.2094689579566525,0.0025581268769930975
19949,19949,TSHZ3,0.3919971045065021,5.058983651601063,0.5594217991305479,0.3129527493424591,1.5452956445267053e-06,0.07376340087865613,1.0715138386879862e-05
19950,19950,TSIX,-0.005766779414794256,7.036149517598963,-0.009921568402928372,9.843751957398665e-05,0.9379791416285892,0.07381349807937743,0.9635187283320098
19951,19951,TSKS,0.2472063883281192,5.9933627286277815,0.25743874756256857,0.06627470874658391,0.04000729866739214,0.11784183380236572,0.08684423141964483
19952,19952,TSKU,-0.033036549676074306,7.265308366101586,-0.036767219100822826,0.0013518284004079108,0.7730114348162453,0.11403661335492322,0.852864535848001
19953,19953,TSLP,0.1555593675661167,6.479228511136001,0.23820218134155535,0.05674027919587524,0.0580339466470361,0.08055086985050668,0.11857015894344436
19954,19954,TSN,-0.3015385786019098,9.499140198809613,-0.4749344101164944,0.22556269391270245,7.329681472161939e-05,0.07095884452999951,0.0003306066491973897
19955,19955,TSNARE1,-0.05823213445352436,7.328814377065655,-0.047705040653138894,0.0022757709037176345,0.7081575149144637,0.15484880335449147,0.8062221221530261
19956,19956,TSNAX,0.012205328646249949,6.917437583685309,0.017247843010461672,0.00029748808851353157,0.8923958471960358,0.08985747986859127,0.9337923204170164
19957,19957,TSNAXIP1,0.12500004304635173,6.355218288167162,0.18648309681366715,0.034775945397215555,0.14009475389392673,0.08363516411464954,0.24320602016778767
19958,19958,TSPAN1,0.2715189239549206,3.5972353002307127,0.7525120979404943,0.5662744575468042,7.517774116173515e-13,0.03017854325477325,8.523424004488872e-11
19959,19959,TSPAN10,0.35860453466152103,5.379806198944348,0.2187689742430497,0.04785986409135614,0.08242891412139734,0.20313494368602225,0.1586382985512673
19960,19960,TSPAN11,0.22824280778395065,5.716739926818907,0.5099512472896442,0.2600502746122639,1.6755584087494477e-05,0.04889604191170363,8.897552070002278e-05
19961,19961,TSPAN12,-0.26009883083180724,8.96147145876706,-0.4976667504235418,0.2476721944771278,2.8643069919127173e-05,0.057571492162753576,0.00014377971235482126
19962,19962,TSPAN13,0.00978333279844721,6.901387285493188,0.013382378484083251,0.00017908805389125438,0.916412593773676,0.09283650490962256,0.9493357595756292
19963,19963,TSPAN14,0.09908172350862747,6.2910472072308155,0.09633940179602613,0.009281280338416164,0.44887671595719103,0.1300076616218561,0.5884710045763873
19964,19964,TSPAN15,-0.1144259947964034,7.920928517665732,-0.19028913878897494,0.03620995634104978,0.1320393381014033,0.07497320370403465,0.23191758184653163
19965,19965,TSPAN16,0.2162431692022732,6.0375581142653445,0.14404329627690246,0.020748471202315502,0.2561372098551122,0.1886690361721203,0.38967621746609904
19966,19966,TSPAN17,-0.41300225633294796,9.517252703904152,-0.38881369197930055,0.1511760870705744,0.0014976387543108546,0.12428646402936255,0.004852257527134738
19967,19967,TSPAN18,0.35759463207766884,4.977986292145736,0.4272053918825995,0.1825044468535654,0.0004304955950713583,0.09611720207348157,0.001595478711495852
19968,19968,TSPAN2,0.2242852366409806,6.181570196671651,0.2642645173290393,0.0698357351191501,0.034848124694252185,0.10395510312958436,0.07727177352590939
19969,19969,TSPAN3,0.3880654305294297,4.259767532181876,0.6743828556373123,0.4547922359775359,1.001643974577125e-09,0.05396144948825447,2.139112452610221e-08
19970,19970,TSPAN31,0.4496076877296182,3.173323537552019,0.4538364591940735,0.2059675316938139,0.00016555534146751047,0.1121134280863976,0.0006796399847353439
19971,19971,TSPAN32,0.29189326258809656,5.524123955517815,0.29179379280183665,0.08514361751768118,0.019309308179908925,0.12151464937800945,0.04647066777460856
19972,19972,TSPAN33,0.21255724671535547,5.521886278296127,0.2898821471543617,0.084031659238823,0.020153278683116848,0.08912485438419555,0.04824977887041408
19973,19973,TSPAN4,0.28754615807721023,5.164965796925381,0.5505851947667796,0.3031440566963726,2.433154498340405e-06,0.05536798259838273,1.5995737905756367e-05
19974,19974,TSPAN5,-0.21376913013445686,8.243627789482039,-0.6358811411517196,0.4043448256724131,1.6442432612556282e-08,0.03295115634047917,2.1814595070644523e-07
19975,19975,TSPAN6,0.0038825918971347904,6.974434617822995,0.006247634383074987,3.903293538458077e-05,0.960922127855082,0.07892267862207017,0.9766737726786421
19976,19976,TSPAN7,0.1277759192434739,5.9223267986736,0.7966720303940821,0.6346863240122292,3.4796285580848555e-15,0.01231137512945585,1.4774775769672068e-12
19977,19977,TSPAN8,-0.3518996455848759,11.801127749057855,-0.24907468965624324,0.062038201027353884,0.04717507011005136,0.17377446586586393,0.09967568965100618
19978,19978,TSPAN9,-0.13987366538967266,7.766207990839796,-0.11411751135472024,0.013022806397794708,0.3692469691424384,0.15464695656796396,0.5124038125136318
19979,19979,TSPEAR,0.2835475328569556,5.970503707682685,0.19039407962084345,0.03624990555466808,0.13182230179519674,0.18567729698430727,0.231630310400437
19980,19980,TSPO,-0.34393997475893684,10.624931232505457,-0.5491802070180872,0.30159889978042914,2.6121604789448536e-06,0.06646980294555578,1.70483228365132e-05
19981,19981,TSPO2,0.08943219297464915,6.5983882468489865,0.1087599865895602,0.011828734682961313,0.3922893614154861,0.10381138869045653,0.5347163560875087
19982,19982,TSPY1,0.05141731863544826,6.735999188752568,0.060592661810154276,0.003671470665239729,0.6343416648807556,0.1075709073706864,0.7475331276117089
19983,19983,TSPY26P,-0.07814592199346362,7.386520226111701,-0.06270873799480667,0.0039323858209013105,0.6225303611439285,0.15795261631409105,0.7378967252358974
19984,19984,TSPYL1,-0.1544142069582605,7.873793995429961,-0.12370183794705615,0.015302144711479743,0.3301274753072634,0.15731377551509346,0.4720795618804793
19985,19985,TSPYL2,-0.03502699601635135,7.2431730150306235,-0.036371704649791586,0.0013229008991316716,0.7753888856247764,0.12222384388001233,0.8546426215203398
19986,19986,TSPYL4,-0.11396589559354675,7.868764590292237,-0.29825754104667,0.08895756079120602,0.016675132887504218,0.04631876103279988,0.040876160593038696
19987,19987,TSPYL5,0.2347994097358905,5.8798137236917976,0.5760713214367837,0.3318581673819222,6.334218286035854e-07,0.04231157899444988,4.926993426153249e-06
19988,19988,TSPYL6,-0.019054621894435058,7.075008305985142,-0.013151451980844164,0.00017296068920444986,0.9178499522560216,0.1839895790833665,0.9503246816210447
19989,19989,TSR1,-0.3515158523299265,9.21864810124081,-0.7484060648320912,0.5601116378774562,1.1702870490489396e-12,0.03956243450135849,1.1439899817923992e-10
19990,19990,TSR2,-0.011778331238905454,7.108775358845253,-0.009056900084112628,8.202743913359932e-05,0.9433749968992552,0.16515454489804102,0.9663112226409996
19991,19991,TSR3,-0.37912831716222295,9.169693817631806,-0.3164729507609835,0.10015512856336388,0.010842493181419551,0.1443236836047233,0.028068641941857785
19992,19992,TSSC1,-0.30154203675812097,9.199003684789453,-0.6366118946592658,0.40527470442166014,1.564834211988108e-08,0.04639118602784558,2.0917583247285484e-07
19993,19993,TSSC4,-0.4265328501810392,9.830435042817953,-0.4863133448624503,0.2365006693913045,4.6177168410418046e-05,0.09732956517869436,0.0002197245840315541
19994,19994,TSSK1B,0.21183045463291245,6.189568166447972,0.21692042290319105,0.047054469872499234,0.08511902863534564,0.121067102830723,0.1629034525053831
19995,19995,TSSK2,0.07342071997555076,6.6651043610115766,0.10355798374333716,0.010724255996985285,0.4154569171291703,0.08955666002245141,0.5565554927579451
19996,19996,TSSK3,0.048309534945829215,6.703931108754932,0.0623626577921055,0.003889101086895257,0.6244557103999423,0.09818976986880457,0.7391183431720073
19997,19997,TSSK4,0.05619806439695765,6.804505936379044,0.04143069502865058,0.0017165024905570526,0.745141227701965,0.1721195650278743,0.8342915715777908
19998,19998,TSSK6,0.281577362771092,5.648286832535835,0.2685787665499577,0.07213455384149665,0.031882544474384725,0.12825453139399054,0.07157541992461136
19999,19999,TST,0.3935307698895696,2.4237163794280203,0.7959202529898253,0.6334890491193874,3.854564158637465e-15,0.03801515558043996,1.6052035933710444e-12
20000,20000,TSTA3,-0.2516759601992414,9.27919652563376,-0.6767249222871989,0.4579566204446156,8.335564300543077e-10,0.03477368700593589,1.834417123254678e-08
20001,20001,TSTD1,0.022017481781818768,6.802218136109349,0.02327448107245984,0.0005417014691922914,0.8551505221130257,0.12010860788560605,0.9095424634753227
20002,20002,TSTD2,-0.318369608230892,8.123433901899984,-0.2307525176608232,0.053246724406808506,0.06658280143265323,0.17049345758520815,0.13286496176042256
20003,20003,TTBK1,-0.022088616112147,7.125466065793892,-0.02140282517458568,0.0004580809254538785,0.8666878143837347,0.13103945099080475,0.9175264387523372
20004,20004,TTBK2,0.9624902916646896,3.606828120754716,0.4214674814426006,0.17763483791356888,0.0005236256424392209,0.26300789951300274,0.0018955388309965441
20005,20005,TTC1,-0.27243987989510593,9.5347127740234,-0.2396957175252045,0.05745403699992265,0.056432092232339484,0.1401411991645921,0.11586583457772937
20006,20006,TTC12,-0.5887959682449654,9.797296020161022,-0.544587893898527,0.2965759741808333,3.2870070331240387e-06,0.11516210613837273,2.088619052297566e-05
20007,20007,TTC13,0.15504748133576654,5.8576000665797325,0.3171921170594382,0.10061083912464833,0.010654150280898507,0.05887356166646564,0.02765379651598432
20008,20008,TTC14,0.06323108629065037,6.678644312823045,0.12751401884450447,0.016259825001876643,0.3153242003787237,0.06246217008185472,0.4560439163294772
20009,20009,TTC16,-0.11636751202811348,7.540590616488882,-0.1165087937362936,0.013574299017886206,0.3592330030169193,0.1259822580073482,0.5016890674791299
20010,20010,TTC17,-0.08265095541287425,7.551929585094923,-0.07289717752666239,0.005313998491353732,0.5670199069435979,0.14360988125199084,0.6932484239421642
20011,20011,TTC18,-0.3834015248663878,8.532353766333447,-0.19804752169157772,0.039222820848175965,0.11670945604799444,0.24099049759150706,0.21034900297289383
20012,20012,TTC19,-0.2019363591715862,8.962373664954177,-0.3276209294724316,0.10733547342838,0.008225304658102851,0.0739590250264634,0.022049885166033328
20013,20013,TTC21A,-0.23287377588408764,8.0204115232535,-0.1816867617453932,0.03301007939352728,0.15076453002082674,0.16007091573246435,0.2579243085480331
20014,20014,TTC22,0.35172119026156257,5.000974799584455,0.6784476789958296,0.4602912531348282,7.274243243502324e-10,0.0483688828306772,1.65012187285704e-08
20015,20015,TTC23,-0.5835650273095498,9.81809378062432,-0.2560393539139826,0.06555615075268963,0.04113950220675963,0.27981004059290504,0.08896304376746353
20016,20016,TTC23L,-0.0051395056903980755,7.034120059386338,-0.002735766407092327,7.48441783417486e-06,0.9828828560221576,0.2385859520372075,0.9899200086440963
20017,20017,TTC25,0.04601347124373111,6.845791244121622,0.036395769375865715,0.0013246520284612038,0.775244172797565,0.16045395010561805,0.8546076441626588
20018,20018,TTC26,-0.38562009181653706,8.612852100578502,-0.69458569889378,0.4824492931077608,1.9399976312928675e-10,0.05072410872839407,5.700223704972462e-09
20019,20019,TTC27,-0.5004477394133489,9.985789558527044,-0.6081516917861474,0.3698484802223532,9.814710392390868e-08,0.08296090134064228,9.821513565028848e-07
20020,20020,TTC28,0.34391032906646496,5.367699328413232,0.5978331419903985,0.3574044656621121,1.828167585529582e-07,0.058565012352745575,1.6704206356389495e-06
20021,20021,TTC28-AS1,-0.5990788474682185,9.654014586493817,-0.484298186374512,0.23454473332564155,5.017428107664547e-05,0.13744698127440252,0.00023635502647699754
20022,20022,TTC29,0.1642473321671932,6.5242660788845965,0.09120695060127666,0.00831870783798372,0.4735156013355363,0.2277511632222503,0.6112655944513287
20023,20023,TTC30A,0.0660143317032602,6.721362998626941,0.11794719879908876,0.013911541704551764,0.3532904042916294,0.07058504454085764,0.4958522072030096
20024,20024,TTC30B,-0.02243835488590987,7.126490223130047,-0.042547083323880915,0.001810254299369265,0.738515892229864,0.06691630100510752,0.8297909846021743
20025,20025,TTC31,-0.15114621078157814,8.07810358598201,-0.2398368924134661,0.057521734962548525,0.05628255456549421,0.07770001499116685,0.11565749849267196
20026,20026,TTC32,-0.03287566399915302,7.247210228575437,-0.08963770536173096,0.008034918222516492,0.4811911602026862,0.046391258085236885,0.6182624050189374
20027,20027,TTC33,0.039975238169656965,6.801432196226671,0.051793709749187004,0.0026825883695830288,0.6844074478093349,0.09788922656402772,0.7873866232762023
20028,20028,TTC36,0.06025662111333576,6.717213853465588,0.08876557096827163,0.007879326589323268,0.4854853730139307,0.08587102146003497,0.6223766133445814
20029,20029,TTC37,-0.13435554715468634,7.955974487879938,-0.3063030813864925,0.09382157766686026,0.013831475740718486,0.05302922128370414,0.034658714089939695
20030,20030,TTC38,0.4849356658289991,3.567315490536477,0.4440621680482548,0.1971912090917165,0.0002372657346144664,0.12426549856764912,0.0009357110695822747
20031,20031,TTC39A,0.3909363162237921,4.788709565678984,0.4467459620083437,0.19958195457076044,0.00021517333741158991,0.09942783236690003,0.000856855208100033
20032,20032,TTC39B,0.14261284725882156,6.195621559344929,0.2583387212118162,0.0667388948773565,0.03929287620525948,0.06772903434216598,0.0855249004146039
20033,20033,TTC39C,-0.27053974394132496,8.330976416036505,-0.5261618391288932,0.2768462809554993,7.994263611358647e-06,0.055530450278473066,4.6053678772006254e-05
20034,20034,TTC4,-0.3249541019890559,9.422460928202273,-0.5758900418135806,0.3316493402600476,6.397726699470796e-07,0.058585319200078076,4.967471196738619e-06
20035,20035,TTC40,0.30135185653705804,5.899834034523081,0.18150270728172332,0.03294323275059495,0.1511856831603472,0.20735805161641552,0.25850185304676815
20036,20036,TTC5,-0.5868646875481409,9.825557863419313,-0.4734096796152577,0.2241167247534209,7.788229342768284e-05,0.13867660313890404,0.0003486332482618066
20037,20037,TTC6,-0.2471385599094664,7.870418319668301,-0.13566915149481645,0.018406118667323456,0.2851087266413009,0.22920784575993386,0.42308157852514017
20038,20038,TTC7A,0.4848944447061804,4.435594479002918,0.3939657738253141,0.15520903094577854,0.00127768439722856,0.1436704663222265,0.0042138677462662906
20039,20039,TTC7B,0.17706993073169344,6.237994041104546,0.2299665845183537,0.05288462999503711,0.06754081104693507,0.09516684677905228,0.13439274678134513
20040,20040,TTC8,-0.225177883096716,8.444874073473585,-0.6598463190139421,0.4353971647162489,3.021199218038704e-09,0.032565564917005234,5.332034968755349e-08
20041,20041,TTC9,-0.2762213517941485,8.228223583019423,-0.5052838605771564,0.2553117797597552,2.0591599594210958e-05,0.05991191715889858,0.00010667729407000917
20042,20042,TTC9B,0.1807694515994077,6.0280372648875655,0.132667499511731,0.01760066542669515,0.2959999151828492,0.17151759634839675,0.43471389962268625
20043,20043,TTC9C,-0.487171279007947,9.612369475178225,-0.4889726809361243,0.2390942827018608,4.1352450659886775e-05,0.11037396903275833,0.00019952926003561676
20044,20044,TTF1,-0.3566676051732913,9.338236765188123,-0.5547409542106347,0.3077375262785256,1.968579664204438e-06,0.06793803583043091,1.3263718926056971e-05
20045,20045,TTF2,-0.2614979519105817,7.9877372927336285,-0.4648254694596977,0.21606271705842836,0.00010902143611252557,0.06325912640429819,0.0004698075004879689
20046,20046,TTI1,-0.30280499985695003,8.949344668113087,-0.6678796062937251,0.4460631685030613,1.653857342191082e-09,0.04285476677371723,3.2120431161567605e-08
20047,20047,TTI2,-0.4002479855198177,9.592638339895974,-0.5129341439188468,0.26310143599776026,1.4663907360619074e-05,0.08506982822872265,7.88544608627281e-05
20048,20048,TTK,-0.11380120767140416,7.783844543162884,-0.5993375247577343,0.3592054685827277,1.6719481250816954e-07,0.01930362866321712,1.5452853883330821e-06
20049,20049,TTL,-0.4677717573611144,9.543110505044053,-0.5598293273158764,0.3134088757229467,1.5128001989486426e-06,0.08792889164025051,1.0543832735189204e-05
20050,20050,TTLL1,-0.19180995603151774,8.182627129579593,-0.300877610691666,0.09052733661552574,0.015698594008693972,0.07721119147270165,0.038755169832463965
20051,20051,TTLL10,0.1382764568635341,6.360475718304802,0.10891239154127748,0.011861909031240531,0.3916223521418076,0.16028169406806944,0.5342772025219457
20052,20052,TTLL11,0.2641570860854121,5.833516456131912,0.14755468992785875,0.02177238651970654,0.24460471353601054,0.22487095363497486,0.3763617359401953
20053,20053,TTLL11-IT1,-0.3386316288944898,8.392373031505853,-0.2707808094556056,0.073322246769433,0.030452147744160926,0.15288967633933334,0.06879929675532653
20054,20054,TTLL12,0.011631483017131536,6.911644218457272,0.011187520803159826,0.00012516062172113389,0.9300841991537624,0.13203169851915253,0.9586554189855997
20055,20055,TTLL13,-0.03960611567393202,7.162101012544674,-0.03566632309758889,0.0012720866033016024,0.7796340470278095,0.14093915435434107,0.8577440069291884
20056,20056,TTLL2,-0.041109029868642025,7.164148561551834,-0.026217579812949626,0.0006873614912483835,0.8370704693954838,0.19906709302134035,0.8978605776060248
20057,20057,TTLL3,-0.2535177401200401,8.144357564950246,-0.17719828442657387,0.031399232003720974,0.16128605041892388,0.1788238339179696,0.27218277913199784
20058,20058,TTLL4,-0.6650784759419096,10.663238491970347,-0.5927889423078438,0.3513987301224522,2.458395009541989e-07,0.11475347652421375,2.157946653086006e-06
20059,20059,TTLL5,-0.4423382208499253,8.889336432223962,-0.20946661347556048,0.04387626216091985,0.09667521908627168,0.2622411622440866,0.18084846832353257
20060,20060,TTLL6,0.16938133550739928,6.005460302530467,0.6309276975876171,0.3980697595832117,2.2919869559053843e-08,0.02645228517057769,2.854110266252507e-07
20061,20061,TTLL7,0.4386634823757276,5.416793601109504,0.41415356620354893,0.1715231763991175,0.0006687710551744091,0.1224374888338153,0.002369088369017148
20062,20062,TTLL7-IT1,-0.0979606161292944,7.3715740999212835,-0.09265373227140357,0.008584714103820931,0.4664976622577435,0.13369665767971234,0.6048381556814414
20063,20063,TTLL9,0.1701279781710687,6.311498957053804,0.14885464012910976,0.02215770388796677,0.24042690044948525,0.14353305487153206,0.3713848726181328
20064,20064,TTN,0.12767652040050675,6.5388914336026875,0.09947723947039763,0.009895721172650841,0.4341700869237679,0.16219293667209184,0.5750964797865291
20065,20065,TTN-AS1,-0.09174964019317557,7.4051113111841955,-0.1292284395290363,0.016699989583109788,0.3088077823493491,0.08941151358271765,0.4490185004213492
20066,20066,TTPA,-0.08307614670178654,7.392301723273428,-0.25466444737579924,0.06485398075722122,0.042277553280456716,0.04006377750857623,0.09099696017178115
20067,20067,TTPAL,-0.3606794117254012,9.310131458256864,-0.6039213465876611,0.3647209928642538,1.2699436767785086e-07,0.06045432540080501,1.22661152188397e-06
20068,20068,TTR,0.28620314279911524,5.321365653142816,0.5940142555974387,0.3528529358529792,2.2887909718233075e-07,0.049224711413497456,2.0338025644166486e-06
20069,20069,TTTY10,-0.011239424171901614,7.0541592825172925,-0.008834915949666192,7.805573983766606e-05,0.9447606800860091,0.16155813995060825,0.9670901690977324
20070,20070,TTTY11,-0.04988311107725208,7.2427546351808285,-0.05798597551748205,0.003362373356714028,0.6490169897914122,0.1090695091117356,0.7593312936373133
20071,20071,TTTY12,-0.1441582706180488,7.511414340835715,-0.11792672058906688,0.01390671142889185,0.35337457964874985,0.1541666725627564,0.4959382062406791
20072,20072,TTTY13,0.2918121633480879,5.926046404926288,0.24175263705754446,0.058444337524276815,0.054284958456265735,0.14875080516270495,0.11210573863917933
20073,20073,TTTY15,0.05105605933652214,6.755770546097108,0.08715461980938001,0.007595927754117574,0.4934702792505302,0.07411486176984441,0.6298537602953101
20074,20074,TTTY5,0.19236662105157212,6.2429501296918914,0.2041288563438249,0.041668589992237916,0.1056774050713634,0.11716214950223047,0.19439647225567747
20075,20075,TTTY7,0.12479163501960032,6.514612542477914,0.1714734799788781,0.029403154336066713,0.1754781854692292,0.09105674177203607,0.2905850046903845
20076,20076,TTYH1,0.18102542797336266,6.300752843382938,0.16259678106031758,0.02643771321117685,0.1992473108381633,0.13951267491085195,0.3215127061252181
20077,20077,TTYH2,0.2968283883970804,5.447374001890683,0.4420440929821243,0.19540298014038895,0.0002552245298005065,0.07649502796210568,0.0009970931251722835
20078,20078,TTYH3,-0.2406000737275554,8.812633311287584,-0.6570327896187746,0.431692086634229,3.7151216103843154e-09,0.0350594193596708,6.349720479311156e-08
20079,20079,TUB,0.2887428495021633,5.571911526433673,0.23258750920461885,0.054096949438008655,0.06438852040720258,0.1533388911986128,0.12923657516155085
20080,20080,TUBA1A,0.03677397670125928,6.6695766641131975,0.08413032821309749,0.007077912125243506,0.5086438864999163,0.05531587092147315,0.6433434590360194
20081,20081,TUBA1B,-0.5129583062540538,12.666438815547211,-0.6177533700000456,0.3816192261464133,5.391635713495209e-08,0.08292759831574498,5.914684466856066e-07
20082,20082,TUBA1C,-0.4244746846278277,12.392946480003223,-0.5829081062991477,0.33978186038925845,4.328820056416949e-07,0.07514491211820143,3.529389997052298e-06
20083,20083,TUBA3FP,0.1433474163431708,6.213910041527464,0.1514941396553336,0.022950474349909718,0.2320955723187165,0.11878359935334833,0.36158486464473427
20084,20084,TUBA4A,-0.2578787926702239,9.382181169679496,-0.5557358922765756,0.30884238196444164,1.8704169389912998e-06,0.048993660280046016,1.2673303759028973e-05
20085,20085,TUBA4B,-0.1330371859271764,7.841171220594587,-0.14441432196882134,0.020855496389714397,0.25490153269277754,0.11576848095009053,0.38817810762743304
20086,20086,TUBA8,-0.015096065025931853,7.08343180944067,-0.013588228469161244,0.00018463995293012416,0.9151315439070076,0.14107984536884954,0.9486440202635831
20087,20087,TUBAL3,0.1426196838733084,5.8824692641336025,0.7523724748097141,0.5660643408512938,7.63284128447332e-13,0.015858547090295074,8.608811354961965e-11
20088,20088,TUBB,-0.2972493255277056,10.254580646960669,-0.722361421837571,0.5218060237591973,1.6104547653422238e-11,0.03613870113481853,7.962191311298141e-10
20089,20089,TUBB1,0.04287055023340205,6.856657678440388,0.030964301532430776,0.0009587879693912947,0.8080903230048748,0.17574930927195107,0.8777686569357225
20090,20090,TUBB2A,-0.0912060809251446,7.819496307464457,-0.2305904301242841,0.053171946464902364,0.06677947843839467,0.04887899064898663,0.13312248969745344
20091,20091,TUBB2B,0.16952612482981766,6.3780357534490815,0.15768156272009626,0.02486347522185165,0.21335527294288464,0.13483187885013806,0.3385016071198012
20092,20092,TUBB3,-0.3868092753482415,10.70899112175943,-0.6172268702069074,0.3809690093054144,5.574584153763586e-08,0.06261990528432416,6.093771824823345e-07
20093,20093,TUBB4A,-0.033161511152678944,7.154333568212987,-0.04248583184479435,0.0018050459075441422,0.7388789105122217,0.09903803782197232,0.8301127266999824
20094,20094,TUBB4B,-0.3596009923179219,11.073573757226493,-0.5583003485642406,0.31169927920695256,1.6381279363319102e-06,0.06786506195909098,1.1265055719678474e-05
20095,20095,TUBB6,0.030706505029969224,6.804795876240482,0.0922581445081274,0.008511565228082515,0.4684109356526559,0.04208948911234057,0.606556168842807
20096,20096,TUBB7P,0.09689223179074276,6.587073587030858,0.0959340217258552,0.009203336524496859,0.4507965833095545,0.12767701809727322,0.5903483316139576
20097,20097,TUBBP5,-0.11390300318459973,7.550938498562199,-0.3113827096948008,0.0969591918968766,0.012260013247221651,0.044146728407041085,0.031244635107310896
20098,20098,TUBD1,-0.26015009613453305,8.445544892403584,-0.4865920224774722,0.2367717963387168,4.564819315188767e-05,0.059318528178572735,0.00021754217048946468
20099,20099,TUBE1,-0.3328954862837263,8.439527806335994,-0.4157873257142512,0.17287910022460878,0.0006335041858326234,0.0924752070750454,0.0022574515623178313
20100,20100,TUBG1,-0.19927463368111986,8.585600602092544,-0.6304348876193606,0.3974481475276359,2.3682286411497938e-08,0.031161126482414182,2.9188384305121675e-07
20101,20101,TUBG2,-0.1709077766206216,7.749196756983029,-0.15052833738295093,0.022658780355275503,0.23512052472757294,0.1425511819804863,0.3653250314253851
20102,20102,TUBGCP2,-0.2534874033286034,8.674194550544465,-0.19893046375274331,0.03957332940888153,0.11505511732413935,0.15859567827218052,0.20797316908633037
20103,20103,TUBGCP3,-0.318142162899304,8.786628370233858,-0.4810464140789504,0.23140565249821696,5.730413767075165e-05,0.07363545862305396,0.00026583571149531424
20104,20104,TUBGCP4,-0.345233471982145,9.360310078021675,-0.4154788709943483,0.17262269224273835,0.0006400304873830371,0.09598865605043408,0.0022784580312805633
20105,20105,TUBGCP5,-0.322345962061074,8.52667017190721,-0.4457879224425571,0.19872687179565127,0.00022283375203103995,0.08220313498633272,0.0008847570407466391
20106,20106,TUBGCP6,-0.5810871312405852,9.611832934952828,-0.4861201286709669,0.23631277949907745,4.654724552348745e-05,0.13266598025440995,0.0002212424499146446
20107,20107,TUFM,-0.36583980882033296,9.863283140234325,-0.4479256696721312,0.2006374055512272,0.0002060720335117656,0.09273871543129404,0.0008256225505452884
20108,20108,TUFT1,-0.05918816579231793,7.504787002263288,-0.09097098307005977,0.008275719760733104,0.4746655625602816,0.08228707443408582,0.6121902886303523
20109,20109,TUG1,-0.1208225190990157,7.931961426309414,-0.13670309492978985,0.018687736163383137,0.28141919358664624,0.1111929641782724,0.41907114819961655
20110,20110,TULP1,0.15167754217749094,6.323820908707577,0.200461573104286,0.040184842291445,0.11222906244750136,0.09414301566022756,0.2039201499664912
20111,20111,TULP2,0.12854820862093952,6.533288743295218,0.15227747432998026,0.0231884291883178,0.22966199502384596,0.10595950404560688,0.35854159773926786
20112,20112,TULP3,-0.5240643801997981,10.581826399728717,-0.4953177743229135,0.2453396975602047,3.166180516453261e-05,0.11672950329841,0.00015721999331299097
20113,20113,TULP4,0.05015274363942317,6.746373174285875,0.037814240714665215,0.001429916800826644,0.7667278300725677,0.16831884503754266,0.8488171873666464
20114,20114,TUNAR,-0.14991247469953756,7.597275861990719,-0.13714189634632315,0.018807899733465642,0.27986296802973043,0.13751459677187375,0.4173001011762314
20115,20115,TUSC1,0.1925001459195005,5.2919538910013415,0.25684690291961826,0.06597033153939981,0.04048295368500749,0.0919901274669212,0.0877468505681317
20116,20116,TUSC2,-0.5515003416269311,11.299757557184186,-0.3745855662777005,0.1403143464635855,0.0022923511544507987,0.17336792122216885,0.0070885141010469865
20117,20117,TUSC3,0.2262259142100258,5.967676001685827,0.6305224912203998,0.3975586119347792,2.354502585287649e-08,0.03536741550359115,2.911864847767221e-07
20118,20118,TUSC5,0.09157043557432844,6.473723289655724,0.13616601530938485,0.01854118372523563,0.2833317493146044,0.0846109842071216,0.4209864358251888
20119,20119,TUSC7,0.026346617879816344,6.920612579798868,0.01965468158041933,0.0003863065080276749,0.8774888839763012,0.17020766504188206,0.9245376238265364
20120,20120,TUSC8,-0.058654043462358224,7.24066924394073,-0.06748726004968715,0.004554530269014099,0.5962077249997194,0.11012579402993558,0.7163159279221551
20121,20121,TUT1,-0.27591347797137616,8.716400159424925,-0.31266454467125754,0.0977591174944848,0.011888749379794405,0.10645343648839548,0.030417163022146487
20122,20122,TVP23A,0.2158243780676745,6.235119265530304,0.1951277925561616,0.03807485542784042,0.1223100066718166,0.1377704765045622,0.2182631392235837
20123,20123,TVP23B,0.0045485882393156395,6.978933410496354,0.008444354005757899,7.130711457455949e-05,0.9471990635363579,0.06840673511169552,0.96857891679085
20124,20124,TVP23C,0.006087723834616332,6.980599294340947,0.006921109690941872,4.7901759354049496e-05,0.956713494263653,0.1117050902262981,0.9739192748770678
20125,20125,TWF1,0.031190760451380563,6.811757192383831,0.026995196930189747,0.000728740657299726,0.8323069975802043,0.14668486882577902,0.8947146748545842
20126,20126,TWF2,-0.08613777560343285,7.649063285519023,-0.1055775539834681,0.011146619905132122,0.4063704548757399,0.1030367526577005,0.5484203041464631
20127,20127,TWIST1,0.2947259090246057,5.919705053106653,0.2714448892275253,0.07368232788774348,0.03003148020380687,0.1327152338716545,0.06792685437783975
20128,20128,TWIST2,0.4758362676194747,5.070394405794539,0.4656053865245523,0.21678837596067774,0.00010577911175558769,0.1148638216936199,0.000457580236729375
20129,20129,TWISTNB,-0.2924197726951027,8.600959326659517,-0.6012647725446784,0.3615193267032038,1.4901620768710794e-07,0.04935361950933142,1.4054642758990952e-06
20130,20130,TWSG1,-0.006977783405598145,7.068477225556502,-0.019412499312325717,0.0003768451295510464,0.8789870323554778,0.04564133512694235,0.9255306907350905
20131,20131,TXK,-0.1310373916740739,7.432642963811957,-0.09440299130626993,0.008911924767571675,0.4580882539839036,0.17549702735193118,0.5970808438679086
20132,20132,TXLNA,-0.6344097010848994,10.718915668763422,-0.6069730750300029,0.3684163138113775,1.0549207492279807e-07,0.10549211414110757,1.0435956521028744e-06
20133,20133,TXLNB,0.5756924862028721,5.26222752382526,0.33128349321634976,0.10974875287762724,0.0074952708505765095,0.20823379537780007,0.020324328859157813
20134,20134,TXLNG,-0.285749361487194,8.763958134270858,-0.5563004613917361,0.3094702033446584,1.8167743046062286e-06,0.05420897747254592,1.2367886691684339e-05
20135,20135,TXLNGY,-0.0007990114661036693,7.020290714030115,-0.004185619874146427,1.751941373084955e-05,0.9738140401156171,0.024243402848232898,0.9850036451353957
20136,20136,TXN,-0.02605704155819285,7.270835593096138,-0.04004819128307833,0.001603857625046031,0.7533713688398633,0.08256534528247456,0.8397323018734045
20137,20137,TXN2,-0.10938795683626598,7.955585240257053,-0.1422558826219794,0.020236736140558386,0.2621469104753696,0.09666383186704082,0.39690526605973414
20138,20138,TXNDC11,0.4635705303729826,3.1628327189082697,0.6325285633618766,0.4000923834686395,2.0600319026836096e-08,0.07209116119759866,2.6087713948896823e-07
20139,20139,TXNDC12,-0.6918102089568362,13.852139392450962,-0.6269353331355855,0.3930479119338275,2.9828297472732e-08,0.10918062598882887,3.5432352263961134e-07
20140,20140,TXNDC15,0.191476499171725,5.493058314568263,0.2121364089638096,0.04500185600806069,0.09240300986286196,0.11202260940093367,0.17434758025444588
20141,20141,TXNDC16,-0.11537626951088145,7.9310068867183,-0.28638435626909153,0.08201599951566195,0.02177892164597284,0.04902176152846588,0.051532184030107286
20142,20142,TXNDC17,-0.026564212075604908,7.2513768027370995,-0.031031585628147864,0.000962959306597073,0.8076812770118111,0.10866455902715473,0.877571841769057
20143,20143,TXNDC2,-0.02738514536425951,7.1454806853945145,-0.026460962301802525,0.0007001825259374143,0.8355789391093056,0.13138974682719295,0.8970532906852418
20144,20144,TXNDC8,0.2905308063499505,5.922498053528105,0.2193509211687788,0.04811482661759181,0.08159609303371801,0.16411533487948288,0.1573431339844313
20145,20145,TXNDC9,-0.30797366658945124,9.329271855180933,-0.4975079417112944,0.24751415206580876,2.883843264494921e-05,0.06819725422086584,0.00014469329446857625
20146,20146,TXNIP,0.18869169210689898,4.82418623054555,0.5277744113527858,0.2785458292787796,7.4113575838615205e-06,0.0385667443031974,4.318970626440291e-05
20147,20147,TXNL1,-0.07347812845689533,7.453128931416759,-0.07447873726830173,0.005547082305080715,0.5586150505633058,0.12494591145234216,0.6861906091011697
20148,20148,TXNL4A,0.03688454520796869,6.737385266399671,0.04541603470384961,0.0020626162082212724,0.7215774704148524,0.1030364817796859,0.8169904905277439
20149,20149,TXNL4B,-0.2889743618867469,8.825791036251351,-0.621589418263179,0.3863734048967573,4.220095450400456e-08,0.04625002194079534,4.784616072168685e-07
20150,20150,TXNRD1,-0.1520518008810018,7.9709818711701645,-0.12438649382178313,0.015471999845276491,0.3274370270409056,0.15404107236340614,0.46902029505032483
20151,20151,TXNRD2,-0.40752211238024827,9.25069472463966,-0.3714475823701456,0.1379733064486261,0.002511679473450863,0.1293654058164032,0.007696394367847522
20152,20152,TYK2,-0.22227051673819506,8.803475236684767,-0.3072455686400911,0.09439983944897294,0.013527441427654071,0.08743164145855795,0.0339952122682893
20153,20153,TYMP,-0.19642310803369906,7.983787242330278,-0.17947931763501093,0.032212825458729145,0.15587339461581967,0.1367326577158933,0.264823345395071
20154,20154,TYMS,-0.2140065899202272,8.526787283908513,-0.6051976889347507,0.3662642426919632,1.1754177264441225e-07,0.0357509961396461,1.1460455140093416e-06
20155,20155,TYMSOS,-0.1938654984748517,7.9454364904437025,-0.2885482541030657,0.08326009494592737,0.02076060391970096,0.08169760001173929,0.04951766470769075
20156,20156,TYR,0.10486978927845618,6.6092621726067575,0.061700759885539073,0.003806983770452947,0.6281450161308282,0.21544468488112825,0.7421693760537476
20157,20157,TYRO3,-0.40891914858051615,9.109400598319997,-0.4582923680229569,0.21003189458808927,0.00013999596963646782,0.10071722623935146,0.000586272040703483
20158,20158,TYRO3P,0.3795228420781812,5.467363034807873,0.2870610578081793,0.08240405090995086,0.02145600893432081,0.16083980495704306,0.05094067245616897
20159,20159,TYROBP,0.1953000388724977,5.4181874519489455,0.6407206226483465,0.4105229162868848,1.1817731082432885e-08,0.02972153569550905,1.6596171633598193e-07
20160,20160,TYRP1,0.08955205846562264,6.675465621075733,0.3274248648521569,0.1072070421234532,0.00826607740506455,0.03282036823668854,0.022150959807780327
20161,20161,TYSND1,-0.24304792686964855,8.318507077726256,-0.1901758014819861,0.03616683546931578,0.1322740430620025,0.1593462157202502,0.2322356415199987
20162,20162,TYW1,-0.3294940036750895,9.671955668022877,-0.5961597049785675,0.3554063938401327,2.0180682480007728e-07,0.056354947442134914,1.820127776362213e-06
20163,20163,TYW3,-0.31745648500922713,9.389338945262322,-0.6751920125808443,0.455884253852971,9.402267923376e-10,0.04404602384640376,2.0319971245579568e-08
20164,20164,TYW5,-0.5110547773401091,9.680062665639547,-0.5275474530145459,0.2783063151821345,7.490929132068202e-06,0.10451690231522963,4.3583038784238834e-05
20165,20165,U2AF1,-0.34921060881919364,9.270357807981775,-0.3028596043336543,0.09172393993713762,0.014992862829292282,0.13955942362703747,0.03723358335294739
20166,20166,U2AF1L4,0.1735304462217608,5.975375643376795,0.2316672625905579,0.05366972055620249,0.06548155761149024,0.0925415011185648,0.1311144826700713
20167,20167,U2AF2,-0.3405057347989144,9.131027271130296,-0.2647817299714565,0.0701093645266773,0.034480902494149895,0.1574912781773943,0.07654371537783865
20168,20168,U2SURP,-0.3081261460578035,8.892917523395377,-0.4512356027372175,0.20361356917762,0.00018238609479568368,0.07739114546077336,0.0007398971305358805
20169,20169,U47924.27,-0.05142450436358049,7.343209208976988,-0.08236423586665667,0.006783867349898254,0.5176138484458545,0.07902372159648735,0.6509627671813101
20170,20170,U47924.29,0.2045069866900122,5.900808643100928,0.2034674935827204,0.04139902094483437,0.10683653137516866,0.12497875779406376,0.1960963796346226
20171,20171,U91328.2,-0.09314991338153443,7.422305013948277,-0.11459055037762758,0.013130994235847605,0.36725270873274174,0.1025575317218968,0.5104529786654379
20172,20172,U91328.20,-0.2672205585700119,8.114058543781248,-0.1903293467904795,0.03622526024969061,0.13195614890783922,0.1750475494467178,0.23180973069453475
20173,20173,UACA,0.19636326197400286,5.934388014529642,0.1511815760745606,0.022855868944388152,0.23307157641438814,0.1630590240353107,0.3628443556616517
20174,20174,UAP1,0.3670533695859425,3.183780975780256,0.5614907980888729,0.31527191633847945,1.3868324494768318e-06,0.06869890226027013,9.798321922812657e-06
20175,20175,UAP1L1,-0.2217208642885388,8.094575749912929,-0.3958485329091273,0.15669606100630845,0.0012048656076676168,0.06532414630784877,0.004001129387217028
20176,20176,UBA1,-0.2283978568732597,8.64205196861094,-0.1922082882727187,0.03694402608072854,0.12811269471098374,0.14809821818408006,0.2265458438646377
20177,20177,UBA2,-0.3680644101548802,9.751545657858149,-0.6634049534462692,0.4401061322570465,2.318666783968025e-09,0.052723244273568025,4.251543539951531e-08
20178,20178,UBA3,-0.2945406163712709,9.637339204186544,-0.40226393270610505,0.1618162715561818,0.0009839587496798339,0.08513494587509203,0.0033481500195343817
20179,20179,UBA5,-0.2970998794319455,9.281853411345153,-0.5084668870632416,0.2585385752397833,1.7896791380223095e-05,0.06389814285075966,9.420394198802409e-05
20180,20180,UBA52,-0.7322217409583905,15.983819975025652,-0.6729380104673663,0.4528455659317773,1.120909349995061e-09,0.10221783462162867,2.3520631757890546e-08
20181,20181,UBA6,-0.27866555888453576,8.516714515079403,-0.38143420782811743,0.14549205490146347,0.001872032623648355,0.0857681149680196,0.005911179128770068
20182,20182,UBAC1,-0.09593082017754784,7.823041648507612,-0.0853228726214858,0.007279992592382291,0.5026322545399136,0.14226898447795558,0.6379058395333818
20183,20183,UBAC2,-0.3569547477505892,9.812655826193314,-0.3971580953990848,0.15773455274102852,0.0011564440762325096,0.10475587555041263,0.0038604588362594412
20184,20184,UBAC2-AS1,-0.5865320545021371,9.165309921716196,-0.3857793990426002,0.14882574472566978,0.0016425626211010933,0.17814191410376765,0.005262567474470213
20185,20185,UBALD1,-0.4463551472002176,9.361514122401218,-0.35580671296251504,0.12659841698918955,0.003908877274367944,0.14889412170269525,0.011387964129750816
20186,20186,UBALD2,-0.2918339446737758,9.330999109667657,-0.4557812826140794,0.20773657758133526,0.00015391462407682042,0.07237994976441056,0.0006378987912695782
20187,20187,UBAP1,-0.5140099910443034,10.901568638003152,-0.3909511896001139,0.1528428326497442,0.0014025578779842856,0.1536863058886673,0.00457703734118993
20188,20188,UBAP1L,0.09983327918051398,6.5190206579681895,0.13138826799428965,0.017262876966539272,0.3007229477272151,0.09566246886235057,0.44018895721460344
20189,20189,UBAP2,-0.3551507008661941,10.038382705567583,-0.6582326280401387,0.4332701926166276,3.402482172117062e-09,0.05158523968388047,5.885044044504391e-08
20190,20190,UBAP2L,-0.4561943771072071,10.066771173782678,-0.6167502196001367,0.3803808333768168,5.745255233194598e-08,0.07394472397271525,6.236915827557144e-07
20191,20191,UBASH3A,0.2909102549765845,5.814643502167182,0.4512250036096806,0.20360400388255626,0.0001824577831664485,0.07306923543817992,0.0007400493153154978
20192,20192,UBASH3B,-0.022260655012240938,7.11048413400747,-0.017136225090560713,0.0002936502103543625,0.8930881040367945,0.1649541178473415,0.9342249081179623
20193,20193,UBB,0.5971113796176404,-1.0080770026910866,0.5157016218127397,0.26594816274029004,1.2942956813499647e-05,0.1259866044109016,7.065281819922734e-05
20194,20194,UBC,0.24790086759731955,3.742725681126406,0.13897810152325132,0.019314912703007156,0.2734127808059076,0.22433684757466954,0.41021300622257717
20195,20195,UBE2A,0.39591462578741293,3.2334130891068513,0.44121394546357096,0.19466974567153095,0.00026296634603508844,0.10226887476622998,0.0010238288787108667
20196,20196,UBE2B,0.3449240396593356,4.570246964008521,0.2633062645138272,0.06933018893222555,0.035537096309354615,0.16049601013111134,0.07844705677590876
20197,20197,UBE2C,-0.1807029815519884,8.590416957022201,-0.6806511705917337,0.4632860160278974,6.103156655392878e-10,0.02470110224218725,1.4272554791850192e-08
20198,20198,UBE2D1,-0.2568263378040809,8.443891344189446,-0.25006556748566394,0.06253278804192715,0.0462744729283553,0.1262896796850401,0.09817514561218124
20199,20199,UBE2D2,0.05588038869166668,6.549146117321347,0.05142419046302154,0.0026444473647771155,0.6865418359260891,0.1378228146372693,0.7890803809234892
20200,20200,UBE2D3,0.5522359977813207,2.6715681858637157,0.36274122754224825,0.1315811981588571,0.003221433658270009,0.18017584132283648,0.009596615849972475
20201,20201,UBE2D4,-0.5777088550449163,10.934939729804283,-0.5453115322953778,0.2973646672543328,3.170825361975053e-06,0.11278036345511125,2.0260909770896953e-05
20202,20202,UBE2DNL,0.04155243689427874,6.853423430409844,0.05845773429959623,0.0034173066994421892,0.6463509622619725,0.0901187886271942,0.7570710778766235
20203,20203,UBE2E1,-0.19989308140994447,9.045663929590381,-0.27192744560740645,0.07394453567456899,0.029728866202484883,0.08983950995408703,0.06738314816985662
20204,20204,UBE2E2,0.21630102583949887,5.884693483450095,0.6089514390809639,0.3708218551587769,9.344101053953604e-08,0.03578218753551817,9.437803559858455e-07
20205,20205,UBE2E2-AS1,0.216160053976282,6.188567229880389,0.2157473032481272,0.046546898858839364,0.08686182385876072,0.12424642095128152,0.16575420432652285
20206,20206,UBE2E3,-0.19485143902195515,8.903080463700316,-0.19778625349188306,0.03911940207035542,0.11720246323483048,0.12264402099452028,0.2110092568465459
20207,20207,UBE2F,-0.20167926594211105,8.573413820980143,-0.2298511991742549,0.05283157376184302,0.06768238618168224,0.10845067003922568,0.13462497223884715
20208,20208,UBE2G1,0.11357711152080865,6.054477106497606,0.1103206655171682,0.012170649240150905,0.3854907847428405,0.12995083209408576,0.528542670862746
20209,20209,UBE2G2,-0.5123565149446349,10.413567748130474,-0.3926754136257942,0.15419398046618854,0.001329854968598923,0.1523975882279646,0.004372609982540188
20210,20210,UBE2H,-0.6773718409067713,11.179398023993953,-0.6961091421682458,0.4845679378102111,1.7048296743994674e-10,0.0887237054588835,5.156157346245875e-09
20211,20211,UBE2I,-0.3616657654048495,9.189820738553774,-0.26144605875470434,0.0683540416383683,0.03690693964735711,0.16957229941645327,0.08099105979565446
20212,20212,UBE2J1,0.3669019414496253,4.1412897211884125,0.5492154253445293,0.3016375834363722,2.6075266481005667e-06,0.0709009196189954,1.7023210601331858e-05
20213,20213,UBE2J2,0.20415204927218625,5.7411730535653795,0.1573177070107555,0.024748860939121917,0.2144268980307887,0.16275656834904306,0.33970334909957345
20214,20214,UBE2K,0.1055263192128905,6.0728888750327625,0.11749859272683685,0.013805919292787077,0.3551372243878853,0.11326962846105935,0.49776676984593243
20215,20215,UBE2L3,0.047146923382261764,6.589955055048102,0.03745921093179698,0.0014031924836328585,0.7688568549032693,0.15973275224502595,0.8500433230493089
20216,20216,UBE2L6,-0.16957702216486742,8.45863067087322,-0.42162228404847735,0.1777653504062549,0.0005208899281580372,0.04631754055148672,0.0018862661194418552
20217,20217,UBE2M,-0.3646685840539695,9.94561507037234,-0.6008085872101321,0.3609709584654348,1.531425466147968e-07,0.061620706390347536,1.438742666786735e-06
20218,20218,UBE2N,-0.3208037033110709,10.1230972710956,-0.442154548155616,0.1955006444546969,0.00025421030798291347,0.08264798732149223,0.000993848026605884
20219,20219,UBE2NL,-0.5721429108843511,12.619735738328133,-0.5134687992121211,0.2636502077643375,1.4315692475510386e-05,0.12143299368644782,7.726977082681391e-05
20220,20220,UBE2O,-0.16800606108661473,7.942358444292543,-0.13223168985969286,0.01748521980314999,0.297603491293219,0.15994221391612445,0.436567104996251
20221,20221,UBE2Q1,-0.08061996766036368,7.562616951157475,-0.07454951322577963,0.00555762992220069,0.5582403121143882,0.13695937730257246,0.6859222627574373
20222,20222,UBE2Q2,-0.3164183920991089,9.801440860985126,-0.6826973235619151,0.4660756355986023,5.178136345676438e-10,0.04301080232513252,1.264177481010409e-08
20223,20223,UBE2Q2L,-0.12604807105380553,7.49002771447851,-0.08819244464932925,0.007777907293225005,0.4883183100993709,0.18080624398765016,0.625046282373914
20224,20224,UBE2QL1,0.3277647805958244,5.678457844235407,0.4420068505074597,0.19537005589552375,0.00025556733114285977,0.0844764267776814,0.0009982522647724798
20225,20225,UBE2R2,-0.35577476604462005,9.940879924013,-0.37255102319528544,0.1387942648838541,0.0024325082971092217,0.11255038712641804,0.0074834446901406735
20226,20226,UBE2S,-0.17216568630810042,8.398420733535247,-0.7541598877517978,0.5687571362938042,6.279187598249974e-13,0.019039181966459456,7.232755714899105e-11
20227,20227,UBE2T,-0.18029006420951368,8.437702036594732,-0.6982316580438376,0.4875274482946466,1.4220415099265506e-10,0.023475330613065608,4.454836442094509e-09
20228,20228,UBE2U,-0.05660036745119985,7.190808735282832,-0.027598325689594045,0.0007616675808689066,0.8286165173813507,0.2603605698383552,0.8920552166986402
20229,20229,UBE2V2,-0.3298284067881084,9.063990055404801,-0.5494291314811074,0.301872370520084,2.5795729562124303e-06,0.06370124827157135,1.6850875525423885e-05
20230,20230,UBE2W,-0.2699522766242913,8.303328770946509,-0.24751465482120724,0.06126350435126138,0.04862207288459044,0.1342029564136998,0.10230382708082063
20231,20231,UBE2Z,-0.2260011931079317,8.709565166430284,-0.15748235313537254,0.02480069154905419,0.21394151545729148,0.17998225299868456,0.339133556637702
20232,20232,UBE3A,-0.03598234056121801,7.249135371865907,-0.023579632391324424,0.000555999063709996,0.853272298011277,0.1937473484293791,0.908283947256686
20233,20233,UBE3B,0.034849968360368605,6.824438862720207,0.020912000923417662,0.0004373117826210211,0.8697180546842063,0.2116001504574624,0.9192573445034404
20234,20234,UBE3C,-0.6021881944937261,9.90053736486256,-0.4794557862388266,0.2298778509578914,6.112253415397518e-05,0.13998053056349058,0.0002815589187628871
20235,20235,UBE3D,-0.6743943997630978,9.348942549452008,-0.635552461379902,0.4039269311660518,1.6811905859583267e-08,0.10404385991166926,2.2185363887219722e-07
20236,20236,UBE4A,0.30625932039854925,4.1055740477150495,0.3528463645213186,0.12450055695591125,0.004239929947125914,0.10314205016209699,0.012263347536397979
20237,20237,UBE4B,-0.16605484336593282,8.161116035547044,-0.22841108968153126,0.0521716258895045,0.06946947961374897,0.08988834194675951,0.13758565767658074
20238,20238,UBFD1,-0.31587057201913205,9.188694089250912,-0.7097767522873942,0.503783038087641,5.1551221166960344e-11,0.0398132246361952,1.9380932193932748e-09
20239,20239,UBIAD1,-0.3466489094410697,9.097754950827019,-0.3123914635887644,0.09758842652313032,0.011967017443531876,0.13387428486810676,0.030584888792597992
20240,20240,UBL3,0.3599294657549097,3.598501755488689,0.6913812831471235,0.47800807868616296,2.539366792683244e-10,0.04776786486553623,7.132294149877517e-09
20241,20241,UBL4A,-0.483731353975107,10.692766360608461,-0.5147591995928512,0.2649770335654728,1.3506695565664745e-05,0.10231863338442128,7.33235127787591e-05
20242,20242,UBL4B,0.10766825832918812,6.4565811653653125,0.10166932081287824,0.010336650794551957,0.4240593731809525,0.13379678081118365,0.5650385014911103
20243,20243,UBL5,-0.3455884878269557,10.411773397277656,-0.2684708600287743,0.07207660268458972,0.03195405821430864,0.1574788848835342,0.0716839459889002
20244,20244,UBL7,-0.42404625269529306,10.274797686995193,-0.6116971827744107,0.3741734434141508,7.885351995156262e-08,0.069647879550347,8.139051356296895e-07
20245,20245,UBL7-AS1,-0.31886441137633265,8.476796791312777,-0.5722358784450032,0.3274539005797245,7.812844541683249e-07,0.05803582339561673,5.9531016379363396e-06
20246,20246,UBLCP1,-0.1806696495155658,8.294398421120075,-0.3959473446406483,0.15677429972798032,0.0012011492891175356,0.053213746929029034,0.003991236436372599
20247,20247,UBN1,0.1888208647882398,5.609247139628573,0.21915107437874368,0.04802719340135765,0.08188133852350221,0.10676350053589416,0.15775270335644487
20248,20248,UBN2,-0.04258807047455372,7.247989787313345,-0.036908602482644916,0.0013622449372219026,0.7721620771875315,0.14644296341205096,0.8522078274041076
20249,20249,UBOX5,0.10472064597639516,6.3087834989008496,0.06819914458261697,0.004651123321800694,0.5923290115350804,0.19455625848181,0.7135094108553356
20250,20250,UBP1,-0.22524592287402345,8.926444888480662,-0.2368893115595052,0.05611654593113633,0.05947229123855183,0.11732074568316615,0.12106340165170519
20251,20251,UBQLN1,-0.3454675997188229,9.807754722442514,-0.5458806616482108,0.2979856967614884,3.0821609067631112e-06,0.06734211451276262,1.9799523712831553e-05
20252,20252,UBQLN2,-0.12744978459034664,7.893944908780678,-0.17033880623265704,0.02901530890876668,0.17839581622205153,0.09363449080516656,0.2943809647404195
20253,20253,UBQLN3,0.15159593051522868,6.477385428427072,0.11743841288974853,0.013791780822063051,0.3553854239160539,0.16280428594562174,0.49801794828849716
20254,20254,UBQLN4,-0.5124431910330772,10.255630436101855,-0.5077116259448137,0.2577710951195264,1.850478434440495e-05,0.11043372094064546,9.71209658211559e-05
20255,20255,UBQLNL,0.04931795400678421,6.8059760515687255,0.05204091508565743,0.0027082568429526066,0.6829809301557475,0.1201919534298178,0.7863649533455291
20256,20256,UBR1,-0.08241057034046369,7.585195699420499,-0.12226461005019185,0.014948634870725475,0.3358205287904609,0.08496024313399278,0.4779307012984642
20257,20257,UBR2,0.5086637368740717,4.180581902963215,0.4583601438223972,0.21009402144488865,0.0001396368543144929,0.1252609745131512,0.0005849944051422604
20258,20258,UBR3,0.05758056634659965,6.675500392392228,0.03814409912294026,0.001454972297900692,0.7647512898270107,0.19157399319380947,0.8476986658553582
20259,20259,UBR4,-0.4484062862072512,9.305446608883477,-0.2596009240181765,0.06739263975109107,0.03830873764118422,0.2118453974473261,0.08371941806638857
20260,20260,UBR5,-0.2399526074306861,8.789314972838675,-0.33458031738314464,0.1119439887802058,0.00688726572268393,0.08583203693212782,0.01885508713334014
20261,20261,UBR7,-0.08127331435618483,7.681987281797012,-0.1105236429987105,0.012215475661706408,0.3846117724749142,0.09281711035974934,0.5275812511195237
20262,20262,UBTD1,0.08991255800850192,6.575500268511901,0.10500404780973946,0.01102585005643005,0.40893893677687704,0.10814611876094248,0.5505142779997061
20263,20263,UBTD2,0.1841823553638836,5.455587781682284,0.21474072887945292,0.04611358063967872,0.08837949115516026,0.1063863937947354,0.16819209780868227
20264,20264,UBTF,-0.1315742061809934,7.88137071479961,-0.11298216319021262,0.012764969199139836,0.3740601590701377,0.1469519342430193,0.5168627325589479
20265,20265,UBXN1,-0.2510960096663489,8.615110573750469,-0.2339927103757083,0.0547525885089701,0.06274786253581341,0.13249954495598312,0.1265181529993519
20266,20266,UBXN10,-0.12694590534155184,7.784679159925461,-0.2303579749829395,0.05306479663824057,0.06706235371252914,0.06810511513509815,0.13356343876067492
20267,20267,UBXN10-AS1,-0.16683175230675526,7.877793935462669,-0.16913700136270354,0.028607325229967187,0.18152429456027747,0.1234643720906522,0.2985878160807299
20268,20268,UBXN11,-0.3342834912970568,8.966639897798967,-0.4765135861300493,0.22706519776651984,6.88111711190385e-05,0.07832767367106573,0.00031212943246392515
20269,20269,UBXN2A,0.2618457190651509,5.030705556782941,0.30718415511182945,0.09436210515176847,0.01354707571050172,0.10302155858914494,0.034036654427533904
20270,20270,UBXN2B,0.18402780953241807,5.714646024952412,0.185303249693816,0.03433729434708871,0.14266527505070115,0.12394165924546514,0.24687682045892068
20271,20271,UBXN4,-0.4211305737821209,10.228930950068305,-0.37942840952209295,0.14396591795246508,0.0019873367889392942,0.13041772193245574,0.00624884248068541
20272,20272,UBXN7,-0.16747875955948704,8.07213130061298,-0.3182892282756567,0.1013080328363131,0.010372294828334731,0.06335011090701552,0.0270388882277102
20273,20273,UBXN7-AS1,0.14007011989121365,6.552792642870107,0.13922550146036738,0.01938374025689076,0.2725513616581197,0.12652618395569362,0.4092711834620749
20274,20274,UBXN8,-0.17004970228522076,8.229387684702727,-0.43841622663149016,0.19220878777379413,0.00029066564199218176,0.044273410023071724,0.0011219487186324593
20275,20275,UCA1,-0.10377722634169133,7.738457720046022,-0.6284332322893456,0.39492832744563455,2.7032787020715226e-08,0.01631362526210659,3.257623833798488e-07
20276,20276,UCHL1,0.4276837198897833,4.9553282547246384,0.4891325269112716,0.2392506288826058,4.1077867406392135e-05,0.09685479607508274,0.00019829273711222063
20277,20277,UCHL3,-0.28107532377502803,9.78360835860268,-0.6213079029543764,0.3860235102735649,4.2971381461552224e-08,0.045019002482955185,4.856708066544433e-07
20278,20278,UCHL5,-0.41340947125349614,9.220815752920158,-0.40829048349580416,0.16670111891323752,0.0008104818650368755,0.11738584195352204,0.0028086069430906606
20279,20279,UCK1,-0.13047111070291162,7.8888330394474995,-0.09857433204126542,0.009716898937381646,0.4383738182940555,0.167276277734587,0.5788405509242543
20280,20280,UCKL1,-0.4674733863504229,9.913665242628287,-0.5195776564992141,0.2699609411332153,1.0846763871984096e-05,0.09763007612481908,6.056902311702311e-05
20281,20281,UCMA,0.04880623716258235,6.829250903023507,0.05396095875120268,0.0029117850693489967,0.6719390825171343,0.11470084447596668,0.7778345213655727
20282,20282,UCN,-0.022247007026581018,7.1075405174719855,-0.032653741315665466,0.0010662668219103982,0.7978353348544155,0.08647909555335248,0.8702525651676002
20283,20283,UCN2,0.1724412851833449,6.158798293048393,0.18641108754880006,0.034749093561126404,0.14025063680844546,0.11542337660779264,0.24339858471605116
20284,20284,UCN3,0.06824112236952425,6.6515911918376815,0.11100423885758147,0.012321941044351001,0.3825352822691409,0.07759226975017222,0.5255434167447434
20285,20285,UCP1,0.24081479670925235,6.162058529876722,0.2305305638939256,0.053144340889251296,0.06685223801698773,0.12909240761213342,0.13320622140760668
20286,20286,UCP2,-0.10103442880450476,7.868985883700862,-0.2804148952510345,0.07863251347864866,0.02481043201571711,0.04392268776697238,0.05767173736586024
20287,20287,UCP3,0.2270600325089807,5.810140164072429,0.23835996943638826,0.056815475029715935,0.057862992934486226,0.11749242381044793,0.11826551316623872
20288,20288,UEVLD,0.13543487995682987,6.046434098869788,0.1528016107798283,0.023348332256910142,0.22804358855770265,0.11124400039919206,0.35632324916783686
20289,20289,UFC1,-0.5718077378533842,13.39639961843281,-0.5262391472111283,0.27692764005749554,7.965370407504088e-06,0.11734427639775548,4.591512687859768e-05
20290,20290,UFD1L,-0.4265398632308767,11.03557033542182,-0.5590220175938261,0.312505616154672,1.5778082517688757e-06,0.08034695911039977,1.0909143579838762e-05
20291,20291,UFL1,-0.021512861861687525,7.149708049836277,-0.021731088556246617,0.0004722402098394329,0.8646622522898053,0.12569508393647502,0.9162838792921818
20292,20292,UFM1,0.10191434968344236,6.229708331737088,0.1451774691854949,0.021076497559105317,0.25237265117585084,0.08820935556627882,0.38515695384022547
20293,20293,UFSP1,-0.09439449126423416,7.495736215841554,-0.1413660117446024,0.019984349276575063,0.26517401307049426,0.08395031023457829,0.4005261388743498
20294,20294,UFSP2,-0.22723105868159404,8.834126889994316,-0.23360197310106814,0.05456988183671218,0.06320065020202335,0.12011854338663652,0.12727704641726176
20295,20295,UG0898H09,0.26292229284080243,6.254065833690934,0.1675829540864616,0.02808404650034509,0.18562834304283926,0.19643373748464327,0.3036318278263226
20296,20296,UGCG,0.2729911393941759,4.871856023064755,0.4926532229385729,0.2427071980717632,3.544161480364697e-05,0.061241143679525316,0.00017379713962250345
20297,20297,UGDH,0.26547058055056194,4.297287535796869,0.7927897278057671,0.6285155525143421,5.875836211992116e-15,0.025919872365553952,2.2721648780480227e-12
20298,20298,UGGT1,-0.306838584166442,9.104851587914077,-0.36611854280436973,0.13404278738519518,0.002927323724464176,0.0990468383642584,0.008825169880728349
20299,20299,UGGT2,-0.5229018900103206,9.170994511471484,-0.5034135322984398,0.2534251845011923,2.234605091762048e-05,0.11398196741604626,0.00011496881269210539
20300,20300,UGP2,0.3251877416599556,4.3337475178854135,0.8502325309288153,0.7228953566496189,6.220834202847589e-19,0.02556951587048265,3.3678041165666135e-15
20301,20301,UGT1A1,0.028208193878564394,6.908154755969614,0.052770122248459415,0.002784685802117352,0.6787794296351378,0.06779314855634455,0.7832471157221901
20302,20302,UGT1A6,-0.1082392783274865,7.546610545883246,-0.576685541331069,0.3325662135803081,6.123412658253698e-07,0.01947395105187501,4.783640011345015e-06
20303,20303,UGT2A3,0.07343897728891505,6.49023488104628,0.6755475905178383,0.456364547054457,9.143851783893241e-10,0.010179553092894679,1.9860592816470222e-08
20304,20304,UGT2B15,0.12738031139380307,6.127404516578095,0.5151740587255091,0.26540431078371435,1.3255777978748464e-05,0.026913901766938,7.216034995721417e-05
20305,20305,UGT2B17,0.04089209790190658,6.593336789091246,0.5404472284960417,0.29208320678905264,4.0320868123768584e-06,0.008085024876115666,2.5199088000583224e-05
20306,20306,UGT2B28,0.2107965971343042,5.671278030756514,0.7221542000985192,0.521506688719932,1.6424456825101498e-11,0.02564340817563391,8.046869062162283e-10
20307,20307,UGT2B4,-0.31463897244852546,7.899319487572241,-0.16420205138544494,0.026962313679188308,0.19478720857894086,0.2400506699608801,0.3156923837017773
20308,20308,UGT3A1,0.4813021678596192,5.327176898347182,0.25521034107048235,0.06513231818931194,0.041822629389521464,0.2315787889370548,0.09012529002190141
20309,20309,UGT8,-0.21073008325462936,8.924569813128318,-0.39439866020816267,0.15555030317399374,0.0012605996822887195,0.0623565609285397,0.004161958548553472
20310,20310,UHMK1,-0.01670234553655441,7.150603636283168,-0.03209246140505253,0.001029926079034786,0.8012386515344582,0.06606247356913048,0.8728217213631818
20311,20311,UHRF1,-0.17622576989971744,8.28809978463274,-0.6864354220293785,0.4711935886166509,3.8218552007221116e-10,0.023709491602740492,9.947388746591025e-09
20312,20312,UHRF1BP1,-0.7810592453028652,11.014390915796497,-0.4383334967063571,0.192136254334822,0.0002915238770103813,0.2034007416527723,0.0011243412116174183
20313,20313,UHRF1BP1L,0.20304006774930144,6.171122521703934,0.16186880277189036,0.02620150931080514,0.2012937461174548,0.15720172195341814,0.3239842841955558
20314,20314,UHRF2,-0.2301354976059411,8.895470757055376,-0.4703488081506708,0.22122800132875653,8.789604263181656e-05,0.05483689847479719,0.0003875766245554852
20315,20315,UIMC1,-0.35929381449601683,9.607801765527995,-0.5104698034105685,0.2605794201940244,1.6373114905776433e-05,0.07686517247859419,8.717969099694829e-05
20316,20316,ULBP1,-0.13138060832720885,7.494409497548194,-0.0948576798266346,0.008997979422092319,0.4559160468829715,0.17510566471988473,0.5949657704743129
20317,20317,ULBP2,-0.3502696803783091,8.589563845678331,-0.7202429008058323,0.5187498361612001,1.9675364557811388e-11,0.04284628381307955,9.094578033600057e-10
20318,20318,ULBP3,0.1124407050480191,6.583860791794606,0.13207651592666736,0.017444206059327217,0.29817582370946244,0.10717184857760943,0.4372289722662791
20319,20319,ULK1,0.04939615471435593,6.715977779872844,0.05628718639899175,0.003168247352714841,0.6586534681745899,0.11127527822088833,0.7670417237601906
20320,20320,ULK2,-0.4030082658144948,8.862770111078762,-0.45356435570183895,0.20572062476322436,0.0001672469271238055,0.1005693942891278,0.0006857791297047151
20321,20321,ULK3,0.1701279458135293,5.769826748352648,0.2712378318323878,0.07356996141713469,0.03016211671166328,0.07667183605675049,0.0681867248555244
20322,20322,ULK4,-0.4114621347014761,8.668429684539799,-0.2767902445355924,0.07661283947007302,0.026819598310956608,0.18141582434825,0.061660303792734406
20323,20323,UMOD,-0.050743217798990006,7.232564416225713,-0.05491811259792537,0.003015999091318409,0.6664601580713059,0.11716844073904314,0.7735953432158088
20324,20324,UMODL1,-0.2913170321648333,7.8997854756959605,-0.17182352790066166,0.02952332474022945,0.1745851422020917,0.2121191857172856,0.2894652436024
20325,20325,UMPS,-0.4361087339225183,9.60672476014132,-0.6457025445645695,0.4169317760571599,8.36039239823664e-09,0.06549771191257732,1.244290703668828e-07
20326,20326,UNC119,-0.10910674962380948,7.809106176709478,-0.1144935932191708,0.013108782888236954,0.3676609309193063,0.12022899862360073,0.5108236532181174
20327,20327,UNC119B,-0.5317990557115341,10.389276560999717,-0.3983704203899591,0.15869899184167274,0.00111318907208972,0.15550356068144136,0.003732751526185024
20328,20328,UNC13A,0.24966999594798656,5.763287000616196,0.2042287737108801,0.041709392011449874,0.10550313606832386,0.1519855136962852,0.19417562566373903
20329,20329,UNC13B,0.1191117855450767,6.0245683494982565,0.15029407811452775,0.02258830991629577,0.2358583235525848,0.09950749326270653,0.36619969920273127
20330,20330,UNC13C,0.01659427222953434,6.961850251212022,0.007584832632998634,5.752968607060099e-05,0.9525669554028472,0.27784582212239844,0.9712702429253535
20331,20331,UNC13D,-0.37803705593994696,9.069118338989258,-0.4177889437040117,0.17454760148131387,0.0005926004685635728,0.1044065155171098,0.0021249814781825085
20332,20332,UNC45A,-0.4379487743753738,9.952585876711916,-0.3345196984819595,0.1119034286724611,0.00689804280439491,0.15668804812916087,0.018877431685728772
20333,20333,UNC45B,-0.015576652759115834,7.070012436553349,-0.014435543350837554,0.00020838491183391023,0.9098608157518802,0.13702502929569227,0.9457998384921842
20334,20334,UNC50,-0.2322701292725436,8.970210580586736,-0.2602746972517035,0.06774291802946593,0.03779182160535925,0.10942924743603487,0.08269825150202653
20335,20335,UNC5A,0.1618034591702059,6.353181716050223,0.13786422913322285,0.019006545674497773,0.2773136367317261,0.14762959057232386,0.4145269690299924
20336,20336,UNC5B,0.4617316820614746,4.055524367574856,0.6374688398019129,0.4063665217183971,1.4763387308587482e-08,0.07087516158989451,2.000632992286996e-07
20337,20337,UNC5B-AS1,-0.027335303005115018,7.147581454237257,-0.0325662897912263,0.0010605632307661302,0.7983653518132774,0.10654408495357344,0.8705336056855544
20338,20338,UNC5C,0.5105222534717672,4.787470170397991,0.7041229522690493,0.4957891319120819,8.524489047138905e-11,0.06538474477572101,2.9441437051960604e-09
20339,20339,UNC5CL,-0.19383276033559216,7.977743750653036,-0.7782579397650713,0.6056854208073733,3.799121424889037e-14,0.019862284263585536,8.394895352650214e-12
20340,20340,UNC5D,0.5236373987891507,5.192097066843008,0.5147725276797199,0.26499075525376803,1.3498566169703185e-05,0.11075564009118674,7.329775586883713e-05
20341,20341,UNC79,0.06999307886549,6.6976282415236446,0.08185431351470243,0.006700128640963197,0.5202185124068963,0.10823254534621336,0.6534794295592169
20342,20342,UNC80,0.034944796080006835,6.906687986201862,0.013499040966275008,0.0001822241070091709,0.9156865512023976,0.3287336617553655,0.9489013861457587
20343,20343,UNC93A,-0.19759126454401368,7.730184540519075,-0.22536541306287974,0.05078956940500242,0.07337347964043943,0.10848404780045807,0.14406636906564266
20344,20344,UNC93B1,-0.1887877610485999,8.119526505272415,-0.17176340875433727,0.029502668586909545,0.174738282443401,0.13751323962738912,0.28964769644150706
20345,20345,UNG,-0.2381502637151409,8.915926405320663,-0.5853901063115072,0.3426815765673977,3.761938581347989e-07,0.041888783328398495,3.115287953311308e-06
20346,20346,UNK,-0.3328808371011773,9.104562676145726,-0.3243402619344138,0.10519660551168417,0.008931152593498417,0.12329796210220575,0.023704388946219904
20347,20347,UNKL,-0.4049366575272677,9.130339731173343,-0.34700712436295394,0.12041394435864658,0.004966395948696013,0.13899271092648574,0.014115671908257275
20348,20348,UPB1,0.3725511758078586,5.336376355122742,0.24666856999073555,0.060845383421274386,0.0494219362493715,0.1858852057256076,0.10363045657963141
20349,20349,UPF1,-0.15696026226286716,8.122007793392472,-0.1771437569209565,0.03137991061607092,0.16141711177516582,0.11075026037604033,0.27233806155535917
20350,20350,UPF2,-0.05481144748289017,7.463022921135017,-0.07636953837935567,0.005832306392275879,0.5486449860433025,0.09088350845274552,0.6777657204294864
20351,20351,UPF3A,-0.3493228040430978,9.313718586871943,-0.5586000751351851,0.3120340439410343,1.6128179438623732e-06,0.06587393045352799,1.1108748013247938e-05
20352,20352,UPF3B,-0.22390137947970132,8.282482618930363,-0.2591130323290575,0.06713956352275917,0.03868669494893755,0.10599368839385387,0.08440060236945825
20353,20353,UPK1A,-0.1858041144889683,7.790105341015827,-0.18617538279085946,0.034661273157323036,0.14076179182105164,0.12453088982294001,0.24412915280192804
20354,20354,UPK1B,0.13349852351950686,6.462473659995687,0.0869960067361602,0.007568305188038031,0.4942601595709421,0.1941474149481423,0.6306017648918135
20355,20355,UPK2,0.033797580091090386,6.870699151304756,0.033492283741807634,0.0011217330702417514,0.7927578332898193,0.12808588735593499,0.8665113840198478
20356,20356,UPK3A,-0.13708232201442438,7.660355910315793,-0.28402007859076,0.08066740504270149,0.02293970315000364,0.058772327964626864,0.053989881559364405
20357,20357,UPK3B,-0.0949354529721234,7.491660677751204,-0.0709376073119892,0.005032144131149983,0.5775148780237889,0.16953546878369966,0.7013724155439275
20358,20358,UPP1,0.16938635198315688,5.938088085419464,0.537046185731301,0.2884186056085391,4.759192033499431e-06,0.03378961362350757,2.9137773108688205e-05
20359,20359,UPP2,-0.14773436669298293,7.528871081503548,-0.09051266864874594,0.008192543185917675,0.4769033747196693,0.20643817207679369,0.6144065575833607
20360,20360,UPRT,0.020618807425175998,6.8719883255049705,0.03790679262159719,0.0014369249268567747,0.766173100927019,0.06903008523895053,0.8486255690539919
20361,20361,UQCC1,-0.29964784107710474,8.81292056165734,-0.25003393192933754,0.0625169671160446,0.046303006282768566,0.14736626143981105,0.09821643658079668
20362,20362,UQCC2,-0.1684139067015691,7.77547161929684,-0.20543208125719625,0.04220234000966328,0.1034218375876077,0.10189449596142004,0.19109214103751235
20363,20363,UQCR10,0.5511506700133236,1.6460144300054995,0.7070630413727421,0.499938144475272,6.572366996906269e-11,0.07000486492761361,2.34172700612431e-09
20364,20364,UQCR11,0.09011472188630684,6.181017959291857,0.06363049528654452,0.0040488399304109655,0.6174146455654929,0.17949552231315824,0.7339361118581955
20365,20365,UQCRB,0.2015050277968073,5.307103572550347,0.18966514087934566,0.035972865664782035,0.13333545825160825,0.13247903413579076,0.23355005649426328
20366,20366,UQCRC1,0.4080517935943434,2.3854117827180543,0.4015314234721005,0.16122748403553133,0.0010071839309247698,0.11820123214854746,0.003418048585515733
20367,20367,UQCRC2,0.1956884145111461,5.26956242442466,0.21902467511403212,0.04797180830880733,0.0820621577948086,0.11071363998443558,0.1580448263115066
20368,20368,UQCRFS1,0.34842158741643475,2.8944389636411376,0.3380311449726618,0.1142650549715287,0.006297583211502057,0.12319820594448724,0.017392445408121036
20369,20369,UQCRQ,0.1342682416761081,5.437070796050914,0.10814341708150152,0.011694998658063598,0.3949946662209801,0.1567555280184498,0.5373207800122699
20370,20370,URB1,-0.6587122352755606,10.004192468896068,-0.61362809817072,0.3765394428646147,6.991316465203629e-08,0.107646308049506,7.363589062504616e-07
20371,20371,URB2,-0.20442948679425751,8.229361890542528,-0.5687984794783686,0.3235317102569041,9.407924711849319e-07,0.03754161819523864,6.996174781425035e-06
20372,20372,URGCP,0.17809404130013032,5.924643179756861,0.16090882237014445,0.0258916491165467,0.20401517148337292,0.13873221526041862,0.3272069721872642
20373,20373,URI1,-0.5748832821153885,10.792356396249154,-0.6149883894381063,0.3782107191436759,6.419927920154648e-08,0.09361351088807547,6.834385761312093e-07
20374,20374,URM1,-0.6008024729189115,11.000197736586205,-0.38767979081544063,0.1502956202067038,0.0015503937869717048,0.18142479155338428,0.005001307531189075
20375,20375,UROC1,-0.0789374723340722,7.312175301792407,-0.06550044333830311,0.004290308077514257,0.6070921518716753,0.15272477663750364,0.7255687702842943
20376,20376,UROD,-0.3500913900340202,9.283496134706839,-0.2916560021717632,0.08506322360281553,0.019369116935157246,0.14581768838649767,0.046593893271587444
20377,20377,UROS,-0.4376799303895553,9.349026162693091,-0.6054341390217679,0.36655049669302936,1.1586516597205696e-07,0.07307181281590976,1.133270175756501e-06
20378,20378,USB1,0.2330573454247409,5.727848368863269,0.177903675097395,0.03164971761315948,0.1595976471941392,0.1637186944277846,0.2699013705575232
20379,20379,USE1,-0.3617748987297186,9.349561398755512,-0.5349971268778748,0.2862219257675809,5.254566771713599e-06,0.07255590070151406,3.178425794454134e-05
20380,20380,USF1,-0.025092618640254586,7.1442387150496405,-0.04119734615707443,0.0016972213303858153,0.7465284089272646,0.0772879949620955,0.8351106878458474
20381,20381,USF2,0.1995558090798632,5.286190244187639,0.2044972327807854,0.041819118214998736,0.10503600982957197,0.12131230229333385,0.19346387623197933
20382,20382,USH1C,0.0564211460514817,6.544718796393856,0.0729713221689116,0.005324813859079089,0.5666245640548176,0.09793422375188822,0.6929215571835937
20383,20383,USH1G,0.0645036616246788,6.600783347763787,0.08059871740730429,0.006496153247702495,0.5266600258457916,0.101308333068604,0.6590097572917264
20384,20384,USH2A,-0.3777007753105999,8.147671451426357,-0.2251692278890239,0.05070118118813918,0.07363083478427243,0.20756038289782844,0.14446640638338493
20385,20385,USHBP1,0.15036043377177916,6.142037211301786,0.2173964193547426,0.04726120314826311,0.08441980071204801,0.08573778584490874,0.16177971543534508
20386,20386,USMG5,0.43775440513152575,1.6058397166976608,0.3748251853470796,0.14049391957047258,0.0022763284225913844,0.13750876849195887,0.007043997140785428
20387,20387,USO1,-0.04296001794132494,7.410694365220786,-0.05033057204359045,0.0025331664822350482,0.6928729558404437,0.10826447514414336,0.7938291020964399
20388,20388,USP1,-0.2971569373698976,9.7543866687869,-0.5762782225703131,0.33209658980879936,6.26245787965744e-07,0.053519820893092464,4.878184366330282e-06
20389,20389,USP10,-0.16045695141506786,8.287104534123348,-0.2907620894632486,0.08454259266903419,0.019760972338783364,0.06705697873230049,0.04743641015368071
20390,20390,USP11,-0.14035339881929246,8.056120149046103,-0.16359080829935949,0.026761952560037786,0.19647699346750805,0.10749239278672396,0.31782395559415005
20391,20391,USP12,0.0014507530202390333,7.006675461804704,0.0015047901036035738,2.2643932559032544e-06,0.9905843374133254,0.12243940784328393,0.9943495956373969
20392,20392,USP13,0.12168795589753999,6.313585785990535,0.1500213285063554,0.022506399006811808,0.2367193589340897,0.1018487505752003,0.36709808920923176
20393,20393,USP14,-0.30177168555950057,9.548024440045292,-0.5200056051953861,0.2704058294346197,1.0635806221057472e-05,0.06295283555382687,5.9544566627972994e-05
20394,20394,USP16,-0.2691781093354024,9.232454817175938,-0.25928005309811764,0.0672261459345627,0.03855696176693281,0.12733944971236152,0.08419617819376178
20395,20395,USP18,-0.11973875592035205,7.697623807740933,-0.3457314705599858,0.11953024973557035,0.005138991972957663,0.041272160450148206,0.014564176308650463
20396,20396,USP19,0.011662981575040155,6.942257495138963,0.00888177372868203,7.888590456750627e-05,0.944468167824246,0.16676192868876927,0.9669055085614399
20397,20397,USP2,0.3624826794963498,5.2244677999252085,0.6621689088305587,0.4384676638218527,2.5429415442314872e-09,0.05209667605828666,4.596610946605414e-08
20398,20398,USP2-AS1,0.12135598974778472,6.477640640351691,0.1202953235086084,0.014470964858040752,0.34372059719835035,0.12718952320852944,0.486202203431333
20399,20399,USP20,-0.15669932541813564,7.929490566648673,-0.2016003720449695,0.04064271000867012,0.11016197665509027,0.09668745810881292,0.20080451216043602
20400,20400,USP21,-0.3957525917288859,9.787061164525248,-0.4257302528418608,0.1812462481847947,0.0004528748252946418,0.10682430150784424,0.0016687092635282402
20401,20401,USP22,-0.2528129981982426,8.290464282749058,-0.119285938185192,0.014229135048721447,0.34781439227966104,0.26724051057440834,0.49029494782795896
20402,20402,USP24,-0.17087451403953116,8.014108500150027,-0.1714679255497136,0.029401249492322125,0.17549238268815706,0.12468620820743713,0.290586293554981
20403,20403,USP25,0.04875996964548413,6.757249019084022,0.0452443707731723,0.002047053086660288,0.7225873376245209,0.1367281890280946,0.8177063543195547
20404,20404,USP26,-0.03553464797441167,7.148264492691912,-0.037641154374624924,0.001416856502654345,0.7677655720325034,0.11980787194421272,0.8492695550997408
20405,20405,USP27X,-0.3776557000191785,8.913827512468158,-0.2789398938969151,0.07780746440722225,0.025612135065282426,0.16512026204000252,0.05925542573062938
20406,20406,USP27X-AS1,0.23976239997444398,6.056950970098945,0.2638268860454159,0.06960462580042086,0.03516138298331473,0.11132685802045128,0.07779909558635746
20407,20407,USP28,-0.3692821595581239,9.153093903041233,-0.39642349999560383,0.15715159134876452,0.0011833854382095725,0.10861200380857627,0.003938252906781664
20408,20408,USP29,0.19788771909900915,6.323636052967637,0.17599881042466814,0.03097558127089828,0.16418723347912334,0.14056610990549948,0.27600330235913806
20409,20409,USP3,-0.4806456858586005,10.889801289343064,-0.5222266096561423,0.2727206318329488,9.600988922934222e-06,0.09968294045293327,5.428444259168161e-05
20410,20410,USP3-AS1,-0.24753644523952556,7.9058029362421856,-0.3536971080910262,0.12510164427195508,0.00414234213604964,0.08313628165947752,0.012018008970545946
20411,20411,USP30,0.3184548261625063,4.710348464817941,0.5100203332158516,0.2601207402936083,1.6704153610641667e-05,0.06820950945994488,8.87677169174099e-05
20412,20412,USP30-AS1,0.10097799198178888,6.4782077472065405,0.13435504937799309,0.01805127929336296,0.28984383331417657,0.09458478846461654,0.4284025782694652
20413,20413,USP31,-0.2557412567665072,8.286449575235048,-0.30745548725227845,0.09452887664153596,0.013460514231338892,0.10052174155479478,0.03385059060267608
20414,20414,USP32,-0.18522999887299146,8.143777566622424,-0.16693880205894046,0.027868563632874096,0.1873489450604314,0.13893788398692675,0.30600704520166255
20415,20415,USP32P2,-0.02662362572391869,7.181561046890867,-0.07197254796245775,0.005180047660208281,0.5719608761471721,0.04685724174941002,0.6970069090020828
20416,20416,USP33,-0.08271389509431662,7.608249943966911,-0.10099084951438654,0.010199151685637469,0.4271742957238269,0.10348431122735284,0.5684435133420921
20417,20417,USP34,0.2534898848811616,5.410652523974125,0.30141978165329786,0.09085388477192176,0.015502766343409118,0.10183800482625348,0.03833208554082262
20418,20418,USP35,-0.2863417608802935,8.497305252631996,-0.2759761825470061,0.07616285333321844,0.027289207664002314,0.12665284625383666,0.06258714170344949
20419,20419,USP36,-0.7351651582514607,10.808934253010905,-0.6164454331946289,0.3800049721065136,5.856962866208695e-08,0.1192582783195274,6.332885484907764e-07
20420,20420,USP37,-0.3259221294091225,8.683405634675525,-0.38465113562259,0.1479564961357481,0.0016995817244277705,0.09933032815483724,0.005420389137331866
20421,20421,USP38,-0.07464572087236268,7.54707062487016,-0.10947581853203048,0.01198495484325807,0.38916231654167455,0.08607413157326667,0.5318256951098045
20422,20422,USP39,-0.42012928016935375,10.294609504434318,-0.5374106656999386,0.28881022360805114,4.675782543695386e-06,0.08372855116749922,2.869200084548699e-05
20423,20423,USP4,-0.2692568475415404,9.144986273610439,-0.2825183834869339,0.07981663700807026,0.02370387718142675,0.11610779777233002,0.0555046994338015
20424,20424,USP40,-0.4080225980657576,9.673538585235807,-0.5970288550500286,0.35644345376234804,1.9172317548600408e-07,0.0696283985783506,1.739323571491168e-06
20425,20425,USP42,0.1256047008069504,6.384222044463633,0.07231445241966977,0.005229380028756682,0.5701315067404156,0.22001202670765552,0.6955604382233069
20426,20426,USP43,-0.17946672649470066,7.991666250013188,-0.2667380809059459,0.07114920380538695,0.033120931256063704,0.08235236070684293,0.07386547542225125
20427,20427,USP44,0.4806801586487561,5.451521391472486,0.34122283493427,0.11643302308058005,0.005792126873390932,0.16816747453280226,0.016155140062246345
20428,20428,USP45,-0.17388239500971298,7.781650979056548,-0.2486354379010633,0.06181958098025352,0.04757887578765717,0.08602801900341918,0.10037219241906635
20429,20429,USP46,-0.3531687956321303,8.834558624463872,-0.3381769642538532,0.11436365915195187,0.00627367274011072,0.12481597477813773,0.017335253692369226
20430,20430,USP46-AS1,-0.19265327627415327,7.756263779629841,-0.18317318784633735,0.0335524167457896,0.14739520953665153,0.13131302399966366,0.2533007906131409
20431,20431,USP47,0.05565026382192336,6.614788192279353,0.05844561084207735,0.003415889426703549,0.6464194197220999,0.12071923094614005,0.757110310675649
20432,20432,USP48,-0.2294731952806657,8.415610926024938,-0.24598348480432944,0.06050787479648177,0.05007745682489545,0.1148356520049329,0.10478571142555909
20433,20433,USP49,-0.05571953492595882,7.241559743950256,-0.026167985528201796,0.0006847634666041785,0.8373744702254482,0.27032897750053186,0.8980642860658934
20434,20434,USP5,-0.4499831924290159,10.039348711253727,-0.5072312279399924,0.2572835185975125,1.8901434861130525e-05,0.09709704100838816,9.88434126823911e-05
20435,20435,USP51,0.4785693412154845,5.111219370960214,0.4200864242918007,0.1764726038742708,0.0005486162869306686,0.13129536860948735,0.001980377678527026
20436,20436,USP53,0.2798008374498915,5.264661635830416,0.4416550618340734,0.1950591936436592,0.0002588262353877703,0.0721858251477555,0.0010097067424467963
20437,20437,USP54,-0.2560392639727299,9.257834803079273,-0.4702249209977692,0.22111147632735828,8.832527848276794e-05,0.06102991085819485,0.0003893107888345898
20438,20438,USP7,0.2083615819701937,5.42580971293604,0.21174774432010315,0.044837107224651784,0.09301558622715336,0.1221354480169496,0.17528957616821914
20439,20439,USP8,0.09117409973674023,6.3355372722236325,0.0999913699471086,0.009998274063899536,0.4317866028955941,0.11522085572014525,0.5727268703726627
20440,20440,USP9X,0.3258958082539169,4.296044219244783,0.3759676179347247,0.14135164973551115,0.0022013043921002237,0.10200939195723192,0.006836260807533392
20441,20441,USP9Y,0.01515629133542189,6.94719815902933,0.06978907136360749,0.004870514481794697,0.5837073264379751,0.027513730419336743,0.7063993077238988
20442,20442,USPL1,-0.2295304796272615,8.225995187251478,-0.20816176096675373,0.04333131872877992,0.0988185566891752,0.13696964953545454,0.184157990112228
20443,20443,UST,0.3450881918604077,5.506602897482967,0.5709562809952006,0.32599107480787043,8.374359110960398e-07,0.06301794299881683,6.327520814649248e-06
20444,20444,UTF1,0.2787073548209876,5.89152587902834,0.2930678697902542,0.08588877630339738,0.01876370698893236,0.1154739170030249,0.04533899518470545
20445,20445,UTP11L,-0.561732751631421,10.31561078597897,-0.6559638438388343,0.4302885644238186,4.016443112974622e-09,0.08208833890945161,6.74233144274926e-08
20446,20446,UTP14A,-0.3107558648570273,8.736989555754207,-0.7312216479190897,0.5346850983855093,6.829307798478995e-12,0.03681696030200633,4.074067778954894e-10
20447,20447,UTP15,-0.2493113982419508,8.132804248508412,-0.568712459849907,0.3234338619885321,9.45151083675985e-07,0.04579401006316828,7.019262579053423e-06
20448,20448,UTP18,-0.34177899927806704,9.229808652095493,-0.5763226887613798,0.3321478415811463,6.247135551648238e-07,0.06154942197823041,4.86800001334806e-06
20449,20449,UTP20,-0.2384172660643319,8.567018205563926,-0.5462148670766974,0.29835068101561424,3.0311815477765793e-06,0.04643424581355456,1.9518357542997865e-05
20450,20450,UTP23,-0.25541691243510545,8.591405674577121,-0.3915036661147529,0.15327512058129186,0.0013788824095581765,0.07624109640503922,0.004514234629597968
20451,20451,UTP3,-0.2706186113536228,9.203127559587953,-0.4125112714996617,0.17016554911426754,0.000706007386727471,0.07589649622224841,0.0024851414108555568
20452,20452,UTP6,-0.6598773422622004,10.927743884774811,-0.6803207719245263,0.4628363527119834,6.266529014122405e-10,0.09028320076870357,1.46230264871574e-08
20453,20453,UTRN,0.18269622610012887,5.736597428560339,0.4437957065058688,0.19695462911304326,0.00023956878833668085,0.046851195447590366,0.000943590780543984
20454,20454,UTS2,-0.08713237646207342,7.3267163712044,-0.26330903277132234,0.0693316467389693,0.035535089759882836,0.040542957846485636,0.07844705677590876
20455,20455,UTS2B,0.0630723519354571,6.798367411754508,0.056149275772319526,0.0031527411697559885,0.6594382335028202,0.1424338887611127,0.7676666458716036
20456,20456,UTS2R,-0.029525117322372493,7.213488499427718,-0.033509055263614765,0.0011228567846599882,0.7926563658131325,0.11183806420055836,0.8664802423868443
20457,20457,UTY,0.013532017648704077,6.9472610728624655,0.021596806723686832,0.00046642206066028466,0.8654907395237988,0.07955653565765586,0.9167580690856908
20458,20458,UVRAG,0.13362954026402624,6.098056530244981,0.16230377078635866,0.026342514011470843,0.20006920754828514,0.10317657883900716,0.3224545020436227
20459,20459,UVSSA,0.020189923411293862,6.9009970037570225,0.02773772074546109,0.0007693811521531823,0.8277640956787019,0.09240615972691954,0.8915364315091162
20460,20460,UXS1,-0.16370374903528445,8.290196743253603,-0.20001983221848046,0.0400079332807091,0.11303887060587918,0.10184120846827466,0.20516777662981422
20461,20461,UXT,-0.5033146538138991,12.25079141497678,-0.4314290219415484,0.186131000973441,0.0003718736724425642,0.13366312998742166,0.0013989752416436836
20462,20462,VAC14,-0.1983844458697758,8.167625846630017,-0.14075874491484375,0.01981302427000205,0.2672532059802508,0.17721107168341604,0.4028797894536952
20463,20463,VAC14-AS1,-0.10657806602238272,7.370443933195106,-0.07946242683724605,0.006314277278864681,0.5325235220028548,0.1697988290019632,0.6639259373985438
20464,20464,VAMP1,0.1381966782132507,6.386779365661185,0.17153178290286605,0.02942315254583596,0.17532921259805748,0.1008026899067323,0.29036051535721435
20465,20465,VAMP2,0.2762856576571424,5.324198739989639,0.3211127303499429,0.10311338559279512,0.009676488356095327,0.1034841278620571,0.02541471865994473
20466,20466,VAMP3,0.07155053096882699,6.286431123219785,0.09740686000613208,0.009488096376254213,0.443842985526506,0.0928447437783894,0.5841947511293111
20467,20467,VAMP4,-0.07130602682490474,7.4515867702581815,-0.09970515234891038,0.009941117404919429,0.43311257995095903,0.09037395827536436,0.5741691410369156
20468,20468,VAMP5,0.4313652859324011,4.82922152859866,0.4899523641737128,0.24005331915941044,3.9695878375814065e-05,0.0974736101164132,0.00019252278750912736
20469,20469,VAMP7,0.07078681948518943,6.3740403454891625,0.08530638483373583,0.00727717929340143,0.502715119111377,0.10499993253099324,0.637931198614525
20470,20470,VAMP8,0.4509609533084472,2.1108640927573825,0.7322575172840434,0.5362010716189911,6.16398822422308e-12,0.053265269261474686,3.78133611885413e-10
20471,20471,VANGL1,-0.2635781632113736,8.839900676732839,-0.5929422686904818,0.35158053399981554,2.436542027406846e-07,0.04545997513397301,2.141368409232762e-06
20472,20472,VANGL2,0.011686230938542382,6.945934846210394,0.03564527270805443,0.0012705854664315705,0.7797608327554972,0.041610276187503036,0.8578120371805695
20473,20473,VAPA,0.6473259238666552,2.7407648100297983,0.6885249691630075,0.4740666331609205,3.218765448287618e-10,0.08659101352416639,8.650125611698432e-09
20474,20474,VAPB,0.16974712563773506,5.827157102757256,0.1486027212706328,0.022082768769037385,0.24123266744506885,0.14346001473580827,0.37241701101610936
20475,20475,VARS,-0.2654557706267449,8.720223521426206,-0.6674946148177396,0.4455490608106826,1.703027536997648e-09,0.037607989890082086,3.2898359780271246e-08
20476,20476,VARS2,-0.2540204003937261,8.958027436733659,-0.4664467004014677,0.2175725243154166,0.00010238121250100482,0.0611776474701566,0.0004441236291484895
20477,20477,VASH1,0.4293201257378612,5.0951794042155685,0.3330325722250432,0.1109106941628286,0.007167099262508149,0.15437301442282916,0.01952491313745301
20478,20478,VASH2,-0.3926164942850562,8.341869879644175,-0.23336645165844574,0.054459900759653714,0.06347484321391278,0.2077658901735767,0.12769859994400606
20479,20479,VASN,0.269794332509959,5.766429156696726,0.27358529364127204,0.07484891289678104,0.028708637640162512,0.12046213630969628,0.06535802650312439
20480,20480,VASP,0.06950355041456135,6.402252960249332,0.07813595165113492,0.006105226940428494,0.5394089412081164,0.11262386897033007,0.6696228285864344
20481,20481,VAT1,-0.060825471063612885,7.512281547278126,-0.06834194207803411,0.0046706210469973685,0.5915523393632625,0.11276796204150955,0.7128584256489399
20482,20482,VAT1L,0.25386262805388066,5.529413198701374,0.4951898121743883,0.24521295008130603,3.183443109740658e-05,0.05656443401652486,0.0001578961533244021
20483,20483,VAV1,0.23527006514754195,5.643556563460579,0.3377953218842843,0.11410567948690725,0.006336421248119117,0.08325458416344511,0.017484098130481587
20484,20484,VAV2,0.43750934130892055,4.336176799177069,0.6343594079317285,0.4024118584314931,1.8220169227478935e-08,0.06771066602615011,2.3682939052884536e-07
20485,20485,VAV3,0.22362217028817427,5.010051899984448,0.5004630369745494,0.2504632513777892,2.539795793032345e-05,0.04912962752118282,0.0001292276266403088
20486,20486,VAX2,0.01017627233478193,6.9714312282489255,0.012501130833100484,0.00015627827210629562,0.9218991465679566,0.1033735992479992,0.953195474547799
20487,20487,VBP1,-0.2687982380313909,9.762441133164906,-0.3609865166057954,0.1303112651711862,0.0033843749291509622,0.0881904410416422,0.010040915069292243
20488,20488,VCAM1,0.10131095897730033,6.344269652487951,0.5910791281048567,0.34937453568119764,2.714928998762441e-07,0.017558219982404158,2.346977543640745e-06
20489,20489,VCAN,0.16394477694803422,6.034029361430509,0.540744551035239,0.2924046694743022,3.973725630367337e-06,0.032389337711990415,2.487023945826725e-05
20490,20490,VCL,-0.1096349458869402,7.731426578202792,-0.11359623320388527,0.012904104198111487,0.37145219014242137,0.1217780188118176,0.5144737561582434
20491,20491,VCP,-0.34743489452006865,9.97874266410224,-0.4783697974598638,0.2288376631217911,6.386301313972108e-05,0.08100032158193797,0.0002925647449842733
20492,20492,VCPIP1,0.20711820220080585,5.964625753415843,0.17887930112615094,0.031997804371380195,0.15728395840549758,0.1446773364697403,0.266780302284879
20493,20493,VCPKMT,-0.16647962155894694,7.854781729093423,-0.2558037887018895,0.06543557831424095,0.04133266931074108,0.07990296303899279,0.08929159556305848
20494,20494,VCX2,0.15595007324686624,6.207862437540253,0.1814005604432075,0.03290616332910977,0.1514197923877325,0.1073706102808904,0.2587999687574071
20495,20495,VDAC1,-0.3544936391998407,10.012796783779187,-0.5359307268088832,0.2872217439378978,5.02317544321798e-06,0.07092203133594628,3.062411717986637e-05
20496,20496,VDAC2,0.22945555912365664,4.394739305739494,0.21029784862582607,0.04422518513665088,0.09532886955092952,0.13547080162314346,0.1788087198029778
20497,20497,VDAC3,-0.2783527251966457,9.443769218133504,-0.3081999110053183,0.09498718514368612,0.013225469348393935,0.10911752035208,0.03331366043264752
20498,20498,VDR,0.4226548487351655,4.122057692402721,0.7595791661214361,0.5769605096057362,3.438613106925522e-13,0.04596289992340692,4.712858660156467e-11
20499,20499,VEGFA,-0.23037216875317085,8.640179514167581,-0.4939406006999305,0.2439773170198081,3.3566083482675705e-05,0.05150232717574508,0.00016561256272894565
20500,20500,VEGFB,-0.17453764715225992,7.961763271836232,-0.2847710240202694,0.08109453612155285,0.02256546277479059,0.07461615955519706,0.05321301278319615
20501,20501,VEGFC,0.31150342602972003,5.655668205072693,0.3722215056466248,0.1385488492658403,0.0024559143702894137,0.09864631102250808,0.00754901713110252
20502,20502,VENTX,-0.05479553269166919,7.267715167280518,-0.09002014939477547,0.008103627297057695,0.4793144665256352,0.07699149100751877,0.6166560582588302
20503,20503,VENTXP1,0.5525304055973846,4.943261982042795,0.3238424683889733,0.1048739443322632,0.009042739758273051,0.20500697420305572,0.023965307730437268
20504,20504,VEPH1,0.1133412111298406,6.563740967345233,0.10131908582904732,0.010265557153233858,0.4256657123302787,0.14133837170449648,0.5668300947307948
20505,20505,VEZF1,-0.3629513840353745,10.06722440378153,-0.4768424469056158,0.227378719170935,6.79095107943562e-05,0.08496910372208882,0.0003089454740024755
20506,20506,VEZT,-0.2917868163645782,8.851851068866,-0.4304190391217663,0.18526054923850455,0.00038518802743569766,0.07771193450513138,0.0014451224418087375
20507,20507,VGF,0.3017473213220224,5.2907615343731855,0.2787113810455268,0.07768003392430482,0.025738272522337426,0.13204856333683915,0.059515460915239404
20508,20508,VGLL1,0.07001425441002727,6.7399821666852056,0.06522162019929592,0.004253859741421208,0.6086265366840543,0.13604210909641204,0.726934925353432
20509,20509,VGLL2,0.06282363334895025,6.724705876036112,0.08047098051543758,0.006475578705115932,0.5273175666044613,0.09882735800441587,0.6593751852079482
20510,20510,VGLL3,0.3601990894869166,5.883097534864269,0.4049991575089621,0.1640243175829691,0.0009014478838397996,0.10327363616637328,0.003097564888059483
20511,20511,VGLL4,-0.3442022499342772,9.911358552447744,-0.5195234543605929,0.2699046196307631,1.0873759086624085e-05,0.07189563127707779,6.0704112663275214e-05
20512,20512,VHL,-0.15993611270128308,7.698267912586383,-0.12512929129334505,0.015657339539574797,0.3245338552422976,0.16105153195914376,0.46607207164106473
20513,20513,VIL1,0.17023473638959158,5.661758657367037,0.2011366360321128,0.04045594635431461,0.11100015462180887,0.1052915731922648,0.2020432334483711
20514,20514,VILL,0.31915414803579306,4.249876320774116,0.6729729690860257,0.4528926171204609,1.1178707280661447e-09,0.04454954940338183,2.34796223242215e-08
20515,20515,VIM,0.3313957747543884,4.7347723655308345,0.6697638856649839,0.4485836625410576,1.4320359855785516e-09,0.04666262975627965,2.845021951165462e-08
20516,20516,VIMP,0.3677033530204128,3.137209300582548,0.693507976055134,0.4809533128520884,2.1246825374681036e-10,0.04851248225104414,6.164359810577414e-09
20517,20517,VIP,0.1205041603287417,6.567309845840086,0.515485110611421,0.2657248992620689,1.3070497832543715e-05,0.025440138502196383,7.129512104879954e-05
20518,20518,VIPAS39,-0.20547412314078148,8.496060487308045,-0.22148326915579364,0.049054838515937726,0.07860127292752203,0.11489419915938512,0.15262827880608765
20519,20519,VIPR1,0.16742132365210655,5.605833584402081,0.6789800890063289,0.4610139612670423,6.973138272042312e-10,0.022990406251667463,1.599611327130045e-08
20520,20520,VIPR2,0.2447122922148796,5.7809804630754495,0.2280792004945467,0.05202012169823163,0.06988664759217354,0.1326703326203661,0.13822224437012678
20521,20521,VIT,0.19569420973684615,6.138277901089042,0.27425917554706536,0.07521809537175601,0.02830242613061465,0.08714462924342672,0.06454181106344359
20522,20522,VKORC1,-0.3867828873565375,10.321189000282775,-0.3762349717367223,0.14155275395773226,0.0021840695794595184,0.12096759619379174,0.0067895530782652695
20523,20523,VKORC1L1,-0.17535228246956333,8.144112273903419,-0.3160544750734453,0.09989043121395108,0.010953411254701806,0.0668499864879046,0.028314934557919984
20524,20524,VLDLR,0.1142689780828302,6.4245085663504495,0.5131322256792971,0.26330468103058896,1.4533990646645495e-05,0.024274325088927764,7.825300036128996e-05
20525,20525,VMA21,-0.769660639915549,11.107499740272939,-0.5964540711257318,0.3557574589624595,1.983369884541449e-07,0.13153796692989936,1.794812989960095e-06
20526,20526,VMO1,0.045350573811323104,6.81296021608617,0.0645269070323832,0.004163721731165825,0.6124569015735875,0.08907176638811094,0.7300866565879135
20527,20527,VMP1,-0.08506282169809032,7.600397459744867,-0.4030405085586677,0.1624416515392295,0.0009598655555088084,0.024530295395300397,0.003277497414781338
20528,20528,VN1R1,0.11062548300026248,6.657200661719759,0.08866891877803666,0.007862177157266063,0.4859625111247041,0.15782431955002427,0.6227719718462387
20529,20529,VN1R10P,0.13313904328851106,6.601770584044093,0.10783545169400707,0.011628484642050536,0.3963500278826056,0.1558863669584303,0.5386231473986711
20530,20530,VN1R2,0.20546875606014556,6.3176888767509345,0.1587612765723445,0.025205142938880463,0.2101975211410963,0.1622788715927077,0.3349147959661055
20531,20531,VN1R3,-0.37903571502706296,8.179268841622857,-0.2539507551001629,0.06449098601594291,0.04287846500682025,0.18334065083685389,0.09207984527198458
20532,20532,VN1R4,-0.32785063427197675,8.183721073132421,-0.2808638043754024,0.07888447660822433,0.02457068690229879,0.14227921487469175,0.057218864917655696
20533,20533,VN1R5,-0.09667450301649616,7.367091964097747,-0.07776222515756895,0.006046963661456449,0.54135669077432,0.1574092886756151,0.6710790050213464
20534,20534,VNN1,-0.004763462075749924,7.037030255247581,-0.022897168753924543,0.0005242803369456986,0.8574740077470995,0.026413819538019568,0.9112528653758375
20535,20535,VNN2,0.024932143346567483,6.896888803335817,0.050970770160723884,0.0025980194107773397,0.6891641806666962,0.06204084264578134,0.7909609037702621
20536,20536,VNN3,-0.11733260633726166,7.443490023074043,-0.103741029169648,0.010762201133177754,0.4146285655134774,0.1428639561138863,0.5556864454879534
20537,20537,VOPP1,-0.014873708674922876,7.152549828287147,-0.01428224359255376,0.00020398248203704297,0.9108141379504648,0.1322460446038477,0.9465246260349993
20538,20538,VPRBP,-0.8949999064865694,12.120273958998173,-0.5586095696955856,0.3120446513554873,1.6120222103486484e-06,0.1687714180749448,1.1108748013247938e-05
20539,20539,VPREB1,0.3731238294056207,5.790285270708902,0.2952987355700908,0.0872013432292944,0.01784003783620317,0.15331443610802828,0.04339279112018191
20540,20540,VPREB3,0.16120839250753402,6.1898586626673415,0.5385572240111705,0.29004388353461796,4.422215697380485e-06,0.03203138367488479,2.739218561978673e-05
20541,20541,VPS11,-0.1593681174322411,8.126370032894464,-0.1316729474975461,0.01733776510269153,0.29966767262959115,0.15237410695479864,0.43903006906121345
20542,20542,VPS13A,0.01801897319594746,6.917568643870964,0.028327573393595807,0.000802451414369557,0.8241592597528049,0.08075148190661173,0.8896169998874656
20543,20543,VPS13A-AS1,0.13924689540482593,6.266334936464514,0.20451024383701888,0.041824439834276916,0.10501341098641273,0.08464419020930815,0.193454124708416
20544,20544,VPS13B,0.13060065232526732,6.3448311407982985,0.15280817940386834,0.023350339692724813,0.22802335665672796,0.10726852320919082,0.35631734654361696
20545,20545,VPS13C,-0.3023535947895292,8.663583660107763,-0.38379792544744507,0.1473008475777626,0.0017438728755866705,0.09238779126291784,0.00554531088411591
20546,20546,VPS13D,0.6961111850859716,2.9539379672309334,0.6387715913379429,0.408029145900408,1.3508311684646195e-08,0.10648473059384403,1.8572856478159578e-07
20547,20547,VPS16,-0.3464683566216011,8.92221129546632,-0.2478437611310862,0.06142652993160291,0.048313824061114466,0.1719981902778273,0.10172751214844093
20548,20548,VPS18,-0.10722807051876604,7.6267796662876535,-0.07631892541693845,0.005824578376796214,0.5489107441888968,0.17791473201655802,0.6778495393460717
20549,20549,VPS25,-0.28956301965013365,9.711281781440595,-0.3259541242565517,0.10624609111985556,0.008577590917678934,0.1066595504329159,0.022897895873069195
20550,20550,VPS26A,-0.0397750349577144,7.285187922744571,-0.02087765040151213,0.00043587628628775975,0.8699301976244266,0.24190142921722324,0.9194366943021601
20551,20551,VPS26B,-0.2786374925423352,8.97723244522426,-0.2637706607132254,0.06957496145309147,0.03520179875017509,0.129407043697946,0.07787260720554107
20552,20552,VPS28,0.15533133878118954,5.495648083799237,0.14842750984448547,0.02203072567863483,0.2417941767687577,0.13143512558966616,0.37308209730809494
20553,20553,VPS29,-0.5203180178263906,10.995122030628252,-0.2948259208773993,0.08692232362120654,0.01803248817144036,0.21417127352415816,0.04378711946092633
20554,20554,VPS33A,-0.15255057384828288,7.880854918421437,-0.11398400001881058,0.01299235226028821,0.369811019033396,0.1688629477629769,0.5128567157968742
20555,20555,VPS33B,-0.4443117342376535,10.135363680292414,-0.5118416137413901,0.2619818375573904,1.54000859642354e-05,0.09470869909589907,8.244471237466442e-05
20556,20556,VPS35,-0.3027340486125753,9.553468215510453,-0.41898515621604815,0.17554856112938627,0.0005693153106137022,0.0833200126646715,0.0020499705772097972
20557,20557,VPS36,0.1493055814678218,6.121979372612945,0.13361187328278826,0.017852132682135858,0.2925444550652488,0.14064476910734922,0.43121980630576284
20558,20558,VPS37A,-0.11473871717248005,7.7699490028582865,-0.197489957065498,0.03900228314173223,0.11776349618143415,0.07233197237610597,0.21186080500199025
20559,20559,VPS37B,0.2556376968529723,4.9087451287917085,0.4241849066860712,0.17993283506027094,0.00047745032889850574,0.0693104233664439,0.001747960587032484
20560,20560,VPS37C,0.5019545641342109,3.2704121324549917,0.4315101920994276,0.1862010458856849,0.0003708220597134436,0.1332711264112899,0.0013953347876793432
20561,20561,VPS37D,0.12575829691160315,6.295154229690981,0.16645718351323566,0.027707993943159013,0.18864288621468905,0.09460990754216382,0.3076100678448111
20562,20562,VPS39,0.1735106862119009,5.784822727032281,0.1755914114976413,0.030832343791734,0.16518128735980436,0.12354539684243628,0.2774105967502492
20563,20563,VPS41,-0.2660221726141397,8.439157878120906,-0.3860432081413031,0.14902935855202948,0.0016294806981971609,0.08073156357098703,0.005225710164801874
20564,20564,VPS45,-0.20164685162944052,8.246822225748682,-0.11418338337432858,0.013037845038808895,0.3689688697449496,0.22281424018962315,0.512144979797636
20565,20565,VPS4A,-0.0708667971585854,7.608691667158699,-0.07155005335184958,0.005119410134652521,0.5742251976722534,0.12546496720218056,0.6989402875382299
20566,20566,VPS4B,0.31470997451327204,4.013295028055604,0.4874026377807499,0.2375613313156329,4.4141204625770094e-05,0.07160267460535424,0.0002112904036629203
20567,20567,VPS51,-0.06970751703576851,7.68550898615145,-0.09534358724110407,0.009090399628002023,0.4536009582108599,0.09242922229844093,0.5928518263675489
20568,20568,VPS52,-0.1816095943113542,8.666062095013567,-0.15058173346573706,0.022674858453546262,0.2349525772427025,0.15142242140074158,0.3651151666955017
20569,20569,VPS53,-0.5776095275835795,9.689778478831872,-0.343943007504902,0.11829679241151705,0.005389868254016079,0.20026876947492525,0.015160368890645195
20570,20570,VPS54,-0.22054518806404397,8.692526305646298,-0.3231644569042709,0.10443526620623236,0.009196677412075312,0.0820212992611215,0.024310121429266144
20571,20571,VPS72,-0.5530295544149324,11.489022907727358,-0.7082178425719485,0.5015725125372653,5.928983861878492e-11,0.07001427962695729,2.1651289296623733e-09
20572,20572,VPS8,0.009079640857405593,6.970082392572597,0.007779440123284752,6.051968863177266e-05,0.9513513982495004,0.1482215468090823,0.9706038939412114
20573,20573,VPS9D1,0.09735205678504788,6.526917057573852,0.12182126470446634,0.01484042053419566,0.3375890469331998,0.10073478761651927,0.47977368179708746
20574,20574,VPS9D1-AS1,0.00042831232620796654,7.013194399924072,0.0004923470411560189,2.4240560893508643e-07,0.996919259809844,0.11048246193076487,0.9979330916277064
20575,20575,VRK1,-0.19330955063390698,8.53268688053725,-0.6334218241365358,0.4012232072924565,1.9404493493347168e-08,0.0299914127492338,2.489362005914887e-07
20576,20576,VRK2,-0.2659022275500753,9.219489584564995,-0.64557595458797,0.4167683131421687,8.434898666773356e-09,0.03994839544648023,1.2536563529785655e-07
20577,20577,VRK3,0.2294548983076376,5.677256099148115,0.12475397023890633,0.015563553090369924,0.3259987218060527,0.23176131956033,0.46760961255282985
20578,20578,VRTN,0.1362180727660175,6.219402003441418,0.15779806282701447,0.02490022863195841,0.2130129560367987,0.10825843552850087,0.3381563514548474
20579,20579,VSIG1,-0.12756901371198134,7.477970084305956,-0.19358154093853253,0.037473812992136764,0.1253577936148328,0.08210917480291753,0.22262725664604446
20580,20580,VSIG10,0.3184516087438021,4.956662827801441,0.5773612785347763,0.3333460459513115,5.899118709802111e-07,0.0571939614203337,4.625105563387572e-06
20581,20581,VSIG10L,-0.19323340808018324,7.844438994461762,-0.2118459039646582,0.04487868702660318,0.09286057701745594,0.11321280888204123,0.17504315767000422
20582,20582,VSIG2,0.20403053562204165,5.267724290943872,0.6166422127536451,0.3802476185497117,5.784608667417506e-08,0.03308073693158781,6.275213810709062e-07
20583,20583,VSIG4,0.1364010340767118,6.119300459912538,0.6705667551274135,0.4496597730821085,1.3463791786201564e-09,0.019164408911154257,2.7071347365849104e-08
20584,20584,VSNL1,-0.13012057239881894,7.781261304295503,-0.6009742734266066,0.3611700773206377,1.5163155990382098e-07,0.021977933974573045,1.4270236548097536e-06
20585,20585,VSTM1,0.028356360589514,6.919595581796736,0.01876035550468363,0.00035195093866211344,0.8830233055737013,0.19192747204591007,0.9280208532976706
20586,20586,VSTM2A,0.19569340192786575,6.059914357403533,0.6546365321445567,0.4285489892182513,4.4229192098621105e-09,0.028699187615304208,7.305744888601374e-08
20587,20587,VSTM2L,0.2935640361792031,5.486840955796369,0.4312858445726447,0.18600747972873946,0.0003737352598477919,0.07799235034962841,0.0014053198562257222
20588,20588,VSTM4,0.7438495984733048,3.5911626414754823,0.5919962485101703,0.3504595582501153,2.5743497722385355e-07,0.1286096131009907,2.2478848515252213e-06
20589,20589,VSX1,0.08029062131256702,6.699890636241184,0.06571025277552574,0.004317837319823489,0.6059386671575475,0.1548446481319743,0.7244700661051618
20590,20590,VTA1,0.5063838477545411,3.091131505503085,0.44937510473402537,0.20193798475471628,0.0001953730562163308,0.12784781527658926,0.000787272707920477
20591,20591,VTCN1,-0.12088676545289802,7.4491829390151905,-0.11088411055161454,0.012295285972822673,0.3830536860755415,0.1376027643698825,0.5259337796072693
20592,20592,VTI1A,0.015929080890821814,6.933103000210723,0.01047676890329502,0.00010976268665304952,0.9345159307150558,0.1930828375672496,0.9615119722352132
20593,20593,VTI1B,0.5151165932680386,2.768226800689723,0.6421566205746264,0.4123651253478247,1.070257996712268e-08,0.0780948709831809,1.5328331295505398e-07
20594,20594,VWA1,-0.4076156752402372,9.005955276055168,-0.4119851414612945,0.1697317567848828,0.0007183279816038258,0.1144939905445323,0.002521950784959606
20595,20595,VWA3A,0.20279538655386367,5.830314438664017,0.2256117415724348,0.050900657935347114,0.07305136351674271,0.1112132069599814,0.14357644268502393
20596,20596,VWA3B,0.5474155822197609,5.075716546343542,0.2747616324828836,0.07549395468465919,0.02800270182818313,0.24328767068311835,0.06395934058530806
20597,20597,VWA5A,0.21313709518522306,5.2248797233295825,0.3604076245094144,0.12989365580451906,0.0034397137566502915,0.07005762258751554,0.01018277531104061
20598,20598,VWA5B1,0.11901773461649745,6.495647638146576,0.1236957500159578,0.015300638572010325,0.3301514611094541,0.12125869354960656,0.4720795618804793
20599,20599,VWA5B2,0.2964710267556878,5.577528339080289,0.31149564044151673,0.09702953401407068,0.012226906923048234,0.114860634957698,0.031171847117801924
20600,20600,VWA7,0.1916726730293417,6.0076822097012625,0.22048502608446569,0.04861364672746751,0.07999222757863743,0.1076871078270316,0.15489865762455454
20601,20601,VWA8,-0.25060373816420617,8.67802021012487,-0.35724607308908074,0.12762475673756882,0.00375635156980413,0.08321007294696704,0.010996862680020068
20602,20602,VWA8-AS1,-0.08035568546155758,7.2510508699844465,-0.03878956798581646,0.0015046305845262773,0.7608879165703267,0.2628928957839836,0.8453659552270497
20603,20603,VWA9,-0.7314282445696286,11.415276691526211,-0.5998904968702269,0.3598686082352077,1.6177572060479277e-07,0.12389063036078228,1.5048338615536028e-06
20604,20604,VWC2,0.471837211765019,5.701039231895456,0.18920893186572235,0.035800019897767564,0.13428912211780009,0.31098416028066816,0.23489749107115998
20605,20605,VWCE,-0.016402423947028757,7.0962166696715485,-0.018614120286142188,0.00034648547402697013,0.8839288007044737,0.11189081070910056,0.9286022323421401
20606,20606,VWDE,-0.14240560684052506,7.455477028587644,-0.09866244113521,0.009734277290758776,0.4379626001485323,0.1824127793825505,0.5784739314557161
20607,20607,VWF,0.2877166474783272,5.4461605726624915,0.3559724075761469,0.1267163549555585,0.003891043917838971,0.09592470536097336,0.011342112806676932
20608,20608,WAC,-0.08565325438299906,7.669664691165115,-0.061755382236888076,0.0038137272352241525,0.6278402154871701,0.17580996446767067,0.7418497226155217
20609,20609,WAC-AS1,-0.22952340054274176,8.742221402468532,-0.3031109696614848,0.09187625992912556,0.014905337398931491,0.091643567186774,0.03705373451657232
20610,20610,WAPAL,-0.10901680828167422,7.76765324540236,-0.12600206139975906,0.015876519476988645,0.32114365212220986,0.10900458475892423,0.46236060014004754
20611,20611,WARS,-0.16999926008003233,8.466328550309347,-0.4457116788275888,0.19865890064330768,0.00022345399000501368,0.043361658144949716,0.0008868944562973921
20612,20612,WARS2,-0.3179155587193024,8.836506797681182,-0.6328021362552773,0.4004385436492425,2.0226866723692844e-08,0.04940431183475992,2.5689900228830996e-07
20613,20613,WAS,0.5344657966325196,3.7343545507430473,0.5980193868572106,0.3576271870570741,1.8081069753185863e-07,0.09097087783130456,1.6534863408160467e-06
20614,20614,WASF1,0.11364736238181465,6.628783599924586,0.1597900222894571,0.0255328512232652,0.20721966552635032,0.08916562540189131,0.33138925167809735
20615,20615,WASF2,0.2334151236317451,5.2086151697280725,0.28997963519737713,0.08408818882920392,0.020109491392341944,0.09783460088272428,0.048160919719217515
20616,20616,WASF3,0.11008265749472186,6.537768796073206,0.5034848609418662,0.25349700519765034,2.227667283643765e-05,0.02399122486023543,0.00011466635376112605
20617,20617,WASL,0.4343004875342975,3.9197539079665984,0.7390329744480559,0.5461697373215411,3.115690708610917e-12,0.05027792919734466,2.3427181352419934e-10
20618,20618,WBP11,-0.4129313664467951,10.06435047968137,-0.4637207940834534,0.21503697486538856,0.00011377052547903771,0.10019592472616716,0.00048747541140652193
20619,20619,WBP1L,0.4298439352798811,3.409803248879377,0.6422608593479775,0.4124990114504025,1.0625639027268917e-08,0.06514900745961011,1.5238292260629695e-07
20620,20620,WBP2,0.16066605808943832,5.8583527791339565,0.24744210218379134,0.06122759393313385,0.04869024367157615,0.07989780622072742,0.10240194894764833
20621,20621,WBP2NL,0.3316333180497469,5.95109391352774,0.2576210300564924,0.06636859512736816,0.03986173646333492,0.1579678564168711,0.08656910357432918
20622,20622,WBP4,-0.21672594890210764,8.261670705495089,-0.43142554748061934,0.18612800301895213,0.00037191874699342816,0.05755555716176925,0.0013989752416436836
20623,20623,WBP5,-0.2495225585048988,9.555563417755453,-0.4723655163991157,0.22312918108300325,8.117355444739295e-05,0.059130314466492785,0.0003616155773623317
20624,20624,WBSCR16,-0.4737424964858798,9.676426248436508,-0.4066215506988541,0.16534108549274076,0.0008555142156610061,0.13517943453024694,0.0029537645336993952
20625,20625,WBSCR17,0.13012115117710124,6.372705931686262,0.13052614960474745,0.017037075730640915,0.30393344089660485,0.1255229374042308,0.44347945978141484
20626,20626,WBSCR22,-0.3679544893315312,9.49210125309115,-0.4816524544199861,0.23198908684879674,5.590819994065719e-05,0.08502530121796657,0.00026008422550267057
20627,20627,WBSCR27,-0.08016648566851722,7.484630691748983,-0.1739377200575184,0.030254330458807637,0.16926168971006733,0.05764108565301804,0.28271206252769054
20628,20628,WBSCR28,0.030202602619372864,6.899974888408579,0.029878716798287595,0.0008927377175122732,0.8146970133976595,0.1283194944284705,0.882775272710849
20629,20629,WDFY1,-0.20885458479963825,8.830783297544306,-0.2865322776493852,0.08210074613494438,0.021707985452963912,0.0886894833639249,0.05139241554432421
20630,20630,WDFY2,0.2574565405934244,5.757920481126376,0.16178202119018525,0.02617342238038155,0.20153869371847236,0.19944292706072567,0.32426780685589707
20631,20631,WDFY3,0.0802734012714695,6.5557729451300215,0.09073674715000384,0.008233157283363731,0.4758085630148957,0.11189157998200357,0.6134211128229783
20632,20632,WDFY3-AS2,0.4868111274216842,5.3455315745068495,0.3165769976740497,0.10022099545631527,0.010815066918990549,0.1852478701358694,0.02800433745435135
20633,20633,WDFY4,0.32701818381865383,5.3736828025630965,0.30835924676232696,0.09508542506382964,0.013175623041344993,0.12812175322849706,0.033211992528824404
20634,20634,WDHD1,-0.2555890322074022,8.057760371818048,-0.6120178559668008,0.3745658560221997,7.729759635920098e-08,0.0419443114047249,8.009016515798808e-07
20635,20635,WDPCP,-0.12463785553156055,7.684586971316078,-0.10676675474451612,0.011399139918675655,0.4010745825396834,0.14741055221625618,0.5432707878211575
20636,20636,WDR1,0.5701240604298815,2.3903707505492497,0.6165097061550805,0.3800842177834237,5.833236736921371e-08,0.0924698073662162,6.315937076901616e-07
20637,20637,WDR11,-0.0126719459100438,7.1012141438899015,-0.02764638063693673,0.0007643223623223903,0.8283226318698331,0.058189302125408564,0.8919605466504842
20638,20638,WDR11-AS1,-0.02168948542593789,7.100813913502122,-0.02265397114080357,0.0005132024084483609,0.8589722563600043,0.12156193148319347,0.9123525707021725
20639,20639,WDR12,-0.4629803020682411,9.691439725291248,-0.6746268631603491,0.4551214044975724,9.827326791889646e-10,0.06433583065565278,2.1070372443403e-08
20640,20640,WDR13,-0.40268736602684896,9.515545541522247,-0.299211710643954,0.08952764778648123,0.016313639876322658,0.16308985760908262,0.04008076599974667
20641,20641,WDR16,0.4585004887359528,5.295923772377813,0.2679945513422282,0.07182107954912219,0.032271330796100305,0.20933114278120984,0.07229833109761556
20642,20642,WDR17,-0.12134795827794305,7.363497177343325,-0.05179262881720534,0.002682476399796809,0.6844136878285827,0.29715661253845044,0.7873866232762023
20643,20643,WDR18,-0.27489878051758354,9.065882473015725,-0.6733417756289379,0.4533891468071312,1.0862871985377822e-09,0.03833368183048511,2.2882830043128088e-08
20644,20644,WDR19,-0.4263140909613015,8.731262585203236,-0.4027754532352388,0.16222806572885207,0.0009680282928770152,0.12303643855925338,0.003300918775874578
20645,20645,WDR20,0.0008794632752396688,7.010782607552737,0.0008874742823853051,7.87610601895312e-07,0.9944468788177864,0.12585367923265595,0.9964254655191173
20646,20646,WDR24,-0.4308021256989162,9.229047868051753,-0.6797246554607854,0.4620256072412834,6.571866502762785e-10,0.05903774645590543,1.5269717716451515e-08
20647,20647,WDR25,-0.32327463674038337,8.83708750031856,-0.445202001741504,0.19820482235464207,0.00022764095223362616,0.08257534544585274,0.0009016946809254022
20648,20648,WDR26,0.36375016550564265,4.6813643969345495,0.3607404657563338,0.13013368363409664,0.003407798651939923,0.11943696257345544,0.01010072266736368
20649,20649,WDR27,0.02429724722367992,6.898514627826043,0.01182618919206922,0.0001398587508066148,0.9261037274226254,0.2609071815688921,0.9561487929015516
20650,20650,WDR3,-0.4877918057920283,9.647353009987466,-0.6380083929579837,0.40705470948482897,1.4230741382709211e-08,0.07476865631257072,1.9381553751104903e-07
20651,20651,WDR31,-0.7936256573242786,11.264429175428912,-0.5705913769061645,0.32557451939967263,8.541300817331e-07,0.14506466386115824,6.431219374106495e-06
20652,20652,WDR34,-0.2372818409394569,8.863106973426602,-0.6356815357945923,0.4040910149501715,1.6665884008835597e-08,0.03659477053592315,2.2040962566352386e-07
20653,20653,WDR35,-0.4788871055907771,9.09922615195478,-0.5233269128161935,0.2738710576777278,9.123822880098976e-06,0.09903098595256532,5.187093317630437e-05
20654,20654,WDR36,-0.2504533284142358,8.558247979145246,-0.497208090756591,0.2472158855138144,2.9210674286277272e-05,0.055504474956402976,0.00014624966461966552
20655,20655,WDR37,0.3950958839460739,4.951088674600859,0.2474789664507925,0.0612458388355525,0.04865559606271196,0.19644650402292047,0.10235447180280043
20656,20656,WDR38,0.05920528051864755,6.742811355424955,0.06890026835391411,0.004747246979241378,0.588520006956436,0.10887054044422118,0.7103902313624093
20657,20657,WDR4,-0.25495866654141114,8.478167947373825,-0.6039616381908548,0.3647696604061811,1.2668531287162832e-07,0.042729734676054926,1.2241868288011633e-06
20658,20658,WDR41,-0.349818112962815,9.06041926547378,-0.44181002061378505,0.1951960943147532,0.00025738607173320745,0.09021025778019892,0.0010046314678050841
20659,20659,WDR43,-0.2330714216558581,8.626323575626246,-0.6727843918058304,0.4526388378575411,1.1343552498873681e-09,0.032550245046922,2.371601375166109e-08
20660,20660,WDR44,-0.2404556264331627,8.447173409977585,-0.2703360908948621,0.07308160204031515,0.03073661040984343,0.10875664970619058,0.06936236957327631
20661,20661,WDR45,0.04614612899227026,6.661354487811184,0.048527976730305185,0.002354964525537042,0.7033540906238966,0.12062442860844777,0.8020657110941151
20662,20662,WDR45B,-0.4203751305779809,10.966181814035618,-0.6699502084497256,0.4488332818018309,1.411708031257208e-09,0.059161630741647576,2.809792041992173e-08
20663,20663,WDR46,-0.3208452273633173,9.313721020364712,-0.6550787985720222,0.4291282323385641,4.2833302919091095e-09,0.04699757803534429,7.107702488221592e-08
20664,20664,WDR47,-0.08761615154196012,7.60706986284888,-0.15480962677026472,0.023966020540748662,0.22191673664844636,0.07101054300185071,0.34883906301699374
20665,20665,WDR48,-0.3252480544066504,9.462846394433758,-0.3929431322181404,0.15440430515740303,0.0013188758466526989,0.0966652862935254,0.004338486474140087
20666,20666,WDR49,-0.6063424145808124,8.872009530737962,-0.2684793612626694,0.07208116742401095,0.031948419261267465,0.27629065291223026,0.07167872141553532
20667,20667,WDR5,-0.3059777871526048,8.968550868089526,-0.6318893281097796,0.3992841229790287,2.1498535006971472e-08,0.04766368210288894,2.701977803691046e-07
20668,20668,WDR52,-0.1894602534905946,7.811647471192477,-0.2480258899805345,0.0615168421006362,0.048143927285679455,0.09398066077149067,0.10140616140174968
20669,20669,WDR53,-0.25230865417994336,8.083245395426697,-0.3397591945570331,0.11543631028604386,0.006019309584918013,0.08870122914355831,0.01671773105827877
20670,20670,WDR54,-0.16321637829386196,8.076547833277653,-0.450089600181684,0.20258064819170812,0.00019028855803574098,0.0411256049430939,0.0007685003215710501
20671,20671,WDR55,-0.08774595322234313,7.59873109244872,-0.05444991609634112,0.0029647933628985873,0.669138054210798,0.2043568894955413,0.7756352497987306
20672,20672,WDR59,-0.6354917962851889,10.4870390567205,-0.5889782267717163,0.3468953516111553,3.064683948907011e-07,0.11074044159490806,2.6097416796532177e-06
20673,20673,WDR5B,-0.3198280880929039,8.8247725323914,-0.6164722789172116,0.3800380706733803,5.84704179969379e-08,0.051878775326614786,6.327720648294303e-07
20674,20674,WDR6,-0.3527493238341364,9.393146892061566,-0.5672156707358197,0.3217336171282858,1.024095291972125e-06,0.06504625100077653,7.525206497338434e-06
20675,20675,WDR60,-0.5614574102334761,9.62769613920975,-0.3258421760167144,0.10617312367130748,0.008601716214347133,0.20689041970310748,0.02295098134816254
20676,20676,WDR61,-0.6605537509935354,11.579446434075955,-0.5841171880301275,0.3411928893522233,4.0433170148974857e-07,0.116571254835308,3.32414692321963e-06
20677,20677,WDR62,0.17567737825638738,6.241442067427317,0.17116710710534105,0.029298178554811295,0.17626252900123704,0.1284229400971699,0.29157169547947354
20678,20678,WDR63,0.09377667983262604,6.711712165473794,0.06577898444506823,0.0043268747946245256,0.6055610042094483,0.1806634236470642,0.7241384696093435
20679,20679,WDR64,-0.06192837679260357,7.224870059670592,-0.051336113081466905,0.0026353965063131576,0.6870509424025251,0.1530022595912579,0.7895817097981574
20680,20680,WDR65,0.20019585983738766,6.1921678620753875,0.14257713480710352,0.020328239369802967,0.26105984079637856,0.17650201135094198,0.3957196452782849
20681,20681,WDR66,-0.7425059150710331,9.79394368193608,-0.4341198482473413,0.18846004264229466,0.00033842347592893463,0.19568132679352188,0.0012836854740306673
20682,20682,WDR7,0.7002189956403243,3.434789630793267,0.5886596334141551,0.3465201640112873,3.1212885939381645e-07,0.12212086828409965,2.6485699256164164e-06
20683,20683,WDR70,-0.5247227659726149,10.935170257540662,-0.7247801764495598,0.5253063041742551,1.278404412410338e-11,0.06334823047485556,6.654771045852373e-10
20684,20684,WDR72,-0.16129795373199748,7.767357967367269,-0.5708434778256507,0.3258622761760841,8.425635913949694e-07,0.029463903597489724,6.361825164455392e-06
20685,20685,WDR73,-0.3971749360528948,9.905912355551818,-0.667260511262111,0.4452365898897737,1.733602259342803e-09,0.0563046768404111,3.334028146187247e-08
20686,20686,WDR74,-0.5040744480594715,10.15044716766808,-0.6405341590981916,0.41028400897162737,1.1970357315383393e-08,0.07674993132106968,1.676701731336529e-07
20687,20687,WDR75,-0.2984110082367667,9.27809005343626,-0.7187436288217735,0.5165924039718912,2.264626607805527e-11,0.03666078182701428,1.011144107052138e-09
20688,20688,WDR76,-0.2351689871015211,8.011527712436987,-0.5223121551980145,0.27280998746759483,9.563073137670433e-06,0.04876160856148083,5.412659403979436e-05
20689,20689,WDR77,-0.2373680133162996,8.900009175866943,-0.7199034769417354,0.5182610161127997,2.031346027726779e-11,0.029064173352904458,9.296941762343253e-10
20690,20690,WDR78,0.2854582016678414,5.655707532341843,0.6787179000697178,0.4606579878750474,7.119906993108603e-10,0.039227398117557856,1.626388037297118e-08
20691,20691,WDR81,0.31986205019627123,4.635890692922388,0.2738205925417956,0.07497771689994004,0.028566248118201826,0.14268452153399913,0.06506122244422176
20692,20692,WDR82,-0.33794561646590376,10.278848270726076,-0.3091786788862476,0.09559145547784542,0.01292182490634104,0.1320151471209105,0.032693790243628694
20693,20693,WDR83,-0.5120917709674323,10.285397604210884,-0.5310614879663529,0.2820263040010368,6.3437967773746924e-06,0.10376751370621767,3.772999703764047e-05
20694,20694,WDR83OS,-0.2302907595258624,9.200785243259398,-0.2037957358646217,0.04153270195660266,0.10626002061222732,0.1404993207084222,0.19526992077034816
20695,20695,WDR86,0.040518343347404936,6.86303360682018,0.030587851790165238,0.0009356166771371144,0.8103798476601749,0.16815260380179284,0.8796378747409067
20696,20696,WDR86-AS1,0.14743304139390168,6.488501422124853,0.14140884860386366,0.019996462463470425,0.2650277575579452,0.13107993444151225,0.4003610805662577
20697,20697,WDR87,-0.013017014651456679,7.079362273798723,-0.016828912829103208,0.00028321230700955447,0.8949944706563214,0.0982195591671209,0.9353499310016187
20698,20698,WDR88,0.4548679776568835,5.37740562168719,0.20169118481888684,0.04067933403364637,0.10999841010836013,0.28053335271569785,0.2005738944843835
20699,20699,WDR89,-0.31531062142753224,8.830772720428932,-0.3580430457606867,0.1281948226175892,0.003674188080848142,0.1044280659456028,0.01078106860764878
20700,20700,WDR90,-0.4137806896887205,9.274954168896963,-0.4989061569701265,0.2489073534627005,2.716000804563669e-05,0.09128559820437396,0.00013722584559688813
20701,20701,WDR91,-0.3094473335725918,8.323776921721329,-0.16829084551006107,0.028321808682491238,0.1837506651229613,0.2301927469036085,0.301258776131324
20702,20702,WDR92,-0.23981616183910456,8.801211738853363,-0.4799195353780514,0.2303227604374847,5.998569717786479e-05,0.05567606033343128,0.0002769702073319109
20703,20703,WDR93,0.19026160917283488,6.120267096937392,0.25931929787742297,0.06724649825163963,0.03852653081888499,0.08999200498411862,0.08415907272965377
20704,20704,WDR96,0.031220058990800093,6.916115262718827,0.013276220337411276,0.00017625802644749282,0.9170733223174704,0.29862430069460905,0.9497930458072994
20705,20705,WDSUB1,-0.20850231113038148,8.361135404797666,-0.4298452616048725,0.1847669489241613,0.00039294412809666386,0.0556216379780452,0.0014704000507919917
20706,20706,WDTC1,0.3589738409585613,4.571095386014306,0.32916303101189365,0.10834830098493686,0.007910690172095758,0.13078367149392225,0.021309366298884642
20707,20707,WDYHV1,-0.22698407766449905,8.540566973737484,-0.6694774923234458,0.4482001127276894,1.4638248478138366e-09,0.031985590431158235,2.892256120383999e-08
20708,20708,WEE1,-0.2465254741338403,8.883286784474153,-0.6002957385832934,0.3603549737612618,1.5790998792145005e-07,0.04171288337904593,1.474575587942648e-06
20709,20709,WEE2-AS1,-0.17715549051210944,7.720553501175932,-0.19733792863756452,0.038942258078964516,0.1180521566292686,0.111769407198625,0.21223905785029568
20710,20710,WFDC1,0.17589848068645747,5.685143738399455,0.3952597251758899,0.15623025034612004,0.0012272263229450655,0.05191533428648203,0.0040666543264537705
20711,20711,WFDC10A,0.06143198287251809,6.766268331300948,0.06270184635605308,0.003931521536458086,0.6225686769129358,0.12418323169431356,0.7378967252358974
20712,20712,WFDC10B,-0.21561074611574846,7.7897591350130035,-0.2422620092478817,0.0586908811248207,0.053763648767081264,0.10966180143490394,0.11117759874437975
20713,20713,WFDC11,-0.008910151263894396,7.0531845711253895,-0.008682074981304588,7.537842598099506e-05,0.9457148485389104,0.13033148124025026,0.9675637836676795
20714,20714,WFDC12,0.1567934734993083,6.151042158986468,0.18553616353504931,0.034423667979304566,0.14215505042226367,0.10546221059834256,0.24619062835045744
20715,20715,WFDC13,0.07189871800688677,6.763719535513268,0.05347855264512743,0.0028599555930176658,0.6747069433822963,0.17049974581053332,0.7802819150303673
20716,20716,WFDC2,0.1276244871186777,6.244066830715429,0.3016217573377242,0.09097568449949696,0.015430352415161141,0.05123458812665035,0.038183554056715176
20717,20717,WFDC21P,-0.13849105869437958,7.839739140963218,-0.2379089913591426,0.056600688169524585,0.05835268708872943,0.07180634350119645,0.11908911899686285
20718,20718,WFDC3,-0.14751818636315453,7.816210493097396,-0.20455908007792176,0.041844417242325606,0.10492862113192088,0.08964972771790057,0.19333185489762159
20719,20719,WFDC5,0.2469281446363877,6.089562841224407,0.2212678001038507,0.048959439362797626,0.07889987145603815,0.1382152775431113,0.15309827207710627
20720,20720,WFDC6,0.11949499259509015,6.593683137028791,0.10812067003222127,0.011690079288216474,0.3950946828204486,0.1395377484315182,0.5374230751555787
20721,20721,WFDC8,0.08355892438804982,6.6806641075041755,0.05217463476049691,0.002722192512391253,0.6822097500429485,0.2031167112028644,0.7858112838925558
20722,20722,WFDC9,0.06678648070382058,6.749934750486769,0.054142618424484285,0.0029314231298593037,0.6708979102511095,0.15642853350983832,0.7771634880971314
20723,20723,WFIKKN1,-0.024112668896935027,7.150807761448921,-0.029051831811323627,0.0008440089315934352,0.8197379660416245,0.10536407652239943,0.8864632037269102
20724,20724,WFIKKN2,0.017732362130640233,6.941597356068572,0.018302580513483997,0.00033498445345256426,0.8858583610721581,0.1230228171818089,0.9298663792645697
20725,20725,WFS1,-0.1777875500959046,8.110608784316499,-0.5368495240572634,0.2882074114805102,4.804772300059427e-06,0.03548376211623608,2.936701782607589e-05
20726,20726,WHAMM,-0.14404330767146595,7.988334355125233,-0.22168909573936885,0.049146055169739036,0.0783168754099359,0.08046551869408376,0.1522248443756662
20727,20727,WHAMMP2,0.13996387160372162,6.146594341616111,0.1630605704257838,0.026588749627582,0.197951301796309,0.1075522068059432,0.3198981671939605
20728,20728,WHSC1,-0.1566852354418195,7.972977335969332,-0.2572730795523849,0.06618943746236779,0.04013997462361404,0.07474244073497974,0.08709730966676975
20729,20729,WHSC1L1,-0.2354852336885485,8.440078113022318,-0.16388090678410044,0.026856951608379014,0.19567371327325409,0.18002292704358136,0.3168085428734443
20730,20730,WI2-89031B12.1,0.14841717987952313,6.409463683969343,0.14119153664458245,0.019935050020058468,0.2657702740648077,0.13216214981199634,0.4011749118132867
20731,20731,WIBG,-0.1735441424108134,8.1079751799611,-0.1261197334030758,0.01590618715366291,0.3206882978486174,0.17336016892697315,0.4618892643772405
20732,20732,WIF1,-0.191763911607212,7.641174061248182,-0.1314384772030834,0.017276073289465482,0.300536652571901,0.1836810195255556,0.44002564711299036
20733,20733,WIPF1,0.2581691714926461,5.701919284817776,0.5940612140471444,0.3529087260351671,2.2825157856929431e-07,0.04439766291644974,2.029059086173263e-06
20734,20734,WIPF2,0.3768494642431354,4.2189118665810765,0.5897063495077207,0.3477535786497221,2.9389251491739566e-07,0.0655453830673628,2.515510834204033e-06
20735,20735,WIPF3,0.3198225771191048,5.5384684588510344,0.3442795525932367,0.11852841033379925,0.005341851739690306,0.1107659313401742,0.015052413718021287
20736,20736,WIPI1,0.167993884918225,5.561414397670051,0.3462863724409313,0.11991425173829938,0.005063274436086064,0.05779958522609795,0.014366510470839063
20737,20737,WIPI2,-0.17320440121395114,8.180471774843829,-0.11261720172990873,0.012682634125474958,0.3756153804305693,0.1940826595149642,0.518416256419629
20738,20738,WISP1,-0.35097275758790797,8.335958914825675,-0.35945205127973123,0.12920577716920653,0.0035328202587374883,0.1157162540862547,0.010419943163029188
20739,20739,WISP2,0.2972954468694424,5.608795786130762,0.4443484645856182,0.1974455579795964,0.00023481383779354,0.07612126218226864,0.0009275617762530296
20740,20740,WISP3,-0.12457988939003828,7.498467055859328,-0.4492964592077743,0.2018673082566432,0.00019594025472240023,0.03145985018612175,0.0007894080422625719
20741,20741,WIZ,-0.5165713478402895,10.093597579427747,-0.4599017743436989,0.21150964204448253,0.0001316934925251059,0.1266681936981995,0.0005549372602901671
20742,20742,WLS,0.29636213974437936,4.541228831144473,0.5823876811072969,0.3391754111055345,4.4574562983900615e-07,0.052536095674915496,3.626078743111825e-06
20743,20743,WNK1,-0.7481460554882421,11.059461823979778,-0.3154279438328728,0.09949478775063393,0.01112131329350777,0.2858469063269077,0.028677308808157984
20744,20744,WNK2,0.2777650542147842,5.35278425996383,0.2629944402848976,0.06916607562076657,0.03576372394065932,0.12941103037242946,0.07886579702408879
20745,20745,WNK3,0.15793321604824906,6.454898561390363,0.08857732665382492,0.007845942797138405,0.4864148977272162,0.2255509299310849,0.6233099361076316
20746,20746,WNK4,-0.11357226464544712,7.697767295785947,-0.2383946357902251,0.05683200237355406,0.05782548882885241,0.05875901274461993,0.11824149770348824
20747,20747,WNT1,0.01727861701983207,6.949020494195937,0.02169609717908863,0.00047072063280445764,0.8648781268888084,0.10111818754729678,0.9164229504221337
20748,20748,WNT10A,0.15437314966970586,6.217040457677176,0.15198225358856102,0.023098605405857658,0.2305770662021372,0.12749947757318233,0.35973677007257066
20749,20749,WNT10B,0.21755561238634386,5.589514313169439,0.31425892857472737,0.0987586741889356,0.011440562478757792,0.08346557125387148,0.029392025207913154
20750,20750,WNT11,-0.03756171812531142,7.231342712304626,-0.05323638552014704,0.002834112743249721,0.6760980284161817,0.08947974744103801,0.7814733282814206
20751,20751,WNT16,-0.2388104450906186,7.926547772950231,-0.13583225440236035,0.018450401336027544,0.2845245987036697,0.22121302239381674,0.42238844072996284
20752,20752,WNT2,-0.4735218181510745,9.22609897064456,-0.6604823868838717,0.4362369833838164,2.8823565795941157e-09,0.06836458789082958,5.116182928779555e-08
20753,20753,WNT2B,0.2590289070355114,5.837414104203397,0.6286118564859859,0.3951528661147578,2.6716476006631023e-08,0.040699833605215965,3.2328127294268883e-07
20754,20754,WNT4,0.01524337122140132,6.939767586255352,0.0146778286402939,0.0002154386535938319,0.9083543796561172,0.13187928421180686,0.9446648009013225
20755,20755,WNT5A,-0.08825993494256881,7.568967789801693,-0.36069847198669897,0.1301033876935395,0.003411810754129585,0.02898393022192356,0.01010984700063987
20756,20756,WNT5B,0.3509076866977827,5.3553965541779815,0.3593265754239327,0.1291155878058912,0.003545210678860532,0.11574119369398292,0.010453640693181485
20757,20757,WNT6,0.022249244137248256,6.916800643948133,0.016039082423437954,0.0002572521649858363,0.8998967575313711,0.17615056023490006,0.9385120537633328
20758,20758,WNT7A,0.00022367196316343277,7.014589785508895,0.00022427698576657837,5.0300166344541994e-08,0.9985966393755767,0.12665752090711607,0.9989656869625405
20759,20759,WNT7B,0.21286337006082828,5.857035570461892,0.2258120155855504,0.050991066382808856,0.07279030417385994,0.11662541227229152,0.14315061527280637
20760,20760,WNT8A,0.302659776670113,5.820834986373737,0.22142972005050932,0.04903112092164694,0.07867539775516491,0.16928017677807244,0.15274482144415422
20761,20761,WNT8B,0.41193919433209597,4.926253067330157,0.3642709155138919,0.13269329988932893,0.003085116409632086,0.13375164250569085,0.009246809114267517
20762,20762,WNT9A,0.46255320159565394,5.239737927586296,0.2978815273905032,0.08873340436049912,0.01681946091749615,0.18825434114975487,0.041183336292218355
20763,20763,WNT9B,0.15554169879611626,6.39223567472543,0.14590459792534455,0.021288151695756458,0.2499790482341105,0.13393973582016075,0.382186973278005
20764,20764,WRAP53,-0.4851230177048119,10.165261462571422,-0.6760861589989204,0.4570924943899135,8.765267716833547e-10,0.06714550032108063,1.9134261331454684e-08
20765,20765,WRAP73,-0.3693920115620373,9.133921031700877,-0.5064061704451768,0.2564472094649494,1.960114156694733e-05,0.07988193374968887,0.00010218168527497459
20766,20766,WRB,-0.2525143798157741,9.209065612322576,-0.4579950776426406,0.20975949114488845,0.0001415812301579729,0.06224566395858276,0.0005914239079997884
20767,20767,WRN,-0.31561330771418,8.9280897642889,-0.6253139019579037,0.3910174759818188,3.316160237086601e-08,0.050022315717582505,3.875415538807898e-07
20768,20768,WRNIP1,-0.6735776188878063,10.414202793401156,-0.3404938240360176,0.1159360442066705,0.005904321747709446,0.2362242108119319,0.01644054101152733
20769,20769,WSB1,0.2337723980622248,5.559158866357694,0.32129751263585005,0.10323209162598422,0.009632401459624646,0.08750443255619315,0.025329648282716662
20770,20770,WSB2,0.5504720467094132,1.0364560415754005,0.5537991837024647,0.30669353586951625,2.065924451394884e-06,0.10511138021589794,1.3837795853682714e-05
20771,20771,WSCD2,0.12773821213984904,6.481163658930664,0.13967897884570402,0.01951021713137863,0.27097711198626856,0.11500466930015127,0.4076011940780781
20772,20772,WT1,-0.033619728883083365,7.134587668406201,-0.028229503112378113,0.0007969048459717654,0.8247583595804822,0.15118963325599022,0.8898924901203459
20773,20773,WT1-AS,0.0908104303465821,6.6677061035861644,0.11326435266218053,0.012828813583982804,0.3728603247788951,0.10116793307095456,0.5158302135748402
20774,20774,WTAP,0.09862249592291583,6.343222722067867,0.058479301357584085,0.0034198286872711365,0.6462291868958628,0.21381299159175488,0.7570512871100844
20775,20775,WTIP,0.04424119780548076,6.768140066943707,0.05109925796062016,0.0026111341641260025,0.6884207031206966,0.10981172057372238,0.7904427532385304
20776,20776,WWC1,-0.5291060030301601,9.78597727425769,-0.3661651825245863,0.1340769408932636,0.002923435271554011,0.17076916320369906,0.00881467429761934
20777,20777,WWC2,-0.08025944832505706,7.303827635689743,-0.08049288918863459,0.006479105209933808,0.5272047600972702,0.12622091146318604,0.6593751852079482
20778,20778,WWC2-AS2,0.14891235863239916,6.3072004274647995,0.14699854882805918,0.0216085733575553,0.2464071472649161,0.12725597113887813,0.3784359414199829
20779,20779,WWC3,-0.24254994151091966,8.652189084585196,-0.2978967943823124,0.0887425001032577,0.016813580112696756,0.09870975124693918,0.04117359237141787
20780,20780,WWOX,-0.014846135373446619,7.097587614690744,-0.010820884784953407,0.00011709154752923618,0.9323700189419318,0.174232581378386,0.9601251966421387
20781,20781,WWP1,-0.26475397131007783,9.216914915703352,-0.4499759634238247,0.20247836765919924,0.00019108902348755966,0.06673114227166771,0.0007714453399744789
20782,20782,WWP2,0.14865201278304158,6.119217774526772,0.09786867757769203,0.009578278050806242,0.4416750133853268,0.1919735109133107,0.5820992279751233
20783,20783,WWTR1,0.34283530185649946,5.114345981311703,0.6651465461898625,0.4424199279083029,2.0343284785369737e-09,0.048879411874276205,3.7985408809301365e-08
20784,20784,WWTR1-AS1,0.1023585215844835,6.594716142393257,0.09273120850521666,0.008599077030837966,0.466123442032184,0.1395811909450303,0.604425337557302
20785,20785,XAB2,-0.2313353121630081,8.138831412648901,-0.38893568500684905,0.15127096707174692,0.0014920602210468227,0.06959095935375205,0.004839808880582526
20786,20786,XAF1,-0.08368090333310108,7.475078983163552,-0.1723790841582468,0.029714548655235925,0.1731746083130736,0.060728940701717714,0.28756200774630847
20787,20787,XAGE-4,-0.08204406986259344,7.485431624967791,-0.12686352995998426,0.016094355233907825,0.3178195649292781,0.08146879367716173,0.45867577816841903
20788,20788,XAGE2,0.2632584909274791,5.846585195301082,0.317122816819894,0.10056688094778403,0.010672174956229746,0.09998698891453356,0.027690624092637808
20789,20789,XAGE3,-0.03164509527434743,7.150388714186149,-0.040005462258890116,0.001600437010547482,0.7536261791062969,0.10037913777733948,0.8398834289818774
20790,20790,XBP1,-0.10713161579996758,7.799523851960754,-0.08755306859917036,0.007665539821131031,0.491488948857946,0.154803036391284,0.6280281576396306
20791,20791,XCL1,0.22260107489921108,6.02399830613901,0.4123414746928368,0.17002549175186335,0.0007099624924835969,0.06246068883310885,0.002497033908515883
20792,20792,XCR1,0.35770205148117273,5.687994006145152,0.28152042314923753,0.07925374865012576,0.024223540384978703,0.1548408901182915,0.056519854222251247
20793,20793,XDH,0.13599195271681336,5.943756105087673,0.6014543758769773,0.3617473662615642,1.4733222093686655e-07,0.02294092811152609,1.390793044632888e-06
20794,20794,XG,-0.07663072020064597,7.278917612219765,-0.04211590733546603,0.0017737496506895613,0.7410725414530072,0.2308741949912097,0.831724796519456
20795,20795,XIAP,0.3021307818125854,4.927426401908465,0.4002254758603434,0.16018043152763833,0.0010498217241390333,0.0878592304493323,0.003544969505103815
20796,20796,XIRP1,-0.07494385913681416,7.385331099702551,-0.08880084750842991,0.007885590518215423,0.4853112866985026,0.1067588718993873,0.6222326453534353
20797,20797,XIRP2,-0.05944855797558864,7.201805338904147,-0.041931680539607434,0.0017582658328756929,0.7421657633138206,0.1798958201679584,0.8323313790056663
20798,20798,XIST,0.00035745656732613114,7.014048621394048,0.0034559414075178816,1.1943531012196675e-05,0.9783778289987112,0.013135858798847964,0.9874618166961235
20799,20799,XK,0.11729240411890515,5.966224862214117,0.16369774916496155,0.02679695308167467,0.19618060137122434,0.08977038036354906,0.3174630789638218
20800,20800,XKR4,0.1764063620204817,6.332175846603321,0.510631045214223,0.2607440643365698,1.6255852529252515e-05,0.0377232058687566,8.664053323183932e-05
20801,20801,XKR6,0.5633094374291636,4.71678734251287,0.3688732449151854,0.13606747081425835,0.0027053929259947267,0.18026604879418365,0.0082271147047347
20802,20802,XKR7,0.16333888019944187,6.2787245575633035,0.18500291901286092,0.03422608004327918,0.14332520663761314,0.1101927153449755,0.24776142330466291
20803,20803,XKR8,0.20407575554334256,5.391984323637848,0.16092187087126705,0.025895848524708748,0.20397800638096295,0.15895829373910922,0.3272069721872642
20804,20804,XKRX,-0.3076346526490837,8.278386694130367,-0.4746105252790981,0.2252551507057014,7.424950754193227e-05,0.07245717418720506,0.00033441619921392333
20805,20805,XPA,-0.2744748784822225,8.923035351492231,-0.3559028340103047,0.1266668272565665,0.003898523173473029,0.09153038494330376,0.011360855782742355
20806,20806,XPC,-0.3228964048201442,9.460787700897177,-0.44701275824152015,0.19982040603069173,0.0002130834091895905,0.08206182708260677,0.0008497829145489102
20807,20807,XPNPEP1,-0.16905727837488918,8.344642848350768,-0.174905776986276,0.03059203082317291,0.16686420185365888,0.12086127377223585,0.27944043702273474
20808,20808,XPNPEP2,0.13173619099197362,6.337052450709867,0.4485931374834431,0.20123580299723928,0.0002010801751172956,0.03333234950823873,0.0008074153888679837
20809,20809,XPNPEP3,-0.4848911337957488,9.389954355317212,-0.6683633851102915,0.44670961455608776,1.5939807965650005e-09,0.06853498312758229,3.120945221484185e-08
20810,20810,XPO1,-0.06791942413460929,7.560121022427531,-0.12064083119819748,0.014554210152191976,0.34232623586359834,0.0709774183375437,0.48460970370832335
20811,20811,XPO4,-0.2264045913697508,8.370881666464323,-0.4860148837168184,0.2362104671942725,4.674997869057567e-05,0.05170430050280246,0.00022201113783868777
20812,20812,XPO5,-0.3295812144565049,9.264264477735992,-0.7091752467938828,0.5029295306651645,5.441553632985719e-11,0.04161232845852279,2.0246880399021606e-09
20813,20813,XPO6,-0.012108145023054259,7.117557353701423,-0.009890928141463256,9.783045949958979e-05,0.9381703023362128,0.1554617234222277,0.9635779689380899
20814,20814,XPO7,-0.21422122276480446,8.414374759782106,-0.21867625319070755,0.04781930370952643,0.08256222539459933,0.12140168412436887,0.15879324861842514
20815,20815,XPOT,-0.2462449596799592,8.961001063658076,-0.7424092051276847,0.5511714278583206,2.2002877563825563e-12,0.028220740483836305,1.8185966169642847e-10
20816,20816,XPR1,0.4136883375850233,4.780614256288628,0.3678867047610891,0.13534062753997278,0.0027830869277692795,0.13279626696072108,0.00843967895544654
20817,20817,XRCC1,-0.35304326674034064,9.368195026284598,-0.599268696075282,0.3591229700957687,1.6788118061824494e-07,0.05989600400864398,1.5496449131662805e-06
20818,20818,XRCC2,0.15395113019058068,6.075148322773216,0.24535386092137454,0.06019851706902521,0.050686163185361496,0.07725243961808766,0.1058344290597824
20819,20819,XRCC3,-0.30148762934728995,8.520805359730439,-0.3959726174350585,0.15679431375837116,0.0012002004370893105,0.08879229086703776,0.003989307822742751
20820,20820,XRCC4,-0.2781772609079555,8.472428378138215,-0.4271545906470132,0.1824610443108174,0.0004312492402915504,0.07478163076840234,0.0015974516418942053
20821,20821,XRCC5,-0.4763755650023548,10.854853857787633,-0.5180591747326774,0.2683853085247028,1.162715026354848e-05,0.09988849544792153,6.442833647828617e-05
20822,20822,XRCC6,-0.7147341109811038,12.11456385129794,-0.5176678760955219,0.2679800299412486,1.1836551440018424e-05,0.15002336888163767,6.538788812081607e-05
20823,20823,XRCC6BP1,0.4555426310156774,4.361210912049522,0.4848748207065208,0.2351035917551807,4.899902621049095e-05,0.10435298098496863,0.00023162495363199769
20824,20824,XRN1,0.34211939384869405,5.1286212792387404,0.44091736132452825,0.1944081195173846,0.0002657838933218341,0.08844681320188001,0.001034055014352195
20825,20825,XRN2,-0.29406459998175544,9.386677683025447,-0.6555718883423056,0.4297745007846964,4.1326307276528094e-09,0.04301796843358493,6.915928779545718e-08
20826,20826,XRRA1,-0.17814801720979329,7.852233572115674,-0.2341749708135974,0.05483791695554919,0.06253755529060008,0.0939285934292527,0.12621568895407312
20827,20827,XXYLT1,0.05463399479008197,6.747110507228562,0.06450863956360282,0.0041613645783468226,0.6125577610932786,0.10733558184666693,0.73016669326113
20828,20828,XXbac-B476C20.9,0.16333212055256094,6.129714395482758,0.7601388814959452,0.5778111191619066,3.2283613977817663e-13,0.017731121424612542,4.452876819679245e-11
20829,20829,XXyac-YX155B6.7,0.1980958071312752,6.371526699978847,0.15703946951263428,0.02466139498480959,0.21524891158015766,0.15821524436896886,0.34070719832382973
20830,20830,XYLB,-0.523917798959137,9.10643978913042,-0.2833423026955065,0.08028286049679202,0.02328198124824355,0.2252075930767589,0.0546764238076905
20831,20831,XYLT1,0.29979968109513,5.30507313869292,0.3943619351610492,0.1555213359039676,0.0012620410811169968,0.08872268442177009,0.004166082257864111
20832,20832,XYLT2,0.1218194454315761,6.412829522438847,0.09344752984530733,0.008732440834189604,0.4626712312296284,0.16483460592421748,0.6012011054159992
20833,20833,Y16709,-0.37607305264079627,11.628537395699995,-0.6620960593601322,0.4383711918202157,2.556782750130016e-09,0.05406049970045994,4.612491870353783e-08
20834,20834,YAE1D1,-0.2219321796974521,8.844000132713957,-0.44453482142676337,0.1976112074609244,0.0002332303259286952,0.056795126987229924,0.0009214746776110008
20835,20835,YAF2,-0.3198994393827476,8.34444683601346,-0.4017190511743363,0.16137819607640905,0.0010011882636261518,0.09261434953463883,0.0034019521738563917
20836,20836,YAP1,-0.2611863447109315,9.2167989389066,-0.6713239756586056,0.4506758802940761,1.270071600187044e-09,0.036621556521128966,2.5869772544489113e-08
20837,20837,YARS,-0.5038095518244399,10.774255635560179,-0.6778376925220121,0.4594639374035658,7.634414629681114e-10,0.06939963307345985,1.722117175059839e-08
20838,20838,YARS2,-0.4186299784389722,10.034981178393561,-0.6470556104858104,0.4186809630611648,7.6020310865631e-09,0.06264698087331684,1.1472546841408816e-07
20839,20839,YBEY,-0.1418456763798301,7.963775318565353,-0.22350783728236615,0.04995575332664067,0.07583922162837407,0.07855962789236791,0.14810157312313468
20840,20840,YBX1,-0.5277587670428939,12.173708507853346,-0.4630569750350979,0.2144217621286553,0.00011671512373829844,0.12829209683389756,0.0004983174299197265
20841,20841,YBX2,0.12551338760847502,6.171250155737853,0.22184870791356928,0.04921684920292018,0.07809689687566622,0.07006127578416135,0.15192133505592453
20842,20842,YBX3,-0.5728971163831178,11.36460043638912,-0.6982450617175407,0.4875461662129323,1.4204066181726682e-10,0.07459338093359076,4.454836442094509e-09
20843,20843,YDJC,-0.4693259082743972,10.034221477122344,-0.7515908501960841,0.5648888060984725,8.308764179857621e-13,0.052311518668675255,9.0871862785261e-11
20844,20844,YEATS2,-0.7499515099021808,11.867468367769046,-0.4518365730635407,0.20415628875780434,0.00017836335918621014,0.18804849081984568,0.0007249359127585173
20845,20845,YEATS4,-0.20549291823939053,8.330680790876118,-0.7244928908533059,0.5248899488969803,1.3141175174055869e-11,0.024829272548989704,6.79169805236706e-10
20846,20846,YES1,-0.2746193186602885,9.002348460889397,-0.2495323083115475,0.0622663728912892,0.046757374757173696,0.1353468652296961,0.09897663248940336
20847,20847,YIF1A,-0.2562362465242733,9.509916828196486,-0.42021281107739,0.1765788065935622,0.0005462850405440337,0.07027266937139763,0.0019732781572945873
20848,20848,YIF1B,-0.3999832519514376,9.443407785710573,-0.44223041582789396,0.19556774068331206,0.00025351581258255685,0.103024874017426,0.0009916699641393189
20849,20849,YIPF1,0.3361796416083884,4.3641693309663285,0.30833500041462664,0.0950704724806878,0.013183197755826895,0.13172254668281125,0.033226506913690806
20850,20850,YIPF2,-0.4774582780834781,10.195142603190547,-0.5380163358170388,0.2894615776059927,4.540190960794818e-06,0.0950031278387851,2.8002801269157443e-05
20851,20851,YIPF3,-0.008080471988543475,7.078504276437153,-0.010348430129009212,0.00010709000613498559,0.9353163729064564,0.09916151585290063,0.9618785228327547
20852,20852,YIPF4,-0.013646945389145562,7.080500507707628,-0.008708698716305377,7.584143333137893e-05,0.945548634144492,0.19900769678502905,0.9674851480059995
20853,20853,YIPF5,0.05206465611356649,6.571785347001579,0.06884026751901191,0.004738982432089128,0.5888455420549052,0.09582373773131472,0.7105455373453122
20854,20854,YIPF6,0.2797166561452955,4.865028174087759,0.31382721992896345,0.098487523968342,0.011560448942003507,0.10747754659318302,0.02968241899918022
20855,20855,YJEFN3,0.020848943453204948,6.918590384499946,0.024613330854319646,0.0006058160557442034,0.8469159117779091,0.10754400999459356,0.9039362044336124
20856,20856,YKT6,-0.15154424882140186,8.142514392464731,-0.18818778303029246,0.03541464168185642,0.13644237836727666,0.10044365813576417,0.23795278276100315
20857,20857,YLPM1,-0.36197675943116464,9.457341420631165,-0.4732520566640044,0.22396750913670999,7.837111390116583e-05,0.08557211877494629,0.0003505011300144044
20858,20858,YME1L1,0.5754642718025825,3.205891610940952,0.39188540116681625,0.1535741676476765,0.0013627344434763125,0.1715765338464658,0.004470536944929488
20859,20859,YOD1,0.1972207499292579,6.0310521569608335,0.3050542216901418,0.09305807817097818,0.014243395291631343,0.07819328520543528,0.0355756314925348
20860,20860,YPEL1,-0.2118713858952348,7.991492544342156,-0.22305635498144816,0.04975413749760983,0.07644837137254336,0.11759256276304016,0.1491566341177067
20861,20861,YPEL2,0.18483887109911476,5.9088931404016956,0.2929589185652397,0.08582492796691475,0.018809843342384218,0.07661352172506161,0.04542513188126801
20862,20862,YPEL3,0.1585506676525959,6.051328511062201,0.242493586460245,0.05880313947435231,0.053527996282038685,0.0805586553603458,0.11078550697577633
20863,20863,YPEL4,0.11748007878450192,6.546246253085685,0.10634807702835014,0.011309913487627894,0.4029344526732339,0.1394982735231233,0.5450400132824587
20864,20864,YPEL5,0.3748046288451808,3.546021579167088,0.5876355789955365,0.34531557370141946,3.3099718014332986e-07,0.0655415976107055,2.7944420803133756e-06
20865,20865,YRDC,-0.2859467637364562,9.09217993719557,-0.5460235167786817,0.29814168087535925,3.060272570644837e-06,0.05571892374806285,1.9676425925568272e-05
20866,20866,YTHDC1,0.20314648527023751,5.989897526396272,0.12310639010300314,0.01515518328419279,0.33247868640962064,0.20797770106572194,0.4745156497858258
20867,20867,YTHDC2,-0.14510068516131622,7.862623080253801,-0.2348189001059155,0.05513991584695191,0.06179908572381875,0.07628239504832064,0.12499901757960791
20868,20868,YTHDF1,-0.5204738641042889,11.740177916488225,-0.7100742759634107,0.5042054773849619,5.0188147701912536e-11,0.06554659921562242,1.891748957177426e-09
20869,20869,YTHDF2,-0.22097367216563826,9.026957934367717,-0.31000900444740875,0.0961055828384735,0.01266896737908334,0.08606552686830378,0.0321248815683899
20870,20870,YTHDF3,0.21803465906100475,5.124699061863542,0.4185376912288393,0.1751737989791672,0.0005779264554519848,0.060086421512808685,0.0020761442257486284
20871,20871,YTHDF3-AS1,0.04566331886196965,6.771949584709938,0.04518267511443184,0.002041474130496299,0.7229503971001066,0.128220047820674,0.817859890903341
20872,20872,YWHAB,0.3376057337305496,3.4838840912992537,0.3354616604218564,0.11253452561298888,0.006732235371203375,0.12040563434330147,0.01847504206861096
20873,20873,YWHAE,-0.2569396473605458,9.474547642774018,-0.5459765704919289,0.2980904155261284,3.0674496130313736e-06,0.05007279791346739,1.97167175334504e-05
20874,20874,YWHAEP7,-0.2422091475345504,8.059580891184059,-0.15448856363023916,0.023866716292534455,0.22288855821805295,0.19672199579895655,0.350140930468001
20875,20875,YWHAG,-0.4405939889738571,11.702584202040168,-0.4657619149860601,0.21693416145148184,0.00010513917092556547,0.10631092291611724,0.00045508469845954836
20876,20876,YWHAH,0.18352619351447536,6.028737003543987,0.10537960131366006,0.011104860373025945,0.4072559342435544,0.21994838747413506,0.5491890717700245
20877,20877,YWHAQ,-0.3476630109487278,10.909947376938936,-0.4350588725426029,0.1892762225780408,0.0003274125498544819,0.09137998186310653,0.0012465047058893822
20878,20878,YWHAZ,-0.0053122197313953895,7.072341910448468,-0.004494634073892659,2.0201735458196922e-05,0.9718815481142479,0.15010026508007746,0.9836462387555636
20879,20879,YY1,0.11477000520597287,6.070903163383376,0.08434717460956476,0.007114445864616406,0.5075480327745783,0.17219146184949224,0.6422199748587993
20880,20880,YY1AP1,-0.10506996436017374,7.898155880782043,-0.11800031602133153,0.01392407458113411,0.35307212444945624,0.11229353346567318,0.49564221800550856
20881,20881,ZACN,0.11870498840399996,6.4799667389670095,0.14970935274501046,0.022412890299329958,0.23770688112757035,0.09956390589354973,0.36823395885381904
20882,20882,ZADH2,0.18645100239209225,5.826309895101019,0.20814512217388928,0.043324391884783285,0.09884612438554644,0.11127176850383473,0.18419351377411652
20883,20883,ZAK,-0.28248841750892845,8.674518457334104,-0.6481505341042947,0.4200991148596825,7.036571604504634e-09,0.04215079823719617,1.0780690682260848e-07
20884,20884,ZAN,0.03975880200039687,6.837541152711286,0.04054468438272967,0.0016438714316951634,0.7504125095381807,0.12443606389537305,0.8378907423197836
20885,20885,ZAP70,0.2482907391927169,5.798184663295574,0.4052218604145428,0.16420475615782318,0.0008950133851753912,0.07114129365962059,0.0030774078844034766
20886,20886,ZAR1,-0.09770106826071337,7.361679532550482,-0.05559325902203637,0.0030906104486912275,0.6626058893601063,0.22284822360902007,0.7703602777887417
20887,20887,ZBBX,0.1816166291869715,6.4731747223465455,0.09792825381517667,0.009589942895289664,0.44139576809702574,0.2344009008624133,0.5818020182689811
20888,20888,ZBED1,0.10027800680652156,6.293837514044648,0.14641152880205713,0.0214363357661556,0.2483194862382293,0.08604568882682627,0.3804508763368507
20889,20889,ZBED2,0.04682977648847195,6.858259099685137,0.03713371028401613,0.0013789124394572453,0.7708102967280743,0.16005095203532482,0.8513580392071379
20890,20890,ZBED3,-0.2732296860088592,8.85912945750998,-0.43371024443449935,0.1881045761274332,0.0003433314536931734,0.07209122488358,0.0013007956686797693
20891,20891,ZBED3-AS1,-0.23421302033002925,7.89586571564911,-0.08254613219506711,0.006813863940365495,0.5166863247334832,0.359115198306553,0.6501738835553245
20892,20892,ZBED4,-0.1811405791705924,7.959820903297808,-0.2356904556316144,0.05554999087583798,0.060810801097370436,0.09485656612885572,0.12332439574485454
20893,20893,ZBED5,-0.06796425534276898,7.496819735550443,-0.05305669874657743,0.002815013281885071,0.6771309043214484,0.1624547295960315,0.7819159458796441
20894,20894,ZBED5-AS1,0.1254275180737991,5.9842908087230136,0.20726647637469928,0.042959392228783776,0.10031042050365836,0.07518532864169683,0.18642483316226588
20895,20895,ZBED6,-0.17913702582194002,7.704418925728705,-0.12668427676337576,0.016048905979059582,0.3185094175022734,0.17813676236708725,0.45944206445632735
20896,20896,ZBED6CL,-0.2347949473822399,8.350198799879857,-0.4751719704182762,0.2257884014711872,7.260522364755149e-05,0.05521688775294046,0.0003277602914504331
20897,20897,ZBED8,-0.2041545499568064,8.055363703417502,-0.5194810136918726,0.26986052358633555,1.0894940188043089e-05,0.0426477824712251,6.0805214830981514e-05
20898,20898,ZBED9,0.19117864592838046,6.253769388440116,0.40029256140746655,0.16023413471815035,0.0010475923808280325,0.05558340214849608,0.003540754332266434
20899,20899,ZBP1,0.244452571297352,5.831587435425631,0.3478528722250297,0.12100162071520287,0.004854804380609008,0.083675286592677,0.013838461084913526
20900,20900,ZBTB1,-0.40600373277035023,9.447394316947884,-0.5260563354496733,0.2767352680667393,8.033852337646665e-06,0.08335863042997695,4.62448358244919e-05
20901,20901,ZBTB10,0.21492017388079995,5.823237584941047,0.4803703037454865,0.23075562872053096,5.889942447762314e-05,0.04983533137184902,0.00027253569168011305
20902,20902,ZBTB11,-0.2550078885098439,8.512415264141193,-0.245662611785899,0.060350118829469314,0.05038691847204338,0.12779143216546174,0.1053115913067815
20903,20903,ZBTB11-AS1,0.06448956279226609,6.7513247361989945,0.048202862590041716,0.002323515961874444,0.7052503931449654,0.1697132012844094,0.8037152543708149
20904,20904,ZBTB12,-0.026255478434274712,7.12945191294103,-0.03408588538396005,0.0011618475824084612,0.7891686471377439,0.0977680771464486,0.8644568290640824
20905,20905,ZBTB14,-0.13623070933751855,7.758554843169949,-0.1923077154238766,0.0369822574115507,0.1279117034787053,0.08828757921758122,0.22626419346534896
20906,20906,ZBTB16,0.13739466467878989,6.4123448808277885,0.3961211254370889,0.1569119460175459,0.001194638424355695,0.04044664351557618,0.003972649735783565
20907,20907,ZBTB17,-0.2421495984665603,8.484194146452667,-0.24408069588275255,0.05957538610260875,0.05193550874225622,0.12218459943498748,0.10793315180552385
20908,20908,ZBTB18,-0.28470296461463906,8.844279566342578,-0.5210234651763218,0.27146545126434185,1.0149303557687896e-05,0.059233028451565015,5.711620804099049e-05
20909,20909,ZBTB2,-0.133629767740854,7.763743341510893,-0.201948158708132,0.04078305880560488,0.10953657839127973,0.08230493784133676,0.1999169494364233
20910,20910,ZBTB20,0.17664188337875927,5.9557553441813385,0.3570925769839893,0.12751510853706635,0.003772361933648064,0.05868079337658608,0.01103925644231741
20911,20911,ZBTB20-AS1,0.09900798601362286,6.582248383299596,0.11372516689885025,0.01293341358617134,0.37090600707986254,0.10984771416627488,0.5139802638583493
20912,20912,ZBTB21,-0.05261409857519375,7.402089245089329,-0.11122284908402652,0.012370522158368138,0.3815929649661314,0.05970480655425306,0.5246600416724809
20913,20913,ZBTB22,0.09066337343640736,6.4156722220468625,0.08867661476594325,0.007863542006347505,0.48592450965433004,0.12933397590219034,0.6227719718462387
20914,20914,ZBTB24,-0.2908452345890575,8.295575098692584,-0.26138295282494783,0.06832104802748891,0.036954169090266886,0.13640239313105468,0.08107827068386317
20915,20915,ZBTB25,-0.26996686503650763,8.307072828178615,-0.4577359284633526,0.20952218020620744,0.00014297654121959625,0.06659543507819625,0.0005958731716917546
20916,20916,ZBTB26,-0.3042751692717819,8.620717706309703,-0.4820517042743971,0.2323738455938508,5.500581529846306e-05,0.0702347315932064,0.00025648645312455567
20917,20917,ZBTB3,-0.2859972330071405,8.556642602530037,-0.20490202844819924,0.04198484126218665,0.1043346840939989,0.1735025728924976,0.19246678456900473
20918,20918,ZBTB32,0.21368537288028885,6.000523600964752,0.2616409830389003,0.06845600400556212,0.036761371897366335,0.1001094011805728,0.08071251226173252
20919,20919,ZBTB33,-0.3646795757655637,9.226944839142226,-0.4050064222412618,0.16403020205666727,0.0009012373277094623,0.10455600478445932,0.003097332856935154
20920,20920,ZBTB34,0.059071602434864576,6.697737803744397,0.1187688921454639,0.014106049741460838,0.3499230571744687,0.06271844796529345,0.4926163159513575
20921,20921,ZBTB37,0.800397501053443,3.58083709859858,0.4865633439236442,0.2367438876501584,4.570236985708111e-05,0.1825179731185049,0.00021775243547966807
20922,20922,ZBTB38,-0.08302406949694557,7.662919761975927,-0.13956050949023566,0.019477135809174147,0.2713877913079125,0.07481255524766639,0.40804958314727785
20923,20923,ZBTB39,-0.41406266080919935,9.265718908497874,-0.4986858378621654,0.24868756488428995,2.741832320460877e-05,0.0914015324989062,0.00013840181561673728
20924,20924,ZBTB4,-0.173957450242475,8.367386311562534,-0.18877226922159585,0.03563496962707066,0.13520673679464504,0.11492902411457018,0.2362544892510319
20925,20925,ZBTB40,-0.095442568136331,7.5228162206628335,-0.06714473634132187,0.00450841561834563,0.5980779839283641,0.18011633260203191,0.7178062817695906
20926,20926,ZBTB41,-0.16848829016499173,8.136396550452778,-0.4323802733617681,0.1869527007923973,0.0003597186708923125,0.04462373442866796,0.0013578016067932763
20927,20927,ZBTB42,-0.24714234245974145,8.468190890579601,-0.3398779163402182,0.11551699801576835,0.006000594389230829,0.08685065784967105,0.016678587023333795
20928,20928,ZBTB43,0.12523624975986158,6.279987024527791,0.11262371574605515,0.01268410134844823,0.3755875879557653,0.14032415084046262,0.5184109386947605
20929,20929,ZBTB44,0.19399385108554695,5.8391786432096175,0.2135290644416901,0.045594661361343436,0.09023395564192137,0.11272014857903975,0.17099993956644852
20930,20930,ZBTB45,-0.5526338317050038,9.986506226067972,-0.6104832151944581,0.3726897560341631,8.50157784336228e-08,0.09105610849083508,8.69224118026488e-07
20931,20931,ZBTB46,0.3992201810401237,5.350465050842747,0.2539341720774764,0.06448256374867338,0.04289251080530437,0.19311741415820805,0.09210087471381914
20932,20932,ZBTB46-AS1,0.0456232636307356,6.84047909392724,0.050065362813247694,0.002506540553622125,0.6944114696752728,0.11558677986384422,0.7949188759220823
20933,20933,ZBTB47,-0.13711520393383844,7.775578053537479,-0.10494323526828968,0.011013082628575598,0.40921184100220576,0.1650177243245596,0.5507447120511353
20934,20934,ZBTB48,0.020700651042464574,6.889657276544804,0.024017344641694374,0.0005768328436379258,0.8505795724757834,0.10943037203638764,0.9064616457659002
20935,20935,ZBTB49,-0.07464724070266933,7.406811024210726,-0.06963415346390127,0.004848915328634153,0.5845448859665116,0.13581261900166905,0.7072477095544087
20936,20936,ZBTB5,-0.44418595348220935,10.397832905756117,-0.5535972119388213,0.3064698730664362,2.0873798260341837e-06,0.08486092229596917,1.395502314728953e-05
20937,20937,ZBTB6,-0.13875750992831273,7.528319360179923,-0.2344548645790489,0.054969083524780166,0.06221569815309864,0.07306752772724455,0.12565574925436962
20938,20938,ZBTB7A,0.4609891766348085,4.432666953077769,0.4318525646556835,0.1864966375996913,0.00036641617082071114,0.12227539014664306,0.0013811561669490862
20939,20939,ZBTB7B,0.2811983942308787,5.168734568466763,0.40014356877698665,0.16011487563358304,0.001052549411343681,0.08179205033425299,0.003551964703544867
20940,20940,ZBTB7C,0.35851443230052066,4.535558606075753,0.6595422132923476,0.4349959311145686,3.0898014049405805e-09,0.051891232842765436,5.4309780376613855e-08
20941,20941,ZBTB8A,-0.07555048093972734,7.612708027998003,-0.15108238451017367,0.022825886909279964,0.2333819025051901,0.06277887583054964,0.36327472897548235
20942,20942,ZBTB8B,0.1388271787292378,6.5501872646414725,0.11893108136305958,0.014144602114186697,0.3492607519769935,0.14719392796287056,0.491886159213176
20943,20943,ZBTB8OS,-0.07046986794499771,7.6185466502804875,-0.10547451430061773,0.011124873166951214,0.4068312306884152,0.08437830662592982,0.5488049738492423
20944,20944,ZBTB9,-0.427353453062447,9.853725106084024,-0.5983421581678342,0.3580133382409415,1.7738314822824118e-07,0.07267830190400831,1.6255743016853843e-06
20945,20945,ZC2HC1A,-0.2432270816751559,8.168118100072789,-0.22613008723427566,0.05113481635258111,0.07237722569529713,0.13306382083669574,0.14245853685072343
20946,20946,ZC2HC1B,0.050474909924646566,6.836726068348839,0.053449525141068016,0.0028568517378056626,0.6748736295245498,0.1197607787499784,0.7804330047716611
20947,20947,ZC2HC1C,-0.15077530862088925,7.860092560482223,-0.20796684961460607,0.043250210538624184,0.09914186816398644,0.09006155807896936,0.1846333982706507
20948,20948,ZC3H10,0.1424552714358554,6.296555855838175,0.06600264821059006,0.004356349570810907,0.6043327415394607,0.2735100463028713,0.7231267596494965
20949,20949,ZC3H12B,-0.09380402453529164,7.400411337253883,-0.07543338745568083,0.005690195943038864,0.5535705215270179,0.1574790828580868,0.6818542967211546
20950,20950,ZC3H12C,0.3205750157418536,5.390867720535702,0.5220186189979376,0.2725034385805139,9.693760189908748e-06,0.06652169498450357,5.475179366522534e-05
20951,20951,ZC3H12D,0.09951007194658304,6.551826859900679,0.2864461603145857,0.08205140275896937,0.02174925941241448,0.042270498705420184,0.05147324727604761
20952,20952,ZC3H13,-0.1894034030791664,8.242878052728036,-0.16446417219575352,0.027048463936034464,0.19406576956726104,0.1442667451740702,0.31479357602839236
20953,20953,ZC3H14,0.18296807714669264,5.768260934515143,0.17037334167685814,0.02902707555413945,0.17830649752404354,0.13439446954548118,0.294255997857275
20954,20954,ZC3H15,-0.6521899285254144,11.982034669119331,-0.7012096584653658,0.4916949851251149,1.0996155971602641e-10,0.08421560073187083,3.6079054176523515e-09
20955,20955,ZC3H18,-0.3133884626456514,8.786061411410797,-0.3855833689559188,0.1486745344153962,0.0016523444425869914,0.09523940595946286,0.005289993924337862
20956,20956,ZC3H3,-0.4063126096046469,9.035940987619595,-0.3064633179718728,0.0939197652623292,0.013779373986747395,0.16027629144836714,0.03454414721961274
20957,20957,ZC3H4,-0.5254883606363836,10.194850091611944,-0.28097004021123995,0.07894416349630579,0.024514237826107264,0.22795557715227574,0.057111976344739405
20958,20958,ZC3H6,-0.005098374221315207,7.0413411918125615,-0.0060351151316597774,3.642261465238881e-05,0.9622504139067851,0.10728583757783218,0.9775994704739118
20959,20959,ZC3H7A,-0.08044764906211048,7.590789457151684,-0.1265570014124283,0.016016674606505375,0.3189998146441099,0.08008021040914391,0.45980969724730053
20960,20960,ZC3H7B,0.1276517748287878,6.3530532359554,0.06715771179057976,0.004510158252946575,0.5980070876261119,0.24085382000246314,0.7177609734255322
20961,20961,ZC3H8,-0.3410047648965244,8.982736079999917,-0.6331419456481135,0.4008687233390788,1.9771915323108628e-08,0.052944946300151716,2.526022574170604e-07
20962,20962,ZC3HAV1,0.03688655818789989,6.735337793959348,0.04341219433689787,0.0018846186171445878,0.7333947581573633,0.10780798400658208,0.825664855102558
20963,20963,ZC3HAV1L,-0.2836563138124432,8.497734375596801,-0.6849427786561458,0.469146610033202,4.3169391581862483e-10,0.03832036317082133,1.0895491546681025e-08
20964,20964,ZC3HC1,-0.34030692855214983,9.480395271719011,-0.6693048338366306,0.44796896059707975,1.4833121835500674e-09,0.0479769608716682,2.927338268865225e-08
20965,20965,ZC4H2,-0.06418483632654684,7.383093415680047,-0.05230196776054158,0.0027354958316247306,0.6814757035862085,0.15564090426074315,0.7852289911972454
20966,20966,ZCCHC10,0.21917726111075986,5.407071604584578,0.33745796218936464,0.11387787624499865,0.006392347005471206,0.07764737192821371,0.01762493944531181
20967,20967,ZCCHC11,-0.4480001311995562,9.15757637413029,-0.3867653480803885,0.14958743447574407,0.0015941478495119276,0.1356593006425902,0.005124891876659856
20968,20968,ZCCHC12,0.019999772313934083,6.940300314873687,0.02127816980393477,0.00045276051020508133,0.8674572297767479,0.11934290318516808,0.9179878957540671
20969,20969,ZCCHC13,0.036677945148052817,6.876064806658901,0.04780706289033295,0.00228551526220025,0.7075613977799775,0.09732406222201416,0.8056281649364011
20970,20970,ZCCHC14,0.5524621320631056,3.955563127325968,0.5753095956699533,0.3309811308699252,6.605125569142516e-07,0.099752602730289,5.112008370256654e-06
20971,20971,ZCCHC17,-0.34581668581900044,9.679710609190526,-0.4147899045166735,0.1720506648889511,0.0006548284844509255,0.09634380688349717,0.002326166474866272
20972,20972,ZCCHC18,0.3256011279916421,5.878222845698834,0.28166661726894193,0.07933608328372861,0.0241468164066281,0.14086569395817114,0.056346908328182274
20973,20973,ZCCHC2,0.04598033391808904,6.73412617174737,0.07632930978241304,0.005826163531859574,0.5488562129911205,0.07628095222008137,0.6778495393460717
20974,20974,ZCCHC24,0.2139862965077922,5.701097496081578,0.7472812204770919,0.5584292224777321,1.31918150574338e-12,0.024166080155794738,1.2313308408134868e-10
20975,20975,ZCCHC3,0.05440159421981422,6.7177180676642525,0.037391183517202296,0.0013981006048171007,0.7692649930489467,0.18464721603052486,0.8503973364885875
20976,20976,ZCCHC4,-0.3914504330354449,8.70034389078862,-0.4969489430051062,0.2469582519538923,2.9535968967907648e-05,0.08681178552493816,0.00014774807299608228
20977,20977,ZCCHC5,-0.12943106027802415,7.621816572646647,-0.1294749038049941,0.016763750715312473,0.3078781786165915,0.1258884852114985,0.44803645498698913
20978,20978,ZCCHC6,0.2006617442826482,5.832372895488745,0.2378187427034462,0.05655775438104794,0.05845108564049964,0.10408312408354592,0.11923118496090991
20979,20979,ZCCHC7,-0.13395774880528852,7.891566948472068,-0.2354124502230972,0.05541902172004222,0.061124643133602476,0.07023638746284587,0.12386806541813228
20980,20980,ZCCHC8,-0.2678352101411277,8.74280984162992,-0.36888565545050617,0.13607662679714955,0.002704427984308464,0.0857072714611178,0.008226490799297624
20981,20981,ZCCHC9,-0.3010396718979981,9.331282109278877,-0.5712584824565502,0.3263362537785607,8.238428095667956e-07,0.05493091249126943,6.2444228355509134e-06
20982,20982,ZCRB1,-0.3520273250599423,10.157853600432995,-0.4930109393197506,0.2430597862889428,3.4910963949124125e-05,0.07889595985725481,0.00017146675534549397
20983,20983,ZCWPW1,-0.046134825505874964,7.294698890618732,-0.03660152624799375,0.0013396717236825756,0.7740071686610804,0.15997154569091246,0.8535916295251424
20984,20984,ZCWPW2,0.020110125211646856,6.953487240916081,0.0138965991472123,0.0001931154678583016,0.9132128884675428,0.18376739586219693,0.947689500397961
20985,20985,ZDBF2,0.1770944360250652,6.417489000191872,0.12392138242853758,0.015356509022999863,0.3292632289174202,0.18009527943649553,0.4711375196383464
20986,20986,ZDHHC1,-0.34992051416891795,8.748403363594493,-0.4380938322756137,0.19192620587793355,0.0002940232255950917,0.0911867907906322,0.0011317228848669945
20987,20987,ZDHHC11,0.05473247816784803,6.689611426591169,0.07150042482181801,0.005112310749700449,0.574491448786947,0.09696782937490016,0.699071024722981
20988,20988,ZDHHC12,-0.20435337186696872,8.569378285040475,-0.23689020813146094,0.056116970708566895,0.059471299223624416,0.10643830321341717,0.12106340165170519
20989,20989,ZDHHC13,0.3595746673684929,4.772136915637066,0.5171993321269057,0.2674951491525173,1.2091906769690176e-05,0.07556845441116175,6.666248500449103e-05
20990,20990,ZDHHC14,0.6674550342846336,3.8487267377115946,0.5480388015578032,0.3003465280129132,2.766580345688201e-06,0.12937678572485012,1.7974886704433837e-05
20991,20991,ZDHHC15,-0.11083291694825607,7.357061254998808,-0.07754084789529411,0.006012583092321137,0.5425120557688831,0.1809809302847933,0.6720947149830829
20992,20992,ZDHHC16,-0.37443734271421203,10.121305662463369,-0.4171380419383591,0.1740041460321682,0.0006056308581800979,0.10360779838317127,0.0021673665332301337
20993,20993,ZDHHC17,0.09673036314100232,6.504992744060752,0.11272338104324026,0.012706560633819535,0.37516251398169054,0.10828694272089624,0.5180884025427912
20994,20994,ZDHHC18,0.4110124653463255,4.965815430010854,0.2950401862403649,0.08704871149674923,0.01794505682421573,0.16904478531513115,0.043599260128844575
20995,20995,ZDHHC19,0.027877712382884917,6.899934051143737,0.023354027082214488,0.0005454105809568078,0.8546608342039683,0.1515587595764191,0.9092255592518704
20996,20996,ZDHHC2,-0.12317630827509712,7.8106259231228545,-0.26748710015391364,0.07154934874874982,0.032612240256646885,0.056351815058274975,0.07293380798902079
20997,20997,ZDHHC20,-0.16688286245195513,8.374969452991978,-0.3634244095953201,0.13207730148970698,0.003159904348153661,0.0543303277930083,0.009440911790737794
20998,20998,ZDHHC21,0.3385535307400299,5.513722002580839,0.3549672562752981,0.12600175302761318,0.0040003435477796,0.11323964252244804,0.011634090723498152
20999,20999,ZDHHC22,0.3057273962210324,5.534471602794759,0.25306081268071423,0.06403977491462354,0.043637624670090885,0.14843704874304994,0.09343214971631582
21000,21000,ZDHHC23,0.2627591498353898,5.117600229386128,0.5767117045300086,0.332596390141908,6.114581315144713e-07,0.047271296450457766,4.7801898331934575e-06
21001,21001,ZDHHC24,-0.1865250577246113,8.263937697067608,-0.183817929843124,0.033789031331811666,0.1459513440112525,0.12667457306267813,0.2511876172262463
21002,21002,ZDHHC3,-0.3910760245814195,9.807830997351086,-0.3777475883152074,0.1426932404779554,0.0020888123294588424,0.1217395720389388,0.006524977213444548
21003,21003,ZDHHC4,-0.4050986284581054,9.405938977708336,-0.4614647578860357,0.21294972277081756,0.00012406590971371497,0.09890713605318492,0.0005259685346222588
21004,21004,ZDHHC5,0.3850875110357808,3.7564552826823787,0.27966771532985,0.07821403099781798,0.02521385396475601,0.1678944349942017,0.05845262901261015
21005,21005,ZDHHC6,-0.3845108361451484,10.587296935667368,-0.5692448804278311,0.3240397338932957,9.18474766682528e-07,0.07053004962127862,6.8513851438202355e-06
21006,21006,ZDHHC7,0.32451530407175155,4.058724081389326,0.5286270987095826,0.27944660949011074,7.119394703539368e-06,0.06617942641789351,4.1701512660304304e-05
21007,21007,ZDHHC8,-0.4846075982205265,9.986403381775627,-0.3588051414600477,0.12874112953816486,0.003597115051837289,0.16010663253187313,0.010577882461642653
21008,21008,ZDHHC8P1,-0.15759725356557291,7.756160249803847,-0.253692048020441,0.06435965522880574,0.04309802204184168,0.07631333192266004,0.09249630003132622
21009,21009,ZDHHC9,-0.4848056338774331,10.569293897085661,-0.6472712146616929,0.41896002532962334,7.48738624830436e-09,0.07250843405130249,1.1362252922707141e-07
21010,21010,ZEB1-AS1,-0.2148155060481946,7.829727812019068,-0.3389662180145235,0.11489809695506945,0.006145634450647637,0.07571989474579527,0.01703580568724713
21011,21011,ZEB2,0.306024427556018,5.793684746562313,0.6792103181184219,0.4613266562385279,6.846636645183809e-10,0.04199704341219988,1.5789554478323255e-08
21012,21012,ZER1,0.451625410153661,4.366521252258647,0.4944926277576627,0.2445229589066784,3.2790378575235826e-05,0.1008168997918288,0.0001622288435107909
21013,21013,ZFAND1,-0.2425914615388609,8.98855385514385,-0.5469974446165887,0.2992062044170781,2.914877381711692e-06,0.047150846373225606,1.885354531092195e-05
21014,21014,ZFAND2A,0.1339451159219079,5.9301717281762825,0.4159462764365611,0.17301130488144012,0.0006301647252288276,0.037191490465946934,0.002248511636979776
21015,21015,ZFAND2B,0.33422242850318706,4.507065744652373,0.40019689464588254,0.1601575544842076,0.0010507728163750393,0.09719970378440958,0.003547074877412545
21016,21016,ZFAND3,0.051447219734571364,6.646953115799309,0.059896165491504574,0.003587550640585703,0.6382494481624705,0.10888965396432954,0.7506268288686416
21017,21017,ZFAND4,0.3925566136353055,5.4969952622051,0.2756487857223219,0.07598225307019052,0.027480015485604102,0.17385633747993584,0.06293809998315779
21018,21018,ZFAND5,-0.5857996700043632,10.585355404741817,-0.3332115280819893,0.11102992244673436,0.007134242933062571,0.21051198733464493,0.01944763730053751
21019,21019,ZFAND6,0.16945889728935773,5.692789598145182,0.3037619545490252,0.09227132503144406,0.014680702998537175,0.06750146214226019,0.03656666936201087
21020,21020,ZFAS1,-0.3196783791808907,9.891467988853806,-0.7481593453002295,0.5597424059600681,1.2015004275207852e-12,0.03600615466739678,1.1519576984458628e-10
21021,21021,ZFAT,0.06628408229220661,6.6268272411951425,0.15558666982660962,0.02420721182773444,0.2195769815391946,0.05344656763299276,0.34622740228252014
21022,21022,ZFC3H1,-0.2863573660598013,8.525047447065633,-0.3582103645835518,0.12831466529508112,0.0036571422669565905,0.09478819129483727,0.01073545015466246
21023,21023,ZFHX2,0.0783087722252653,6.597301672824362,0.05505843531126097,0.003031431298924309,0.6656583735833532,0.18035635027805308,0.7728303710029762
21024,21024,ZFHX3,0.1526903982104773,6.212196528198326,0.12341523175004405,0.015231319427917082,0.3312578669577877,0.15592445468027202,0.4732411339867326
21025,21025,ZFHX4,-0.14669506562314796,7.525269691271565,-0.07560475788882719,0.005716079415428178,0.5526672822142102,0.2457116464754101,0.6809708623063004
21026,21026,ZFHX4-AS1,-0.13113640200711205,7.430006534963544,-0.07009100798425617,0.004912749400249061,0.5820764834087496,0.2370258399792404,0.7053548459840562
21027,21027,ZFP1,-0.5147827527638755,9.193093330514484,-0.26403843484731404,0.0697162950766193,0.0350096639510805,0.23881890369541206,0.07757628262564638
21028,21028,ZFP14,0.02897490306140573,6.9272304823635285,0.022048479485348656,0.0004861354476158405,0.8627046035370497,0.16685603275912586,0.9150153396480781
21029,21029,ZFP2,0.17521658733830953,6.3669349141953875,0.21093263977821827,0.044492578523807585,0.09431060027231426,0.1031223062611042,0.17728264313341713
21030,21030,ZFP28,0.15151476536061026,6.360004193668178,0.12181779115620245,0.014839574242176157,0.3376029260320489,0.1567840472761665,0.47977368179708746
21031,21031,ZFP3,0.2727718939526005,5.074808839359296,0.6022595432184676,0.3627165573977173,1.4037890390963682e-07,0.04591836348610839,1.3373977844976618e-06
21032,21032,ZFP30,-0.35067810397930205,8.842143639738971,-0.5022399962520137,0.2522450138352227,2.3516677469726144e-05,0.07667983483332061,0.0001205334084276733
21033,21033,ZFP36,0.11654112130061325,5.965552338629887,0.28220185335981235,0.07963788603971303,0.023867670954256195,0.05031562276646916,0.05582786935778979
21034,21034,ZFP36L1,-0.3345999672155032,8.895910222089375,-0.4795495902791336,0.2299678095368849,6.089098989119708e-05,0.0777590534710332,0.0002806714316930338
21035,21035,ZFP36L2,0.14331429047868485,5.879362059481339,0.22190065034646825,0.04923989862418556,0.07802541540567667,0.07997800233011186,0.15182319800610372
21036,21036,ZFP37,-0.021726097133755,7.096065345012268,-0.025855898357547504,0.0006685274798758277,0.8392880300337602,0.10667951260631177,0.8991878772782669
21037,21037,ZFP41,0.1791141832579139,6.119794704602801,0.14071867035531646,0.01980174418656822,0.2673907989839604,0.16004399076842066,0.40305915021562455
21038,21038,ZFP42,-0.3504871755590727,8.156320605039845,-0.14572812429529722,0.021236686210625598,0.25055854719287746,0.3021842000700781,0.38293777538723706
21039,21039,ZFP57,0.09310803977010296,6.5622158418306755,0.11931125429163315,0.014235175400642747,0.3477113486525085,0.0984003370020712,0.49021414421029114
21040,21040,ZFP62,-0.3379866507157493,9.816787863339997,-0.5263832180153044,0.2770792922081475,7.911784821159769e-06,0.06933411884298359,4.566356617862868e-05
21041,21041,ZFP64,-0.4215215050761594,9.372700819658851,-0.22064641419404474,0.04868484009668995,0.07976603595718511,0.23664058285655884,0.1545574005594885
21042,21042,ZFP69,-0.34508161591318337,8.461840518984722,-0.4192660462678404,0.1757840175530669,0.0005639694890544352,0.0948979435056684,0.0020327495481813904
21043,21043,ZFP69B,-0.2880669784063518,8.027916202177062,-0.5083774764401089,0.25844765855161345,1.796778670973878e-05,0.061970105680336535,9.45316863944104e-05
21044,21044,ZFP82,0.2748659518448465,5.711099844589603,0.4447770586291591,0.1978266318828064,0.00023118659625826269,0.07029377109635586,0.0009142340653711977
21045,21045,ZFP90,-0.4196406170345376,9.56083342736508,-0.6105914532081469,0.37282192273083664,8.444841132517568e-08,0.06912360597624666,8.64647918319943e-07
21046,21046,ZFP91,0.4161154638943503,3.503437807006183,0.5137366805575332,0.2639253769502729,1.4144130865832206e-05,0.08825480468950914,7.645810132291473e-05
21047,21047,ZFP92,0.16868740803335075,6.138906165139948,0.2819862714565839,0.07951625728998622,0.023979774756185616,0.07288982650467228,0.05602956650250319
21048,21048,ZFPL1,0.10902256856697888,6.3109483660333145,0.08814990965157933,0.007770406571581601,0.488528904704883,0.15646052436483027,0.6251680316383549
21049,21049,ZFPM1,0.041932032799688115,6.728571394212412,0.043642940110587024,0.0019047062214962854,0.7320307718376817,0.12190515634713413,0.8248582768313559
21050,21050,ZFPM2,0.20708075736565296,6.276797785083923,0.5634003487573639,0.3174199529799193,1.254222842859432e-06,0.03856590995573093,8.975609934607073e-06
21051,21051,ZFR,-0.2847263208444483,9.041456119453807,-0.3962328585707216,0.15700047821112548,0.0011904690493705894,0.08379053204701009,0.00395939291416374
21052,21052,ZFR2,-0.05681980774760411,7.249998143947617,-0.037026687878767374,0.001370975615271659,0.7714528857223757,0.1947561327363975,0.8517289813560746
21053,21053,ZFX,0.08943773949919903,6.5332599977133405,0.0866076426660049,0.007500883768162394,0.4961969630865463,0.1306573410433048,0.6322987150228552
21054,21054,ZFY,0.002600144147881145,7.005379538926219,0.008109058406413003,6.575682823861739e-05,0.9492927901357886,0.040720853545089766,0.9694838412747832
21055,21055,ZFYVE1,0.3013343669236796,4.954207617249705,0.3731260846944186,0.13922307507938644,0.002392137514093356,0.09515738916520093,0.007372863345814349
21056,21056,ZFYVE16,-0.24450628398623805,8.164410945241851,-0.2408616827425704,0.05801435021358262,0.05520668050596112,0.12512630148647808,0.11380301440805218
21057,21057,ZFYVE19,-0.1950678414087166,8.237643991358429,-0.23873588644098495,0.056994823474762875,0.057457354713005435,0.10076951430845256,0.11763628782359202
21058,21058,ZFYVE20,-0.24726611014358696,8.40304434776349,-0.1521474074805011,0.02314883360303764,0.2300648413465488,0.2039944703252044,0.3590669649988839
21059,21059,ZFYVE21,-0.048648736378219405,7.415947861097629,-0.06075512853373211,0.00369118564315031,0.6334315475933162,0.1015055436896693,0.7469483861431748
21060,21060,ZFYVE26,0.2436149494141551,5.431653884604111,0.2747463611822685,0.07548556298289752,0.02801177193943576,0.10827619609785427,0.06396783045874634
21061,21061,ZFYVE27,0.2806189072156005,4.921309812334289,0.42441754395271203,0.1801302516148522,0.00047367478510202136,0.07603266052465893,0.001736192869225503
21062,21062,ZFYVE28,0.43799968047244336,4.89592898548376,0.4945422640748393,0.24457205095626805,3.2721450013535605e-05,0.09776222122934168,0.0001619618285812831
21063,21063,ZFYVE9,0.01871120201206251,6.913539666063918,0.017818197394519713,0.00031748815839006907,0.8888597559441838,0.13334389117912673,0.9315325952171175
21064,21064,ZG16,0.07747002890087941,6.110243376042563,0.8281559011227854,0.6858421965644926,3.1218208362675644e-17,0.006658857150605565,4.225189388085882e-14
21065,21065,ZG16B,-0.10700173539800167,7.977576523826836,-0.4112000546798895,0.1690854849687441,0.0007370751714518854,0.030124509593887287,0.0025831627832643756
21066,21066,ZGLP1,0.06917250231304421,6.572040181941974,0.09174425922572337,0.008417009100876727,0.4709026745355084,0.09535056650841653,0.608799845795011
21067,21067,ZGPAT,-0.0844312368544833,7.58568694052386,-0.08990205499532601,0.008082379492382623,0.4798935520968609,0.11878879866005068,0.6171077714167176
21068,21068,ZGRF1,-0.5415453217390835,8.990789422460482,-0.2895794687765199,0.08385626873689148,0.020289745859981355,0.22732803803099585,0.04851213940575204
21069,21069,ZHX1,0.30461716240435305,4.87488396298192,0.5636940566661524,0.3177509895207434,1.2349141733419242e-06,0.05668739824861978,8.860856999244324e-06
21070,21070,ZHX1-C8orf76,-0.34294351983462856,8.502868685250755,-0.3910581568145038,0.15292648201115702,0.0013979456359232885,0.10250521468717144,0.004565989856096352
21071,21071,ZHX2,-0.2485305390933226,8.391757101041259,-0.23350554485743394,0.054524839479167087,0.06331279586050348,0.13143522745641253,0.12746732933796978
21072,21072,ZHX3,0.5222959345638565,4.267037784612864,0.27979504370046515,0.07828526647934521,0.025144717134898183,0.22760355879804015,0.05832357000387962
21073,21073,ZIC1,0.12011533564139258,6.558289373699764,0.1188026468061093,0.014114068888137153,0.34978515484366834,0.12749402515917166,0.49252861227255595
21074,21074,ZIC2,-0.07397629847291454,7.2600740634155665,-0.12295494617907825,0.015117918789900032,0.33307836330640306,0.07583031605660427,0.47527754068266725
21075,21075,ZIC3,-0.13832393181798625,7.4731655034985875,-0.08572291643673449,0.007348418402419364,0.5006238694291387,0.2041751868890382,0.6363588807518196
21076,21076,ZIC4,-0.00022194046152311167,7.016568699539291,-0.0001591587403238214,2.533150462146561e-08,0.9990041012714296,0.1770965665194736,0.9992348181539403
21077,21077,ZIC5,0.0935560836183364,6.554774791801429,0.13621913386534115,0.018555652431023733,0.2831422108120238,0.08641137447358149,0.42094223363547817
21078,21078,ZIK1,0.4173364866736332,5.433001140235467,0.3425181728677052,0.11731869874463118,0.005597393443624549,0.14538140294585952,0.015684725028686546
21079,21079,ZIM3,-0.24585013633134034,7.75135387297747,-0.13252997609414496,0.017564194563514636,0.2965053267116619,0.2335138155649512,0.43525100663917016
21080,21080,ZKSCAN1,-0.041561564408700825,7.359903003767446,-0.06474539932805516,0.004191966734149326,0.6112511035281916,0.08135325621718671,0.7290505974280121
21081,21081,ZKSCAN2,0.121283733611775,6.372057709468286,0.1192804860111731,0.014227834343061659,0.3478365866303825,0.12821108891617847,0.49029494782795896
21082,21082,ZKSCAN3,-0.7705446814275702,10.250281037919702,-0.4538952538179058,0.20602090143842108,0.00016519190168420416,0.1921103997727764,0.000678405202156541
21083,21083,ZKSCAN4,-0.14454187095681298,7.992492066840532,-0.1310314300134949,0.017169235651381412,0.3020491136637413,0.13888703852061401,0.44141476780749644
21084,21084,ZKSCAN5,-0.3450963327678009,8.812970174463088,-0.3821061933379212,0.14600514298719686,0.0018347657875760405,0.10599565187264673,0.005805355512852011
21085,21085,ZKSCAN7,-0.10933672785009617,7.4748863554468485,-0.10908642393742143,0.011899847887454832,0.3908615108182594,0.12653189312539986,0.533528669519542
21086,21086,ZKSCAN8,0.007776710550387374,6.9763328875212345,0.009778166320627243,9.561253659384896e-05,0.9388738388998328,0.10100012400011983,0.9640455358763093
21087,21087,ZMAT1,0.06156660174928628,6.811026193791286,0.06271230779812316,0.0039328335493665385,0.6225105143322069,0.12443451727056948,0.7378967252358974
21088,21088,ZMAT2,0.09984944809666084,6.15613752392704,0.07702000427668948,0.005932081058781263,0.5452350518840029,0.1641550753088382,0.6747560196837696
21089,21089,ZMAT3,-0.1557851557365842,8.076449138308027,-0.3669707864219131,0.13466755808711736,0.002856992088246002,0.05015222768341958,0.008635980411916133
21090,21090,ZMAT4,0.15637695951651756,6.3265524446270565,0.14577438330161066,0.0212501708269649,0.2504065548073735,0.13478189458969242,0.3827865272027159
21091,21091,ZMAT5,-0.2441274041050091,8.552440317909474,-0.3039852624870984,0.09240703980935012,0.014604319936066616,0.09716586440862496,0.03638897114434732
21092,21092,ZMIZ1,0.4429885260221509,4.210823796264202,0.3776670250064071,0.14263238177719012,0.002093790526283017,0.13793392799876528,0.006538943444859928
21093,21093,ZMIZ1-AS1,-0.3936359635594584,8.545571721821531,-0.3483696101704757,0.1213613852903292,0.004787718036943996,0.13451285960136725,0.013665221311456734
21094,21094,ZMIZ2,-0.4333546726765041,9.812488241135632,-0.41453822675536783,0.17184194144148476,0.0006603110750320581,0.12082023323584448,0.0023425682060647475
21095,21095,ZMPSTE24,0.1027472675397584,5.9583153116219245,0.09106780144525012,0.0082933444600715,0.4741935481898326,0.14269251686716125,0.6117713502503902
21096,21096,ZMYM1,-0.20669171904660236,8.152443208308343,-0.5435985508472951,0.2954993844832793,3.452299846235099e-06,0.040531215741196135,2.1821235601348825e-05
21097,21097,ZMYM2,-0.19497776045206908,8.018881845874267,-0.21568309854084106,0.04651919899617815,0.08695801188507372,0.11210606149617433,0.16588052742875894
21098,21098,ZMYM3,-0.6942233254253184,10.956541201712234,-0.5132817573703828,0.2634581624492285,1.4436626552200846e-05,0.14741654828543013,7.780615928021636e-05
21099,21099,ZMYM4,-0.324909528623763,9.4874048705363,-0.5119691004745256,0.2621123598406949,1.5312444492176232e-05,0.06923376841321023,8.199579265036507e-05
21100,21100,ZMYM5,-0.2181305841843109,7.861353239308047,-0.2392449312409089,0.05723813712446722,0.056911742864017824,0.11242916243015028,0.11669574772467627
21101,21101,ZMYM6,-0.3849082180699939,8.802818084428562,-0.31643669201196695,0.10013218005147646,0.01085206497077024,0.14654259027125327,0.02808334929995573
21102,21102,ZMYND10,0.14891518094461073,6.277848742192161,0.1292386848807307,0.016702637669700808,0.3087691033317197,0.1451085611635457,0.4489924075106359
21103,21103,ZMYND11,-0.16540202392764888,8.112992997492693,-0.15556462723373127,0.02420035324636976,0.21964311502051376,0.13338729035421376,0.3462705049336943
21104,21104,ZMYND12,-0.04928419459768757,7.255333602685666,-0.11661024816727256,0.013597949977632891,0.35881185862068865,0.05330918984025241,0.501359581780295
21105,21105,ZMYND15,-0.22900714030334415,8.097809823866005,-0.27451924870033145,0.07536081790699442,0.028146953075146846,0.10187474241744922,0.06421118402631411
21106,21106,ZMYND19,-0.2857973793644557,8.968369114238387,-0.7201589405047951,0.5186288995889891,1.983140007587861e-11,0.03496826200293489,9.129039670307271e-10
21107,21107,ZMYND8,-0.21118397689407026,8.308201639046933,-0.17031225856828258,0.029006265418629544,0.17846449827545727,0.1551770261692465,0.29447186148697246
21108,21108,ZNF10,-0.1020535099656926,7.466850115914108,-0.10220065450355656,0.010444973780955331,0.4216290472624177,0.12615323705450726,0.5625617386609769
21109,21109,ZNF100,0.21885508494806127,6.111562047583336,0.15527804124320976,0.02411127009232795,0.22050421675807874,0.17682794675601002,0.3472488410949164
21110,21110,ZNF101,0.41773767879915097,4.9343327438162605,0.4772435035034174,0.2277613616362164,6.682466483165222e-05,0.09768852290358464,0.000304842662087514
21111,21111,ZNF106,0.27273539054224616,4.908585911569563,0.2939571467583485,0.08641080413030924,0.018390732324793668,0.11262559689758372,0.04453218254427003
21112,21112,ZNF107,-0.3837530589716205,8.593286705165367,-0.2880282007780952,0.08296024444346672,0.02100156653575549,0.16203732906476204,0.04999878224843724
21113,21113,ZNF112,-0.1716988734249817,7.927427702669207,-0.4093421042199492,0.1675609582872157,0.0007832194755484768,0.04860281273792108,0.0027259109198010715
21114,21114,ZNF114,0.1303679926732958,6.570438181064983,0.09564283353230836,0.009147551606088848,0.4521784356294594,0.17231663023904684,0.5914068988075101
21115,21115,ZNF117,0.11100861226537333,6.592091454329071,0.10194918500963757,0.010393636324129306,0.422778276626368,0.13756511327185422,0.5637130460158857
21116,21116,ZNF12,-0.026686609059849344,7.236021832725671,-0.03847611953989514,0.0014804117748483006,0.7627633031381464,0.08802065133683698,0.8463668974597134
21117,21117,ZNF121,-0.3132541082738511,9.809664910061217,-0.7192225909429929,0.5172811353227519,2.1653519418943102e-11,0.038431270860647834,9.789289415808202e-10
21118,21118,ZNF124,0.014986280730855174,6.933977604451708,0.022874352716235287,0.0005232360121867406,0.8576145475289904,0.08318318719498001,0.9113338940505289
21119,21119,ZNF132,0.4895489911958134,5.259697925603317,0.6263118886462166,0.3922665818595908,3.107059506503729e-08,0.07738668062144015,3.67066959156237e-07
21120,21120,ZNF133,-0.4858840879151035,9.83217766827834,-0.6020642852160758,0.3624814035327443,1.4203611764148954e-07,0.08183524659541004,1.3496614009091676e-06
21121,21121,ZNF134,0.2365694867748564,5.556168574415303,0.4581877631245408,0.2099360262770703,0.00014055189225253565,0.05828415789907771,0.0005880315353030641
21122,21122,ZNF135,0.1799730993492492,6.2095078128439765,0.11213049726424497,0.012573248416726851,0.3776954402919557,0.20255382438530894,0.5205903354033671
21123,21123,ZNF136,-0.09510113776844643,7.570574836784049,-0.175284283449991,0.030724580024576786,0.1659335965623775,0.06783760240435291,0.27835556848387055
21124,21124,ZNF137P,0.10458332882282104,6.533874842200537,0.2588574912364453,0.06700720076922635,0.03888588632946072,0.049561566465189735,0.08477538190521211
21125,21125,ZNF138,0.017434342184676082,6.935761067631673,0.01881223330508097,0.00035390012192479777,0.8827021116398027,0.11767724781266235,0.9278764405081484
21126,21126,ZNF14,0.18388751002665352,5.874145067373543,0.3386099754922241,0.1146567155028446,0.006203139599762838,0.06489518693779976,0.017175423607321858
21127,21127,ZNF140,-0.3275001995091124,9.360265011079909,-0.5068665461152849,0.25691369557083826,1.9207799320992012e-05,0.07073619984327044,0.00010037280267762597
21128,21128,ZNF141,0.10827444701827026,6.6010588001950135,0.10317448814718493,0.0106449750044336,0.4171954723139609,0.1325665300117315,0.5582759559698907
21129,21129,ZNF142,-0.8145298816595288,11.555420041626661,-0.6371779512479893,0.40599574155658497,1.5058330017790704e-08,0.12512532446999744,2.0285759001807986e-07
21130,21130,ZNF143,-0.2037813150319152,8.4196496800711,-0.2863854573811072,0.08201663019938597,0.021778392877954397,0.0865834649630913,0.051532184030107286
21131,21131,ZNF146,-0.2960494414447105,9.45244026561674,-0.5269430073442387,0.2776689329889904,7.706750622680056e-06,0.06064191433570354,4.467068649200659e-05
21132,21132,ZNF148,0.17400894424821076,5.789605296137358,0.19692944886912853,0.038781207831898715,0.11883043009991155,0.1100211520603044,0.21328412464265104
21133,21133,ZNF154,0.3663616668159874,5.573205024093052,0.2932196843418868,0.08597778328555572,0.01869958081677161,0.15170483960484604,0.04519917653613006
21134,21134,ZNF155,-0.05896079166828595,7.282273597044762,-0.08529034755110987,0.007274443385389112,0.5027957262859002,0.08747464295978695,0.6379961005930604
21135,21135,ZNF157,-0.1850809447046574,7.547205078360543,-0.10210577790399557,0.010425589881380069,0.4220624284044601,0.2290022621885623,0.5630422422608682
21136,21136,ZNF16,-0.4135310252790688,9.607926511778963,-0.6485566485007268,0.4206257263144953,6.837163494735164e-09,0.06163734752490869,1.0585963664953124e-07
21137,21137,ZNF160,0.003583099992935074,6.998299571172156,0.0032266750532382485,1.0411431899190054e-05,0.9798119295525872,0.1410280792953161,0.9883467176477211
21138,21138,ZNF165,-0.15653821031592866,7.929327599110486,-0.498520697078441,0.2485228854155748,2.7613435703669814e-05,0.034569986144635904,0.00013922443542793242
21139,21139,ZNF169,0.03255367761670548,6.8717327969480655,0.03308247280072258,0.0010944500066105494,0.7952382438664768,0.12490173250488898,0.8682506892673467
21140,21140,ZNF17,-0.2828747297682454,8.079043457845065,-0.20040608053743428,0.0401625971163766,0.11233054671695128,0.1756249637924535,0.20405318254807317
21141,21141,ZNF174,-0.4622778310391188,9.31109042591352,-0.36392799540901183,0.13244358584242175,0.0031152212184312024,0.15025904332862114,0.009329292696048637
21142,21142,ZNF175,0.35705958424272355,5.311869267104429,0.3067762249535423,0.0941116521967464,0.013678117928676294,0.14068911185911925,0.03432209081639457
21143,21143,ZNF18,-0.4986680990529104,9.852844155878644,-0.4825102744458985,0.2328161649458563,5.3985968193650265e-05,0.1149632142573146,0.0002523345869271523
21144,21144,ZNF180,-0.10398901364881018,7.529135835675747,-0.0916701498338823,0.008403416370566432,0.4712626056689484,0.1434601180384941,0.6091197162326057
21145,21145,ZNF182,-0.2913628268406422,8.67385987193075,-0.3649362829718026,0.13317849062927556,0.003027441275725365,0.09440306454305672,0.00909913127353682
21146,21146,ZNF184,-0.21502607484128464,8.454358837230728,-0.6053744944588735,0.36647827854133663,1.1628594931830196e-07,0.035904750908901405,1.1358467444690254e-06
21147,21147,ZNF185,-0.09105348784316453,7.658059182714526,-0.23990191609941056,0.057552929348168635,0.05621378740472102,0.04679457521806528,0.11556004995720845
21148,21148,ZNF189,-0.3113065359908127,9.460560777506483,-0.40767696850993795,0.16620051065345298,0.0008267805876558615,0.08855376481008251,0.002860053294838288
21149,21149,ZNF19,-0.5348552734218606,9.382410739781221,-0.3793853870436856,0.14393327190228716,0.001989878114828811,0.1656584705639798,0.006255924880461368
21150,21150,ZNF195,-0.3201700566716592,9.330686303646038,-0.5068294210920951,0.2568760620845481,1.9239244871450946e-05,0.06915979166092827,0.00010051287037183842
21151,21151,ZNF197,-0.22323188429330856,7.969796090314013,-0.1855306478246624,0.034421621282238905,0.1421671173973123,0.15015454613437865,0.24619183744412618
21152,21152,ZNF2,-0.3425991460052378,8.899769642925337,-0.4697152547993833,0.2206324205912496,9.011152966014612e-05,0.08177620161706098,0.00039638854473154423
21153,21153,ZNF200,-0.4131953866801162,9.634922987434873,-0.6713886979804342,0.4507627837758627,1.2637435674034718e-09,0.05792493721479437,2.5817327313322815e-08
21154,21154,ZNF202,-0.31969686991794183,8.696144403679991,-0.5418475422480863,0.29359875904029165,3.7640459653148765e-06,0.06297833263511332,2.3667367996194442e-05
21155,21155,ZNF204P,-0.10586192186804276,7.4884399255283345,-0.267776289011889,0.0717041409569787,0.03241759420230485,0.048374336060865136,0.07258095558839035
21156,21156,ZNF205,-0.11144628735836204,7.666106015350759,-0.14692588117170371,0.0215872145580816,0.2466433295572995,0.09528675036175163,0.3787449511816282
21157,21157,ZNF205-AS1,-0.06019467325763836,7.248485771838057,-0.04358447456642283,0.0018996064232311585,0.7323762959170883,0.17523365332955487,0.8251220746056641
21158,21158,ZNF207,-0.028236285306509724,7.21049431544191,-0.048652523199859,0.002367068013712818,0.7026281207634284,0.07361930898741073,0.801697241958588
21159,21159,ZNF208,0.4286158178919852,5.755174575073101,0.19707117069697788,0.0388370463198774,0.11855996527813567,0.2707994418452031,0.21289927010079984
21160,21160,ZNF211,0.06831326535565732,6.602735930610616,0.10823490725030196,0.011714795147481466,0.3945925435553035,0.0796861781144497,0.5368749390983977
21161,21161,ZNF212,0.03977025588600998,6.737909187505032,0.035404687260896905,0.0012534918800419154,0.7812102752886835,0.14257041540478185,0.8589108708050589
21162,21162,ZNF213,0.20106000761239792,5.598986322591795,0.2496032650492325,0.06230178992323741,0.04669288108176009,0.09906292141166533,0.09884977415441537
21163,21163,ZNF213-AS1,-0.056973095901101375,7.2131220085574945,-0.05274278680160717,0.0027818015595997875,0.6789367547275716,0.13699540460586065,0.7833329119092953
21164,21164,ZNF214,-0.7298925911851252,9.864345862706587,-0.4037581887268682,0.16302067496400133,0.0009380747935923776,0.21003860840599986,0.0032101785169473666
21165,21165,ZNF215,-0.4279244520577817,8.795074738629602,-0.4108001094650888,0.1687567299365289,0.0007467949361822316,0.12061596031416748,0.0026129979549242566
21166,21166,ZNF217,0.21110673470075636,5.3236453437014335,0.41474818579965617,0.1720160576241061,0.000655734427535409,0.05882104092840619,0.002328620699947406
21167,21167,ZNF219,0.08311804032939503,6.507221994882852,0.07207214547324102,0.005194394153116015,0.5714276960028934,0.14608348200046847,0.696532557765922
21168,21168,ZNF22,-0.13278125702432708,8.07766602827564,-0.33850104478494114,0.11458295732049673,0.0062208174270250135,0.04687646525908955,0.017211166651619605
21169,21169,ZNF221,0.07619600194767431,6.695544982362421,0.050446008310461934,0.0025447997544591943,0.6922036801624787,0.19158267454026484,0.7933981206753017
21170,21170,ZNF222,-0.18689570485669088,8.085475332977897,-0.2333124174608231,0.054434684141413406,0.06353788460618259,0.09892621413938478,0.1277898106387001
21171,21171,ZNF223,-0.1715369976363008,7.740945692521591,-0.27879320266811897,0.0777256498539469,0.02569304747293967,0.07504294064301421,0.05941723013952462
21172,21172,ZNF224,-0.030849748721770587,7.1678418236567065,-0.037691241126510025,0.0014206296576567206,0.7674652342461108,0.10387394899674644,0.8492695550997408
21173,21173,ZNF225,-0.07385631652992708,7.361392765388055,-0.0485895174276479,0.0023609412038516986,0.7029953425630207,0.1928128328727339,0.8018414520584418
21174,21174,ZNF226,-0.2796478635976109,8.33104203628526,-0.2388278487760891,0.05703874135101448,0.057358473508803076,0.144403466675118,0.11745605142630076
21175,21175,ZNF227,-0.2326068785778605,8.353829930477438,-0.5397284960174016,0.2913068494132063,4.176491493427828e-06,0.0460766056570165,2.5974130755364624e-05
21176,21176,ZNF229,0.7082678920956628,4.579115282781583,0.3760789244859522,0.14143535744251054,0.0021941143603852226,0.22162013400086766,0.006817842800135169
21177,21177,ZNF23,-0.17391030141548933,7.853603450023779,-0.35225434436767805,0.12408312312590272,0.004309034653891522,0.05868195205170715,0.012438302510000122
21178,21178,ZNF230,-0.5326158301152248,8.985923385018273,-0.3345365013098409,0.1119146707086292,0.006895054048025106,0.19054697680791588,0.01887163743806669
21179,21179,ZNF232,-0.2543961664293977,8.939034893895236,-0.3910054644431216,0.15288527322438125,0.0014002159327093442,0.07605066340318749,0.004572715430978864
21180,21180,ZNF233,-0.4280143483846001,8.690836011670529,-0.3373527866277745,0.11380690264552472,0.0064098708306735775,0.15168490468361506,0.017664259714715743
21181,21181,ZNF234,-0.5261129368214871,9.145339325980938,-0.3599385884822668,0.1295557874786066,0.00348513858804039,0.17319095143560664,0.010303163975974696
21182,21182,ZNF235,-0.14564227092956306,7.664904356415367,-0.11618721741381215,0.01349946949036446,0.3605698900799146,0.15811821685595534,0.5031991344770607
21183,21183,ZNF236,-0.026098522700015937,7.143139138805263,-0.018534099833012692,0.0003435128566200812,0.8844243536963471,0.17880266044757676,0.9289533147969276
21184,21184,ZNF239,-0.19642839461423187,8.070848079249025,-0.6829701935707033,0.466448285306004,5.065366428905165e-10,0.026680559460284827,1.2450682181378133e-08
21185,21185,ZNF24,0.4539826834040759,4.066075329826742,0.4394439714657089,0.1931110040575548,0.0002801946364842216,0.1178546787049296,0.0010866072444602113
21186,21186,ZNF248,0.09927246851960003,6.5126468315445125,0.09508170932469304,0.009040531448105418,0.4548478615329869,0.1319969638091642,0.5939297178905469
21187,21187,ZNF25,0.07958029267765153,6.682568018948655,0.06697535363191415,0.004485697994119956,0.5990038120998109,0.1505630569193266,0.7185988339162044
21188,21188,ZNF250,-0.4644124576684021,9.062403816617909,-0.2800258595649993,0.07841448202511672,0.02501979670054014,0.20219839222476066,0.058083586787113714
21189,21189,ZNF251,-0.2708360396268189,8.187392876395114,-0.3220530405527613,0.10371816092927856,0.009453953485062323,0.10111265272142587,0.024917887380601824
21190,21190,ZNF252P,0.40139321337131,4.782924368550475,0.33117768131807745,0.10967865660321807,0.00751553881190936,0.14524009079072447,0.02037004420333102
21191,21191,ZNF252P-AS1,0.04363446519619568,6.863065586312999,0.0351985966094466,0.0012389412032745462,0.7824524889689941,0.1573400431698494,0.8598216951891058
21192,21192,ZNF253,0.1360993472596368,6.1475590871307135,0.19226204614244413,0.03696469438687932,0.1280039938615654,0.08822420266801846,0.22639059842144718
21193,21193,ZNF254,0.2808400860229445,5.895910449004867,0.23038004292732295,0.053074964179195175,0.06703545790441053,0.15065244947176887,0.13352215240250276
21194,21194,ZNF256,0.16978797264092035,6.256411477428937,0.27989214208020946,0.07833961119824816,0.02509210224729077,0.07396152093886213,0.058226476014260786
21195,21195,ZNF257,0.3693458593745999,5.8142557118930975,0.4189725336713546,0.17553798397099438,0.0005695566163794117,0.10165697042789296,0.002050498508345164
21196,21196,ZNF259P1,0.1321701842186467,6.531575653559487,0.14929810282702435,0.022289923507748742,0.2390129757239536,0.11117020514649413,0.36983393992870417
21197,21197,ZNF26,-0.4286372972117609,9.211961737086858,-0.5279617748756082,0.27874363572980243,7.346262625838209e-06,0.08756619162509563,4.286804558408149e-05
21198,21198,ZNF260,-0.2203541117483896,8.380749665896165,-0.4540203138820168,0.206134445417525,0.00016442127460621888,0.05491911228476553,0.0006757051441289652
21199,21199,ZNF264,0.2360620043139013,5.658634052832491,0.5182891281939583,0.2686236204040533,1.150570600992918e-05,0.04946848517832463,6.38697932953131e-05
21200,21200,ZNF266,-0.11582647423496613,7.937569782980683,-0.2367624433364375,0.05605645457463977,0.059612800086726266,0.060363190904047466,0.12131521340833167
21201,21201,ZNF267,-0.1761551919679119,8.113061333846955,-0.38393988278689,0.1474098335944108,0.0017364326647976186,0.05380300530170636,0.005525708942864428
21202,21202,ZNF268,-0.14973807515662155,7.7873543531427405,-0.15275586105414973,0.0233343530863947,0.2281845360716431,0.12303012771797035,0.356517758198516
21203,21203,ZNF271,0.11176269132282668,6.477846676677192,0.14912258977099238,0.02223754678000768,0.23957189108879404,0.09411833750799097,0.3704340807945616
21204,21204,ZNF273,-0.08190459825663787,7.3674277840343905,-0.1155721700230129,0.0133569264838282,0.36313529242923337,0.08940034763490473,0.506126971587504
21205,21205,ZNF274,0.059817908162974026,6.645056695305412,0.06952870242761107,0.004834240461267288,0.5851153159682809,0.10899810935462337,0.7074962737109071
21206,21206,ZNF275,-0.02088891435045093,7.152593013743233,-0.02576676068900216,0.0006639259564043071,0.8398347476055467,0.10292384046018384,0.8994313692708231
21207,21207,ZNF276,0.1577214411616392,6.13898925484358,0.12236248715009715,0.014972578261557687,0.3354308795007461,0.16246909318397493,0.47753308103271697
21208,21208,ZNF277,-0.2893645140876734,8.650002416375745,-0.4834012091382927,0.2336767289963634,5.2054326114742293e-05,0.06654994496793955,0.00024393776931719204
21209,21209,ZNF28,0.04461143633283073,6.870855569957308,0.03355438789130772,0.0011258969467603382,0.7923821211840308,0.16875490998213402,0.866311649126076
21210,21210,ZNF280A,0.17504682134924626,6.407740127836522,0.16468682025431922,0.027121748765478446,0.19345447651537329,0.133146203382184,0.3139901580677866
21211,21211,ZNF280B,-0.3842767168428087,8.682019689877842,-0.4821404085662626,0.23245937357244265,5.480716157837764e-05,0.08867993811164722,0.00025577598983118666
21212,21212,ZNF280C,-0.35445780420886924,8.316109552137762,-0.6466505027879591,0.4181568727559203,7.8219572118232e-09,0.0531009184510675,1.1722109579379337e-07
21213,21213,ZNF281,-0.034167786418239504,7.228446229615675,-0.0507275044492457,0.0025732797076482425,0.6905726072200089,0.08543149385710982,0.7922163634057393
21214,21214,ZNF282,-0.3933000057950761,9.600044688219322,-0.6524537001825962,0.4256958308819611,5.177435426478331e-09,0.058016215304996226,8.366967474655839e-08
21215,21215,ZNF283,-0.314139362762516,8.10897489497406,-0.2885334220873002,0.08325153566140814,0.0207674435068361,0.13239009158839,0.049528523033098654
21216,21216,ZNF284,-0.3424386534341236,9.154295775174564,-0.37169463994160135,0.13815690536131667,0.0024937561841434663,0.10862123608162524,0.007646883342909482
21217,21217,ZNF286A,-0.4209800072682718,8.794319494952509,-0.24578560038083805,0.060410561354569015,0.050268119526312126,0.21085225697868112,0.10513387370506945
21218,21218,ZNF287,0.08033364227778209,6.693356047654763,0.04873892220636363,0.002375482537837966,0.7021246643015407,0.20907843904508924,0.8012494522264895
21219,21219,ZNF292,0.2321891044438327,5.634714882616716,0.2699332472746798,0.07286395798425344,0.030996205888393375,0.105186824580763,0.06987345985676574
21220,21220,ZNF295-AS1,0.1709082806718399,6.2004914236254685,0.26312067991636745,0.0692324921996515,0.0356718310545104,0.07958530496381422,0.07870336235205529
21221,21221,ZNF296,-0.008438825778473207,7.064624838411615,-0.01262723003755775,0.0001594469384214007,0.9211138381587548,0.08486790030879449,0.9527972051168068
21222,21222,ZNF29P,-0.24750783657500744,7.777216930735487,-0.12448552112537666,0.015496644969856591,0.3270490385266205,0.2505433429754611,0.4685885225151493
21223,21223,ZNF3,-0.17781783180172625,7.828093800244652,-0.11153289707082932,0.012439587129012207,0.3802588914783892,0.20121405753258176,0.5232244437008844
21224,21224,ZNF30,-0.357300102441859,8.840377873680344,-0.6151732032100553,0.37843806994771995,6.345790728616713e-08,0.058154334452997364,6.776040346557936e-07
21225,21225,ZNF300,0.2279641737697675,6.0754289025285315,0.33492534572831445,0.11217498721123097,0.0068262056866629115,0.08144912608470113,0.01870447730541381
21226,21226,ZNF300P1,0.4221248275720209,5.588562574229966,0.38499703162145255,0.14822271435732973,0.00168191525778944,0.1285140759019473,0.005369582029696347
21227,21227,ZNF302,0.013941740673335316,6.929351999089413,0.029041433711585136,0.0008434048720243936,0.8198014028926128,0.06094244618439398,0.8864875351862344
21228,21228,ZNF304,0.20782452139037652,6.2182637701105365,0.5901270525020155,0.3482499380947165,2.8684943127697385e-07,0.036107378693531714,2.4669278928923225e-06
21229,21229,ZNF311,-0.5828484418862693,9.374002603209947,-0.6426526923223751,0.4130024829491973,1.034108017472688e-08,0.08824733438346849,1.4899274197186332e-07
21230,21230,ZNF316,0.04890799763099005,6.736401094169106,0.04313776015888884,0.0018608663515258172,0.735018065067489,0.1438540150564067,0.8271493459210101
21231,21231,ZNF317,-0.19394972732214968,8.332059637965902,-0.283098891448914,0.08014498233960399,0.02340595532696822,0.08344779215397646,0.05494969239001483
21232,21232,ZNF318,-0.3927460554558021,9.513520299609613,-0.5873856737680483,0.34502192974794405,3.357619878213025e-07,0.06872361827282768,2.8291540257861113e-06
21233,21233,ZNF319,-0.21865600760563952,8.137744362062989,-0.15938704614582525,0.025404230479091426,0.20838256096075694,0.17199855893046992,0.33268389542945975
21234,21234,ZNF32,-0.32411026867966497,9.474971391479958,-0.6981693800408088,0.4874404832265672,1.4296613113313854e-10,0.042209314499860914,4.460996498109676e-09
21235,21235,ZNF32-AS3,0.2965920321556973,5.950804375472133,0.2058972745693277,0.04239368767507711,0.1026258046845582,0.17902205456617867,0.18991298927056127
21236,21236,ZNF320,-0.2264429080767764,8.28064243701046,-0.3976876778872566,0.15815548914335836,0.0011373659150738815,0.0663493520918648,0.0038049836074347137
21237,21237,ZNF322,-0.1864642566568077,8.311682659417857,-0.2554969581584877,0.06527869562824,0.041585398187509885,0.08960971295097378,0.08972121129326757
21238,21238,ZNF324,-0.22416204970441514,8.330722198473643,-0.19158397035174093,0.03670441769573675,0.12938022697388826,0.14584342654604712,0.2283397567334597
21239,21239,ZNF324B,-0.008754773029268244,7.056515206387835,-0.008200593150907716,6.724972802671454e-05,0.9487211742397824,0.13557798557208128,0.9691743102256103
21240,21240,ZNF326,0.06608732051891457,6.66425528959621,0.0653918665259508,0.004276096207747765,0.6076894579366751,0.1280760815048133,0.7260422185720662
21241,21241,ZNF329,-0.010540259916657285,7.0668045234450085,-0.022473882018345246,0.0005050753729745019,0.8600820370719399,0.05954806800496153,0.9129124013193922
21242,21242,ZNF330,-0.3355800911300185,9.537925380274253,-0.4893574402696594,0.23947070434727324,4.069436782819864e-05,0.07595075947810691,0.0001967924375434662
21243,21243,ZNF331,0.234858914449028,5.704908030019162,0.5906944923849792,0.34891998333394825,2.776012611554599e-07,0.04074416912308113,2.39500211566593e-06
21244,21244,ZNF333,0.04392793893494841,6.8320435683030585,0.021257016162010912,0.00045186073611199314,0.8675878094359807,0.26238834303791386,0.9180363554036727
21245,21245,ZNF334,0.546543537299683,5.171269611886077,0.4763506591342371,0.2269099504576221,6.926195959680726e-05,0.1281200766395564,0.0003137798608930672
21246,21246,ZNF335,0.03344930151287962,6.8332650352065984,0.02788466625417429,0.0007775546121066867,0.8268657160921071,0.15228490199065206,0.8911000051405332
21247,21247,ZNF337,-0.5343826039294767,10.399426559627688,-0.4973292785553743,0.2473364113084091,2.9059696007258294e-05,0.11838942000763852,0.0001456347412722005
21248,21248,ZNF33A,-0.44247116062338704,9.34495116908676,-0.2921807210902072,0.08536957377679345,0.019142200967286152,0.1839333117646501,0.04611462475765732
21249,21249,ZNF33B,-0.3004826910099376,8.935385994995967,-0.5720881075103885,0.32728480275481786,7.875834952451243e-07,0.054711209380415265,5.99898719294167e-06
21250,21250,ZNF34,-0.10940724121183104,7.5272556341896335,-0.0986022581107734,0.00972240530454358,0.4382434597719079,0.14023029188041447,0.5788095951061639
21251,21251,ZNF341,0.016361397460550486,6.936693959583956,0.013928641758594566,0.0001940070612392643,0.9130135502466624,0.14916730705190215,0.947582479299855
21252,21252,ZNF343,-0.6649043216020654,10.307676181778461,-0.6443803240005749,0.4152260019590859,9.170336128261284e-09,0.10021092405384004,1.3481576976069116e-07
21253,21253,ZNF345,0.07018157141948034,6.683326911756617,0.053325703447692524,0.0028436306481912465,0.6755848319453251,0.16690612872542426,0.7810386205121003
21254,21254,ZNF346,-0.5267896237134666,9.578609348562523,-0.3598171375049898,0.12946837244228473,0.0034969872269593073,0.17348095334808947,0.010332549924928885
21255,21255,ZNF347,0.4118275351106065,5.501907565208825,0.4588646587157269,0.21055677501830053,0.00013699012215742513,0.10127339676228428,0.0005747957944815038
21256,21256,ZNF35,-0.2992190103613452,8.86017391498402,-0.479677144715035,0.23009016316196865,6.0577436079112436e-05,0.06951271409263443,0.00027928558192318075
21257,21257,ZNF350,0.2871876734762675,5.644126372584152,0.4366673421422744,0.19067836769359814,0.00030930884226369016,0.07514149168701102,0.0011846627129855343
21258,21258,ZNF354A,-0.2998571456673875,8.898407057823,-0.4874705475746341,0.2376275347527136,4.401706823831814e-05,0.06821089969296487,0.0002108768268429699
21259,21259,ZNF354B,-0.2534358479508518,8.00790671646144,-0.2654573706649289,0.07046761564033742,0.034006059291501134,0.11689869803100265,0.07564319367357905
21260,21260,ZNF354C,0.4105827476162688,5.252869453820613,0.39169843371614266,0.1534276629756794,0.0013706220665315734,0.12248560553950895,0.0044930095141903145
21261,21261,ZNF358,0.21293479985265465,5.679920802056434,0.23510578609878025,0.0552747306571254,0.061472354831633325,0.11179959943577654,0.12447950662792404
21262,21262,ZNF362,-0.011821206798661596,7.078259899616285,-0.009139818429716541,8.353628092818609e-05,0.9428574415015548,0.1642518468686767,0.9661924046808711
21263,21263,ZNF365,0.29364602547668894,5.940345287911161,0.2928084458538975,0.0857367859633748,0.018873721453634168,0.12178121587412695,0.04556415140227959
21264,21264,ZNF366,0.25098292743502965,6.137923128417971,0.27800519780447697,0.07728689000630637,0.026131397873428868,0.11013586459603966,0.060282882811239176
21265,21265,ZNF367,-0.12988699213723226,7.860742948663256,-0.5952232532579993,0.3542907212190364,2.132295675599854e-07,0.022269396066740586,1.9104204739393807e-06
21266,21266,ZNF37BP,-0.2547010295909222,8.015742681187794,-0.2927493773517548,0.08570219793984014,0.018898847526343847,0.10565321416209522,0.04560447327646267
21267,21267,ZNF382,0.3639569552053398,5.880328333555528,0.19009741866734015,0.03613702858398602,0.13243654670933275,0.23871824169418626,0.23238906239288556
21268,21268,ZNF383,0.0668012972198393,6.713885731257959,0.08561726666467419,0.00733031635112993,0.5011538712383165,0.09872566593698202,0.6367630724735741
21269,21269,ZNF384,-0.20751560954849266,8.429182537912341,-0.1186797720452252,0.014084888292706613,0.3502873128788816,0.22049461317140606,0.4928511312060413
21270,21270,ZNF385A,0.0696162254245086,6.577255112899239,0.07100974475258746,0.0050423838498276224,0.577126951026728,0.1241935285542875,0.7011078186299682
21271,21271,ZNF385B,0.002370191038536345,7.0081193521006115,0.0011319811817825226,1.281381395909757e-06,0.992916980508698,0.2659181750508713,0.9957679439131133
21272,21272,ZNF385C,-0.0254015375541872,7.115689784190388,-0.0303769961286339,0.0009227618937990387,0.8116629410837076,0.10614972342773578,0.8806333478214183
21273,21273,ZNF385D,0.5995887167048248,4.777900750180673,0.390845120400195,0.1527599081406429,0.001407144908247467,0.1793313268661559,0.004590497587842557
21274,21274,ZNF391,-0.6781910246219275,9.598972375506996,-0.4684788875326314,0.2194724680638119,9.458385521429302e-05,0.1624277703489983,0.00041386409065781275
21275,21275,ZNF394,-0.0034153963691669785,7.037732884361925,-0.002716069291512956,7.3770323962996905e-06,0.9830060786921292,0.15969922935229452,0.9899200086440963
21276,21276,ZNF395,0.06156409274830309,6.638704572523513,0.05721655582331429,0.003273734260282441,0.6533745887072953,0.1364262302500563,0.7626166505932452
21277,21277,ZNF396,0.5295659502915284,5.104299608492842,0.21801018373722045,0.04752844021313662,0.08352489616619603,0.301074127204282,0.16034854844671764
21278,21278,ZNF397,0.1945999985254683,6.101820092012352,0.16856323477785745,0.028413564118775093,0.18303182288987624,0.14451896829073538,0.30045134359310716
21279,21279,ZNF398,-0.017377830901419512,7.124430042188648,-0.018112614608123002,0.0003280668079423907,0.8870352634137219,0.12182805906088795,0.9304310307204722
21280,21280,ZNF404,0.17764342943574246,6.4615810352831495,0.1840488221295911,0.03387396892728986,0.14543684957677966,0.1204861572809915,0.25055152747503096
21281,21281,ZNF407,0.4550375019211121,5.098495258795847,0.20524463581620309,0.04212536053132583,0.10374394192302744,0.2755712257003815,0.19152387573257965
21282,21282,ZNF408,-0.44971943829730576,10.037364575583952,-0.44545093158376375,0.19842653244884295,0.00022558712052497403,0.11479358259216822,0.0008948688578436183
21283,21283,ZNF41,-0.05390774497512425,7.243720657744044,-0.05615973903094891,0.0031539162880242864,0.6593786806398517,0.1217150531051364,0.7676666458716036
21284,21284,ZNF414,0.20357634445130052,6.056223188965696,0.14199083796975773,0.02016139806735399,0.26304607579526285,0.18023885391160585,0.39803387403720336
21285,21285,ZNF415,0.10948020230733713,6.458263514229742,0.4233504104215989,0.17922557000413622,0.0004912199683129119,0.029754432431232436,0.0017929156268019731
21286,21286,ZNF416,-0.3993338748993843,8.975822482716781,-0.4412422057399591,0.1946946841262644,0.0002626993038154631,0.10314389880964432,0.0010231570906697577
21287,21287,ZNF417,-0.34424710471283104,8.002931557115023,-0.19574526929605995,0.03831621045178702,0.12110881878613206,0.2190278420494872,0.21654788793771693
21288,21288,ZNF418,0.1476552143172941,6.390703363367921,0.18121804017581336,0.0328399780851627,0.1518387791737422,0.10176552617761056,0.25935232394757746
21289,21289,ZNF419,-0.3060337372401952,8.876256720306314,-0.2772027719392192,0.07684137677078677,0.02658423351923235,0.13471441134659667,0.061171137696204074
21290,21290,ZNF420,-0.04292019242584752,7.271907213369318,-0.05432708390179697,0.0029514320452728874,0.6698412870842603,0.10018612481950563,0.7762717045814864
21291,21291,ZNF423,0.16870513924251818,6.127543416573218,0.5317322209955276,0.28273915484483664,6.144390949167622e-06,0.03412542367566936,3.6644667035038515e-05
21292,21292,ZNF425,-0.037758612962609885,7.1737540852916375,-0.04237793373857469,0.0017958892679510266,0.7395185267880225,0.11305508141533108,0.8306158556843687
21293,21293,ZNF426,-0.2297414632709962,8.214112915533521,-0.4273301873407134,0.1826110890126492,0.00042864932164134715,0.06172972407109269,0.0015891801164429676
21294,21294,ZNF428,-0.1827577478691736,7.999306565760857,-0.18762962277221612,0.03520487534164413,0.1376302833713462,0.12150554493491594,0.2397155784128128
21295,21295,ZNF429,0.08732885771863726,6.569854464681902,0.10097883689029603,0.010196725499717016,0.42722956366680187,0.1092712758332102,0.568458138322863
21296,21296,ZNF43,0.19388030554714375,5.786882954403055,0.5357092771411218,0.2869844296150633,5.0771841464181464e-06,0.03881130004058885,3.088382659850701e-05
21297,21297,ZNF430,-0.25269481677704125,8.385797150391117,-0.3107921220976181,0.09659174315794078,0.012434412375301592,0.09814597981168376,0.03162640356908104
21298,21298,ZNF431,-0.2709924626096402,8.07209415202894,-0.309488396634863,0.09578306765161827,0.012827002432761915,0.105743410505268,0.03247997400391245
21299,21299,ZNF432,0.004151155867288663,6.990346416323241,0.009095614074671184,8.27301953953565e-05,0.9431333510199956,0.0579593098382975,0.9663112226409996
21300,21300,ZNF436,0.28022999484853844,5.072760886272863,0.3159871767487462,0.09984789586964338,0.010971340346515654,0.10685805522674156,0.028349920666415875
21301,21301,ZNF438,-0.3459451030624967,8.959681867913472,-0.29218333713269,0.08537110249799519,0.01914107535704328,0.1438064472162495,0.04611462475765732
21302,21302,ZNF439,0.2448573131434095,5.928892872423087,0.6052017612159603,0.36626917177890017,1.1751270443708345e-07,0.04090434745051792,1.1460455140093416e-06
21303,21303,ZNF44,-0.02595522972530881,7.129751728414606,-0.02105706588731894,0.000443400023782891,0.8688222593676451,0.1565073982491056,0.9188038299851714
21304,21304,ZNF440,0.2641465642870861,5.92692248884925,0.18122065403915594,0.032840925450379435,0.1518327728133847,0.1820498743602668,0.25935232394757746
21305,21305,ZNF441,-0.008531786116676786,7.042611157447838,-0.005001020781841174,2.50102088604073e-05,0.9687150946007728,0.21666064145367028,0.9814578515441279
21306,21306,ZNF442,0.02429303908852388,6.926993173421817,0.02050412942299316,0.0004204193233948537,0.8722375856731528,0.15043654742893614,0.921066217279569
21307,21307,ZNF443,-0.4664619989827004,9.311952104694583,-0.3008629306647295,0.09051850304816984,0.015703925692848876,0.18777971548709665,0.03876308114426563
21308,21308,ZNF444,-0.16874843630917882,8.120015025958459,-0.1444990926310736,0.02087998777120359,0.2546197779981989,0.14675630073979692,0.38783085690026003
21309,21309,ZNF445,-0.23535065365148944,8.64730768928222,-0.1841469181911273,0.03391008747928973,0.14521867387572732,0.15953790425926342,0.25033516818809703
21310,21310,ZNF446,-0.3131316078683393,8.958373839265938,-0.279624391335273,0.0781898002296219,0.02523741461872494,0.13654530319630162,0.058494724774535864
21311,21311,ZNF449,-0.08167790276350778,7.488010773954213,-0.06241438357718836,0.0038955552773204,0.6241677846935605,0.16587330059669733,0.73904277858489
21312,21312,ZNF45,-0.2330846035553789,8.352391702820318,-0.39846665540319054,0.15877567546820498,0.0011098187877305297,0.06813678988206848,0.0037226031363544955
21313,21313,ZNF451,-0.26254311001934383,8.52976661778792,-0.212381542308775,0.04510591951345399,0.09201828216056422,0.15341421810473793,0.17375477177652832
21314,21314,ZNF460,-0.10986516570317326,7.442246258578504,-0.0579222011809685,0.003354981389648589,0.6493777324069406,0.24048575857813898,0.7596302287852366
21315,21315,ZNF461,-0.006053283383187144,7.0387089619523024,-0.0051460637367279774,2.6481971982466704e-05,0.9678082225166336,0.14938749662886938,0.9811285547772904
21316,21316,ZNF462,-0.2521884306863785,8.284395448861366,-0.23061929787965296,0.053185260554504114,0.06674441619293725,0.13513447970988102,0.13308671600971828
21317,21317,ZNF467,0.2057202807843497,6.036994994624032,0.2676965714615357,0.07166145437226111,0.03247115298978452,0.094035458467936,0.07267832744121797
21318,21318,ZNF468,-0.13188564153228105,8.028943472905045,-0.2719191617996643,0.07394003055383201,0.029734039369011006,0.059276344633233315,0.06738625678459657
21319,21319,ZNF469,0.4631869180688581,4.232275813581679,0.4522648429831698,0.2045434881985912,0.00017554646563739266,0.11600476589215752,0.0007148286411014927
21320,21320,ZNF470,-0.04094421890137783,7.163356422534528,-0.03831866176334064,0.0014683198393333039,0.7637058989868537,0.13560238759176174,0.8469325161345991
21321,21321,ZNF471,0.3468632035339668,5.874016890705574,0.2283425407395472,0.05214031591139175,0.06955547832379846,0.1878224852251847,0.137710211194245
21322,21322,ZNF473,-0.4659885309113989,9.751769882287608,-0.6305607431165502,0.39760685075969604,2.3485327788570568e-08,0.07284377861431339,2.9061415614942606e-07
21323,21323,ZNF474,0.10961367988571426,6.596368639927316,0.1343780271632916,0.01805745418429833,0.28976059634500273,0.1026558471118062,0.4283116528225962
21324,21324,ZNF48,0.1955248409924863,5.664479729836872,0.20178903073079052,0.04071881292327193,0.1098223854760064,0.12052621163049455,0.20032039736210566
21325,21325,ZNF480,-0.10620948342357957,7.458613556085102,-0.24008548736558896,0.057641041243572375,0.05602001598759242,0.054539320762616916,0.11523828690142622
21326,21326,ZNF483,0.1098590131575017,6.632575561567469,0.07778150655433863,0.006049962761862622,0.5412561181985245,0.17883222300777427,0.6710663903735136
21327,21327,ZNF484,0.12184642838523592,6.506255971662438,0.11804831987882172,0.013935405826212615,0.3528749290604509,0.13016967813046548,0.49547897353042586
21328,21328,ZNF485,-0.4358434766528804,8.473665407860231,-0.6014886452058988,0.3617885903116276,1.470297747133945e-07,0.07351730093484281,1.389149114929563e-06
21329,21329,ZNF486,0.2302985471027627,6.2875890262795915,0.15358438921564627,0.023588164610743118,0.2256413450782701,0.1881762440763464,0.3534626980233332
21330,21330,ZNF488,-0.25524884826421457,8.368940808367112,-0.4798584979567746,0.2302641780613318,6.013420051630405e-05,0.059268727800441484,0.00027747839594727557
21331,21331,ZNF490,-0.2564629087759659,8.2771363128847,-0.30426317883764475,0.0925760819963886,0.014509735475039084,0.1019728204980342,0.03618660851226205
21332,21332,ZNF491,-0.17459716553749874,7.707557256963987,-0.17066761185077636,0.029127433734847264,0.1775467458614161,0.12801809122907842,0.29322565448665083
21333,21333,ZNF492,0.3307464161863756,6.038945972004668,0.2389826104810453,0.05711268811233505,0.057192379835571225,0.17067224350943547,0.11720459783659457
21334,21334,ZNF493,0.2082435911700044,6.009471805234858,0.3428714710295621,0.11756084564597585,0.0055452909831753255,0.07245808202600686,0.015546773205678622
21335,21335,ZNF496,-0.8055716713112676,10.82204721812428,-0.5739970362908386,0.32947259767066633,7.097642229075151e-07,0.14595096004620636,5.456139242833596e-06
21336,21336,ZNF497,-0.5746324110530421,8.91586274460612,-0.4312087558838633,0.1859409911509092,0.0003747410794620549,0.1526984560052534,0.001408612753992501
21337,21337,ZNF500,0.04262216241908996,6.8004636412916115,0.031228229355915994,0.0009752023087056936,0.8064860982574432,0.17325285849426847,0.8769498597923642
21338,21338,ZNF501,-0.17423959115753626,7.5781421513638305,-0.19423216848946967,0.03772613527612174,0.1240683924395383,0.111758145118008,0.22080054555212045
21339,21339,ZNF502,-0.1144272010222014,7.623054528099557,-0.12819804498598836,0.016434738738229496,0.31271376518323424,0.11242259833526776,0.45314618475929724
21340,21340,ZNF503,-0.3738649409115936,8.892042831822625,-0.3544214069450529,0.1256145337009108,0.0040608308343896725,0.12527096310336916,0.011798912078184403
21341,21341,ZNF503-AS1,0.061282762862222624,6.640638537584853,0.16150293552061784,0.026083198181776845,0.20232787154618467,0.04755793626399922,0.3252234306957118
21342,21342,ZNF503-AS2,0.06614303130860089,6.6867570203165725,0.06166640252661903,0.0038027452005750056,0.6283367668806195,0.1359603602640445,0.7423149310856418
21343,21343,ZNF506,0.1611522459726948,6.279457788142018,0.1807909237670026,0.03268535811652614,0.15282261667925093,0.11133911754555093,0.26070377849292414
21344,21344,ZNF507,-0.3164305398781295,8.775785739216843,-0.2496254736775949,0.06231287710876361,0.04667271032838476,0.15589156661360015,0.0988263950485159
21345,21345,ZNF510,-0.28453803533639704,8.6101004431432,-0.42201703997464857,0.17809838202896414,0.0005139724011795686,0.07762907555678811,0.0018655836988842706
21346,21346,ZNF511,-0.28408868690231953,9.325480759028784,-0.7364542237688041,0.5423648237069117,4.0494368707820384e-12,0.033141490543777755,2.8016151896736436e-10
21347,21347,ZNF512,0.042518018848138175,6.716893298030772,0.08644281424853084,0.007472360135206006,0.4970201681546095,0.062232834607395364,0.6329091657810884
21348,21348,ZNF512B,0.5726761696850196,4.906608885238588,0.4093865807253387,0.16759737247798426,0.0007820849775480106,0.16208632858387972,0.002722399966050823
21349,21349,ZNF513,-0.03990105508738041,7.244179687816922,-0.07465727375184307,0.005573708524057636,0.5576699800386197,0.06768660121283544,0.6854690257370867
21350,21350,ZNF514,-0.19583258264473224,8.0197512124313,-0.5082679924829585,0.2583363521826568,1.8055077365858358e-05,0.04214051527761815,9.494480338942758e-05
21351,21351,ZNF516,-0.10211721706469076,7.492508532606013,-0.11539308340371213,0.013315563697416065,0.3638843639258591,0.11163811289534713,0.5067470032678122
21352,21352,ZNF517,0.048706293025670463,6.828120071491736,0.07828949498846692,0.006129245025549189,0.53860971336645,0.07876815927462777,0.6691677190447777
21353,21353,ZNF518A,-0.004318509004079354,7.04162858170766,-0.005961249435165685,3.55364948282632e-05,0.9627121127896284,0.0920010901793862,0.9778540607951137
21354,21354,ZNF518B,0.3757966104673874,5.389780747623538,0.6432496235409313,0.41377007818554973,9.921414125560961e-09,0.05680825693941599,1.4405063013573706e-07
21355,21355,ZNF519,-0.2319395534174699,7.854889167103198,-0.11175297412185864,0.01248872722508081,0.3793136435808984,0.26193341964041783,0.5222224522693341
21356,21356,ZNF521,0.2573954449193384,6.070171745607903,0.3872444106489816,0.1499582335788771,0.0015710894091274256,0.07782873771418157,0.005061282528213984
21357,21357,ZNF524,-0.19171108067451048,8.24508597033641,-0.2458375214554111,0.06043608695533971,0.0502180359534875,0.09599892412226887,0.1050392706049234
21358,21358,ZNF526,-0.4198865791376447,9.308972203525766,-0.455536334877388,0.2075133523935238,0.00015533820827483895,0.10420992954859623,0.000642691803628513
21359,21359,ZNF527,-0.2755740355236692,8.268593055314298,-0.17497232544806193,0.030615314672702506,0.1667003075215967,0.196934209773048,0.2792734354991189
21360,21360,ZNF528,0.2965687254947634,5.666053537800279,0.3075279856468629,0.09457346195601712,0.013437466371636552,0.1165390496661434,0.03380057380278362
21361,21361,ZNF529,-0.002627806321778402,7.028116912178852,-0.003006420586108921,9.038564740579512e-06,0.9811897192072596,0.11100583528079523,0.9891330686563368
21362,21362,ZNF530,-0.20389879913170905,7.828439897952273,-0.17758227542395194,0.031535464544748336,0.1603653157973715,0.14350302886939048,0.27096683158490015
21363,21363,ZNF532,-0.031735295821237984,7.177012178203343,-0.06298965258629004,0.003967696332941515,0.6209693969479124,0.06385783716196401,0.7365848099751886
21364,21364,ZNF536,0.4049527799038991,5.522149989684063,0.6297224440669222,0.396550356561618,2.4827028118148828e-08,0.06344244108379014,3.0460583223711776e-07
21365,21365,ZNF540,0.6154690371009502,4.506826651050021,0.4937314765135811,0.2437707709002809,3.386435704309054e-05,0.13767220838792033,0.00016685612099388524
21366,21366,ZNF541,-0.14371610179469352,7.623050327868687,-0.12902078393879055,0.01664636268818008,0.30959241279003885,0.14028291183033514,0.449808947098345
21367,21367,ZNF542P,0.28025282981550914,5.9730678213025525,0.4192520609207373,0.17577229058628555,0.0005642345719381447,0.07707305273989619,0.0020333665593810155
21368,21368,ZNF543,-0.13858278503021534,7.4665346093763985,-0.08266662848833244,0.006833771465627976,0.5160723543797348,0.2121749880221061,0.6496745738924181
21369,21369,ZNF544,-0.1895043467386577,8.105611732507452,-0.2039830481917635,0.04160908394960331,0.1059321132476655,0.1155049504874332,0.19481612843976187
21370,21370,ZNF546,0.20232016994932064,6.365857595163383,0.11353779152533512,0.012890830104450456,0.3716999183582171,0.22484616638308053,0.5147510220660735
21371,21371,ZNF547,-0.22037781422877845,7.730746597235612,-0.1154599654203936,0.013331003614878488,0.3636045040979604,0.24078329005615895,0.5065370190225046
21372,21372,ZNF548,0.06998726933725362,6.646841833933842,0.06154873842074071,0.003788247201184763,0.6289936435726309,0.14413846057432525,0.7428883202380868
21373,21373,ZNF549,0.1346973951376516,6.581803342139608,0.11320979845058485,0.012816458465222044,0.37309210092637135,0.15013373472879227,0.5160189976087738
21374,21374,ZNF550,-0.04401101179734534,7.235488264748522,-0.06442569269813933,0.004150669879635085,0.6130158227051583,0.08657713881849435,0.7305920550732088
21375,21375,ZNF551,-0.6494720170852336,9.978646052958718,-0.4505897496111448,0.20303112245463412,0.00018680187237270126,0.16341953576502466,0.0007556873802037821
21376,21376,ZNF552,-0.12390621905140728,7.749838492710558,-0.10683841516100936,0.011414446954116192,0.4007567540750152,0.14644581077381014,0.5430482927853935
21377,21377,ZNF554,-0.2714661541381859,8.563368189040256,-0.202420210833808,0.04097394175400328,0.10869210753043976,0.16679428907570334,0.1987318028284079
21378,21378,ZNF555,-0.19740376703983012,7.840579983759655,-0.10506312692047376,0.011038260638307582,0.4086739127756056,0.23730069711713345,0.550362784897745
21379,21379,ZNF556,0.37373159936200795,5.348408329629809,0.4539884681509981,0.20610552921408984,0.00016461719609836496,0.09315379275485026,0.0006763015332024461
21380,21380,ZNF557,-0.28174653952860873,8.260174704085436,-0.262461451170507,0.06888601335052844,0.03615387354182216,0.13155236054257569,0.07953191096588368
21381,21381,ZNF558,-0.2329856493063649,8.623951249746053,-0.4776474854208734,0.22814712032888346,6.574809461711394e-05,0.05442433052655984,0.00030058613409013286
21382,21382,ZNF559,-0.01845199779503925,7.127615481936452,-0.042665586489429516,0.001820352270486991,0.7378137226679766,0.05487495595861076,0.8292666786007464
21383,21383,ZNF560,-0.18593531628597534,7.549854591625619,-0.08395112005870843,0.007047790559111676,0.5095504441416305,0.28028749397520675,0.6441138793933227
21384,21384,ZNF562,-0.2913339467293038,8.570884266855037,-0.23455938509848906,0.055018105137781284,0.062095850649465927,0.15333954739219616,0.12544879613902274
21385,21385,ZNF563,-0.06407382750095135,7.265677447881889,-0.06521624193298545,0.00425315821186169,0.6086561502452665,0.12450979631478075,0.726934925353432
21386,21386,ZNF564,0.23092440365220204,5.4167833538207555,0.2747071326407131,0.07546400872368235,0.02803508234169761,0.10265165636181088,0.06400566984886302
21387,21387,ZNF565,-0.14041496643706947,7.814773315412209,-0.2764865753927168,0.07644482637239249,0.026993974188165026,0.06198333350831173,0.06198881347239805
21388,21388,ZNF566,-0.2523073429302269,8.028784945017067,-0.3983151003709077,0.1586549191834863,0.0011151306316109792,0.07378946373159655,0.003738104307668073
21389,21389,ZNF567,-0.4431802052109925,8.971412316227047,-0.4574900253813661,0.20929712332344294,0.00014431219977326993,0.10939803953188296,0.0006003997475677542
21390,21390,ZNF568,1.1698794694180417,3.333663368306705,0.4474363632718337,0.2001992991779243,0.0002098032941853076,0.29696474129236305,0.000838400135741435
21391,21391,ZNF569,0.4229849028905022,5.465921374034621,0.3682594751958874,0.13561504107155042,0.0027534991619841127,0.1356215466401816,0.008361663771247505
21392,21392,ZNF57,0.30952032224383,4.727652642875426,0.6579012736285254,0.4328340858420358,3.4862314200199127e-09,0.04499742463150594,6.012116063539814e-08
21393,21393,ZNF570,0.26828988935834364,5.928045182133612,0.27421645925978755,0.07519466652897472,0.028328031028201413,0.1194923509250456,0.06458659843290183
21394,21394,ZNF571,-0.1621123388162325,7.702331974337696,-0.3242808062136497,0.10515804127857466,0.00894441700310873,0.06005817796616397,0.02373668507381367
21395,21395,ZNF571-AS1,0.1578871431255868,6.361705850982668,0.2052187481359516,0.04211473458648714,0.10378848810152196,0.095629224552441,0.19158978005612975
21396,21396,ZNF572,-0.33567126940883274,8.582504060372177,-0.4002741800603897,0.16021941922301725,0.0010482027924794619,0.09759861696691716,0.0035411593558725037
21397,21397,ZNF573,-0.16005427678384146,7.636383522701896,-0.1333322891879988,0.017777499340112142,0.2935646869177142,0.15109185122514268,0.43219494401900665
21398,21398,ZNF574,-0.3309036926702611,9.456743423816436,-0.3775743607089596,0.1425623978647795,0.002099529594639553,0.10306341667177682,0.006554031046838622
21399,21399,ZNF575,0.26431348143081257,5.094023397295242,0.7147477885690786,0.5108644012643883,3.279970089482181e-11,0.03284621155357373,1.3503374959645747e-09
21400,21400,ZNF576,-0.5259719651366656,10.406704878692333,-0.5199601626347672,0.2703585707271736,1.065802449309853e-05,0.10973658060514957,5.9622712580224407e-05
21401,21401,ZNF577,-0.09043601823104208,7.382518957869513,-0.0755444953377014,0.005706970775827988,0.5529848266294766,0.15160026519332204,0.6813203471018044
21402,21402,ZNF578,-0.10325624067077363,7.346511097838148,-0.0601583014742601,0.003619021236267964,0.6367775417444779,0.21758933898967803,0.749628576595633
21403,21403,ZNF579,-0.2316488969157413,8.656123181422725,-0.2896925228301714,0.08392175778370937,0.020238681982211574,0.09719935656190816,0.04840608110501343
21404,21404,ZNF580,-0.2657688633763293,8.798598910570188,-0.448256028777405,0.20093346733528972,0.0002035873263753295,0.06730906934045215,0.0008168767005109802
21405,21405,ZNF581,-0.28340282441213505,9.08504233499773,-0.6229814495566545,0.3881058864917104,3.8579473117191865e-08,0.04519301878238639,4.4226494989560075e-07
21406,21406,ZNF582,-0.12757466443011625,7.6235439030817815,-0.1162603271287386,0.013516463664081312,0.3602656843617611,0.13841462169424554,0.5028069988949431
21407,21407,ZNF582-AS1,0.10776212179280097,6.535464803989183,0.1091127376218403,0.011905589511332564,0.3907465479503485,0.12467921468220255,0.5334856879052264
21408,21408,ZNF583,-0.4304314200472511,8.651394666293612,-0.33806545722541925,0.11428825336903176,0.006291949730958487,0.1521785793822299,0.01738132050311341
21409,21409,ZNF584,-0.3289002351696943,8.975069806438924,-0.4553565067791177,0.20734954826608068,0.00015639101379513891,0.08166907716483984,0.0006466769913564509
21410,21410,ZNF585A,0.1102502487836369,6.51041135735772,0.1006050477420971,0.010121375631189635,0.4289513306513237,0.13846975856114618,0.569928120913243
21411,21411,ZNF585B,0.2934465823234513,5.687867294154855,0.23235908887357,0.05399074618215558,0.06465844972142867,0.15599879314369405,0.1297062277644778
21412,21412,ZNF586,0.03788215863255411,6.82908943458632,0.040057294816572935,0.0016045868680218413,0.753317084212586,0.12000754331530468,0.8397323018734045
21413,21413,ZNF587,-0.1301281536330546,7.948474876978451,-0.28990015153311155,0.08404209785892104,0.02014518581261636,0.05455879093542471,0.048235736264065375
21414,21414,ZNF587B,-0.1822142827510526,8.170669633684339,-0.3435654691654077,0.11803723160284672,0.005444185507641457,0.0632560675448926,0.015293012993640649
21415,21415,ZNF589,-0.7255235633614969,10.451978209479668,-0.4794127434126307,0.2298365785464249,6.122905219303503e-05,0.16866988439786842,0.00028198960553810584
21416,21416,ZNF592,-0.013930680609774551,7.106414528065928,-0.010499568769721695,0.00011024094435011518,0.934373735879196,0.1684926994348392,0.9615027205124496
21417,21417,ZNF593,-0.18927619244910396,8.422033729239006,-0.611146831994715,0.3735004502571764,8.159299134673864e-08,0.031132569260741625,8.385838764184268e-07
21418,21418,ZNF594,-0.1466379863459369,7.571234758756982,-0.09576095417993327,0.00917016034545128,0.4516176051408356,0.1935805490301466,0.5908875137045976
21419,21419,ZNF595,0.01051202975150277,6.979129060753268,0.02258141711601975,0.0005099203989676696,0.8594193305116596,0.059105621401946286,0.9126036189981851
21420,21420,ZNF596,0.005831032620548017,6.993924892204441,0.007469412017501009,5.5792115887188514e-05,0.953287946601498,0.09914049768969177,0.9718223558824706
21421,21421,ZNF597,-0.4692475471836426,9.170379175044584,-0.5966108457305478,0.3559445012433195,1.9651203232158695e-07,0.08016349963188199,1.7797858887176768e-06
21422,21422,ZNF598,-0.5004046264912969,10.184158243849492,-0.5680324529806602,0.3226608676392259,9.80280311177561e-07,0.09207790012551684,7.247514557374559e-06
21423,21423,ZNF599,-0.27328616336808825,8.105216558346166,-0.1617332470571899,0.026157643203662026,0.20167645545549245,0.2117711637206028,0.3244653523691448
21424,21424,ZNF600,-0.10798851335910473,7.824410871030129,-0.2230255160067412,0.04974038079007316,0.07649012158202663,0.05994435645434455,0.1492246471043952
21425,21425,ZNF605,-0.21896391050485595,7.831675729331943,-0.20177976168336453,0.04071507222499539,0.10983905115928748,0.13498108089335165,0.20032617459402519
21426,21426,ZNF606,0.21720419566237628,5.872612211188242,0.19679692673666485,0.038729030372996236,0.11908376469227787,0.13742855077660088,0.21359719410347694
21427,21427,ZNF607,-0.19064824803547675,7.8728633922727465,-0.1993797633281724,0.039752290024798034,0.11422021774908166,0.1190001579530787,0.20674916790879735
21428,21428,ZNF608,0.4071492739066139,5.0335028446165815,0.5351799890703574,0.2864176207013478,5.208475368148383e-06,0.08161688439535343,3.15495200272037e-05
21429,21429,ZNF609,0.013496669083251738,6.937334106509898,0.008292208637879295,6.876072409411999e-05,0.9481490799033492,0.2067024397051288,0.9690012895987081
21430,21430,ZNF610,-0.0636479452247145,7.278548529471339,-0.10403693271913933,0.01082368336960672,0.4132915039294012,0.07727479439728173,0.5545809590774063
21431,21431,ZNF611,0.054626605698405536,6.746431325675924,0.06007201153288658,0.0036086465696072586,0.6372619099863412,0.11527925773589323,0.7498726653672889
21432,21432,ZNF613,0.533655538751983,5.1276794781844215,0.5116328407650123,0.2617681637492764,1.5544615950762792e-05,0.1138159554153418,8.315678320498227e-05
21433,21433,ZNF614,-0.1409621711006359,7.712428728871102,-0.15361907008983472,0.02359881869526555,0.22553532336863025,0.11515313119760835,0.35337294172257344
21434,21434,ZNF615,0.14060403802505025,6.147236216496347,0.3593344622778498,0.12912125578051148,0.0035444307379300178,0.04637478652446733,0.010452764214881456
21435,21435,ZNF616,-0.405752208959785,8.504745017523355,-0.3730557371809127,0.13917058304359425,0.0023970437605598193,0.12815922561438856,0.007385806144735872
21436,21436,ZNF618,0.1015659289791253,6.4899775029924776,0.1577860801145876,0.02489644707792706,0.21304814746026046,0.08072515410068035,0.33816298711807813
21437,21437,ZNF619,-0.3195805711018954,8.560589631610117,-0.3432290555279812,0.11780618455863,0.005492991570049381,0.1110663456917088,0.015416113588571713
21438,21438,ZNF620,-0.6327041742055272,8.943518098284734,-0.3946226610752024,0.1557270446340741,0.00125184006137599,0.18709590104578053,0.004138266181334241
21439,21439,ZNF621,-0.4579492319884189,9.270653530319363,-0.4842516499590518,0.2344996604880641,5.027025557194071e-05,0.10508072849210692,0.00023670414968697025
21440,21440,ZNF622,-0.3320887313500857,9.94564415795563,-0.3575545078189814,0.12784522606167406,0.0037243624097440344,0.11015718209114712,0.010916495395642536
21441,21441,ZNF623,-0.30672978280631785,8.445855445996928,-0.44124255771731213,0.1946949947409156,0.0002626959794100538,0.07922512045663098,0.0010231570906697577
21442,21442,ZNF624,0.22748133861527114,6.264527461521206,0.1917351455507448,0.036762366039365287,0.12907243263987234,0.14788186673135853,0.22794515811584043
21443,21443,ZNF625,0.0653747150046385,6.780869117195933,0.06976418224877856,0.0048670411248407895,0.5838418520016037,0.11871948693930087,0.7065155241740557
21444,21444,ZNF626,0.6319904811830332,4.478715792518847,0.3984424432051545,0.15875638054729274,0.0011106658651467301,0.18476086615659765,0.0037248674786669413
21445,21445,ZNF627,-0.7338095895746858,11.590283847107433,-0.6208002957015556,0.3853930071431389,4.439426844584255e-08,0.11768859324388092,4.994066925686859e-07
21446,21446,ZNF628,-0.09322018587892883,7.4903335412100125,-0.13024163219717413,0.016962882757383987,0.3049978282754302,0.0901258238522786,0.4445831967760125
21447,21447,ZNF629,-0.2882772623241391,9.122336724641393,-0.24728751948565125,0.06115111729336635,0.04883575137609107,0.14345318430981951,0.10258465115604627
21448,21448,ZNF630,-0.26638185905492445,8.46854489734738,-0.3239041129815025,0.10491387440633394,0.009028855739614972,0.0988154267689828,0.023938994906644907
21449,21449,ZNF638,-0.4174382223846578,9.935545813431316,-0.3837841871571453,0.14729030231187076,0.001744594436481811,0.12755864342525247,0.00554676728552924
21450,21450,ZNF639,0.08211841150264716,6.512328808322862,0.09633425486647518,0.009280288660678995,0.4489010632462407,0.10775547717179093,0.5884710045763873
21451,21451,ZNF641,-0.2576022463423732,8.452903816828501,-0.18527079201824087,0.03432526637506626,0.14273648605781086,0.17352508956210425,0.24694084889205836
21452,21452,ZNF644,-0.17107313359275192,8.376835610523907,-0.30268816486732003,0.09162012515074587,0.015052811073382471,0.06841073829364963,0.037368866650704734
21453,21453,ZNF645,0.2070014509385104,6.236128576370668,0.2199582507402192,0.04838163206869713,0.08073406358003149,0.11659198482718727,0.15601429116772994
21454,21454,ZNF646,0.06176106249222413,6.639045884778391,0.07527178667578417,0.00566584186936476,0.5544229138362848,0.10390892903160973,0.6826261200321099
21455,21455,ZNF649,0.013065997023843623,6.94739310186837,0.02893840706039603,0.0008374314031931787,0.8204300112192281,0.05731788631595204,0.8869901094833941
21456,21456,ZNF652,0.19989411862817688,5.532073673893991,0.3570565815088711,0.1274894023988011,0.0037761251753310795,0.06641290604578795,0.011047283257470213
21457,21457,ZNF653,-0.18774243092513015,7.928617216841196,-0.17359018426885586,0.030133552074495324,0.17012851511874247,0.1352687247330205,0.2838096444724111
21458,21458,ZNF654,0.16960485851834448,6.1950785280774925,0.1938408129696436,0.03757426077273235,0.12484275765207906,0.1090136387866476,0.221941541495425
21459,21459,ZNF655,0.2069966717100396,5.658323689437916,0.30353530657824057,0.0921336823395465,0.014758579518051384,0.08252190692192397,0.03673529189234514
21460,21460,ZNF658,0.00449846738101713,6.9953735284958025,0.006591188815688222,4.344377000405351e-05,0.9587750721670368,0.08667533804510927,0.9751666989703247
21461,21461,ZNF660,0.025796801732285952,6.91689385822213,0.01929304576971098,0.00037222161507216274,0.8797261323733448,0.16978072528623545,0.9260837779663013
21462,21462,ZNF662,0.0059398984596918105,6.988041179157088,0.013533598307300231,0.0001831582831433597,0.9154714986282646,0.05573527114497325,0.9488787936686851
21463,21463,ZNF663P,0.1052376205059677,6.667726390729463,0.1232178787865898,0.015182645652666738,0.33203765647038386,0.10764138907378938,0.4740111708659874
21464,21464,ZNF664,-0.1695224311530961,8.031677273286444,-0.10468218517360857,0.01095835989272167,0.4103845376903101,0.2045341526105566,0.5520828206301587
21465,21465,ZNF665,-0.03144744192453084,7.281764648623679,-0.03762722766081605,0.0014158082614388805,0.7678490875556245,0.10606683289752718,0.8492695550997408
21466,21466,ZNF667,0.5230930957899118,5.166101500744836,0.3307859465398871,0.10941934242828903,0.007590992317185197,0.18952771303049595,0.020545299166184906
21467,21467,ZNF667-AS1,0.1824080301036053,6.173490028041613,0.5877966927292517,0.3455049519834464,3.279591329089766e-07,0.03188409928541839,2.7731179317235018e-06
21468,21468,ZNF668,-0.29713311826810523,8.462828680571821,-0.2312644017876461,0.05348322353419782,0.06596473504201165,0.15874884944786805,0.131923378032394
21469,21469,ZNF669,-0.07736652790898017,7.43801590789638,-0.09936752465293247,0.009873904955651144,0.4346796779528699,0.0983916048073332,0.5756123296073746
21470,21470,ZNF670,-0.31524629916207714,8.204706625913637,-0.5997779969498455,0.35973364562516885,1.6286461286842206e-07,0.053412630005055584,1.5123641473695024e-06
21471,21471,ZNF671,0.37941880564808456,4.934707790353102,0.5442575177727064,0.2962162456521078,3.3413627040025438e-06,0.07427423545596339,2.1188055448074698e-05
21472,21472,ZNF672,-0.138847330500057,7.827267366685496,-0.08581411205752437,0.00736406182822135,0.5001666114371957,0.20472834415506472,0.6360016424352596
21473,21473,ZNF674,-0.19489307207282272,7.556860362231125,-0.09405146022547514,0.00884567717054413,0.4597715163947687,0.262002631704863,0.5987342707035129
21474,21474,ZNF674-AS1,-0.1540587682059007,7.58975415603012,-0.11389767580975882,0.01297268055486492,0.3701759937620204,0.1706633636831298,0.5131985368064373
21475,21475,ZNF675,0.12335273215898432,6.5194325781887095,0.14491433045700586,0.021000163171802297,0.25324269363569035,0.10696283459530267,0.3860048237263936
21476,21476,ZNF677,0.5726897262269923,5.048976937728422,0.5164486610047627,0.2667192194536123,1.251173124489715e-05,0.12059562224850184,6.859279496411336e-05
21477,21477,ZNF678,0.1019867347073624,6.545654479450125,0.15214882058051066,0.023149263604040425,0.230060462025258,0.08413822706796134,0.3590669649988839
21478,21478,ZNF680,-0.19107993304947074,8.061244792226,-0.3478193043563525,0.12097826848293695,0.004859190938567939,0.06541319462131054,0.013849141849787932
21479,21479,ZNF681,0.2038064016879141,6.165995726961619,0.17598515209581836,0.030970773758188318,0.1642204884301613,0.1447819383230224,0.27603777667896784
21480,21480,ZNF682,0.26897315507502395,6.0909913176323744,0.2269432574729185,0.05150324211241936,0.0713296730987564,0.14659316908793601,0.14078053873073001
21481,21481,ZNF683,0.2760604281784624,5.3708776123799495,0.3244291456374057,0.10525427053901697,0.00891135484134504,0.10222056256670532,0.0236576424039876
21482,21482,ZNF684,0.2222688198922798,6.087353574985107,0.2588778543674133,0.06701774348187564,0.03886998239794254,0.1053233079298972,0.08475777553392867
21483,21483,ZNF687,0.005275200917223349,6.9793282712507,0.005493237671012237,3.017566011022795e-05,0.9656377061197656,0.12195741716916007,0.9796247983098174
21484,21484,ZNF688,0.08999807463995801,6.577550048946887,0.07051215279734888,0.004971963692116675,0.5798052388742101,0.16169294025265102,0.703345107692906
21485,21485,ZNF689,-0.05126596638261574,7.33855185763253,-0.05583620419444302,0.0031176816988435357,0.6612210898481734,0.11642315475808612,0.7692970182771725
21486,21486,ZNF691,-0.3864085073340397,9.166703131058641,-0.4580519693350472,0.20981160661171505,0.00014127659308496888,0.09523605632204447,0.0005904930753242619
21487,21487,ZNF692,-0.22446598129289624,8.412935486020483,-0.5496507544418875,0.3021159518585361,2.5508801330030208e-06,0.043327087270226654,1.667853541068249e-05
21488,21488,ZNF696,-0.1251124852207176,7.709751962657162,-0.117600145124999,0.01382979413342083,0.35471863419756233,0.1341753964805783,0.4972444344606559
21489,21489,ZNF697,-0.24350951574636803,8.232123932471756,-0.24015362317445074,0.05767376272381609,0.055948232435049434,0.12500621073981938,0.11512342962571223
21490,21490,ZNF7,-1.0225765706557008,11.455869074019887,-0.5242531140841584,0.27484132762693764,8.739385437445707e-06,0.2109480411434761,4.989490947742863e-05
21491,21491,ZNF70,-0.17731284182933058,7.869707609476956,-0.12111128253802818,0.01466794275800609,0.3404333235876229,0.18456572316971234,0.48282821170283124
21492,21492,ZNF700,-0.04794229835643797,7.318150576110511,-0.10710858028365043,0.01147224797037919,0.3995598449361157,0.05651883168595233,0.5417951435248332
21493,21493,ZNF701,0.4341001491499858,4.979605894547807,0.30857003096734875,0.09521546401119056,0.013109930719541477,0.16994677627671714,0.03306493707566628
21494,21494,ZNF702P,0.0191617236278907,6.929112971502937,0.044415025547511186,0.0019726944943860717,0.7274728381435179,0.0547368779501448,0.8214320737302055
21495,21495,ZNF703,-0.30602083213313025,9.696039726877206,-0.7129739881999549,0.5083319078497495,3.8584470679110474e-11,0.03822235781836558,1.54159910065708e-09
21496,21496,ZNF704,0.2529643000808158,5.6412807277342045,0.2999681918968965,0.08998091614989336,0.01603183560481735,0.10216765726765206,0.039469008642828526
21497,21497,ZNF705G,-0.04843194715684572,7.1753582199206285,-0.0407878738351268,0.0016636506519902214,0.7489645205824462,0.15067578395668682,0.836712066302769
21498,21498,ZNF706,-0.2244718302969732,8.985868285312769,-0.2718481042494862,0.07390139178403951,0.02977844522152508,0.10091792446030334,0.06746727676000477
21499,21499,ZNF708,0.07933237191200546,6.702746597596039,0.10502727251276434,0.011030727971470464,0.4088347407795448,0.0953990184096942,0.5504266231877522
21500,21500,ZNF709,-0.17037647581297066,7.699346925860272,-0.09070045272898612,0.008226572125243043,0.4759858004532612,0.23758037598548756,0.6135824945666571
21501,21501,ZNF71,-0.16701585601257565,7.8605050909250815,-0.13088412928922308,0.017130655299798063,0.30259765294349283,0.16066555025568194,0.44188766433956017
21502,21502,ZNF710,-0.5700815056006118,10.011572525499119,-0.40692164560689903,0.16558522566342673,0.0008472536371520463,0.16252542400034573,0.002926667333311144
21503,21503,ZNF711,0.16032820795461689,6.39446313173059,0.23983026829637755,0.057518557591112435,0.05628956387218391,0.08242263681773572,0.11566092662037598
21504,21504,ZNF713,-0.2302247292823011,7.72791500475713,-0.17095658508406256,0.029226153983604317,0.17680296117815816,0.1685114151577885,0.292220128553886
21505,21505,ZNF717,-0.37730231039717854,8.7018927430862,-0.4385513901934397,0.1923273218405986,0.0002892684290870069,0.09819532768353233,0.0011173934769673803
21506,21506,ZNF718,0.07555352685803812,6.743582131546111,0.08231599102107043,0.0067759223777809465,0.5178599989815498,0.11617115462080395,0.6511588827049971
21507,21507,ZNF721,-0.058346960370870685,7.438389269581929,-0.08892635603244252,0.007907896797208725,0.4846921816969725,0.0829980504431919,0.6217569259988358
21508,21508,ZNF732,0.14475006431416187,6.5839895848171865,0.06262891012767824,0.0039223803837807976,0.6229742450174772,0.29295077926653695,0.7381542610994457
21509,21509,ZNF736,-0.20845502372982708,7.73375782269125,-0.16245839488676966,0.026392730069185587,0.1996351849813744,0.16079267757564142,0.3219466734265462
21510,21510,ZNF738,-0.15593348148729327,7.676115948629973,-0.2886903337247217,0.08334210878609123,0.020695182789830808,0.06567724529058916,0.049399711564570785
21511,21511,ZNF74,-0.5181660966447201,9.859677372096874,-0.7179477156095507,0.5154489223489723,2.43926745606114e-11,0.06380432419556363,1.0649664669557256e-09
21512,21512,ZNF740,-0.20892440002451584,8.074277526316443,-0.14646799766222635,0.02145287433918195,0.2481350881999289,0.17920142023416652,0.38027166078061514
21513,21513,ZNF746,-0.7078450837646093,10.427672560712148,-0.5699146394931666,0.32480269630862607,8.859207181264483e-07,0.1296128057844505,6.633683662181271e-06
21514,21514,ZNF747,-0.0043114353113213565,7.0417054081294825,-0.003454399524828918,1.1932876077138255e-05,0.9783874735179878,0.15850788572819882,0.9874618166961235
21515,21515,ZNF749,-0.2943510299909044,7.979448474400122,-0.2143255909132004,0.04593545892029252,0.08901145838369623,0.17036664179763494,0.1692163226493672
21516,21516,ZNF750,-0.31059096980289946,7.880263026131934,-0.17352370721339738,0.030110476965080863,0.17029469163103225,0.22386968931079151,0.28404309845721354
21517,21517,ZNF75A,0.2983720897304239,5.240324882620149,0.5191210236909333,0.2694866372379225,1.1076153496923407e-05,0.062388970028542726,6.164330608477933e-05
21518,21518,ZNF75D,-0.1288504265179091,7.666786183524205,-0.14775398429454475,0.021831239874912582,0.2439610104857986,0.10953620979196296,0.37566491375026445
21519,21519,ZNF76,-0.20367502319906414,8.383306089575827,-0.2012382832628074,0.04049684665056191,0.11081601371709704,0.12590834897928518,0.20182394930189718
21520,21520,ZNF763,0.14292519908708218,6.487122383645519,0.16281633446616572,0.026509158768998342,0.1986330407671956,0.1099970208577048,0.32073659666047427
21521,21521,ZNF764,0.09396466202951564,6.522648339562233,0.10340186706930707,0.010691946113418652,0.4161641586320309,0.1147905410747888,0.5573513912379155
21522,21522,ZNF765,-0.10405416283810424,7.650329886850767,-0.10938821361691042,0.011965781278298828,0.3895442137182663,0.12008232211578222,0.5321999067638956
21523,21523,ZNF766,-0.4121319826179233,9.885562629527202,-0.6136535850603684,0.3765707224574428,6.980182641616916e-08,0.06734584317637939,7.355516063465417e-07
21524,21524,ZNF767P,-0.045012672378902725,7.2624849250932515,-0.09187630503709428,0.008441255427269197,0.4702617273655398,0.06195760995409495,0.6081898316595941
21525,21525,ZNF77,-0.3471696989657099,8.866637978520426,-0.28448734395855346,0.08093304887259231,0.02270622433924835,0.14857871303764553,0.05352163797392217
21526,21526,ZNF770,-0.3860290919188765,9.242009754090633,-0.5013590182045379,0.2513608651350181,2.4432590097251847e-05,0.08460803761450855,0.00012463786538421408
21527,21527,ZNF771,0.12978309938286892,6.408893847403897,0.11179654641840406,0.012498467791082372,0.3791266645723049,0.14650849195723126,0.5219982147325319
21528,21528,ZNF775,0.5332511634193104,4.506857643500688,0.4451895214741712,0.1981937100304016,0.00022774437167029146,0.13621525966698214,0.0009019393504974691
21529,21529,ZNF776,-0.00884747269094179,7.073126672691691,-0.01935580470172854,0.0003746471756514567,0.8793378085595831,0.05804045197511465,0.9257649980241028
21530,21530,ZNF777,-0.5205404617544485,9.547131784026238,-0.3867506842626951,0.14957609177766287,0.0015948584226687795,0.1576323274761123,0.005125654369678306
21531,21531,ZNF778,-0.4512473133866372,8.771902317379974,-0.3564149231785749,0.12703159746438944,0.0038437697489252976,0.1502319024691176,0.01122068312611406
21532,21532,ZNF780A,-0.09136480552840667,7.437272888418986,-0.11939827574974328,0.014255948252011732,0.3473572914719102,0.09648662529521199,0.4900340160797534
21533,21533,ZNF780B,0.14319037760027487,6.486717964070276,0.10050712139235024,0.010101681450576624,0.42940305383357147,0.18001821383681688,0.5704257388954501
21534,21534,ZNF781,0.8361157803386378,4.392662338481618,0.3853302023963797,0.14847936487883492,0.0016650546966400384,0.25429341443491954,0.0053236024591377575
21535,21535,ZNF782,0.05373044528154513,6.802644930799656,0.05385129483027165,0.0028999619548968412,0.6725679126328286,0.12653125371818594,0.7784379676911015
21536,21536,ZNF783,-0.4665387898206398,10.132580006713775,-0.35851470506892336,0.1285327937506571,0.003626316941568639,0.15428029641227076,0.010653628187446598
21537,21537,ZNF784,-0.10414599734280013,7.646030159702557,-0.1391211819813802,0.01935470327589631,0.27291436936105684,0.09414764360048,0.40958906843950976
21538,21538,ZNF785,-0.1827747475331848,7.845374362093543,-0.21389074822161327,0.04574925217480156,0.08967722501276333,0.10601311672743932,0.1701682709123195
21539,21539,ZNF786,-0.4612233766636804,9.363067389362591,-0.634329982519478,0.4023745267231613,1.8256274738290665e-08,0.07138628427678308,2.3715634640532953e-07
21540,21540,ZNF787,-0.1365892335229072,7.773618803283272,-0.12904465603213136,0.016652523250451096,0.30950214634387146,0.1333012134173797,0.44975634002660964
21541,21541,ZNF789,-0.1861664272757604,7.948383578758335,-0.1789475938066288,0.032022241329182216,0.1571229365637068,0.1299907189461377,0.26652805822395975
21542,21542,ZNF79,-0.6250510222331215,10.184288151874547,-0.4870279085351239,0.23719618369209705,4.483203804493229e-05,0.14235482931951526,0.00021417114137723553
21543,21543,ZNF790-AS1,0.5545827724573545,5.021987829476003,0.4713994595547629,0.22221745046852265,8.433233195191288e-05,0.13176817986956765,0.00037422472303661337
21544,21544,ZNF791,0.11144372120674699,6.237940576605924,0.20386901539563212,0.0415625754383845,0.1061316447263143,0.06796579741677629,0.19508932929087713
21545,21545,ZNF792,-0.4249768920035311,8.705779369195827,-0.6262836315313968,0.3922311871241543,3.1128044479522855e-08,0.0671842719985294,3.673448518823256e-07
21546,21546,ZNF793,0.2869075341783786,5.660592871706956,0.4152285550990309,0.17241475296962894,0.0006453714515965099,0.07982984134108052,0.002294830670660496
21547,21547,ZNF8,-0.5739949238418675,9.75797166037026,-0.41225000643513793,0.16995006780577132,0.000712101389864679,0.16110300642166162,0.0025029306277421885
21548,21548,ZNF80,0.04048918886428316,6.900379809350389,0.021443463187779947,0.00045982211348567374,0.8664370093264921,0.23974437869072546,0.9174014002036567
21549,21549,ZNF800,-0.059933961491325065,7.365628576368826,-0.04748459563871642,0.0022547868229724067,0.7094461731874009,0.1601158119806208,0.8073221201057708
21550,21550,ZNF804A,0.08414457503205303,6.745231493507027,0.08683509031597639,0.007540332910183777,0.49506218402084706,0.12260027645473486,0.6312902835338267
21551,21551,ZNF804B,-0.0952629961599016,7.31593763692922,-0.07120190336846073,0.005069711043291618,0.5760941818964351,0.16948572080014648,0.7002705309552233
21552,21552,ZNF805,-0.05903873233013705,7.3078788189894865,-0.07311935615768672,0.005346440244914639,0.5658356255203204,0.10226917230205287,0.6921913044086848
21553,21553,ZNF808,0.10748474774394777,6.613933712714728,0.197163699294094,0.038873524319331935,0.11838363606172653,0.06787569806804149,0.21271138723171987
21554,21554,ZNF81,0.09845978255821908,6.633050464006168,0.05363283878203709,0.0028764813958199816,0.6738212395632197,0.2328127296131513,0.7794657554883292
21555,21555,ZNF813,0.17716032724481512,6.171751434877702,0.33545157816862786,0.11252776129582304,0.006733991417829943,0.06318560933483874,0.018477519532831655
21556,21556,ZNF814,-0.2382308683078515,7.90349215053438,-0.2411736106721267,0.05816471048463055,0.05488254365365679,0.12174745261779928,0.11319949355366585
21557,21557,ZNF818P,0.04193892323742866,6.812149890769358,0.08485981819485491,0.0072011887440638295,0.5049621571214071,0.06253885972514943,0.6399323523831062
21558,21558,ZNF821,0.6888094374097776,3.701531174130434,0.5457815988068003,0.2978775535961071,3.0974252558739428e-06,0.13430456776860886,1.9870827172725417e-05
21559,21559,ZNF823,-0.06632557973860813,7.502919479748923,-0.09676733553685413,0.00936391722690211,0.44685495631764216,0.08663901343012548,0.5866410475331034
21560,21560,ZNF826P,0.027179212842129773,6.927023838588793,0.014212437154600252,0.00020199336987346178,0.9112482834650568,0.2428446867273049,0.9468473658101036
21561,21561,ZNF827,-0.2757528892181661,8.673707814604196,-0.2709565503501722,0.07341745217766539,0.030340345459385944,0.12441324859422488,0.0685681674935298
21562,21562,ZNF829,0.6524486692853837,4.5752123556428215,0.5470137227461724,0.2992240128726264,2.912503105679529e-06,0.12680660910957373,1.8849448521664737e-05
21563,21563,ZNF83,-0.0943108006146586,7.4654832866444245,-0.20916629844171625,0.043750540403809116,0.09716527081302576,0.055996318795354,0.1816396701878516
21564,21564,ZNF830,-0.2560019263199371,8.867368904840257,-0.2615441992660037,0.06840536816969507,0.036833589429205935,0.11998191375035845,0.08085467603542366
21565,21565,ZNF831,0.42436742101663866,5.648873990531699,0.25326411489065515,0.06414271189134697,0.04346323028400188,0.20586254871010667,0.09315085627474869
21566,21566,ZNF835,0.06661115198753494,6.702308280874997,0.06850835610897156,0.004693394856753661,0.5906477938036104,0.12319299007253998,0.7120457593284631
21567,21567,ZNF836,-0.2550865063547578,8.121242076413383,-0.18224713389083447,0.03321401781142377,0.14948765852329285,0.17478175921512756,0.25626856043913504
21568,21568,ZNF837,-0.022053845428749955,7.117785570790316,-0.02777617348703204,0.0007715158135817016,0.8275289861707539,0.1007972000354188,0.8913275401903843
21569,21569,ZNF839,-0.3344408600822873,8.692257500423999,-0.321161844152419,0.10314493013938268,0.009664753290255084,0.12524508090301922,0.025396217995446405
21570,21570,ZNF84,-0.24942003549291245,8.630590704525355,-0.42441258609079424,0.18012604323227582,0.0004737549637120212,0.06758040389781651,0.0017361928819062142
21571,21571,ZNF843,0.22186838068919254,5.623434283898502,0.1974800366638212,0.038998364880744166,0.11778231582047866,0.1398744632700766,0.21187706006749174
21572,21572,ZNF844,0.31681876591335256,5.423877287004412,0.4701686139537094,0.22105852554715216,8.852100497399686e-05,0.07552901707364645,0.0003899353870447319
21573,21573,ZNF85,0.04529830820664527,6.762255404887672,0.07589494697377508,0.005760042976152129,0.5511393977338653,0.07558208743483392,0.6798515624725169
21574,21574,ZNF850,-0.3653833048350121,8.395439360148352,-0.5445026142553481,0.2964830969309084,3.30095807070673e-06,0.0714809233554059,2.0962535783329687e-05
21575,21575,ZNF852,-0.5314661311098682,8.663247161793088,-0.4633919288772666,0.21473207974859376,0.00011522067066556086,0.1290744286755145,0.0004927139856363982
21576,21576,ZNF853,0.5080922307852112,4.872159161740316,0.3758970769446809,0.14129861245555533,0.002205872001855053,0.15907386866195564,0.006847326708680649
21577,21577,ZNF862,0.1410907114277763,6.182456746862839,0.2619013004372663,0.06859229117073122,0.03656771342277781,0.06602901790379681,0.08035249458855946
21578,21578,ZNF865,0.09096205737876227,6.5715161725702105,0.08190811439994779,0.006708939204554934,0.5199433888245335,0.14056453661098964,0.6531998021112414
21579,21579,ZNF876P,0.10007512674535184,6.727496644470862,0.07091021341451262,0.005028258366491726,0.5776622230819799,0.17878327347731182,0.7014678091650465
21580,21580,ZNF879,0.16891116238246345,6.299858537050559,0.3106620979985709,0.09651093913287367,0.012473094751147148,0.06563502942935748,0.031713615925336565
21581,21581,ZNF880,0.17532930679152212,6.304552862142799,0.3469850742237368,0.12039864173405215,0.004969335354468902,0.060185354493747775,0.014122172847903423
21582,21582,ZNF883,0.04300653038157574,6.883148764217059,0.03464175738523188,0.0012000513547372673,0.7858115430910289,0.15757158433544624,0.8623061196734686
21583,21583,ZNF891,-0.4314245875008311,8.505861090412045,-0.4268637958648856,0.1822127002201787,0.00043558640080918734,0.1160753245455537,0.0016121386958678776
21584,21584,ZNF90,-0.11887908712958273,7.416565887945483,-0.06863552305254693,0.0047108350246967004,0.5899569951144319,0.2194498595286029,0.7114902388729685
21585,21585,ZNF91,0.3840453262365113,4.755293269069067,0.5896038483844825,0.34763269802979185,2.956330084043213e-07,0.06681476149829675,2.5274112897732245e-06
21586,21586,ZNF92,-0.3165100828207493,8.492760246346826,-0.3176592708375942,0.10090741234907204,0.010533333273277571,0.11998649822940548,0.027405903163862287
21587,21587,ZNF93,0.034514186393789004,6.846684232388173,0.026978321429324426,0.0007278298271439454,0.8324103092312441,0.16241598373712093,0.8947160989925345
21588,21588,ZNF99,-0.788719059649875,9.231195731132194,-0.32274737896964434,0.10416587063177522,0.009292501084924592,0.2937497928907423,0.024531160672198224
21589,21589,ZNFX1,-0.10334937141865706,7.833264291346519,-0.15074086781710155,0.022722809230252883,0.2344525411685236,0.08607754358545687,0.36441787101667944
21590,21590,ZNHIT1,-0.13986751992934274,8.366645971387651,-0.17159252308407735,0.029443993978359617,0.1751741100884535,0.10198421798705601,0.2901924230389734
21591,21591,ZNHIT2,-0.2794042755082637,8.449830192721189,-0.3138153289986677,0.09848006071454206,0.011563766410432623,0.10736203066656892,0.029686237238510146
21592,21592,ZNHIT3,-0.2695207921143175,9.429338696594117,-0.5333634660565123,0.28447658692381633,5.683573586455161e-06,0.054285655935598316,3.416929095354984e-05
21593,21593,ZNHIT6,-0.2814355273810933,8.533577727353197,-0.4260433755576794,0.18151295785658186,0.00044803780238347453,0.07589884424974144,0.0016528549592187635
21594,21594,ZNRD1,-0.7418230534327981,10.951897947216537,-0.4892077367549351,0.23932420970088586,4.094925655740272e-05,0.16796197061638066,0.00019782421544251394
21595,21595,ZNRD1-AS1,-0.4796012292975974,8.722507117421657,-0.20091678958020026,0.04036755633521446,0.1113992274182516,0.2969755354290758,0.2026844542857783
21596,21596,ZNRF1,0.13183637266351567,6.243386073887391,0.12842984311608793,0.01649422460282296,0.3118323178982031,0.129289098088025,0.4520708460022096
21597,21597,ZNRF2,0.5165387202125026,4.052795146173624,0.6005939968934915,0.3607131491044993,1.5512062460402795e-07,0.0873321066258575,1.4540815315793583e-06
21598,21598,ZNRF2P1,-0.3208633254515403,8.050310822930268,-0.24111019303591755,0.05813412518581744,0.05494831779505234,0.16402241265568496,0.1133135722171087
21599,21599,ZNRF3,-0.1503316180918972,8.250161408405296,-0.6945449386225654,0.4823926717662232,1.9466952730174042e-10,0.019776723635428463,5.712152593115432e-09
21600,21600,ZNRF4,-0.021277859233709805,7.12706663667822,-0.029506324759079137,0.0008706232007882468,0.8169663198937819,0.09154356743294542,0.8844818346815242
21601,21601,ZP1,0.046944640242171036,6.81321264443553,0.05639404110201648,0.0031802878718159232,0.6580456751970252,0.10555170737863767,0.7664575675769998
21602,21602,ZP2,0.04663246512615477,6.8187559639013555,0.048866686348093234,0.0023879530346429213,0.7013804023875143,0.1210487980103052,0.8007376957877279
21603,21603,ZP4,-0.08100561332149184,7.348706921589245,-0.1089202600796884,0.011863623055826965,0.3915879332572921,0.09388993619336307,0.5342639046551575
21604,21604,ZPBP,0.11248561773946768,6.643091296300911,0.07560429415258582,0.005716009294310723,0.552669725469094,0.18841258720645832,0.6809708623063004
21605,21605,ZPBP2,0.2885587208817287,6.005940677688085,0.19919164277928786,0.03967731055311142,0.11456922003371585,0.18029174454783625,0.207234828084087
21606,21606,ZPLD1,-0.03505326513500361,7.125697803492929,-0.01632901435321435,0.00026663670974748024,0.8980967772515127,0.27259303504360355,0.9374337422308894
21607,21607,ZPR1,-0.3042526563602042,9.171764597944401,-0.6556475498964414,0.42987370968520655,4.109956832515828e-09,0.044499345700472134,6.883303573714637e-08
21608,21608,ZRANB1,-0.025442811496627075,7.178405589549889,-0.03295711951114442,0.0010861717264718561,0.7959973584515676,0.09799051074609096,0.8687290997514714
21609,21609,ZRANB2,0.05231621002016064,6.539110999929456,0.08825776531842698,0.00778943313900253,0.4879949945880712,0.0749875952876604,0.6247354924282744
21610,21610,ZRANB2-AS1,0.21798218175741188,6.016016126378816,0.2380374292915591,0.05666181774373399,0.058212882078571615,0.1129571185915654,0.11885724697449258
21611,21611,ZRANB3,-0.5098567176441062,9.304873286914882,-0.5764220339737719,0.3322623612504603,6.213029994819141e-07,0.09179407629392014,4.850150127534553e-06
21612,21612,ZRSR2,-0.14258997413915114,7.985790921495208,-0.16650520713533284,0.02772398400318009,0.18851357564194696,0.10724081654179772,0.30746866615397767
21613,21613,ZSCAN1,-0.045568646174962084,7.196521511189675,-0.04172555831495932,0.0017410222166950708,0.7433895167520157,0.13857654750816972,0.8331502607291749
21614,21614,ZSCAN10,0.12262354350030992,6.46664263239009,0.10792480436179,0.011647763396530649,0.3959565032762996,0.14345398659729375,0.5382949316387723
21615,21615,ZSCAN12,0.14931867146525427,6.423325419165013,0.07815561980435691,0.006108300907003186,0.5393065316647936,0.2418953904950869,0.6696018552008571
21616,21616,ZSCAN12P1,-0.09919699965737754,7.5185075969438655,-0.1143818390958142,0.013083205114940731,0.3681317951975537,0.10941727296167544,0.5114122417887493
21617,21617,ZSCAN16,-0.28975539382747306,8.733885315253577,-0.5192857968789721,0.2696577388402291,1.0992863792979707e-05,0.06056091888141923,6.125848312840339e-05
21618,21618,ZSCAN16-AS1,0.5187593538492357,5.058313520712026,0.2759650416401948,0.07615670420747446,0.027295682239856008,0.2294643282314213,0.06259536152748935
21619,21619,ZSCAN18,0.22375231491072747,5.760698341552475,0.4525420356261006,0.20479429400861487,0.0001737450772119005,0.05599542047911782,0.0007082924787318723
21620,21620,ZSCAN2,-0.29694040153128576,8.564052357519495,-0.2327960980752326,0.054194023279053316,0.06414281969657662,0.15754287874674494,0.12885090542944033
21621,21621,ZSCAN20,0.13077776213261025,6.530007039316303,0.07494532517836298,0.0056168017660905714,0.5561468019882418,0.220988867960212,0.6841909141527871
21622,21622,ZSCAN21,-0.2612752497472779,8.768380776571044,-0.42664242976644895,0.18202376287701927,0.000438914625947643,0.07034103048777586,0.0016225155727033474
21623,21623,ZSCAN22,-0.2827833132445201,8.559812617860446,-0.3158395848507481,0.09975464335869294,0.011010749709640402,0.10788767118730533,0.02843283865517087
21624,21624,ZSCAN23,0.3491966144769831,5.921885256557907,0.17393906959070465,0.030254799930079988,0.16925833000869375,0.2510763788390972,0.28271206252769054
21625,21625,ZSCAN25,-0.2661670688159353,8.559705579184445,-0.2509454401766532,0.06297361394545421,0.04548664951243779,0.1303932405857761,0.09683576437198588
21626,21626,ZSCAN26,-0.019681518889978,7.13269131398504,-0.02683870848550299,0.0007203162731698103,0.8332651264812873,0.09309892845801182,0.8953399546635371
21627,21627,ZSCAN29,-0.09595272273190117,7.711951309406445,-0.1285028537977154,0.016512983434157018,0.3115550150061996,0.09404441316848997,0.4518904119195748
21628,21628,ZSCAN30,0.2809500666972162,5.64446616188442,0.15322475429759808,0.0234778253295593,0.22674281926865195,0.23011525803212515,0.3548564314011771
21629,21629,ZSCAN31,-0.1915559700724669,8.315092607256656,-0.4797524222589138,0.23016238666329505,6.0393089396329724e-05,0.04449203130529107,0.0002784949639858433
21630,21630,ZSCAN32,-0.433948449448085,9.532963574055607,-0.3814824530800307,0.14552886200795784,0.001869334623584696,0.13354155483409996,0.005904381749376691
21631,21631,ZSCAN4,-0.09736363657460703,7.320144874821567,-0.05426736865362461,0.0029449473005883986,0.670183267972349,0.2275211359809617,0.7766264605309154
21632,21632,ZSCAN5A,0.12443766799572972,6.365237106117887,0.1148788741618208,0.013197155728687458,0.3660403977047211,0.13665673630249858,0.5092255436397106
21633,21633,ZSCAN9,-0.22268738416173767,8.26394552968377,-0.15863503684484664,0.025165074914765845,0.21056501115987716,0.17602169361286646,0.3353276449968481
21634,21634,ZSWIM1,0.024885781186898392,6.877623383169492,0.020993432088172163,0.0004407241908406967,0.869215186328379,0.1505137810429328,0.9190073691189476
21635,21635,ZSWIM2,0.02982198246745938,6.9231812117973535,0.020195297804634586,0.00040785005341787854,0.8741461638415842,0.18750023762405968,0.9221573207711256
21636,21636,ZSWIM3,0.020549230199097296,6.889988176777855,0.021213649156888604,0.00045001891055156064,0.8678555213411603,0.1229947539977259,0.9181850358922624
21637,21637,ZSWIM4,0.030282201870360133,6.8883502799272405,0.034088802607261395,0.0011620464631968313,0.789151018983126,0.11275281076081915,0.8644568290640824
21638,21638,ZSWIM5,0.06505611157448023,6.584449428312423,0.10779627520256826,0.011620036947547834,0.3965226405391896,0.07619921001200346,0.5387573415933861
21639,21639,ZSWIM6,0.28234471515233656,4.495528699828174,0.5674051431001246,0.32194859641647283,1.0137706213122722e-06,0.05203815136504026,7.45946408580267e-06
21640,21640,ZSWIM7,0.1544317435692101,5.971811641555682,0.2286753081538558,0.05229239655926091,0.0691387984388583,0.08349464826212738,0.13709315658661234
21641,21641,ZSWIM8,0.2869633531589567,5.304199835863608,0.3098971646434944,0.09603625265407707,0.012702774803957192,0.11181202111063178,0.03220046115918245
21642,21642,ZUFSP,-0.17128525713362044,8.202455472908897,-0.3758930584145692,0.14129559136425873,0.002206132461162082,0.053626774952135324,0.006847326708680649
21643,21643,ZW10,-0.2667866506716773,9.035996765900924,-0.5213119622608596,0.2717661619962679,1.0015229567870852e-05,0.05546333587794136,5.640566873660424e-05
21644,21644,ZWILCH,-0.18810141896830693,8.470233116728004,-0.6538692404715614,0.42754498363485655,4.675387362879574e-09,0.027642416224197563,7.658510842901451e-08
21645,21645,ZWINT,-0.2157997898829067,9.02392471496011,-0.6184966482859683,0.3825381039409768,5.142997026085236e-08,0.03481952989748334,5.667765933835918e-07
21646,21646,ZXDA,-0.15635914712868834,7.850728710433643,-0.33566766255437525,0.11267277968471795,0.006696443360233108,0.05572625347330425,0.018386139338892854
21647,21647,ZXDB,-0.36787068508116855,8.811446657244772,-0.5121091493434656,0.26225578084128803,1.5216701746228641e-05,0.07835914865840637,8.156378126598545e-05
21648,21648,ZXDC,-0.5437850809272641,9.828290516640454,-0.3925311809808581,0.15408072804222714,0.0013358039702764395,0.16181610462192267,0.004389504548761199
21649,21649,ZYG11A,0.12083620171890175,6.556440309271362,0.10385113045241093,0.010785057296243673,0.4141307736812634,0.1469722444475087,0.5552942355459913
21650,21650,ZYG11B,0.2539958316839561,5.189532588366348,0.40135660676619145,0.16108712579487122,0.0010127993743255634,0.07361371882852416,0.0034354903588690593
21651,21651,ZYX,-0.2683118204731757,9.079764477474603,-0.6590217069715278,0.4343096102596663,3.2106643262490633e-09,0.03888961483303149,5.6115363991060103e-08
21652,21652,ZZEF1,0.5338846906659865,3.7203029588452634,0.6914305110149455,0.4780761515623886,2.5289517758646845e-10,0.07084458387080678,7.1307878523892885e-09
21653,21653,ZZZ3,-0.2894753273472849,9.0162442707821,-0.4969106394582366,0.2469201836067936,2.9584333251866742e-05,0.06420338372305652,0.00014788751998365057
21654,21654,mir-223,0.2361130001969579,6.113022582403562,0.259969613854732,0.06758420012777848,0.03802515871688339,0.11137976002472012,0.08314164095457491
